# Persistence diagram <GML/0003.gml>
#
# Dimension   : 1
# Entries     : 72
# Betti number: 72
0.938224	inf
0.938224	inf
0.938224	inf
0.945946	inf
0.945946	inf
0.945946	inf
0.945946	inf
0.945946	inf
0.945946	inf
0.945946	inf
0.945946	inf
0.953668	inf
0.96139	inf
0.965251	inf
0.969112	inf
0.972973	inf
0.972973	inf
0.972973	inf
0.976834	inf
0.976834	inf
0.976834	inf
0.976834	inf
0.980695	inf
0.980695	inf
0.980695	inf
0.980695	inf
0.980695	inf
0.980695	inf
0.980695	inf
0.980695	inf
0.980695	inf
0.980695	inf
0.980695	inf
0.980695	inf
0.980695	inf
0.980695	inf
0.980695	inf
0.980695	inf
0.980695	inf
0.980695	inf
0.984556	inf
0.984556	inf
0.984556	inf
0.984556	inf
0.984556	inf
0.984556	inf
0.984556	inf
0.984556	inf
0.984556	inf
0.988417	inf
0.988417	inf
0.988417	inf
0.988417	inf
0.988417	inf
0.988417	inf
0.988417	inf
0.988417	inf
0.988417	inf
0.988417	inf
0.988417	inf
0.988417	inf
0.988417	inf
0.988417	inf
0.988417	inf
0.992278	inf
0.992278	inf
0.992278	inf
0.992278	inf
0.992278	inf
0.992278	inf
0.992278	inf
0.992278	inf
