# Persistence diagram <GML/0004.gml>
#
# Dimension   : 0
# Entries     : 210
# Betti number: 6
0	inf
0	0.789189
0	0.897297
0	0.962162
0	inf
0	0.967568
0	0.983784
0	0.789189
0	0.891892
0	0.789189
0	0.983784
0	0.972973
0	0.972973
0	0.924324
0	0.789189
0	0.972973
0	0.891892
0	0.972973
0	0.978378
0	0.967568
0	0.967568
0	0.978378
0	0.983784
0	0.789189
0	inf
0	0.891892
0	0.945946
0	0.972973
0	0.978378
0	0.891892
0	0.940541
0	0.989189
0	0.983784
0	0.956757
0	0.897297
0	0.989189
0	0.891892
0	0.967568
0	0.924324
0	0.891892
0	0.989189
0	0.789189
0	0.940541
0	0.897297
0	0.978378
0	0.789189
0	0.891892
0	0.962162
0	0.956757
0	0.989189
0	0.940541
0	0.983784
0	0.962162
0	0.924324
0	0.962162
0	0.972973
0	0.983784
0	0.989189
0	0.897297
0	0.989189
0	0.989189
0	0.967568
0	0.897297
0	0.789189
0	0.978378
0	0.983784
0	0.989189
0	0.972973
0	0.924324
0	0.891892
0	0.983784
0	0.983784
0	0.972973
0	0.967568
0	0.897297
0	0.978378
0	0.983784
0	0.989189
0	0.789189
0	0.897297
0	0.924324
0	inf
0	0.983784
0	0.962162
0	0.789189
0	0.897297
0	0.989189
0	0.989189
0	0.989189
0	0.789189
0	0.789189
0	0.983784
0	0.789189
0	0.924324
0	0.978378
0	0.891892
0	0.924324
0	0.978378
0	0.940541
0	0.978378
0	0.891892
0	0.994595
0	0.989189
0	0.967568
0	0.983784
0	0.972973
0	0.972973
0	0.962162
0	inf
0	0.789189
0	0.972973
0	0.967568
0	0.940541
0	0.789189
0	0.972973
0	0.962162
0	0.789189
0	0.972973
0	0.983784
0	0.897297
0	0.789189
0	0.789189
0	0.956757
0	0.956757
0	0.891892
0	0.967568
0	0.940541
0	0.989189
0	0.956757
0	0.789189
0	0.967568
0	0.978378
0	0.789189
0	0.924324
0	0.891892
0	0.940541
0	0.789189
0	0.972973
0	0.789189
0	0.940541
0	0.789189
0	0.989189
0	0.789189
0	0.897297
0	0.789189
0	0.983784
0	0.897297
0	0.924324
0	0.789189
0	0.989189
0	0.967568
0	0.989189
0	inf
0	0.972973
0	0.989189
0	0.897297
0	0.983784
0	0.989189
0	0.972973
0	0.989189
0	0.789189
0	0.789189
0	0.978378
0	0.962162
0	0.978378
0	0.891892
0	0.978378
0	0.789189
0	0.967568
0	0.789189
0	0.967568
0	0.972973
0	0.994595
0	0.891892
0	0.924324
0	0.962162
0	0.897297
0	0.924324
0	0.978378
0	0.924324
0	0.972973
0	0.994595
0	0.983784
0	0.789189
0	0.962162
0	0.891892
0	0.994595
0	0.897297
0	0.978378
0	0.972973
0	0.789189
0	0.897297
0	0.989189
0	0.967568
0	0.789189
0	0.972973
0	0.891892
0	0.967568
0	0.940541
0	0.972973
0	0.983784
0	0.940541
0	0.789189
0	0.789189
0	0.972973
0	0.789189
0	0.983784
0	0.989189
0	0.789189
0	0.983784


