# Persistence diagram <GML/0006.gml>
#
# Dimension   : 1
# Entries     : 40
# Betti number: 40
0.947761	inf
0.947761	inf
0.947761	inf
0.947761	inf
0.947761	inf
0.947761	inf
0.947761	inf
0.955224	inf
0.955224	inf
0.955224	inf
0.955224	inf
0.955224	inf
0.955224	inf
0.962687	inf
0.962687	inf
0.962687	inf
0.962687	inf
0.962687	inf
0.962687	inf
0.962687	inf
0.970149	inf
0.970149	inf
0.970149	inf
0.970149	inf
0.970149	inf
0.970149	inf
0.970149	inf
0.970149	inf
0.970149	inf
0.970149	inf
0.970149	inf
0.977612	inf
0.977612	inf
0.977612	inf
0.985075	inf
0.985075	inf
0.985075	inf
0.985075	inf
0.985075	inf
0.985075	inf
