# Persistence diagram <GML/0006.gml>
#
# Dimension   : 0
# Entries     : 161
# Betti number: 7
0	inf
0	0.962687
0	inf
0	0.985075
0	0.88806
0	inf
0	0.955224
0	0.955224
0	0.955224
0	0.970149
0	0.970149
0	0.985075
0	0.985075
0	0.970149
0	0.985075
0	0.947761
0	0.970149
0	0.977612
0	0.985075
0	0.902985
0	0.962687
0	0.970149
0	0.902985
0	0.962687
0	0.970149
0	0.962687
0	0.977612
0	0.962687
0	0.977612
0	0.970149
0	0.977612
0	0.977612
0	0.955224
0	0.962687
0	0.962687
0	0.970149
0	0.977612
0	0.947761
0	0.985075
0	inf
0	0.902985
0	0.962687
0	0.947761
0	0.977612
0	0.955224
0	0.947761
0	0.962687
0	0.977612
0	0.902985
0	0.955224
0	0.947761
0	0.985075
0	0.977612
0	0.977612
0	0.970149
0	0.902985
0	0.970149
0	0.955224
0	inf
0	0.977612
0	0.88806
0	0.88806
0	0.985075
0	0.970149
0	0.977612
0	0.88806
0	0.977612
0	0.977612
0	0.970149
0	0.962687
0	0.88806
0	0.970149
0	0.88806
0	0.977612
0	0.977612
0	0.955224
0	0.947761
0	0.962687
0	0.977612
0	0.88806
0	0.970149
0	0.977612
0	0.902985
0	0.970149
0	0.88806
0	inf
0	0.977612
0	0.955224
0	0.962687
0	0.902985
0	0.970149
0	0.985075
0	0.955224
0	0.970149
0	0.977612
0	0.985075
0	0.947761
0	0.970149
0	0.985075
0	0.977612
0	0.970149
0	0.962687
0	inf
0	0.985075
0	0.962687
0	0.970149
0	0.962687
0	0.985075
0	0.970149
0	0.992537
0	0.970149
0	0.88806
0	0.992537
0	0.962687
0	0.977612
0	0.970149
0	0.970149
0	0.962687
0	0.947761
0	0.955224
0	0.970149
0	0.985075
0	0.955224
0	0.962687
0	0.985075
0	0.962687
0	0.977612
0	0.970149
0	0.947761
0	0.977612
0	0.947761
0	0.902985
0	0.977612
0	0.985075
0	0.985075
0	0.955224
0	0.947761
0	0.88806
0	0.992537
0	0.977612
0	0.88806
0	0.947761
0	0.902985
0	0.977612
0	0.985075
0	0.902985
0	0.985075
0	0.962687
0	0.88806
0	0.970149
0	0.985075
0	0.977612
0	0.970149
0	0.977612
0	0.88806
0	0.985075
0	0.977612
0	0.970149
0	0.902985
0	0.955224
0	0.985075


