# Persistence diagram <GML/0007.gml>
#
# Dimension   : 1
# Entries     : 43
# Betti number: 43
0.898089	inf
0.949045	inf
0.949045	inf
0.955414	inf
0.955414	inf
0.955414	inf
0.955414	inf
0.955414	inf
0.955414	inf
0.961783	inf
0.961783	inf
0.961783	inf
0.961783	inf
0.961783	inf
0.961783	inf
0.961783	inf
0.961783	inf
0.961783	inf
0.968153	inf
0.974522	inf
0.974522	inf
0.974522	inf
0.974522	inf
0.974522	inf
0.974522	inf
0.974522	inf
0.974522	inf
0.980892	inf
0.980892	inf
0.980892	inf
0.980892	inf
0.980892	inf
0.980892	inf
0.980892	inf
0.980892	inf
0.980892	inf
0.980892	inf
0.980892	inf
0.980892	inf
0.987261	inf
0.987261	inf
0.987261	inf
0.987261	inf
