# Persistence diagram <GML/0009.gml>
#
# Dimension   : 0
# Entries     : 219
# Betti number: 5
0	inf
0	0.898148
0	0.930556
0	0.986111
0	0.981481
0	0.990741
0	0.916667
0	0.953704
0	inf
0	0.972222
0	0.953704
0	0.976852
0	0.990741
0	0.986111
0	0.953704
0	0.916667
0	0.986111
0	0.898148
0	0.935185
0	0.953704
0	0.981481
0	0.981481
0	0.990741
0	0.976852
0	0.898148
0	0.976852
0	0.972222
0	0.935185
0	0.953704
0	0.986111
0	0.990741
0	0.976852
0	0.976852
0	0.981481
0	0.953704
0	0.930556
0	0.898148
0	0.976852
0	0.935185
0	0.976852
0	0.986111
0	0.953704
0	0.990741
0	0.981481
0	0.967593
0	0.972222
0	0.898148
0	0.981481
0	0.972222
0	0.981481
0	0.953704
0	0.916667
0	0.953704
0	0.986111
0	0.990741
0	0.976852
0	0.976852
0	0.986111
0	0.953704
0	0.986111
0	0.99537
0	0.990741
0	0.935185
0	0.916667
0	0.990741
0	0.990741
0	0.990741
0	0.986111
0	0.990741
0	0.986111
0	0.976852
0	0.986111
0	0.930556
0	0.990741
0	0.972222
0	0.986111
0	0.916667
0	0.986111
0	0.935185
0	0.976852
0	0.935185
0	0.990741
0	0.986111
0	0.981481
0	0.986111
0	0.986111
0	0.976852
0	0.981481
0	0.981481
0	0.981481
0	0.898148
0	0.898148
0	0.916667
0	0.967593
0	0.972222
0	0.986111
0	0.981481
0	0.898148
0	0.898148
0	0.953704
0	0.935185
0	0.898148
0	0.916667
0	0.930556
0	0.972222
0	0.990741
0	0.898148
0	0.981481
0	0.953704
0	0.976852
0	0.976852
0	0.990741
0	0.981481
0	0.986111
0	0.976852
0	0.898148
0	0.976852
0	0.986111
0	0.972222
0	0.986111
0	0.898148
0	0.986111
0	0.962963
0	0.990741
0	0.972222
0	0.953704
0	0.972222
0	0.986111
0	0.916667
0	0.953704
0	0.981481
0	inf
0	0.990741
0	0.953704
0	0.898148
0	0.962963
0	0.953704
0	0.916667
0	0.981481
0	0.981481
0	0.990741
0	0.930556
0	0.930556
0	0.898148
0	0.930556
0	inf
0	inf
0	0.972222
0	0.972222
0	0.953704
0	0.976852
0	0.953704
0	0.976852
0	0.962963
0	0.916667
0	0.981481
0	0.986111
0	0.981481
0	0.981481
0	0.986111
0	0.972222
0	0.972222
0	0.972222
0	0.953704
0	0.99537
0	0.976852
0	0.986111
0	0.986111
0	0.976852
0	0.972222
0	0.99537
0	0.930556
0	0.981481
0	0.972222
0	0.898148
0	0.99537
0	0.976852
0	0.916667
0	0.976852
0	0.972222
0	0.898148
0	0.916667
0	0.898148
0	0.962963
0	0.986111
0	0.935185
0	0.930556
0	0.990741
0	0.990741
0	0.972222
0	0.981481
0	0.981481
0	0.898148
0	0.953704
0	0.986111
0	0.976852
0	0.972222
0	0.916667
0	0.972222
0	0.898148
0	0.972222
0	0.990741
0	0.986111
0	0.916667
0	0.976852
0	0.981481
0	0.986111
0	0.976852
0	0.930556
0	0.972222
0	0.981481
0	0.986111
0	0.990741
0	0.930556
0	0.981481
0	0.976852
0	0.972222
0	0.986111
0	0.953704


