# Persistence diagram <GML/0013.gml>
#
# Dimension   : 1
# Entries     : 80
# Betti number: 80
0.961089	inf
0.961089	inf
0.961089	inf
0.961089	inf
0.961089	inf
0.961089	inf
0.961089	inf
0.964981	inf
0.964981	inf
0.968872	inf
0.968872	inf
0.968872	inf
0.968872	inf
0.968872	inf
0.968872	inf
0.968872	inf
0.972763	inf
0.972763	inf
0.972763	inf
0.972763	inf
0.972763	inf
0.972763	inf
0.972763	inf
0.972763	inf
0.976654	inf
0.976654	inf
0.976654	inf
0.976654	inf
0.976654	inf
0.976654	inf
0.976654	inf
0.976654	inf
0.976654	inf
0.976654	inf
0.980545	inf
0.980545	inf
0.980545	inf
0.980545	inf
0.980545	inf
0.980545	inf
0.980545	inf
0.980545	inf
0.984436	inf
0.984436	inf
0.984436	inf
0.984436	inf
0.984436	inf
0.984436	inf
0.984436	inf
0.984436	inf
0.984436	inf
0.984436	inf
0.984436	inf
0.984436	inf
0.984436	inf
0.984436	inf
0.984436	inf
0.984436	inf
0.984436	inf
0.984436	inf
0.988327	inf
0.988327	inf
0.988327	inf
0.988327	inf
0.988327	inf
0.988327	inf
0.988327	inf
0.988327	inf
0.988327	inf
0.988327	inf
0.988327	inf
0.992218	inf
0.992218	inf
0.992218	inf
0.992218	inf
0.992218	inf
0.992218	inf
0.992218	inf
0.992218	inf
0.992218	inf
