# Persistence diagram <GML/0015.gml>
#
# Dimension   : 0
# Entries     : 406
# Betti number: 5
0	inf
0	0.990415
0	0.995208
0	0.988818
0	0.985623
0	0.976038
0	0.995208
0	0.992013
0	inf
0	0.995208
0	0.976038
0	0.996805
0	inf
0	0.99361
0	0.971246
0	0.971246
0	0.98722
0	0.977636
0	0.976038
0	0.996805
0	0.992013
0	0.984026
0	0.992013
0	0.971246
0	0.972843
0	0.972843
0	0.99361
0	0.995208
0	0.98722
0	0.992013
0	0.984026
0	0.996805
0	0.995208
0	0.972843
0	0.971246
0	0.985623
0	0.995208
0	0.977636
0	0.972843
0	0.985623
0	0.996805
0	0.976038
0	0.996805
0	0.988818
0	0.982428
0	0.98722
0	0.990415
0	0.99361
0	0.992013
0	0.99361
0	0.992013
0	0.966454
0	0.976038
0	0.988818
0	0.99361
0	0.990415
0	inf
0	0.995208
0	0.990415
0	0.996805
0	0.988818
0	0.995208
0	0.99361
0	0.992013
0	0.996805
0	0.977636
0	0.990415
0	0.972843
0	0.98722
0	0.968051
0	0.982428
0	0.972843
0	0.99361
0	0.98722
0	0.99361
0	0.996805
0	0.988818
0	0.990415
0	0.995208
0	0.99361
0	0.996805
0	0.968051
0	0.99361
0	0.971246
0	0.996805
0	0.98722
0	0.968051
0	0.996805
0	0.977636
0	0.99361
0	0.985623
0	0.992013
0	0.992013
0	0.966454
0	0.996805
0	0.966454
0	0.98722
0	0.976038
0	0.984026
0	0.966454
0	0.966454
0	0.992013
0	0.996805
0	0.99361
0	0.995208
0	0.99361
0	0.984026
0	0.966454
0	0.966454
0	0.99361
0	0.995208
0	0.992013
0	0.985623
0	0.992013
0	0.99361
0	0.98722
0	0.985623
0	0.996805
0	0.968051
0	0.968051
0	0.995208
0	0.985623
0	0.968051
0	0.972843
0	0.992013
0	0.990415
0	0.99361
0	0.990415
0	0.988818
0	0.976038
0	0.984026
0	0.988818
0	0.98722
0	0.98722
0	0.985623
0	0.996805
0	0.966454
0	0.976038
0	0.98722
0	0.99361
0	0.996805
0	0.982428
0	0.99361
0	0.990415
0	0.996805
0	0.990415
0	0.972843
0	0.992013
0	0.984026
0	0.98722
0	0.971246
0	0.998403
0	0.99361
0	0.977636
0	0.99361
0	0.996805
0	0.995208
0	0.995208
0	0.992013
0	0.99361
0	0.971246
0	0.976038
0	0.992013
0	0.976038
0	0.968051
0	0.99361
0	0.98722
0	0.992013
0	0.996805
0	0.996805
0	0.982428
0	0.996805
0	0.995208
0	0.992013
0	0.996805
0	0.98722
0	0.98722
0	0.990415
0	0.988818
0	0.976038
0	0.988818
0	0.985623
0	0.984026
0	0.990415
0	0.976038
0	0.98722
0	0.988818
0	0.996805
0	0.990415
0	0.996805
0	0.990415
0	0.972843
0	0.99361
0	0.995208
0	0.988818
0	0.984026
0	0.990415
0	0.99361
0	0.988818
0	0.996805
0	0.990415
0	0.995208
0	0.984026
0	0.984026
0	0.998403
0	0.995208
0	0.98722
0	0.966454
0	0.968051
0	0.992013
0	0.982428
0	0.984026
0	0.984026
0	0.976038
0	0.992013
0	0.99361
0	0.988818
0	0.966454
0	0.992013
0	0.992013
0	0.996805
0	0.988818
0	0.985623
0	0.984026
0	0.990415
0	0.984026
0	0.982428
0	0.99361
0	0.984026
0	0.990415
0	0.99361
0	0.976038
0	0.966454
0	0.990415
0	0.992013
0	0.966454
0	0.976038
0	0.985623
0	0.992013
0	0.996805
0	0.99361
0	0.996805
0	0.984026
0	0.966454
0	0.966454
0	0.966454
0	0.988818
0	inf
0	0.995208
0	0.996805
0	0.966454
0	0.984026
0	0.968051
0	0.982428
0	0.976038
0	0.968051
0	0.985623
0	0.971246
0	0.966454
0	0.995208
0	0.995208
0	0.98722
0	0.99361
0	0.966454
0	0.982428
0	0.977636
0	0.990415
0	0.972843
0	0.995208
0	0.99361
0	0.984026
0	0.976038
0	0.982428
0	0.992013
0	0.982428
0	0.992013
0	0.992013
0	0.976038
0	0.984026
0	0.98722
0	0.992013
0	0.988818
0	0.995208
0	0.976038
0	0.995208
0	0.990415
0	0.984026
0	0.968051
0	0.996805
0	0.995208
0	0.966454
0	0.982428
0	0.976038
0	0.995208
0	0.995208
0	0.982428
0	0.99361
0	0.996805
0	0.968051
0	0.996805
0	0.996805
0	0.968051
0	0.977636
0	0.99361
0	0.984026
0	0.99361
0	0.995208
0	0.984026
0	0.99361
0	0.995208
0	0.99361
0	0.971246
0	0.990415
0	0.976038
0	0.99361
0	0.990415
0	0.996805
0	0.982428
0	0.976038
0	0.99361
0	0.995208
0	0.99361
0	0.990415
0	0.995208
0	0.988818
0	0.966454
0	0.968051
0	0.992013
0	0.984026
0	0.984026
0	0.976038
0	0.998403
0	0.995208
0	0.990415
0	0.98722
0	0.984026
0	0.971246
0	0.985623
0	0.988818
0	0.984026
0	0.990415
0	0.977636
0	0.996805
0	0.988818
0	0.995208
0	0.976038
0	0.984026
0	0.971246
0	0.990415
0	0.985623
0	0.996805
0	0.996805
0	0.99361
0	0.985623
0	0.982428
0	0.984026
0	0.977636
0	0.98722
0	0.990415
0	0.99361
0	0.99361
0	0.985623
0	0.992013
0	0.972843
0	0.976038
0	0.968051
0	0.992013
0	0.99361
0	0.968051
0	0.972843
0	0.990415
0	0.972843
0	0.996805
0	0.995208
0	0.976038
0	0.996805
0	0.990415
0	0.968051
0	0.99361
0	0.972843
0	0.996805
0	0.988818
0	0.985623
0	0.990415
0	0.992013
0	0.976038
0	0.988818
0	0.992013
0	0.996805
0	0.992013
0	0.99361
0	0.984026
0	0.976038
0	0.99361
0	0.995208
0	0.988818
0	0.968051
0	0.995208
0	0.98722
0	0.972843
0	0.992013
0	0.976038
0	0.98722
0	0.996805
0	0.971246
0	0.992013


