# Persistence diagram <GML/0016.gml>
#
# Dimension   : 0
# Entries     : 261
# Betti number: 7
0	inf
0	0.941176
0	0.952941
0	0.958824
0	0.982353
0	0.923529
0	0.882353
0	0.970588
0	0.964706
0	0.894118
0	0.894118
0	0.947059
0	0.976471
0	0.894118
0	0.988235
0	0.970588
0	0.988235
0	0.882353
0	0.929412
0	0.894118
0	0.982353
0	0.941176
0	0.894118
0	0.935294
0	0.941176
0	0.923529
0	0.970588
0	0.935294
0	0.982353
0	0.982353
0	0.923529
0	0.982353
0	0.882353
0	0.964706
0	0.947059
0	0.947059
0	0.964706
0	0.970588
0	0.982353
0	0.882353
0	0.982353
0	0.976471
0	0.970588
0	0.947059
0	0.976471
0	0.988235
0	0.952941
0	0.988235
0	0.970588
0	0.947059
0	0.947059
0	0.958824
0	0.882353
0	0.958824
0	0.988235
0	0.947059
0	0.964706
0	0.964706
0	0.976471
0	0.970588
0	0.970588
0	0.982353
0	0.982353
0	0.964706
0	0.982353
0	0.958824
0	inf
0	0.964706
0	0.988235
0	0.929412
0	0.952941
0	0.988235
0	0.970588
0	inf
0	0.970588
0	0.988235
0	0.988235
0	0.935294
0	0.894118
0	0.976471
0	0.882353
0	0.958824
0	0.923529
0	0.988235
0	0.882353
0	0.923529
0	0.941176
0	0.976471
0	0.982353
0	0.988235
0	0.947059
0	0.947059
0	0.958824
0	0.970588
0	0.947059
0	0.882353
0	0.947059
0	0.976471
0	0.982353
0	0.952941
0	0.970588
0	0.976471
0	0.970588
0	0.929412
0	0.929412
0	0.923529
0	0.923529
0	0.958824
0	0.988235
0	0.882353
0	0.923529
0	0.947059
0	0.882353
0	0.970588
0	0.982353
0	0.947059
0	0.882353
0	0.952941
0	0.894118
0	0.935294
0	inf
0	0.982353
0	0.976471
0	0.982353
0	0.988235
0	0.958824
0	0.982353
0	0.964706
0	0.970588
0	0.988235
0	0.982353
0	0.952941
0	inf
0	0.935294
0	0.988235
0	0.947059
0	0.988235
0	0.964706
0	0.988235
0	0.970588
0	0.970588
0	0.970588
0	0.976471
0	0.947059
0	0.935294
0	0.894118
0	0.941176
0	0.882353
0	inf
0	0.964706
0	0.976471
0	0.988235
0	0.952941
0	0.882353
0	0.958824
0	0.941176
0	0.976471
0	0.935294
0	0.882353
0	0.970588
0	0.929412
0	0.970588
0	0.947059
0	0.988235
0	0.923529
0	0.947059
0	0.929412
0	inf
0	0.941176
0	0.982353
0	0.988235
0	0.982353
0	0.923529
0	0.882353
0	0.994118
0	0.964706
0	0.970588
0	0.988235
0	0.894118
0	0.894118
0	0.982353
0	0.958824
0	0.982353
0	0.988235
0	0.923529
0	0.894118
0	0.958824
0	0.982353
0	0.935294
0	0.988235
0	0.970588
0	0.947059
0	0.894118
0	0.988235
0	0.994118
0	0.894118
0	0.929412
0	0.894118
0	0.952941
0	0.988235
0	0.882353
0	0.958824
0	0.976471
0	0.970588
0	0.976471
0	0.882353
0	0.964706
0	0.947059
0	0.982353
0	0.958824
0	0.976471
0	0.894118
0	0.976471
0	0.988235
0	0.947059
0	0.988235
0	0.976471
0	0.982353
0	0.988235
0	0.994118
0	0.988235
0	0.952941
0	0.988235
0	0.929412
0	0.970588
0	0.952941
0	0.988235
0	0.947059
0	0.970588
0	0.935294
0	0.947059
0	0.988235
0	0.935294
0	0.952941
0	0.982353
0	0.988235
0	0.970588
0	0.988235
0	0.952941
0	0.894118
0	0.958824
0	0.882353
0	0.988235
0	0.882353
0	0.982353
0	0.964706
0	0.970588
0	0.935294
0	0.882353
0	0.964706
0	0.988235
0	0.976471
0	0.952941
0	0.894118
0	0.929412
0	0.958824
0	0.964706
0	0.952941
0	0.923529
0	0.952941
0	0.988235


