# Persistence diagram <GML/0019.gml>
#
# Dimension   : 0
# Entries     : 199
# Betti number: 3
0	inf
0	0.976608
0	0.988304
0	0.97076
0	0.836257
0	0.982456
0	0.97076
0	0.988304
0	0.894737
0	0.982456
0	0.982456
0	0.976608
0	0.982456
0	0.982456
0	0.988304
0	inf
0	0.976608
0	0.988304
0	0.976608
0	0.894737
0	0.836257
0	0.964912
0	0.982456
0	0.959064
0	inf
0	0.988304
0	0.836257
0	0.988304
0	0.994152
0	0.988304
0	0.988304
0	0.982456
0	0.982456
0	0.836257
0	0.894737
0	0.964912
0	0.988304
0	0.894737
0	0.964912
0	0.947368
0	0.976608
0	0.964912
0	0.947368
0	0.929825
0	0.982456
0	0.836257
0	0.982456
0	0.836257
0	0.988304
0	0.988304
0	0.982456
0	0.982456
0	0.947368
0	0.836257
0	0.976608
0	0.894737
0	0.947368
0	0.929825
0	0.894737
0	0.959064
0	0.976608
0	0.929825
0	0.959064
0	0.976608
0	0.97076
0	0.97076
0	0.836257
0	0.982456
0	0.894737
0	0.964912
0	0.988304
0	0.976608
0	0.929825
0	0.982456
0	0.959064
0	0.836257
0	0.982456
0	0.988304
0	0.982456
0	0.982456
0	0.836257
0	0.836257
0	0.976608
0	0.97076
0	0.988304
0	0.988304
0	0.929825
0	0.97076
0	0.959064
0	0.982456
0	0.836257
0	0.894737
0	0.988304
0	0.988304
0	0.894737
0	0.982456
0	0.894737
0	0.982456
0	0.836257
0	0.947368
0	0.836257
0	0.929825
0	0.836257
0	0.976608
0	0.97076
0	0.988304
0	0.97076
0	0.894737
0	0.976608
0	0.97076
0	0.836257
0	0.982456
0	0.947368
0	0.836257
0	0.959064
0	0.894737
0	0.97076
0	0.982456
0	0.982456
0	0.836257
0	0.964912
0	0.894737
0	0.976608
0	0.836257
0	0.97076
0	0.97076
0	0.982456
0	0.988304
0	0.97076
0	0.988304
0	0.982456
0	0.982456
0	0.836257
0	0.982456
0	0.988304
0	0.836257
0	0.947368
0	0.836257
0	0.947368
0	0.976608
0	0.947368
0	0.976608
0	0.988304
0	0.97076
0	0.959064
0	0.894737
0	0.988304
0	0.836257
0	0.976608
0	0.988304
0	0.836257
0	0.947368
0	0.964912
0	0.988304
0	0.988304
0	0.976608
0	0.836257
0	0.964912
0	0.836257
0	0.982456
0	0.947368
0	0.988304
0	0.964912
0	0.982456
0	0.929825
0	0.988304
0	0.964912
0	0.982456
0	0.947368
0	0.982456
0	0.947368
0	0.97076
0	0.959064
0	0.959064
0	0.976608
0	0.988304
0	0.976608
0	0.97076
0	0.988304
0	0.929825
0	0.964912
0	0.894737
0	0.97076
0	0.976608
0	0.982456
0	0.964912
0	0.836257
0	0.929825
0	0.929825
0	0.97076
0	0.988304
0	0.894737
0	0.982456
0	0.97076
0	0.976608
0	0.988304
0	0.959064
0	0.976608
0	0.97076


