# Persistence diagram <GML/0022.gml>
#
# Dimension   : 1
# Entries     : 220
# Betti number: 220
0.960396	inf
0.960396	inf
0.960396	inf
0.968883	inf
0.968883	inf
0.968883	inf
0.970297	inf
0.971711	inf
0.971711	inf
0.971711	inf
0.973126	inf
0.975955	inf
0.975955	inf
0.975955	inf
0.977369	inf
0.977369	inf
0.977369	inf
0.977369	inf
0.981612	inf
0.981612	inf
0.981612	inf
0.981612	inf
0.981612	inf
0.983027	inf
0.983027	inf
0.984441	inf
0.984441	inf
0.984441	inf
0.984441	inf
0.984441	inf
0.984441	inf
0.984441	inf
0.984441	inf
0.984441	inf
0.984441	inf
0.984441	inf
0.984441	inf
0.984441	inf
0.984441	inf
0.984441	inf
0.984441	inf
0.985856	inf
0.985856	inf
0.985856	inf
0.985856	inf
0.985856	inf
0.985856	inf
0.985856	inf
0.985856	inf
0.985856	inf
0.985856	inf
0.985856	inf
0.985856	inf
0.985856	inf
0.985856	inf
0.985856	inf
0.985856	inf
0.985856	inf
0.985856	inf
0.98727	inf
0.98727	inf
0.98727	inf
0.98727	inf
0.98727	inf
0.98727	inf
0.98727	inf
0.98727	inf
0.98727	inf
0.98727	inf
0.98727	inf
0.988685	inf
0.988685	inf
0.988685	inf
0.988685	inf
0.988685	inf
0.988685	inf
0.988685	inf
0.988685	inf
0.988685	inf
0.988685	inf
0.988685	inf
0.988685	inf
0.988685	inf
0.988685	inf
0.988685	inf
0.990099	inf
0.990099	inf
0.990099	inf
0.990099	inf
0.990099	inf
0.990099	inf
0.990099	inf
0.990099	inf
0.990099	inf
0.990099	inf
0.990099	inf
0.990099	inf
0.990099	inf
0.990099	inf
0.990099	inf
0.991513	inf
0.991513	inf
0.991513	inf
0.991513	inf
0.991513	inf
0.991513	inf
0.991513	inf
0.991513	inf
0.991513	inf
0.991513	inf
0.991513	inf
0.991513	inf
0.991513	inf
0.991513	inf
0.991513	inf
0.991513	inf
0.991513	inf
0.991513	inf
0.991513	inf
0.991513	inf
0.991513	inf
0.991513	inf
0.991513	inf
0.992928	inf
0.992928	inf
0.992928	inf
0.992928	inf
0.992928	inf
0.992928	inf
0.992928	inf
0.992928	inf
0.992928	inf
0.992928	inf
0.992928	inf
0.992928	inf
0.992928	inf
0.992928	inf
0.992928	inf
0.992928	inf
0.992928	inf
0.992928	inf
0.992928	inf
0.992928	inf
0.992928	inf
0.992928	inf
0.992928	inf
0.992928	inf
0.992928	inf
0.992928	inf
0.992928	inf
0.992928	inf
0.994342	inf
0.994342	inf
0.994342	inf
0.994342	inf
0.994342	inf
0.994342	inf
0.994342	inf
0.994342	inf
0.994342	inf
0.994342	inf
0.994342	inf
0.994342	inf
0.994342	inf
0.994342	inf
0.994342	inf
0.994342	inf
0.994342	inf
0.994342	inf
0.994342	inf
0.994342	inf
0.994342	inf
0.994342	inf
0.994342	inf
0.994342	inf
0.994342	inf
0.994342	inf
0.994342	inf
0.994342	inf
0.995757	inf
0.995757	inf
0.995757	inf
0.995757	inf
0.995757	inf
0.995757	inf
0.995757	inf
0.995757	inf
0.995757	inf
0.995757	inf
0.995757	inf
0.995757	inf
0.995757	inf
0.995757	inf
0.995757	inf
0.995757	inf
0.995757	inf
0.995757	inf
0.995757	inf
0.995757	inf
0.995757	inf
0.995757	inf
0.995757	inf
0.995757	inf
0.997171	inf
0.997171	inf
0.997171	inf
0.997171	inf
0.997171	inf
0.997171	inf
0.997171	inf
0.997171	inf
0.997171	inf
0.997171	inf
0.997171	inf
0.997171	inf
0.997171	inf
0.997171	inf
0.997171	inf
0.997171	inf
0.997171	inf
