# Persistence diagram <GML/0024.gml>
#
# Dimension   : 0
# Entries     : 435
# Betti number: 7
0	inf
0	0.992974
0	0.985948
0	0.978923
0	0.981265
0	0.962529
0	0.946136
0	0.98829
0	0.98829
0	0.911007
0	0.985948
0	0.985948
0	0.98829
0	0.962529
0	0.98829
0	0.955504
0	0.981265
0	0.992974
0	0.98829
0	0.985948
0	0.978923
0	0.995316
0	0.981265
0	0.990632
0	0.946136
0	0.960187
0	0.971897
0	0.992974
0	0.911007
0	inf
0	0.98829
0	inf
0	0.990632
0	0.985948
0	0.911007
0	inf
0	0.985948
0	0.992974
0	0.985948
0	0.98829
0	0.978923
0	0.992974
0	0.978923
0	0.962529
0	0.992974
0	0.985948
0	0.971897
0	0.990632
0	0.946136
0	0.98829
0	0.992974
0	0.995316
0	0.990632
0	0.974239
0	0.911007
0	0.981265
0	0.981265
0	0.969555
0	0.995316
0	0.995316
0	0.983607
0	0.976581
0	0.985948
0	0.985948
0	inf
0	0.992974
0	0.995316
0	0.946136
0	0.911007
0	0.976581
0	0.946136
0	0.955504
0	0.985948
0	0.992974
0	0.995316
0	0.955504
0	0.995316
0	0.962529
0	0.955504
0	0.946136
0	0.98829
0	0.978923
0	0.98829
0	0.955504
0	0.990632
0	0.981265
0	0.985948
0	0.969555
0	0.962529
0	0.995316
0	0.992974
0	0.985948
0	0.992974
0	0.911007
0	inf
0	0.995316
0	0.955504
0	0.964871
0	0.960187
0	0.978923
0	0.995316
0	inf
0	0.974239
0	0.992974
0	0.978923
0	0.911007
0	0.98829
0	0.985948
0	0.974239
0	0.969555
0	0.978923
0	0.992974
0	0.911007
0	0.981265
0	0.98829
0	0.960187
0	0.985948
0	0.98829
0	0.995316
0	0.971897
0	0.981265
0	0.962529
0	0.995316
0	0.964871
0	0.911007
0	0.960187
0	0.990632
0	0.990632
0	0.98829
0	0.981265
0	0.911007
0	0.992974
0	0.981265
0	0.985948
0	0.971897
0	0.974239
0	0.990632
0	0.964871
0	0.992974
0	0.962529
0	0.962529
0	0.992974
0	0.992974
0	0.990632
0	0.98829
0	0.992974
0	0.911007
0	0.983607
0	0.974239
0	0.974239
0	0.992974
0	0.98829
0	0.985948
0	0.974239
0	0.976581
0	0.946136
0	0.995316
0	0.985948
0	0.911007
0	0.981265
0	0.978923
0	0.985948
0	0.990632
0	0.985948
0	0.990632
0	0.98829
0	0.960187
0	0.995316
0	0.992974
0	0.98829
0	0.983607
0	0.960187
0	0.964871
0	0.911007
0	0.98829
0	0.978923
0	0.995316
0	0.978923
0	0.946136
0	0.995316
0	0.992974
0	0.98829
0	0.98829
0	0.992974
0	0.995316
0	0.974239
0	0.990632
0	0.995316
0	0.960187
0	0.992974
0	0.969555
0	0.985948
0	0.981265
0	0.969555
0	0.992974
0	0.983607
0	0.995316
0	0.983607
0	0.990632
0	0.974239
0	0.971897
0	0.985948
0	0.911007
0	0.955504
0	0.995316
0	0.98829
0	0.981265
0	0.995316
0	0.981265
0	0.990632
0	0.981265
0	0.978923
0	0.98829
0	0.990632
0	0.964871
0	0.946136
0	0.990632
0	0.971897
0	0.946136
0	0.911007
0	0.946136
0	0.995316
0	0.992974
0	0.992974
0	0.911007
0	0.981265
0	0.976581
0	0.98829
0	0.960187
0	0.995316
0	0.992974
0	0.974239
0	0.946136
0	0.911007
0	0.974239
0	0.990632
0	0.981265
0	0.985948
0	0.995316
0	0.981265
0	0.969555
0	0.995316
0	0.995316
0	0.981265
0	0.911007
0	0.983607
0	0.992974
0	0.978923
0	0.981265
0	0.985948
0	0.995316
0	0.990632
0	0.969555
0	0.995316
0	0.98829
0	0.985948
0	0.995316
0	0.992974
0	0.976581
0	0.974239
0	0.978923
0	0.978923
0	0.969555
0	0.985948
0	0.955504
0	0.985948
0	0.960187
0	0.955504
0	0.985948
0	0.98829
0	0.976581
0	0.911007
0	0.964871
0	0.978923
0	0.981265
0	0.995316
0	0.992974
0	0.978923
0	0.992974
0	0.911007
0	0.992974
0	0.978923
0	0.978923
0	0.911007
0	0.992974
0	0.985948
0	0.995316
0	0.946136
0	0.911007
0	0.981265
0	0.974239
0	0.955504
0	0.971897
0	0.990632
0	0.995316
0	0.985948
0	0.969555
0	0.983607
0	0.976581
0	0.992974
0	0.969555
0	0.955504
0	0.98829
0	0.985948
0	0.955504
0	0.995316
0	0.992974
0	0.990632
0	0.985948
0	0.960187
0	0.995316
0	0.911007
0	0.992974
0	0.983607
0	0.995316
0	0.911007
0	0.98829
0	0.969555
0	0.985948
0	0.992974
0	0.971897
0	0.995316
0	0.946136
0	0.974239
0	0.946136
0	0.955504
0	0.995316
0	0.995316
0	0.974239
0	0.995316
0	0.911007
0	0.992974
0	0.976581
0	0.911007
0	0.995316
0	0.964871
0	0.985948
0	0.981265
0	0.971897
0	0.960187
0	0.990632
0	0.992974
0	0.997658
0	0.964871
0	0.995316
0	0.962529
0	0.978923
0	0.974239
0	0.964871
0	0.960187
0	0.978923
0	0.98829
0	0.985948
0	0.976581
0	0.978923
0	0.911007
0	0.992974
0	0.992974
0	0.946136
0	0.978923
0	0.955504
0	0.911007
0	0.946136
0	0.995316
0	0.962529
0	0.955504
0	0.964871
0	0.911007
0	0.98829
0	0.974239
0	0.964871
0	0.985948
0	0.990632
0	0.985948
0	0.946136
0	0.911007
0	0.995316
0	0.955504
0	0.969555
0	0.969555
0	0.981265
0	0.997658
0	0.995316
0	0.992974
0	0.992974
0	0.995316
0	0.974239
0	0.990632
0	0.981265
0	0.995316
0	0.98829
0	0.955504
0	0.962529
0	0.992974
0	0.974239
0	0.985948
0	0.992974
0	0.911007
0	0.98829
0	0.911007
0	0.946136
0	0.985948
0	0.911007
0	0.971897
0	0.971897
0	0.985948
0	0.960187
0	0.971897
0	0.960187
0	0.985948
0	0.911007
0	0.992974
0	0.985948
0	0.960187
0	0.981265
0	0.992974
0	0.946136
0	0.969555
0	0.911007
0	0.995316
0	0.964871
0	0.98829
0	0.995316
0	0.969555
0	0.911007
0	0.983607
0	0.995316
0	0.969555
0	0.969555
0	0.960187
0	0.955504
0	0.992974
0	0.985948
0	0.946136
0	0.981265


