# Persistence diagram <GML/0025.gml>
#
# Dimension   : 1
# Entries     : 183
# Betti number: 183
0.952282	inf
0.956432	inf
0.956432	inf
0.96473	inf
0.966805	inf
0.966805	inf
0.966805	inf
0.966805	inf
0.966805	inf
0.96888	inf
0.96888	inf
0.96888	inf
0.96888	inf
0.96888	inf
0.973029	inf
0.973029	inf
0.973029	inf
0.973029	inf
0.973029	inf
0.973029	inf
0.973029	inf
0.977178	inf
0.977178	inf
0.977178	inf
0.977178	inf
0.977178	inf
0.977178	inf
0.977178	inf
0.977178	inf
0.977178	inf
0.977178	inf
0.979253	inf
0.979253	inf
0.979253	inf
0.979253	inf
0.979253	inf
0.979253	inf
0.979253	inf
0.979253	inf
0.981328	inf
0.981328	inf
0.981328	inf
0.981328	inf
0.983402	inf
0.983402	inf
0.983402	inf
0.983402	inf
0.983402	inf
0.983402	inf
0.983402	inf
0.983402	inf
0.983402	inf
0.983402	inf
0.983402	inf
0.983402	inf
0.985477	inf
0.985477	inf
0.985477	inf
0.985477	inf
0.985477	inf
0.985477	inf
0.985477	inf
0.985477	inf
0.985477	inf
0.985477	inf
0.985477	inf
0.985477	inf
0.985477	inf
0.985477	inf
0.985477	inf
0.985477	inf
0.985477	inf
0.985477	inf
0.985477	inf
0.985477	inf
0.985477	inf
0.985477	inf
0.985477	inf
0.985477	inf
0.985477	inf
0.985477	inf
0.985477	inf
0.985477	inf
0.987552	inf
0.987552	inf
0.987552	inf
0.987552	inf
0.987552	inf
0.987552	inf
0.987552	inf
0.987552	inf
0.987552	inf
0.987552	inf
0.987552	inf
0.987552	inf
0.987552	inf
0.987552	inf
0.987552	inf
0.987552	inf
0.987552	inf
0.987552	inf
0.987552	inf
0.989627	inf
0.989627	inf
0.989627	inf
0.989627	inf
0.989627	inf
0.989627	inf
0.989627	inf
0.989627	inf
0.989627	inf
0.989627	inf
0.989627	inf
0.989627	inf
0.989627	inf
0.989627	inf
0.989627	inf
0.989627	inf
0.989627	inf
0.989627	inf
0.989627	inf
0.991701	inf
0.991701	inf
0.991701	inf
0.991701	inf
0.991701	inf
0.991701	inf
0.991701	inf
0.991701	inf
0.991701	inf
0.991701	inf
0.991701	inf
0.991701	inf
0.991701	inf
0.991701	inf
0.991701	inf
0.991701	inf
0.991701	inf
0.991701	inf
0.991701	inf
0.991701	inf
0.991701	inf
0.991701	inf
0.991701	inf
0.991701	inf
0.991701	inf
0.991701	inf
0.991701	inf
0.993776	inf
0.993776	inf
0.993776	inf
0.993776	inf
0.993776	inf
0.993776	inf
0.993776	inf
0.993776	inf
0.993776	inf
0.993776	inf
0.993776	inf
0.993776	inf
0.993776	inf
0.993776	inf
0.993776	inf
0.993776	inf
0.993776	inf
0.993776	inf
0.993776	inf
0.995851	inf
0.995851	inf
0.995851	inf
0.995851	inf
0.995851	inf
0.995851	inf
0.995851	inf
0.995851	inf
0.995851	inf
0.995851	inf
0.995851	inf
0.995851	inf
0.995851	inf
0.995851	inf
0.995851	inf
0.995851	inf
