# Persistence diagram <GML/0029.gml>
#
# Dimension   : 0
# Entries     : 373
# Betti number: 7
0	inf
0	inf
0	0.98806
0	0.979104
0	0.973134
0	0.985075
0	0.98209
0	0.985075
0	0.979104
0	0.985075
0	0.973134
0	0.964179
0	0.98806
0	0.985075
0	0.985075
0	0.829851
0	0.985075
0	0.979104
0	0.829851
0	0.910448
0	0.98806
0	0.829851
0	0.958209
0	0.910448
0	0.99403
0	0.985075
0	0.985075
0	0.829851
0	0.976119
0	0.958209
0	0.829851
0	0.98806
0	0.98806
0	0.98209
0	inf
0	0.910448
0	0.829851
0	0.99403
0	0.985075
0	0.934328
0	0.985075
0	0.985075
0	0.985075
0	0.973134
0	0.976119
0	0.964179
0	0.958209
0	0.979104
0	0.910448
0	0.910448
0	0.973134
0	0.985075
0	0.985075
0	0.967164
0	0.979104
0	0.979104
0	0.970149
0	0.985075
0	0.829851
0	0.964179
0	0.934328
0	0.973134
0	0.934328
0	0.98806
0	0.964179
0	0.976119
0	0.98806
0	0.979104
0	0.99403
0	0.958209
0	0.910448
0	0.829851
0	0.991045
0	0.967164
0	0.964179
0	0.98806
0	0.967164
0	0.991045
0	0.934328
0	0.910448
0	0.958209
0	0.985075
0	0.99403
0	0.991045
0	0.985075
0	0.985075
0	0.934328
0	0.985075
0	0.98209
0	0.985075
0	0.991045
0	0.976119
0	0.829851
0	0.98806
0	0.979104
0	0.99403
0	0.934328
0	0.910448
0	0.829851
0	0.829851
0	0.991045
0	0.829851
0	0.985075
0	0.973134
0	0.99403
0	0.98209
0	0.967164
0	0.985075
0	0.967164
0	0.979104
0	0.829851
0	0.910448
0	0.985075
0	0.976119
0	0.976119
0	0.976119
0	0.991045
0	0.829851
0	0.991045
0	0.979104
0	0.985075
0	0.964179
0	0.829851
0	0.829851
0	0.98806
0	0.967164
0	0.910448
0	inf
0	0.829851
0	0.991045
0	0.99403
0	0.970149
0	0.976119
0	inf
0	0.910448
0	0.976119
0	0.973134
0	0.976119
0	0.958209
0	0.99403
0	0.98806
0	0.991045
0	0.829851
0	0.829851
0	0.99403
0	0.98209
0	0.985075
0	0.98806
0	0.99403
0	0.985075
0	0.985075
0	0.99403
0	0.967164
0	0.98806
0	0.991045
0	0.976119
0	0.98806
0	0.964179
0	0.99403
0	0.991045
0	0.958209
0	0.976119
0	0.829851
0	0.973134
0	0.98806
0	0.964179
0	0.910448
0	0.976119
0	0.985075
0	0.991045
0	0.98806
0	0.99403
0	0.910448
0	0.973134
0	0.967164
0	0.98209
0	0.973134
0	0.910448
0	0.973134
0	0.829851
0	inf
0	0.98806
0	0.98806
0	0.829851
0	0.910448
0	0.964179
0	0.964179
0	0.985075
0	0.964179
0	0.967164
0	0.997015
0	0.964179
0	0.973134
0	0.985075
0	0.958209
0	0.976119
0	0.973134
0	0.967164
0	0.979104
0	0.991045
0	0.829851
0	0.910448
0	0.99403
0	0.979104
0	0.985075
0	0.967164
0	0.829851
0	0.829851
0	0.829851
0	0.976119
0	0.985075
0	0.991045
0	0.98209
0	0.967164
0	0.979104
0	0.967164
0	0.829851
0	0.967164
0	0.964179
0	0.967164
0	0.934328
0	0.991045
0	0.99403
0	0.973134
0	0.958209
0	0.829851
0	0.958209
0	0.98209
0	0.99403
0	0.997015
0	0.958209
0	0.98806
0	0.910448
0	0.976119
0	0.98209
0	0.964179
0	0.98806
0	0.934328
0	0.997015
0	0.829851
0	0.979104
0	0.829851
0	0.829851
0	0.910448
0	0.829851
0	0.985075
0	0.958209
0	0.985075
0	0.98806
0	0.964179
0	0.979104
0	0.964179
0	0.991045
0	0.976119
0	0.958209
0	0.99403
0	0.829851
0	0.934328
0	0.979104
0	0.985075
0	inf
0	0.98806
0	0.829851
0	0.958209
0	0.967164
0	0.98806
0	0.973134
0	0.829851
0	0.98806
0	0.985075
0	0.973134
0	0.985075
0	0.99403
0	0.973134
0	0.970149
0	0.997015
0	0.934328
0	0.970149
0	0.829851
0	0.967164
0	0.967164
0	0.970149
0	0.98806
0	0.979104
0	0.910448
0	0.99403
0	0.997015
0	0.910448
0	0.991045
0	0.985075
0	0.967164
0	0.829851
0	0.934328
0	0.99403
0	0.910448
0	0.99403
0	0.967164
0	0.973134
0	0.991045
0	0.973134
0	0.910448
0	0.967164
0	0.973134
0	0.910448
0	0.99403
0	0.98806
0	0.985075
0	0.99403
0	0.985075
0	0.973134
0	0.979104
0	0.991045
0	0.973134
0	0.985075
0	0.967164
0	0.973134
0	0.910448
0	0.991045
0	0.829851
0	0.934328
0	0.964179
0	0.958209
0	0.964179
0	0.98806
0	0.985075
0	0.99403
0	0.997015
0	0.934328
0	0.98806
0	0.934328
0	0.958209
0	0.973134
0	0.967164
0	0.99403
0	0.958209
0	0.98806
0	0.991045
0	0.98806
0	0.829851
0	0.973134
0	0.99403
0	0.934328
0	0.934328
0	0.98209
0	0.985075
0	0.985075
0	0.98806
0	0.985075
0	0.829851
0	0.829851
0	0.99403
0	0.829851
0	0.976119
0	0.967164
0	0.979104
0	0.910448
0	0.99403
0	0.979104
0	0.976119
0	0.991045
0	0.979104
0	0.991045
0	0.99403
0	0.99403
0	0.979104
0	0.979104
0	0.985075
0	0.99403
0	0.99403
0	0.98806
0	0.970149
0	0.973134
0	0.934328


