# Persistence diagram <GML/0030.gml>
#
# Dimension   : 1
# Entries     : 80
# Betti number: 80
0.868217	inf
0.868217	inf
0.875969	inf
0.906977	inf
0.906977	inf
0.906977	inf
0.906977	inf
0.906977	inf
0.906977	inf
0.906977	inf
0.906977	inf
0.914729	inf
0.914729	inf
0.914729	inf
0.914729	inf
0.914729	inf
0.914729	inf
0.914729	inf
0.914729	inf
0.922481	inf
0.922481	inf
0.930233	inf
0.937984	inf
0.937984	inf
0.937984	inf
0.937984	inf
0.945736	inf
0.953488	inf
0.953488	inf
0.953488	inf
0.96124	inf
0.96124	inf
0.96124	inf
0.96124	inf
0.96124	inf
0.96124	inf
0.96124	inf
0.96124	inf
0.96124	inf
0.96124	inf
0.96124	inf
0.96124	inf
0.96124	inf
0.96124	inf
0.96124	inf
0.96124	inf
0.96124	inf
0.96124	inf
0.96124	inf
0.96124	inf
0.96124	inf
0.96124	inf
0.96124	inf
0.968992	inf
0.968992	inf
0.968992	inf
0.968992	inf
0.968992	inf
0.968992	inf
0.968992	inf
0.968992	inf
0.968992	inf
0.968992	inf
0.976744	inf
0.976744	inf
0.976744	inf
0.976744	inf
0.976744	inf
0.976744	inf
0.976744	inf
0.976744	inf
0.976744	inf
0.976744	inf
0.976744	inf
0.976744	inf
0.984496	inf
0.984496	inf
0.984496	inf
0.984496	inf
0.984496	inf
