# Persistence diagram <GML/0031.gml>
#
# Dimension   : 0
# Entries     : 172
# Betti number: 5
0	inf
0	inf
0	0.990826
0	0.969419
0	0.95107
0	0.984709
0	0.981651
0	0.987768
0	0.990826
0	0.975535
0	0.990826
0	0.981651
0	0.975535
0	0.993884
0	0.95107
0	0.95107
0	0.993884
0	0.95107
0	0.948012
0	0.95107
0	0.95107
0	0.984709
0	0.993884
0	0.987768
0	0.990826
0	0.990826
0	inf
0	0.990826
0	0.95107
0	0.972477
0	0.993884
0	0.990826
0	0.981651
0	0.969419
0	0.984709
0	0.990826
0	0.984709
0	0.993884
0	0.987768
0	0.993884
0	0.969419
0	0.987768
0	0.996942
0	0.948012
0	0.969419
0	0.993884
0	0.969419
0	0.993884
0	0.95107
0	0.990826
0	0.948012
0	0.948012
0	0.969419
0	0.984709
0	0.987768
0	0.984709
0	0.969419
0	0.990826
0	0.954128
0	0.972477
0	0.990826
0	0.972477
0	0.95107
0	0.969419
0	0.993884
0	0.95107
0	0.975535
0	0.948012
0	0.987768
0	0.993884
0	0.987768
0	0.990826
0	0.972477
0	0.990826
0	0.990826
0	0.969419
0	0.95107
0	0.990826
0	0.981651
0	0.969419
0	0.95107
0	0.981651
0	0.969419
0	0.993884
0	0.95107
0	0.948012
0	0.987768
0	inf
0	0.993884
0	0.990826
0	0.984709
0	0.975535
0	0.984709
0	0.987768
0	0.990826
0	0.990826
0	0.990826
0	0.993884
0	0.95107
0	0.948012
0	0.987768
0	0.948012
0	0.981651
0	0.990826
0	0.990826
0	0.969419
0	0.990826
0	0.990826
0	0.990826
0	0.948012
0	0.969419
0	0.981651
0	0.987768
0	inf
0	0.954128
0	0.948012
0	0.975535
0	0.987768
0	0.987768
0	0.990826
0	0.981651
0	0.990826
0	0.990826
0	0.969419
0	0.990826
0	0.993884
0	0.993884
0	0.990826
0	0.969419
0	0.981651
0	0.972477
0	0.963303
0	0.948012
0	0.969419
0	0.984709
0	0.990826
0	0.993884
0	0.987768
0	0.993884
0	0.948012
0	0.984709
0	0.990826
0	0.969419
0	0.954128
0	0.948012
0	0.987768
0	0.948012
0	0.984709
0	0.993884
0	0.987768
0	0.990826
0	0.969419
0	0.972477
0	0.984709
0	0.987768
0	0.984709
0	0.993884
0	0.972477
0	0.987768
0	0.993884
0	0.984709
0	0.963303
0	0.984709
0	0.993884
0	0.990826
0	0.987768
0	0.95107
0	0.981651
0	0.975535
0	0.993884
0	0.987768
0	0.969419


