# Persistence diagram <GML/0033.gml>
#
# Dimension   : 0
# Entries     : 228
# Betti number: 3
0	inf
0	0.984375
0	0.976562
0	0.984375
0	0.984375
0	0.992188
0	0.917969
0	0.984375
0	0.980469
0	0.925781
0	0.980469
0	0.992188
0	0.972656
0	0.980469
0	0.992188
0	0.980469
0	0.917969
0	0.988281
0	0.917969
0	0.976562
0	0.992188
0	0.96875
0	inf
0	0.96875
0	0.96875
0	0.917969
0	0.976562
0	0.96875
0	0.992188
0	0.980469
0	0.925781
0	0.976562
0	0.9375
0	0.925781
0	0.957031
0	0.988281
0	0.976562
0	0.980469
0	0.992188
0	0.992188
0	0.960938
0	0.96875
0	0.980469
0	0.988281
0	0.992188
0	0.992188
0	0.976562
0	0.988281
0	0.980469
0	0.976562
0	0.917969
0	0.984375
0	0.917969
0	0.984375
0	0.992188
0	0.980469
0	0.992188
0	0.976562
0	0.988281
0	0.988281
0	0.988281
0	0.960938
0	0.925781
0	0.980469
0	0.980469
0	0.976562
0	0.9375
0	inf
0	0.925781
0	0.917969
0	0.960938
0	0.925781
0	0.992188
0	0.917969
0	0.984375
0	0.972656
0	0.976562
0	0.972656
0	0.984375
0	0.992188
0	0.988281
0	0.960938
0	0.976562
0	0.972656
0	0.980469
0	0.96875
0	0.925781
0	0.984375
0	0.984375
0	0.992188
0	0.925781
0	0.988281
0	0.957031
0	0.992188
0	0.988281
0	0.917969
0	0.976562
0	0.925781
0	0.980469
0	0.980469
0	0.992188
0	0.925781
0	0.992188
0	0.992188
0	0.976562
0	0.957031
0	0.957031
0	0.960938
0	0.992188
0	0.988281
0	0.96875
0	0.917969
0	0.96875
0	0.917969
0	0.972656
0	0.980469
0	0.976562
0	0.917969
0	0.957031
0	0.976562
0	0.972656
0	0.988281
0	0.980469
0	0.988281
0	0.957031
0	0.992188
0	0.980469
0	0.988281
0	0.992188
0	0.925781
0	0.976562
0	0.980469
0	0.980469
0	0.960938
0	0.976562
0	0.972656
0	0.984375
0	0.992188
0	0.992188
0	0.980469
0	0.988281
0	0.980469
0	0.988281
0	0.992188
0	0.992188
0	0.984375
0	0.9375
0	0.972656
0	0.96875
0	0.9375
0	0.96875
0	0.992188
0	0.980469
0	0.96875
0	0.988281
0	0.976562
0	0.976562
0	0.988281
0	0.980469
0	0.9375
0	0.992188
0	0.992188
0	0.96875
0	0.984375
0	0.976562
0	0.925781
0	0.925781
0	0.96875
0	0.980469
0	0.980469
0	0.925781
0	0.957031
0	0.972656
0	0.980469
0	0.972656
0	0.917969
0	0.925781
0	0.980469
0	0.96875
0	0.957031
0	0.957031
0	0.9375
0	0.972656
0	0.917969
0	0.988281
0	0.925781
0	0.980469
0	0.957031
0	0.984375
0	0.96875
0	0.9375
0	0.996094
0	0.988281
0	0.925781
0	0.992188
0	0.988281
0	0.988281
0	0.976562
0	0.917969
0	0.980469
0	0.957031
0	0.9375
0	0.984375
0	0.925781
0	0.976562
0	0.980469
0	0.972656
0	0.9375
0	0.988281
0	0.992188
0	0.972656
0	0.9375
0	0.972656
0	0.984375
0	0.980469
0	0.917969
0	0.988281
0	0.96875
0	0.988281
0	0.96875
0	0.980469
0	0.992188
0	0.976562
0	0.917969
0	0.96875
0	0.984375
0	0.960938
0	0.925781


