# Persistence diagram <GML/0034.gml>
#
# Dimension   : 0
# Entries     : 365
# Betti number: 6
0	inf
0	0.958005
0	0.984252
0	0.971129
0	0.952756
0	0.958005
0	0.989501
0	0.989501
0	0.944882
0	0.979003
0	inf
0	0.984252
0	0.986877
0	0.992126
0	0.947507
0	0.986877
0	0.984252
0	0.984252
0	0.986877
0	0.976378
0	0.994751
0	0.944882
0	0.947507
0	0.973753
0	0.952756
0	0.984252
0	0.984252
0	0.989501
0	0.979003
0	0.944882
0	0.984252
0	0.91601
0	inf
0	0.992126
0	0.971129
0	0.944882
0	0.971129
0	inf
0	0.989501
0	0.958005
0	0.986877
0	0.958005
0	0.976378
0	0.986877
0	0.992126
0	0.989501
0	0.994751
0	0.944882
0	0.947507
0	0.973753
0	0.968504
0	0.992126
0	0.947507
0	0.984252
0	0.963255
0	0.91601
0	0.91601
0	0.944882
0	0.91601
0	0.947507
0	0.992126
0	0.91601
0	0.968504
0	0.979003
0	0.986877
0	0.994751
0	0.947507
0	0.994751
0	0.979003
0	0.944882
0	0.984252
0	0.986877
0	0.984252
0	0.979003
0	0.989501
0	0.976378
0	0.984252
0	0.971129
0	0.986877
0	0.989501
0	0.976378
0	0.971129
0	0.971129
0	0.992126
0	0.986877
0	0.91601
0	0.989501
0	0.984252
0	0.91601
0	0.91601
0	0.971129
0	0.958005
0	0.958005
0	0.986877
0	0.986877
0	0.968504
0	0.952756
0	0.958005
0	0.944882
0	0.986877
0	0.984252
0	0.981627
0	0.971129
0	0.986877
0	0.958005
0	0.971129
0	0.944882
0	0.989501
0	0.976378
0	0.992126
0	0.958005
0	0.994751
0	0.994751
0	0.992126
0	0.989501
0	0.979003
0	0.971129
0	0.91601
0	0.952756
0	0.992126
0	0.952756
0	0.986877
0	0.91601
0	0.979003
0	0.91601
0	0.979003
0	0.984252
0	0.992126
0	0.984252
0	0.986877
0	0.989501
0	0.989501
0	0.952756
0	0.958005
0	0.979003
0	inf
0	0.971129
0	0.994751
0	0.989501
0	0.944882
0	0.989501
0	0.992126
0	0.981627
0	0.968504
0	0.976378
0	0.992126
0	0.971129
0	0.963255
0	0.992126
0	0.986877
0	0.971129
0	0.992126
0	0.947507
0	0.986877
0	0.947507
0	0.994751
0	0.989501
0	0.944882
0	0.963255
0	0.992126
0	0.992126
0	0.989501
0	0.984252
0	0.994751
0	0.91601
0	0.91601
0	0.968504
0	0.91601
0	0.994751
0	inf
0	0.986877
0	0.997375
0	0.994751
0	0.989501
0	0.984252
0	0.958005
0	0.986877
0	0.952756
0	0.986877
0	0.981627
0	0.91601
0	0.944882
0	0.992126
0	0.986877
0	0.986877
0	0.994751
0	0.968504
0	0.947507
0	0.992126
0	0.986877
0	0.947507
0	0.952756
0	0.971129
0	0.971129
0	0.989501
0	0.986877
0	0.968504
0	0.947507
0	0.989501
0	0.981627
0	0.994751
0	0.947507
0	0.979003
0	0.986877
0	0.968504
0	0.989501
0	0.976378
0	0.994751
0	0.976378
0	0.989501
0	0.994751
0	0.971129
0	0.989501
0	0.986877
0	0.994751
0	0.91601
0	0.971129
0	0.986877
0	0.986877
0	0.986877
0	0.997375
0	0.971129
0	0.989501
0	0.994751
0	0.947507
0	0.979003
0	0.986877
0	0.992126
0	0.992126
0	0.992126
0	0.971129
0	0.992126
0	0.963255
0	0.971129
0	0.981627
0	0.979003
0	0.981627
0	0.958005
0	0.952756
0	0.979003
0	0.981627
0	0.91601
0	0.994751
0	0.981627
0	0.992126
0	0.91601
0	0.944882
0	0.963255
0	0.989501
0	0.973753
0	0.968504
0	0.944882
0	0.971129
0	0.992126
0	0.989501
0	0.992126
0	0.986877
0	0.947507
0	0.91601
0	0.958005
0	0.91601
0	0.986877
0	0.971129
0	0.91601
0	0.91601
0	0.989501
0	0.986877
0	0.947507
0	0.91601
0	0.986877
0	0.989501
0	0.989501
0	0.968504
0	0.994751
0	0.984252
0	0.989501
0	0.976378
0	0.91601
0	0.944882
0	0.994751
0	0.992126
0	0.986877
0	0.91601
0	0.992126
0	0.958005
0	0.984252
0	0.989501
0	0.994751
0	0.944882
0	0.952756
0	0.989501
0	0.994751
0	0.992126
0	0.992126
0	0.992126
0	0.984252
0	0.963255
0	0.981627
0	0.944882
0	0.989501
0	0.968504
0	0.984252
0	0.963255
0	0.976378
0	0.91601
0	0.979003
0	0.973753
0	0.971129
0	0.971129
0	0.944882
0	0.947507
0	0.944882
0	0.986877
0	0.952756
0	0.992126
0	0.971129
0	0.947507
0	0.944882
0	0.947507
0	0.992126
0	0.994751
0	0.992126
0	0.963255
0	0.952756
0	0.958005
0	0.981627
0	0.992126
0	0.989501
0	0.992126
0	0.994751
0	0.989501
0	0.976378
0	0.994751
0	0.944882
0	0.986877
0	0.986877
0	0.91601
0	0.976378
0	0.997375
0	0.994751
0	0.979003
0	0.989501
0	0.91601
0	0.992126
0	0.968504
0	0.91601
0	0.989501
0	0.952756
0	0.989501
0	0.989501
0	0.994751
0	0.989501
0	0.984252
0	0.986877
0	0.971129
0	0.952756
0	0.994751
0	0.971129
0	0.989501
0	0.984252
0	0.91601
0	0.997375
0	0.992126
0	0.986877
0	0.986877


