# Persistence diagram <GML/0035.gml>
#
# Dimension   : 0
# Entries     : 195
# Betti number: 4
0	inf
0	0.971292
0	0.976077
0	0.980861
0	0.980861
0	0.976077
0	0.980861
0	0.933014
0	0.985646
0	0.956938
0	0.990431
0	0.980861
0	0.971292
0	0.976077
0	0.980861
0	0.985646
0	0.966507
0	0.971292
0	0.985646
0	inf
0	0.980861
0	0.980861
0	0.985646
0	inf
0	0.971292
0	0.937799
0	0.971292
0	0.980861
0	0.980861
0	0.971292
0	0.976077
0	0.952153
0	0.980861
0	0.980861
0	0.937799
0	0.956938
0	0.933014
0	0.933014
0	0.990431
0	0.980861
0	0.952153
0	0.952153
0	0.937799
0	0.990431
0	0.980861
0	0.990431
0	0.961722
0	0.933014
0	inf
0	0.980861
0	0.985646
0	0.985646
0	0.971292
0	0.971292
0	0.976077
0	0.985646
0	0.937799
0	0.971292
0	0.980861
0	0.952153
0	0.961722
0	0.971292
0	0.952153
0	0.937799
0	0.980861
0	0.976077
0	0.976077
0	0.980861
0	0.980861
0	0.980861
0	0.980861
0	0.952153
0	0.956938
0	0.976077
0	0.976077
0	0.956938
0	0.980861
0	0.990431
0	0.985646
0	0.937799
0	0.937799
0	0.961722
0	0.937799
0	0.990431
0	0.976077
0	0.937799
0	0.980861
0	0.985646
0	0.952153
0	0.976077
0	0.976077
0	0.966507
0	0.937799
0	0.976077
0	0.933014
0	0.980861
0	0.971292
0	0.937799
0	0.937799
0	0.971292
0	0.937799
0	0.933014
0	0.980861
0	0.933014
0	0.937799
0	0.971292
0	0.952153
0	0.961722
0	0.961722
0	0.995215
0	0.937799
0	0.980861
0	0.952153
0	0.976077
0	0.937799
0	0.985646
0	0.937799
0	0.933014
0	0.985646
0	0.952153
0	0.961722
0	0.976077
0	0.971292
0	0.961722
0	0.956938
0	0.976077
0	0.980861
0	0.937799
0	0.980861
0	0.980861
0	0.956938
0	0.990431
0	0.976077
0	0.961722
0	0.976077
0	0.980861
0	0.990431
0	0.990431
0	0.985646
0	0.961722
0	0.952153
0	0.976077
0	0.952153
0	0.933014
0	0.952153
0	0.961722
0	0.961722
0	0.937799
0	0.980861
0	0.956938
0	0.966507
0	0.952153
0	0.937799
0	0.971292
0	0.990431
0	0.933014
0	0.952153
0	0.985646
0	0.980861
0	0.976077
0	0.971292
0	0.980861
0	0.961722
0	0.971292
0	0.980861
0	0.990431
0	0.980861
0	0.956938
0	0.985646
0	0.933014
0	0.933014
0	0.933014
0	0.956938
0	0.923445
0	0.980861
0	0.923445
0	0.980861
0	0.971292
0	0.971292
0	0.980861
0	0.985646
0	0.952153
0	0.952153
0	0.956938
0	0.966507
0	0.971292
0	0.976077
0	0.985646
0	0.937799
0	0.956938
0	0.976077
0	0.980861
0	0.985646
0	0.985646
0	0.971292


