# Persistence diagram <GML/0037.gml>
#
# Dimension   : 1
# Entries     : 96
# Betti number: 95
0.947248	inf
0.947248	inf
0.956422	inf
0.963303	inf
0.963303	inf
0.970183	inf
0.974771	inf
0.974771	inf
0.974771	inf
0.979358	inf
0.979358	inf
0.979358	inf
0.979358	inf
0.979358	inf
0.981651	inf
0.981651	inf
0.983945	inf
0.983945	inf
0.983945	inf
0.983945	inf
0.983945	inf
0.983945	inf
0.983945	0.986239
0.983945	inf
0.983945	inf
0.983945	inf
0.986239	inf
0.986239	inf
0.986239	inf
0.986239	inf
0.986239	inf
0.986239	inf
0.986239	inf
0.986239	inf
0.986239	inf
0.986239	inf
0.986239	inf
0.988532	inf
0.988532	inf
0.988532	inf
0.988532	inf
0.988532	inf
0.988532	inf
0.988532	inf
0.988532	inf
0.988532	inf
0.990826	inf
0.990826	inf
0.990826	inf
0.990826	inf
0.990826	inf
0.990826	inf
0.990826	inf
0.990826	inf
0.990826	inf
0.990826	inf
0.990826	inf
0.990826	inf
0.990826	inf
0.990826	inf
0.990826	inf
0.990826	inf
0.990826	inf
0.990826	inf
0.990826	inf
0.990826	inf
0.990826	inf
0.990826	inf
0.990826	inf
0.990826	inf
0.993119	inf
0.993119	inf
0.993119	inf
0.993119	inf
0.993119	inf
0.993119	inf
0.993119	inf
0.993119	inf
0.993119	inf
0.993119	inf
0.993119	inf
0.993119	inf
0.993119	inf
0.993119	inf
0.993119	inf
0.993119	inf
0.993119	inf
0.995413	inf
0.995413	inf
0.995413	inf
0.995413	inf
0.995413	inf
0.995413	inf
0.995413	inf
0.995413	inf
0.995413	inf
