# Persistence diagram <GML/0040.gml>
#
# Dimension   : 1
# Entries     : 57
# Betti number: 57
0.969697	inf
0.97669	inf
0.97669	inf
0.979021	inf
0.981352	inf
0.981352	inf
0.981352	inf
0.981352	inf
0.981352	inf
0.983683	inf
0.983683	inf
0.983683	inf
0.983683	inf
0.983683	inf
0.983683	inf
0.986014	inf
0.986014	inf
0.988345	inf
0.988345	inf
0.988345	inf
0.988345	inf
0.988345	inf
0.988345	inf
0.988345	inf
0.988345	inf
0.990676	inf
0.990676	inf
0.990676	inf
0.990676	inf
0.990676	inf
0.990676	inf
0.990676	inf
0.990676	inf
0.990676	inf
0.990676	inf
0.990676	inf
0.990676	inf
0.990676	inf
0.990676	inf
0.990676	inf
0.993007	inf
0.993007	inf
0.993007	inf
0.993007	inf
0.993007	inf
0.993007	inf
0.993007	inf
0.993007	inf
0.993007	inf
0.993007	inf
0.993007	inf
0.993007	inf
0.995338	inf
0.995338	inf
0.995338	inf
0.995338	inf
0.995338	inf
