# Persistence diagram <GML/0044.gml>
#
# Dimension   : 1
# Entries     : 46
# Betti number: 46
0.910714	inf
0.928571	inf
0.928571	inf
0.928571	inf
0.928571	inf
0.928571	inf
0.928571	inf
0.946429	inf
0.946429	inf
0.946429	inf
0.946429	inf
0.946429	inf
0.946429	inf
0.946429	inf
0.946429	inf
0.946429	inf
0.946429	inf
0.946429	inf
0.946429	inf
0.946429	inf
0.946429	inf
0.955357	inf
0.955357	inf
0.955357	inf
0.955357	inf
0.955357	inf
0.955357	inf
0.955357	inf
0.955357	inf
0.955357	inf
0.964286	inf
0.964286	inf
0.964286	inf
0.964286	inf
0.973214	inf
0.973214	inf
0.973214	inf
0.973214	inf
0.973214	inf
0.973214	inf
0.973214	inf
0.973214	inf
0.982143	inf
0.982143	inf
0.982143	inf
0.982143	inf
