# Persistence diagram <GML/0048.gml>
#
# Dimension   : 1
# Entries     : 43
# Betti number: 43
0.920188	inf
0.953052	inf
0.953052	inf
0.953052	inf
0.953052	inf
0.953052	inf
0.953052	inf
0.962441	inf
0.962441	inf
0.967136	inf
0.971831	inf
0.971831	inf
0.976526	inf
0.976526	inf
0.981221	inf
0.981221	inf
0.981221	inf
0.981221	inf
0.981221	inf
0.981221	inf
0.981221	inf
0.981221	inf
0.981221	inf
0.981221	inf
0.981221	inf
0.981221	inf
0.985915	inf
0.985915	inf
0.985915	inf
0.985915	inf
0.985915	inf
0.985915	inf
0.985915	inf
0.99061	inf
0.99061	inf
0.99061	inf
0.99061	inf
0.99061	inf
0.99061	inf
0.99061	inf
0.99061	inf
0.99061	inf
0.99061	inf
