# Persistence diagram <GML/0048.gml>
#
# Dimension   : 0
# Entries     : 226
# Betti number: 2
0	inf
0	0.985915
0	0.981221
0	0.99061
0	0.985915
0	0.976526
0	inf
0	0.920188
0	0.967136
0	0.769953
0	0.943662
0	0.971831
0	0.967136
0	0.920188
0	0.985915
0	0.99061
0	0.985915
0	0.967136
0	0.985915
0	0.971831
0	0.769953
0	0.99061
0	0.971831
0	0.985915
0	0.981221
0	0.943662
0	0.971831
0	0.769953
0	0.769953
0	0.943662
0	0.981221
0	0.981221
0	0.920188
0	0.962441
0	0.962441
0	0.769953
0	0.976526
0	0.957746
0	0.769953
0	0.967136
0	0.99061
0	0.971831
0	0.920188
0	0.981221
0	0.99061
0	0.99061
0	0.943662
0	0.985915
0	0.976526
0	0.943662
0	0.957746
0	0.769953
0	0.985915
0	0.962441
0	0.957746
0	0.981221
0	0.971831
0	0.981221
0	0.962441
0	0.769953
0	0.981221
0	0.769953
0	0.967136
0	0.769953
0	0.769953
0	0.99061
0	0.981221
0	0.981221
0	0.962441
0	0.769953
0	0.985915
0	0.971831
0	0.769953
0	0.769953
0	0.985915
0	0.962441
0	0.769953
0	0.971831
0	0.99061
0	0.981221
0	0.985915
0	0.957746
0	0.920188
0	0.769953
0	0.985915
0	0.99061
0	0.769953
0	0.99061
0	0.769953
0	0.962441
0	0.971831
0	0.953052
0	0.920188
0	0.769953
0	0.985915
0	0.962441
0	0.981221
0	0.981221
0	0.769953
0	0.769953
0	0.967136
0	0.981221
0	0.985915
0	0.985915
0	0.769953
0	0.985915
0	0.769953
0	0.920188
0	0.981221
0	0.967136
0	0.985915
0	0.985915
0	0.943662
0	0.967136
0	0.967136
0	0.985915
0	0.981221
0	0.920188
0	0.99061
0	0.99061
0	0.981221
0	0.769953
0	0.981221
0	0.943662
0	0.920188
0	0.920188
0	0.957746
0	0.769953
0	0.769953
0	0.99061
0	0.962441
0	0.976526
0	0.981221
0	0.967136
0	0.920188
0	0.967136
0	0.985915
0	0.967136
0	0.769953
0	0.943662
0	0.967136
0	0.962441
0	0.981221
0	0.99061
0	0.769953
0	0.985915
0	0.99061
0	0.99061
0	0.967136
0	0.985915
0	0.981221
0	0.943662
0	0.971831
0	0.769953
0	0.981221
0	0.985915
0	0.976526
0	0.967136
0	0.769953
0	0.976526
0	0.769953
0	0.995305
0	0.769953
0	0.953052
0	0.769953
0	0.957746
0	0.957746
0	0.981221
0	0.985915
0	0.943662
0	0.962441
0	0.957746
0	0.769953
0	0.953052
0	0.981221
0	0.981221
0	0.769953
0	0.962441
0	0.962441
0	0.967136
0	0.920188
0	0.943662
0	0.769953
0	0.769953
0	0.971831
0	0.971831
0	0.920188
0	0.920188
0	0.769953
0	0.971831
0	0.976526
0	0.769953
0	0.99061
0	0.953052
0	0.99061
0	0.99061
0	0.962441
0	0.920188
0	0.985915
0	0.769953
0	0.769953
0	0.769953
0	0.962441
0	0.769953
0	0.99061
0	0.985915
0	0.976526
0	0.971831
0	0.962441
0	0.99061
0	0.971831
0	0.967136
0	0.981221
0	0.99061
0	0.769953
0	0.985915
0	0.99061
0	0.981221
0	0.981221
0	0.962441
0	0.99061
0	0.971831
0	0.971831
0	0.962441
0	0.769953
0	0.769953


