# Persistence diagram <GML/0049.gml>
#
# Dimension   : 0
# Entries     : 91
# Betti number: 6
0	inf
0	0.960784
0	inf
0	0.960784
0	0.921569
0	0.941176
0	0.921569
0	0.803922
0	inf
0	0.803922
0	0.941176
0	0.960784
0	0.921569
0	0.882353
0	0.901961
0	0.960784
0	0.960784
0	0.921569
0	0.921569
0	0.960784
0	0.901961
0	0.882353
0	0.921569
0	0.803922
0	0.882353
0	0.960784
0	0.882353
0	0.901961
0	0.882353
0	0.941176
0	inf
0	0.901961
0	0.960784
0	0.862745
0	inf
0	0.960784
0	0.901961
0	inf
0	0.901961
0	0.803922
0	0.921569
0	0.980392
0	0.803922
0	0.960784
0	0.862745
0	0.960784
0	0.921569
0	0.960784
0	0.941176
0	0.803922
0	0.960784
0	0.960784
0	0.901961
0	0.862745
0	0.960784
0	0.921569
0	0.803922
0	0.960784
0	0.960784
0	0.960784
0	0.901961
0	0.960784
0	0.882353
0	0.941176
0	0.980392
0	0.980392
0	0.882353
0	0.941176
0	0.921569
0	0.862745
0	0.980392
0	0.960784
0	0.960784
0	0.803922
0	0.901961
0	0.882353
0	0.921569
0	0.960784
0	0.921569
0	0.921569
0	0.882353
0	0.941176
0	0.921569
0	0.882353
0	0.960784
0	0.901961
0	0.901961
0	0.941176
0	0.862745
0	0.980392
0	0.803922


