# Persistence diagram <GML/0050.gml>
#
# Dimension   : 0
# Entries     : 350
# Betti number: 11
0	inf
0	0.988604
0	0.888889
0	0.985755
0	0.988604
0	0.977208
0	0.991453
0	inf
0	0.888889
0	0.994302
0	0.988604
0	inf
0	0.991453
0	inf
0	0.991453
0	0.888889
0	0.977208
0	0.985755
0	0.888889
0	0.994302
0	0.988604
0	0.991453
0	0.960114
0	0.994302
0	0.985755
0	inf
0	0.988604
0	0.968661
0	inf
0	0.988604
0	0.97151
0	0.977208
0	0.982906
0	0.988604
0	0.985755
0	0.991453
0	0.980057
0	inf
0	0.888889
0	0.988604
0	0.988604
0	0.888889
0	0.960114
0	0.982906
0	0.988604
0	0.888889
0	0.982906
0	0.991453
0	0.991453
0	0.988604
0	0.960114
0	0.977208
0	0.994302
0	0.980057
0	0.988604
0	0.994302
0	0.994302
0	0.982906
0	0.991453
0	0.968661
0	0.960114
0	0.988604
0	0.980057
0	0.991453
0	0.994302
0	0.991453
0	0.960114
0	0.991453
0	0.985755
0	0.974359
0	0.985755
0	0.994302
0	0.980057
0	0.982906
0	0.991453
0	0.888889
0	0.988604
0	0.988604
0	inf
0	0.97151
0	0.985755
0	0.980057
0	0.988604
0	0.960114
0	0.977208
0	0.980057
0	0.988604
0	0.994302
0	0.974359
0	0.888889
0	0.960114
0	0.982906
0	inf
0	0.988604
0	0.982906
0	0.888889
0	0.982906
0	0.982906
0	0.991453
0	0.991453
0	0.888889
0	inf
0	0.888889
0	0.888889
0	0.988604
0	0.982906
0	0.991453
0	0.988604
0	0.980057
0	0.960114
0	0.991453
0	0.991453
0	0.991453
0	0.988604
0	0.994302
0	0.888889
0	0.97151
0	0.985755
0	0.888889
0	0.960114
0	0.980057
0	0.988604
0	0.988604
0	0.991453
0	0.991453
0	0.985755
0	0.960114
0	0.960114
0	0.994302
0	0.988604
0	0.994302
0	0.988604
0	0.982906
0	0.982906
0	0.985755
0	0.994302
0	0.980057
0	0.960114
0	0.97151
0	0.994302
0	0.988604
0	0.985755
0	0.982906
0	0.888889
0	0.982906
0	0.991453
0	0.968661
0	0.960114
0	0.994302
0	0.985755
0	0.991453
0	0.985755
0	0.985755
0	0.968661
0	0.991453
0	0.991453
0	0.985755
0	0.968661
0	0.960114
0	0.960114
0	0.888889
0	0.888889
0	0.988604
0	0.982906
0	0.960114
0	0.985755
0	0.985755
0	0.991453
0	0.960114
0	0.994302
0	0.991453
0	0.988604
0	0.997151
0	0.985755
0	0.960114
0	0.888889
0	0.97151
0	0.985755
0	0.997151
0	0.988604
0	0.977208
0	0.988604
0	0.888889
0	0.888889
0	0.991453
0	0.991453
0	0.960114
0	0.988604
0	0.968661
0	0.977208
0	0.991453
0	0.977208
0	0.982906
0	0.985755
0	0.994302
0	0.960114
0	0.988604
0	0.991453
0	0.888889
0	0.997151
0	0.982906
0	0.977208
0	0.888889
0	0.985755
0	0.985755
0	0.991453
0	0.977208
0	0.980057
0	0.960114
0	0.988604
0	0.988604
0	0.960114
0	0.982906
0	0.985755
0	0.988604
0	0.997151
0	0.974359
0	0.985755
0	0.888889
0	0.968661
0	0.994302
0	0.991453
0	0.888889
0	0.982906
0	0.968661
0	0.988604
0	0.982906
0	0.977208
0	0.888889
0	0.994302
0	inf
0	0.974359
0	0.982906
0	0.994302
0	0.988604
0	0.960114
0	0.980057
0	0.994302
0	0.980057
0	0.988604
0	0.974359
0	0.994302
0	0.997151
0	0.994302
0	0.974359
0	0.985755
0	0.994302
0	0.960114
0	0.888889
0	0.991453
0	0.974359
0	0.888889
0	0.991453
0	0.991453
0	0.997151
0	0.980057
0	0.974359
0	0.988604
0	0.980057
0	0.994302
0	0.960114
0	0.985755
0	0.988604
0	0.888889
0	0.977208
0	0.991453
0	0.991453
0	0.982906
0	0.977208
0	0.991453
0	0.960114
0	0.991453
0	0.991453
0	0.960114
0	0.97151
0	0.991453
0	0.994302
0	0.988604
0	0.968661
0	0.960114
0	0.991453
0	0.988604
0	0.994302
0	0.977208
0	0.974359
0	0.985755
0	0.988604
0	0.960114
0	0.988604
0	0.888889
0	0.888889
0	0.974359
0	0.968661
0	0.994302
0	0.888889
0	0.991453
0	0.974359
0	0.988604
0	0.985755
0	0.994302
0	0.988604
0	0.991453
0	0.974359
0	0.985755
0	0.960114
0	0.988604
0	0.991453
0	0.888889
0	0.994302
0	0.888889
0	0.960114
0	0.985755
0	0.985755
0	0.991453
0	0.888889
0	0.977208
0	0.994302
0	0.980057
0	0.991453
0	0.960114
0	0.982906
0	0.991453
0	0.994302
0	0.997151
0	0.988604
0	0.982906
0	0.988604
0	0.991453
0	0.994302
0	0.994302
0	0.97151
0	0.974359
0	0.991453
0	0.960114
0	0.960114
0	0.980057
0	0.980057
0	0.980057
0	0.994302
0	0.960114
0	0.988604
0	0.888889
0	0.888889
0	0.991453
0	0.988604
0	0.991453
0	0.991453
0	0.991453
0	0.991453
0	0.982906


