# Persistence diagram <GML/0050.gml>
#
# Dimension   : 1
# Entries     : 71
# Betti number: 71
0.960114	inf
0.974359	inf
0.974359	inf
0.974359	inf
0.974359	inf
0.977208	inf
0.977208	inf
0.977208	inf
0.977208	inf
0.980057	inf
0.980057	inf
0.980057	inf
0.980057	inf
0.980057	inf
0.980057	inf
0.982906	inf
0.982906	inf
0.982906	inf
0.982906	inf
0.985755	inf
0.985755	inf
0.985755	inf
0.985755	inf
0.985755	inf
0.985755	inf
0.985755	inf
0.988604	inf
0.988604	inf
0.988604	inf
0.988604	inf
0.988604	inf
0.988604	inf
0.988604	inf
0.988604	inf
0.988604	inf
0.988604	inf
0.988604	inf
0.988604	inf
0.988604	inf
0.988604	inf
0.988604	inf
0.991453	inf
0.991453	inf
0.991453	inf
0.991453	inf
0.991453	inf
0.991453	inf
0.991453	inf
0.991453	inf
0.991453	inf
0.991453	inf
0.991453	inf
0.991453	inf
0.991453	inf
0.991453	inf
0.991453	inf
0.991453	inf
0.991453	inf
0.991453	inf
0.991453	inf
0.991453	inf
0.991453	inf
0.994302	inf
0.994302	inf
0.994302	inf
0.994302	inf
0.994302	inf
0.994302	inf
0.994302	inf
0.994302	inf
0.994302	inf
