# Persistence diagram <GML/0051.gml>
#
# Dimension   : 0
# Entries     : 109
# Betti number: 2
0	inf
0	0.964029
0	0.920863
0	0.94964
0	0.985612
0	0.94964
0	0.971223
0	0.978417
0	0.978417
0	0.920863
0	0.920863
0	0.920863
0	0.985612
0	0.985612
0	0.971223
0	0.978417
0	0.971223
0	0.985612
0	0.942446
0	0.985612
0	0.978417
0	0.985612
0	0.964029
0	0.985612
0	0.971223
0	0.920863
0	0.964029
0	0.978417
0	0.942446
0	0.978417
0	0.964029
0	0.920863
0	0.971223
0	0.978417
0	0.978417
0	0.913669
0	0.971223
0	0.985612
0	0.913669
0	0.985612
0	0.964029
0	0.985612
0	0.942446
0	0.913669
0	0.94964
0	0.985612
0	inf
0	0.978417
0	0.971223
0	0.971223
0	0.913669
0	0.913669
0	0.956835
0	0.985612
0	0.920863
0	0.913669
0	0.985612
0	0.978417
0	0.971223
0	0.942446
0	0.978417
0	0.956835
0	0.94964
0	0.971223
0	0.920863
0	0.985612
0	0.971223
0	0.964029
0	0.942446
0	0.971223
0	0.985612
0	0.978417
0	0.985612
0	0.978417
0	0.942446
0	0.913669
0	0.971223
0	0.94964
0	0.985612
0	0.978417
0	0.978417
0	0.985612
0	0.971223
0	0.913669
0	0.942446
0	0.971223
0	0.985612
0	0.964029
0	0.985612
0	0.920863
0	0.964029
0	0.978417
0	0.942446
0	0.956835
0	0.94964
0	0.971223
0	0.971223
0	0.971223
0	0.985612
0	0.978417
0	0.971223
0	0.985612
0	0.971223
0	0.978417
0	0.978417
0	0.942446
0	0.971223
0	0.913669
0	0.978417


