# Persistence diagram <GML/0054.gml>
#
# Dimension   : 0
# Entries     : 350
# Betti number: 6
0	inf
0	0.984
0	0.924
0	0.916
0	0.96
0	0.972
0	0.988
0	0.98
0	0.924
0	0.992
0	0.984
0	0.96
0	inf
0	0.988
0	0.94
0	0.984
0	0.988
0	0.988
0	0.944
0	0.916
0	0.924
0	0.976
0	0.96
0	0.956
0	0.972
0	0.94
0	0.992
0	0.988
0	0.924
0	0.976
0	0.928
0	0.988
0	0.988
0	0.988
0	0.984
0	0.956
0	0.936
0	0.96
0	0.984
0	0.972
0	0.944
0	0.992
0	0.992
0	0.992
0	0.936
0	0.98
0	0.916
0	0.98
0	0.98
0	0.976
0	0.992
0	0.98
0	0.988
0	0.988
0	inf
0	0.956
0	0.976
0	0.96
0	0.916
0	0.988
0	0.948
0	0.984
0	0.96
0	0.988
0	0.984
0	0.984
0	0.992
0	0.992
0	0.992
0	0.972
0	0.94
0	0.976
0	0.936
0	0.992
0	0.924
0	0.96
0	0.976
0	0.992
0	0.956
0	0.96
0	0.98
0	0.98
0	0.984
0	0.924
0	0.992
0	0.98
0	0.988
0	0.992
0	0.984
0	0.992
0	0.96
0	0.988
0	0.96
0	0.98
0	0.98
0	0.96
0	0.94
0	0.956
0	0.988
0	0.96
0	0.988
0	0.992
0	0.976
0	0.984
0	0.98
0	0.984
0	0.924
0	0.924
0	0.98
0	0.96
0	inf
0	0.96
0	0.936
0	0.96
0	0.972
0	0.976
0	0.984
0	0.916
0	0.972
0	0.936
0	0.976
0	0.924
0	0.976
0	0.984
0	0.98
0	0.984
0	0.968
0	0.984
0	0.96
0	0.972
0	inf
0	0.98
0	0.992
0	0.98
0	0.916
0	0.988
0	0.96
0	0.924
0	0.988
0	0.936
0	0.936
0	0.992
0	0.944
0	0.976
0	0.992
0	0.96
0	0.944
0	0.936
0	0.944
0	0.984
0	0.98
0	0.976
0	0.916
0	0.936
0	0.924
0	0.996
0	0.96
0	0.96
0	0.916
0	0.94
0	0.936
0	0.984
0	0.936
0	0.98
0	0.952
0	0.996
0	0.936
0	0.96
0	0.992
0	0.992
0	0.992
0	0.988
0	0.98
0	0.944
0	0.96
0	0.96
0	0.976
0	0.948
0	0.984
0	0.98
0	0.992
0	0.924
0	0.916
0	0.98
0	0.936
0	0.98
0	0.968
0	0.984
0	0.984
0	0.928
0	0.984
0	0.94
0	0.976
0	0.96
0	0.96
0	0.944
0	0.988
0	0.98
0	0.94
0	0.916
0	0.992
0	0.98
0	0.936
0	0.936
0	0.976
0	0.936
0	0.992
0	0.984
0	0.976
0	0.94
0	0.984
0	inf
0	0.98
0	0.976
0	0.94
0	0.992
0	0.96
0	0.98
0	0.992
0	0.968
0	0.98
0	0.98
0	0.94
0	0.976
0	0.936
0	0.96
0	0.96
0	0.976
0	0.924
0	0.984
0	0.984
0	0.992
0	0.984
0	0.984
0	0.988
0	0.992
0	0.992
0	0.984
0	0.984
0	0.944
0	0.988
0	0.988
0	0.984
0	0.98
0	0.94
0	0.98
0	0.976
0	0.976
0	0.984
0	0.944
0	0.936
0	0.984
0	0.972
0	0.968
0	0.988
0	0.916
0	0.916
0	0.992
0	0.976
0	0.972
0	0.988
0	0.924
0	0.984
0	0.96
0	0.988
0	0.976
0	0.936
0	0.972
0	0.936
0	0.924
0	0.992
0	0.992
0	0.988
0	0.976
0	0.988
0	0.916
0	0.98
0	0.98
0	0.976
0	0.992
0	0.96
0	0.984
0	0.976
0	0.984
0	0.984
0	0.992
0	0.936
0	0.976
0	0.936
0	0.984
0	0.972
0	0.996
0	0.936
0	0.916
0	0.936
0	0.936
0	0.992
0	0.936
0	0.984
0	0.976
0	0.972
0	0.924
0	0.94
0	0.984
0	0.984
0	0.944
0	0.976
0	0.98
0	0.96
0	0.96
0	0.96
0	0.96
0	0.984
0	0.98
0	0.936
0	0.916
0	0.924
0	0.996
0	0.972
0	0.96
0	0.96
0	0.916
0	0.944
0	0.972
0	0.984
0	0.988
0	0.988
0	0.976
0	0.936
0	0.992
0	0.996
0	0.916
0	0.956
0	0.96
0	0.928
0	0.992
0	0.916
0	0.936
0	0.988
0	0.936
0	0.98
0	0.984
0	0.952
0	0.916
0	0.916
0	0.984
0	0.984
0	0.936
0	0.98
0	0.992


