# Persistence diagram <GML/0055.gml>
#
# Dimension   : 1
# Entries     : 75
# Betti number: 75
0.933921	inf
0.933921	inf
0.938326	inf
0.938326	inf
0.942731	inf
0.955947	inf
0.964758	inf
0.964758	inf
0.969163	inf
0.969163	inf
0.969163	inf
0.969163	inf
0.973568	inf
0.973568	inf
0.973568	inf
0.973568	inf
0.973568	inf
0.973568	inf
0.973568	inf
0.973568	inf
0.973568	inf
0.977974	inf
0.977974	inf
0.977974	inf
0.977974	inf
0.977974	inf
0.977974	inf
0.977974	inf
0.977974	inf
0.982379	inf
0.982379	inf
0.982379	inf
0.982379	inf
0.982379	inf
0.982379	inf
0.982379	inf
0.982379	inf
0.982379	inf
0.982379	inf
0.982379	inf
0.982379	inf
0.982379	inf
0.982379	inf
0.982379	inf
0.986784	inf
0.986784	inf
0.986784	inf
0.986784	inf
0.986784	inf
0.986784	inf
0.986784	inf
0.986784	inf
0.986784	inf
0.986784	inf
0.986784	inf
0.986784	inf
0.986784	inf
0.986784	inf
0.986784	inf
0.986784	inf
0.986784	inf
0.986784	inf
0.986784	inf
0.986784	inf
0.986784	inf
0.986784	inf
0.986784	inf
0.986784	inf
0.991189	inf
0.991189	inf
0.991189	inf
0.991189	inf
0.991189	inf
0.991189	inf
0.991189	inf
