# Persistence diagram <GML/0059.gml>
#
# Dimension   : 0
# Entries     : 209
# Betti number: 6
0	inf
0	0.95045
0	0.95045
0	0.990991
0	0.981982
0	0.990991
0	0.954955
0	inf
0	0.954955
0	0.977477
0	0.977477
0	0.968468
0	0.990991
0	0.95045
0	inf
0	0.990991
0	0.981982
0	0.968468
0	0.972973
0	0.990991
0	0.968468
0	0.977477
0	0.981982
0	0.972973
0	0.968468
0	0.95045
0	0.977477
0	0.990991
0	0.882883
0	0.882883
0	0.936937
0	0.882883
0	0.954955
0	0.882883
0	0.986486
0	0.981982
0	0.990991
0	inf
0	0.972973
0	0.990991
0	0.986486
0	0.882883
0	0.882883
0	0.882883
0	0.95045
0	0.986486
0	0.990991
0	0.977477
0	0.95045
0	0.882883
0	0.977477
0	0.95045
0	0.981982
0	0.986486
0	0.986486
0	0.959459
0	0.972973
0	0.981982
0	inf
0	0.977477
0	0.972973
0	0.882883
0	0.968468
0	0.990991
0	0.95045
0	0.954955
0	0.986486
0	0.968468
0	0.990991
0	0.977477
0	0.954955
0	0.986486
0	0.990991
0	0.95045
0	0.882883
0	0.986486
0	0.954955
0	0.986486
0	0.986486
0	0.986486
0	0.882883
0	0.936937
0	0.972973
0	0.986486
0	0.95045
0	0.990991
0	0.954955
0	0.959459
0	0.986486
0	0.995495
0	0.986486
0	0.882883
0	0.981982
0	0.968468
0	0.990991
0	0.986486
0	0.986486
0	0.990991
0	0.954955
0	0.95045
0	0.986486
0	0.986486
0	0.990991
0	0.986486
0	0.882883
0	0.990991
0	0.986486
0	0.95045
0	0.882883
0	0.882883
0	0.954955
0	0.990991
0	0.986486
0	0.990991
0	0.986486
0	0.990991
0	0.968468
0	0.936937
0	0.986486
0	inf
0	0.981982
0	0.977477
0	0.981982
0	0.977477
0	0.990991
0	0.986486
0	0.95045
0	0.972973
0	0.95045
0	0.977477
0	0.990991
0	0.986486
0	0.990991
0	0.995495
0	0.981982
0	0.936937
0	0.936937
0	0.990991
0	0.882883
0	0.882883
0	0.986486
0	0.986486
0	0.977477
0	0.95045
0	0.977477
0	0.990991
0	0.954955
0	0.986486
0	0.990991
0	0.990991
0	0.972973
0	0.95045
0	0.977477
0	0.95045
0	0.882883
0	0.977477
0	0.977477
0	0.995495
0	0.990991
0	0.977477
0	0.972973
0	0.977477
0	0.936937
0	0.986486
0	0.977477
0	0.981982
0	0.990991
0	0.936937
0	0.936937
0	0.882883
0	0.986486
0	0.977477
0	0.882883
0	0.95045
0	0.954955
0	0.986486
0	0.977477
0	0.968468
0	0.882883
0	0.990991
0	0.981982
0	0.995495
0	0.986486
0	0.954955
0	0.977477
0	0.882883
0	0.990991
0	0.972973
0	0.977477
0	0.936937
0	0.981982
0	0.954955
0	0.977477
0	0.936937
0	0.977477
0	0.990991
0	0.882883
0	0.882883
0	0.990991
0	0.990991
0	0.882883
0	0.986486
0	0.986486
0	0.990991
0	0.968468
0	0.954955
0	0.986486
0	0.882883
0	0.986486


