# Persistence diagram <GML/0060.gml>
#
# Dimension   : 1
# Entries     : 51
# Betti number: 48
0.940171	inf
0.944444	inf
0.944444	inf
0.944444	inf
0.944444	inf
0.944444	inf
0.944444	inf
0.944444	0.948718
0.944444	inf
0.944444	inf
0.944444	0.948718
0.944444	inf
0.965812	0.974359
0.974359	inf
0.974359	inf
0.974359	inf
0.978632	inf
0.978632	inf
0.978632	inf
0.978632	inf
0.978632	inf
0.978632	inf
0.978632	inf
0.978632	inf
0.978632	inf
0.978632	inf
0.982906	inf
0.982906	inf
0.982906	inf
0.982906	inf
0.982906	inf
0.982906	inf
0.982906	inf
0.982906	inf
0.987179	inf
0.987179	inf
0.987179	inf
0.987179	inf
0.987179	inf
0.987179	inf
0.987179	inf
0.987179	inf
0.987179	inf
0.987179	inf
0.987179	inf
0.987179	inf
0.987179	inf
0.991453	inf
0.991453	inf
0.991453	inf
0.991453	inf
