# Persistence diagram <GML/0064.gml>
#
# Dimension   : 0
# Entries     : 99
# Betti number: 3
0	inf
0	0.969925
0	0.947368
0	0.947368
0	0.932331
0	0.947368
0	0.962406
0	0.93985
0	0.984962
0	0.947368
0	0.93985
0	0.984962
0	0.984962
0	0.93985
0	0.954887
0	0.984962
0	0.984962
0	inf
0	0.932331
0	0.947368
0	0.977444
0	0.947368
0	0.984962
0	0.93985
0	0.954887
0	0.954887
0	0.984962
0	0.977444
0	0.977444
0	0.932331
0	0.947368
0	0.977444
0	0.932331
0	0.954887
0	0.977444
0	0.984962
0	0.984962
0	0.947368
0	0.969925
0	0.984962
0	0.947368
0	0.977444
0	0.932331
0	0.947368
0	0.932331
0	0.947368
0	0.947368
0	0.954887
0	0.962406
0	0.932331
0	0.947368
0	0.962406
0	0.947368
0	0.962406
0	0.984962
0	inf
0	0.962406
0	0.969925
0	0.984962
0	0.984962
0	0.977444
0	0.932331
0	0.932331
0	0.932331
0	0.93985
0	0.93985
0	0.93985
0	0.93985
0	0.947368
0	0.984962
0	0.954887
0	0.932331
0	0.977444
0	0.992481
0	0.969925
0	0.947368
0	0.932331
0	0.947368
0	0.932331
0	0.977444
0	0.984962
0	0.969925
0	0.977444
0	0.969925
0	0.954887
0	0.984962
0	0.984962
0	0.977444
0	0.977444
0	0.977444
0	0.969925
0	0.947368
0	0.947368
0	0.932331
0	0.932331
0	0.954887
0	0.947368
0	0.93985
0	0.977444


