# Persistence diagram <GML/0068.gml>
#
# Dimension   : 0
# Entries     : 650
# Betti number: 3
0	inf
0	0.9775
0	0.9675
0	0.995
0	0.985
0	inf
0	0.965
0	0.965
0	inf
0	0.98
0	0.9825
0	0.9775
0	0.9325
0	0.97
0	0.995
0	0.9725
0	0.99
0	0.965
0	0.9625
0	0.9475
0	0.9775
0	0.9875
0	0.9825
0	0.985
0	0.98
0	0.9725
0	0.9725
0	0.9875
0	0.985
0	0.965
0	0.9825
0	0.945
0	0.9425
0	0.99
0	0.955
0	0.9325
0	0.9925
0	0.9325
0	0.99
0	0.96
0	0.9725
0	0.985
0	0.995
0	0.9725
0	0.9625
0	0.9325
0	0.9925
0	0.995
0	0.98
0	0.9625
0	0.9325
0	0.945
0	0.995
0	0.9625
0	0.9475
0	0.9425
0	0.985
0	0.965
0	0.97
0	0.995
0	0.9725
0	0.975
0	0.99
0	0.995
0	0.99
0	0.9475
0	0.98
0	0.9425
0	0.9325
0	0.9425
0	0.98
0	0.9325
0	0.9875
0	0.9925
0	0.985
0	0.9325
0	0.985
0	0.985
0	0.9425
0	0.9425
0	0.9925
0	0.9825
0	0.9325
0	0.9475
0	0.9775
0	0.98
0	0.9625
0	0.9725
0	0.99
0	0.9325
0	0.9775
0	0.995
0	0.9825
0	0.995
0	0.99
0	0.965
0	0.9325
0	0.9575
0	0.9575
0	0.995
0	0.9475
0	0.985
0	0.97
0	0.955
0	0.9875
0	0.975
0	0.9625
0	0.9875
0	0.9425
0	0.9825
0	0.95
0	0.9825
0	0.9625
0	0.97
0	0.9425
0	0.9675
0	0.9825
0	0.9425
0	0.9625
0	0.985
0	0.9625
0	0.9775
0	0.965
0	0.965
0	0.9875
0	0.995
0	0.9825
0	0.9775
0	0.95
0	0.9925
0	0.9425
0	0.9925
0	0.9725
0	0.9825
0	0.99
0	0.9425
0	0.995
0	0.9575
0	0.9425
0	0.9325
0	0.97
0	0.9775
0	0.985
0	0.9475
0	0.9925
0	0.97
0	0.955
0	0.975
0	0.9425
0	0.945
0	0.9475
0	0.96
0	0.945
0	0.995
0	0.9625
0	0.9875
0	0.95
0	0.9625
0	0.9825
0	0.99
0	0.97
0	0.9725
0	0.99
0	0.9725
0	0.9725
0	0.9625
0	0.9875
0	0.99
0	0.995
0	0.99
0	0.995
0	0.95
0	0.9325
0	0.9625
0	0.9725
0	0.95
0	0.985
0	0.9875
0	0.965
0	0.9325
0	0.9425
0	0.9325
0	0.9625
0	0.9875
0	0.985
0	0.9775
0	0.9725
0	0.995
0	0.98
0	0.995
0	0.9875
0	0.9625
0	0.9875
0	0.955
0	0.9325
0	0.9475
0	0.965
0	0.9875
0	0.9425
0	0.9875
0	0.9625
0	0.975
0	0.9925
0	0.9675
0	0.97
0	0.985
0	0.98
0	0.985
0	0.985
0	0.9775
0	0.9825
0	0.98
0	0.97
0	0.9925
0	0.985
0	0.9625
0	0.98
0	0.995
0	0.995
0	0.9925
0	0.945
0	0.98
0	0.98
0	0.97
0	0.995
0	0.9875
0	0.9675
0	0.995
0	0.9775
0	0.9325
0	0.955
0	0.9725
0	0.945
0	0.9875
0	0.97
0	0.97
0	0.985
0	0.965
0	0.9575
0	0.995
0	0.9675
0	0.9775
0	0.9425
0	0.975
0	0.995
0	0.9725
0	0.9875
0	0.98
0	0.9775
0	0.99
0	0.9475
0	0.99
0	0.97
0	0.9475
0	0.995
0	0.9575
0	0.97
0	0.945
0	0.9425
0	0.9575
0	0.995
0	0.9725
0	0.9625
0	0.9675
0	0.9725
0	0.95
0	0.9775
0	0.9325
0	0.97
0	0.9675
0	0.97
0	0.99
0	0.95
0	0.9475
0	0.98
0	0.99
0	0.9425
0	0.98
0	0.9925
0	0.9425
0	0.985
0	0.9325
0	0.9325
0	0.9575
0	0.9825
0	0.9425
0	0.97
0	0.9925
0	0.985
0	0.98
0	0.9475
0	0.9325
0	0.97
0	0.9625
0	0.9725
0	0.995
0	0.9875
0	0.975
0	0.95
0	0.9875
0	0.9325
0	0.975
0	0.9725
0	0.995
0	0.965
0	0.985
0	0.9825
0	0.97
0	0.9925
0	0.9675
0	0.9475
0	0.98
0	0.9675
0	0.9575
0	0.985
0	0.97
0	0.9625
0	0.98
0	0.97
0	0.9425
0	0.9875
0	0.9425
0	0.9725
0	0.975
0	0.9775
0	0.9325
0	0.99
0	0.95
0	0.9875
0	0.9725
0	0.98
0	0.9925
0	0.97
0	0.95
0	0.9425
0	0.945
0	0.995
0	0.9325
0	0.99
0	0.9625
0	0.9425
0	0.965
0	0.9875
0	0.98
0	0.9325
0	0.99
0	0.95
0	0.99
0	0.95
0	0.99
0	0.9725
0	0.9875
0	0.9875
0	0.9425
0	0.9675
0	0.9875
0	0.9425
0	0.9825
0	0.9425
0	0.99
0	0.9625
0	0.9925
0	0.975
0	0.985
0	0.965
0	0.9925
0	0.995
0	0.9725
0	0.9875
0	0.9925
0	0.945
0	0.97
0	0.98
0	0.9325
0	0.9725
0	0.985
0	0.97
0	0.95
0	0.99
0	0.9925
0	0.985
0	0.9325
0	0.975
0	0.9875
0	0.9475
0	0.9475
0	0.9625
0	0.945
0	0.99
0	0.97
0	0.9725
0	0.995
0	0.98
0	0.9825
0	0.9775
0	0.9825
0	0.995
0	0.9825
0	0.985
0	0.9325
0	0.9775
0	0.945
0	0.9925
0	0.9925
0	0.995
0	0.9925
0	0.985
0	0.9875
0	0.9625
0	0.945
0	0.9425
0	0.995
0	0.95
0	0.9725
0	0.9625
0	0.9325
0	0.97
0	0.99
0	0.985
0	0.9775
0	0.9475
0	0.9575
0	0.985
0	0.99
0	0.985
0	0.9875
0	0.9725
0	0.9325
0	0.97
0	0.9925
0	0.97
0	0.9725
0	0.995
0	0.9575
0	0.9625
0	0.98
0	0.9625
0	0.98
0	0.9875
0	0.9875
0	0.9725
0	0.99
0	0.9925
0	0.97
0	0.9625
0	0.9825
0	0.9425
0	0.9825
0	0.9475
0	0.9925
0	0.9475
0	0.9775
0	0.9925
0	0.9425
0	0.995
0	0.995
0	0.9675
0	0.955
0	0.9325
0	0.9875
0	0.9875
0	0.9475
0	0.995
0	0.9825
0	0.9325
0	0.9875
0	0.9325
0	0.9325
0	0.955
0	0.9875
0	0.9675
0	0.99
0	0.975
0	0.9775
0	0.95
0	0.9625
0	0.97
0	0.9475
0	0.9775
0	0.99
0	0.97
0	0.9775
0	0.9875
0	0.995
0	0.99
0	0.95
0	0.9775
0	0.965
0	0.97
0	0.9325
0	0.9625
0	0.9625
0	0.99
0	0.99
0	0.9975
0	0.975
0	0.9925
0	0.955
0	0.97
0	0.9725
0	0.99
0	0.9625
0	0.97
0	0.945
0	0.9925
0	0.985
0	0.9625
0	0.95
0	0.995
0	0.9425
0	0.99
0	0.985
0	0.97
0	0.98
0	0.955
0	0.99
0	0.9875
0	0.975
0	0.995
0	0.9725
0	0.9575
0	0.9625
0	0.9925
0	0.98
0	0.9825
0	0.9325
0	0.99
0	0.97
0	0.9325
0	0.9825
0	0.9775
0	0.9625
0	0.9325
0	0.9775
0	0.9325
0	0.995
0	0.97
0	0.9675
0	0.9475
0	0.98
0	0.9325
0	0.96
0	0.995
0	0.9825
0	0.97
0	0.9825
0	0.975
0	0.975
0	0.97
0	0.97
0	0.9325
0	0.98
0	0.985
0	0.945
0	0.95
0	0.9425
0	0.97
0	0.9425
0	0.985
0	0.985
0	0.9925
0	0.9825
0	0.9925
0	0.9725
0	0.9625
0	0.965
0	0.95
0	0.9325
0	0.995
0	0.9775
0	0.975
0	0.9775
0	0.97
0	0.97
0	0.9725
0	0.975
0	0.9775
0	0.9925
0	0.965
0	0.98
0	0.9575
0	0.965
0	0.9475
0	0.9875
0	0.99
0	0.98
0	0.9875
0	0.985
0	0.9775
0	0.9625
0	0.9975
0	0.9325
0	0.995
0	0.99
0	0.9925
0	0.975
0	0.9425
0	0.9625
0	0.9925
0	0.9425
0	0.98
0	0.9925
0	0.9825
0	0.9475
0	0.985
0	0.9925
0	0.9475
0	0.9625
0	0.9575
0	0.9625
0	0.975
0	0.9625
0	0.975
0	0.9325
0	0.95
0	0.9625
0	0.985
0	0.9325
0	0.9475
0	0.9575
0	0.9625
0	0.995
0	0.9625
0	0.9625
0	0.9825
0	0.99
0	0.97
0	0.965
0	0.99
0	0.99
0	0.995
0	0.9475
0	0.9625
0	0.9575
0	0.9875
0	0.995
0	0.9875
0	0.9775
0	0.99
0	0.9475
0	0.995
0	0.9825
0	0.9625
0	0.9625
0	0.995
0	0.945
0	0.995
0	0.9425
0	0.99
0	0.995


