# Persistence diagram <GML/0069.gml>
#
# Dimension   : 0
# Entries     : 79
# Betti number: 6
0	inf
0	0.988889
0	inf
0	0.961111
0	inf
0	0.966667
0	0.988889
0	inf
0	0.983333
0	0.972222
0	0.972222
0	0.972222
0	0.966667
0	0.983333
0	0.988889
0	inf
0	0.988889
0	0.988889
0	0.977778
0	0.977778
0	0.983333
0	0.966667
0	0.988889
0	0.983333
0	0.961111
0	0.972222
0	0.983333
0	0.977778
0	0.977778
0	0.977778
0	0.955556
0	0.983333
0	0.983333
0	0.983333
0	0.961111
0	0.972222
0	0.988889
0	0.977778
0	0.977778
0	0.966667
0	0.983333
0	0.994444
0	0.988889
0	0.988889
0	0.983333
0	0.961111
0	0.966667
0	inf
0	0.961111
0	0.977778
0	0.966667
0	0.994444
0	0.972222
0	0.983333
0	0.988889
0	0.983333
0	0.988889
0	0.994444
0	0.966667
0	0.983333
0	0.955556
0	0.977778
0	0.988889
0	0.983333
0	0.983333
0	0.983333
0	0.983333
0	0.961111
0	0.966667
0	0.988889
0	0.983333
0	0.988889
0	0.966667
0	0.988889
0	0.983333
0	0.988889
0	0.966667
0	0.988889
0	0.988889


