# Persistence diagram <GML/0078.gml>
#
# Dimension   : 0
# Entries     : 137
# Betti number: 10
0	inf
0	0.970803
0	0.978102
0	0.948905
0	inf
0	0.956204
0	0.927007
0	0.978102
0	inf
0	0.978102
0	0.948905
0	0.970803
0	0.941606
0	inf
0	0.948905
0	0.927007
0	0.963504
0	0.985401
0	0.956204
0	0.985401
0	0.927007
0	0.963504
0	0.985401
0	0.985401
0	inf
0	0.970803
0	0.948905
0	0.992701
0	0.941606
0	0.941606
0	0.985401
0	0.985401
0	0.948905
0	0.985401
0	inf
0	0.948905
0	0.927007
0	0.978102
0	0.985401
0	0.978102
0	0.985401
0	inf
0	inf
0	0.978102
0	0.927007
0	0.948905
0	0.985401
0	0.941606
0	0.956204
0	inf
0	0.956204
0	0.978102
0	0.978102
0	0.985401
0	0.941606
0	0.948905
0	0.956204
0	0.978102
0	0.985401
0	0.919708
0	inf
0	0.985401
0	0.941606
0	0.978102
0	0.985401
0	0.978102
0	0.919708
0	0.948905
0	0.985401
0	0.978102
0	0.919708
0	0.970803
0	0.985401
0	0.919708
0	0.978102
0	0.978102
0	0.963504
0	0.992701
0	0.978102
0	0.919708
0	0.956204
0	0.985401
0	0.948905
0	0.970803
0	0.919708
0	0.970803
0	0.927007
0	0.948905
0	0.919708
0	0.985401
0	0.978102
0	0.927007
0	0.963504
0	0.919708
0	0.985401
0	0.985401
0	0.985401
0	0.956204
0	0.970803
0	0.985401
0	0.948905
0	0.948905
0	0.970803
0	0.978102
0	0.985401
0	0.956204
0	0.956204
0	0.978102
0	0.970803
0	0.985401
0	0.970803
0	0.985401
0	0.956204
0	0.941606
0	0.978102
0	0.956204
0	0.985401
0	0.992701
0	0.992701
0	0.985401
0	0.978102
0	0.985401
0	0.992701
0	0.985401
0	0.978102
0	0.978102
0	0.919708
0	0.992701
0	0.985401
0	0.956204
0	0.927007
0	0.985401
0	0.919708
0	0.956204
0	0.985401
0	0.985401
0	0.956204


