# Persistence diagram <GML/0086.gml>
#
# Dimension   : 0
# Entries     : 118
# Betti number: 4
0	inf
0	0.977444
0	inf
0	0.977444
0	0.984962
0	0.984962
0	0.879699
0	0.969925
0	0.984962
0	0.977444
0	0.962406
0	0.947368
0	0.917293
0	0.947368
0	0.984962
0	0.962406
0	0.954887
0	0.977444
0	0.984962
0	0.984962
0	0.984962
0	inf
0	0.879699
0	0.962406
0	0.969925
0	0.977444
0	0.984962
0	0.962406
0	0.879699
0	0.962406
0	0.879699
0	0.969925
0	0.984962
0	0.954887
0	0.984962
0	0.879699
0	0.969925
0	0.917293
0	0.947368
0	0.977444
0	0.977444
0	0.977444
0	0.879699
0	0.962406
0	0.984962
0	0.984962
0	0.962406
0	0.947368
0	0.954887
0	0.917293
0	0.954887
0	0.917293
0	0.984962
0	0.962406
0	0.984962
0	0.984962
0	0.977444
0	0.879699
0	0.977444
0	0.977444
0	0.879699
0	0.984962
0	0.984962
0	0.984962
0	0.879699
0	0.984962
0	0.947368
0	0.947368
0	0.879699
0	inf
0	0.984962
0	0.984962
0	0.947368
0	0.984962
0	0.992481
0	0.962406
0	0.917293
0	0.917293
0	0.984962
0	0.947368
0	0.954887
0	0.977444
0	0.879699
0	0.992481
0	0.917293
0	0.879699
0	0.977444
0	0.954887
0	0.984962
0	0.984962
0	0.947368
0	0.879699
0	0.962406
0	0.879699
0	0.962406
0	0.977444
0	0.977444
0	0.992481
0	0.947368
0	0.969925
0	0.917293
0	0.977444
0	0.917293
0	0.977444
0	0.947368
0	0.984962
0	0.984962
0	0.947368
0	0.969925
0	0.969925
0	0.962406
0	0.879699
0	0.977444
0	0.962406
0	0.984962
0	0.954887
0	0.879699
0	0.984962


