# Persistence diagram <GML/0089.gml>
#
# Dimension   : 1
# Entries     : 55
# Betti number: 55
0.947368	inf
0.962406	inf
0.962406	inf
0.966165	inf
0.966165	inf
0.966165	inf
0.966165	inf
0.966165	inf
0.966165	inf
0.966165	inf
0.966165	inf
0.966165	inf
0.973684	inf
0.973684	inf
0.973684	inf
0.973684	inf
0.977444	inf
0.977444	inf
0.977444	inf
0.981203	inf
0.981203	inf
0.981203	inf
0.981203	inf
0.981203	inf
0.981203	inf
0.981203	inf
0.981203	inf
0.984962	inf
0.984962	inf
0.984962	inf
0.984962	inf
0.984962	inf
0.988722	inf
0.988722	inf
0.988722	inf
0.988722	inf
0.988722	inf
0.988722	inf
0.988722	inf
0.988722	inf
0.988722	inf
0.988722	inf
0.992481	inf
0.992481	inf
0.992481	inf
0.992481	inf
0.992481	inf
0.992481	inf
0.992481	inf
0.992481	inf
0.992481	inf
0.992481	inf
0.992481	inf
0.992481	inf
0.992481	inf
