# Persistence diagram <GML/0089.gml>
#
# Dimension   : 0
# Entries     : 294
# Betti number: 7
0	inf
0	0.981203
0	0.966165
0	0.969925
0	0.984962
0	0.977444
0	0.984962
0	0.947368
0	0.992481
0	0.992481
0	0.988722
0	0.984962
0	0.988722
0	0.988722
0	0.981203
0	0.977444
0	0.992481
0	0.988722
0	0.981203
0	0.988722
0	0.984962
0	0.947368
0	0.973684
0	0.947368
0	0.984962
0	0.988722
0	0.977444
0	0.962406
0	0.93609
0	0.93609
0	0.992481
0	0.924812
0	0.977444
0	0.981203
0	0.988722
0	0.981203
0	0.988722
0	0.977444
0	0.984962
0	0.984962
0	0.992481
0	0.988722
0	0.966165
0	0.984962
0	0.977444
0	0.962406
0	0.984962
0	0.988722
0	0.977444
0	0.984962
0	0.984962
0	0.966165
0	0.984962
0	0.924812
0	0.977444
0	0.988722
0	0.977444
0	0.992481
0	0.992481
0	0.977444
0	0.988722
0	0.981203
0	0.988722
0	0.93609
0	inf
0	0.988722
0	0.977444
0	0.924812
0	0.924812
0	0.988722
0	0.973684
0	0.977444
0	0.924812
0	0.988722
0	0.992481
0	0.977444
0	0.992481
0	0.988722
0	0.93609
0	0.977444
0	0.984962
0	0.969925
0	0.977444
0	0.977444
0	0.93609
0	0.966165
0	0.977444
0	0.977444
0	0.984962
0	0.924812
0	0.984962
0	0.988722
0	0.924812
0	0.924812
0	0.973684
0	0.977444
0	0.984962
0	0.988722
0	0.992481
0	0.924812
0	0.992481
0	0.973684
0	0.988722
0	0.988722
0	0.984962
0	0.981203
0	0.992481
0	0.984962
0	0.962406
0	0.977444
0	0.992481
0	0.973684
0	0.924812
0	0.992481
0	0.962406
0	0.966165
0	0.977444
0	0.992481
0	0.977444
0	inf
0	0.977444
0	0.977444
0	0.981203
0	0.973684
0	0.992481
0	0.984962
0	0.962406
0	0.992481
0	0.992481
0	0.984962
0	0.977444
0	0.977444
0	0.981203
0	0.981203
0	0.984962
0	inf
0	0.984962
0	0.981203
0	0.924812
0	0.966165
0	0.977444
0	0.992481
0	0.973684
0	0.984962
0	0.977444
0	0.93609
0	0.93609
0	0.984962
0	0.977444
0	0.977444
0	0.947368
0	0.977444
0	0.988722
0	0.93609
0	0.977444
0	0.984962
0	0.966165
0	0.988722
0	0.984962
0	0.992481
0	0.988722
0	0.93609
0	0.977444
0	0.977444
0	0.992481
0	0.988722
0	0.984962
0	0.988722
0	0.988722
0	0.988722
0	0.977444
0	0.924812
0	0.992481
0	inf
0	0.988722
0	0.988722
0	0.996241
0	0.988722
0	0.973684
0	0.947368
0	inf
0	0.981203
0	0.966165
0	0.981203
0	0.962406
0	0.988722
0	0.966165
0	0.977444
0	0.981203
0	0.984962
0	inf
0	0.988722
0	0.992481
0	0.981203
0	0.992481
0	0.984962
0	0.992481
0	0.973684
0	0.988722
0	0.947368
0	0.977444
0	0.984962
0	0.966165
0	0.93609
0	0.977444
0	0.988722
0	0.988722
0	0.977444
0	0.966165
0	0.966165
0	0.981203
0	0.973684
0	0.947368
0	0.977444
0	0.984962
0	0.984962
0	0.973684
0	0.992481
0	0.988722
0	0.988722
0	0.996241
0	0.984962
0	0.981203
0	0.988722
0	0.981203
0	0.988722
0	0.977444
0	0.977444
0	0.988722
0	0.996241
0	0.977444
0	0.984962
0	0.966165
0	0.984962
0	0.962406
0	0.984962
0	0.973684
0	0.962406
0	0.947368
0	0.966165
0	0.977444
0	0.973684
0	0.984962
0	0.984962
0	0.988722
0	0.962406
0	0.977444
0	0.981203
0	0.973684
0	0.977444
0	0.988722
0	0.977444
0	0.992481
0	0.996241
0	0.992481
0	0.992481
0	0.984962
0	0.988722
0	0.966165
0	0.977444
0	0.981203
0	0.93609
0	0.977444
0	0.966165
0	0.984962
0	0.984962
0	0.973684
0	0.984962
0	0.962406
0	0.984962
0	0.977444
0	0.988722
0	0.973684
0	0.984962
0	0.984962
0	0.977444
0	0.981203
0	0.93609
0	0.988722
0	0.996241
0	0.924812
0	0.977444
0	0.969925
0	0.924812
0	0.977444
0	0.992481
0	0.984962
0	0.981203
0	0.984962
0	0.984962
0	0.977444
0	0.981203
0	0.992481
0	0.977444


