# Persistence diagram <GML/0090.gml>
#
# Dimension   : 1
# Entries     : 54
# Betti number: 54
0.928571	inf
0.94898	inf
0.94898	inf
0.954082	inf
0.959184	inf
0.959184	inf
0.959184	inf
0.959184	inf
0.959184	inf
0.959184	inf
0.959184	inf
0.964286	inf
0.964286	inf
0.969388	inf
0.969388	inf
0.969388	inf
0.969388	inf
0.969388	inf
0.969388	inf
0.969388	inf
0.969388	inf
0.969388	inf
0.969388	inf
0.969388	inf
0.969388	inf
0.97449	inf
0.97449	inf
0.97449	inf
0.97449	inf
0.97449	inf
0.97449	inf
0.97449	inf
0.979592	inf
0.979592	inf
0.979592	inf
0.979592	inf
0.979592	inf
0.979592	inf
0.984694	inf
0.984694	inf
0.984694	inf
0.984694	inf
0.984694	inf
0.984694	inf
0.984694	inf
0.984694	inf
0.989796	inf
0.989796	inf
0.989796	inf
0.989796	inf
0.989796	inf
0.989796	inf
0.989796	inf
0.989796	inf
