# Persistence diagram <GML/0092.gml>
#
# Dimension   : 1
# Entries     : 139
# Betti number: 138
0.928191	inf
0.928191	inf
0.928191	inf
0.928191	inf
0.928191	0.976064
0.928191	inf
0.928191	inf
0.928191	inf
0.928191	inf
0.941489	inf
0.941489	inf
0.941489	inf
0.941489	inf
0.941489	inf
0.941489	inf
0.941489	inf
0.941489	inf
0.941489	inf
0.941489	inf
0.941489	inf
0.941489	inf
0.941489	inf
0.941489	inf
0.941489	inf
0.944149	inf
0.944149	inf
0.944149	inf
0.944149	inf
0.944149	inf
0.944149	inf
0.957447	inf
0.960106	inf
0.960106	inf
0.960106	inf
0.960106	inf
0.962766	inf
0.962766	inf
0.962766	inf
0.962766	inf
0.962766	inf
0.962766	inf
0.968085	inf
0.968085	inf
0.970745	inf
0.970745	inf
0.970745	inf
0.970745	inf
0.970745	inf
0.970745	inf
0.973404	inf
0.973404	inf
0.973404	inf
0.973404	inf
0.976064	inf
0.976064	inf
0.976064	inf
0.976064	inf
0.976064	inf
0.976064	inf
0.976064	inf
0.976064	inf
0.976064	inf
0.978723	inf
0.978723	inf
0.978723	inf
0.978723	inf
0.978723	inf
0.978723	inf
0.978723	inf
0.978723	inf
0.978723	inf
0.978723	inf
0.978723	inf
0.978723	inf
0.978723	inf
0.978723	inf
0.978723	inf
0.978723	inf
0.981383	inf
0.981383	inf
0.984043	inf
0.984043	inf
0.984043	inf
0.984043	inf
0.984043	inf
0.984043	inf
0.984043	inf
0.984043	inf
0.984043	inf
0.986702	inf
0.986702	inf
0.986702	inf
0.986702	inf
0.986702	inf
0.986702	inf
0.986702	inf
0.986702	inf
0.986702	inf
0.986702	inf
0.986702	inf
0.986702	inf
0.989362	inf
0.989362	inf
0.989362	inf
0.989362	inf
0.989362	inf
0.989362	inf
0.989362	inf
0.989362	inf
0.989362	inf
0.989362	inf
0.989362	inf
0.989362	inf
0.989362	inf
0.989362	inf
0.992021	inf
0.992021	inf
0.992021	inf
0.992021	inf
0.992021	inf
0.992021	inf
0.992021	inf
0.992021	inf
0.992021	inf
0.992021	inf
0.992021	inf
0.992021	inf
0.992021	inf
0.992021	inf
0.992021	inf
0.992021	inf
0.992021	inf
0.994681	inf
0.994681	inf
0.994681	inf
0.994681	inf
0.994681	inf
0.994681	inf
0.994681	inf
