# Persistence diagram <GML/0093.gml>
#
# Dimension   : 0
# Entries     : 181
# Betti number: 6
0	inf
0	0.992883
0	0.985765
0	0.960854
0	0.94306
0	0.985765
0	0.978648
0	0.975089
0	0.935943
0	0.960854
0	0.992883
0	0.975089
0	0.982206
0	0.982206
0	0.935943
0	0.989324
0	0.97153
0	0.985765
0	0.982206
0	0.978648
0	inf
0	0.960854
0	0.960854
0	0.97153
0	0.935943
0	0.985765
0	0.982206
0	0.978648
0	0.982206
0	0.978648
0	0.975089
0	0.935943
0	0.978648
0	0.982206
0	0.97153
0	0.975089
0	0.960854
0	0.97153
0	0.989324
0	0.982206
0	0.960854
0	0.935943
0	0.94306
0	inf
0	0.960854
0	0.989324
0	0.992883
0	0.94306
0	0.935943
0	0.94306
0	0.989324
0	0.97153
0	0.985765
0	0.992883
0	0.985765
0	0.985765
0	0.989324
0	0.992883
0	0.97153
0	0.989324
0	0.982206
0	0.975089
0	0.960854
0	0.960854
0	0.982206
0	0.975089
0	0.935943
0	0.94306
0	0.992883
0	0.975089
0	0.978648
0	0.989324
0	0.975089
0	0.978648
0	0.978648
0	0.982206
0	0.989324
0	0.982206
0	0.978648
0	0.94306
0	0.985765
0	0.975089
0	0.975089
0	0.982206
0	0.97153
0	0.975089
0	0.978648
0	0.992883
0	0.978648
0	0.94306
0	0.960854
0	0.960854
0	0.992883
0	0.982206
0	0.960854
0	0.985765
0	0.989324
0	0.989324
0	0.989324
0	0.94306
0	0.985765
0	0.960854
0	inf
0	0.989324
0	0.985765
0	0.985765
0	0.982206
0	0.935943
0	0.989324
0	0.935943
0	0.992883
0	0.978648
0	0.985765
0	inf
0	0.996441
0	0.989324
0	0.996441
0	0.935943
0	0.935943
0	0.992883
0	0.935943
0	0.97153
0	0.975089
0	inf
0	0.985765
0	0.992883
0	0.996441
0	0.975089
0	0.992883
0	0.94306
0	0.978648
0	0.978648
0	0.992883
0	0.978648
0	0.985765
0	0.992883
0	0.94306
0	0.94306
0	0.992883
0	0.985765
0	0.975089
0	0.97153
0	0.975089
0	0.97153
0	0.935943
0	0.989324
0	0.992883
0	0.975089
0	0.992883
0	0.975089
0	0.94306
0	0.975089
0	0.94306
0	0.992883
0	0.989324
0	0.97153
0	0.992883
0	0.935943
0	0.97153
0	0.975089
0	0.975089
0	0.992883
0	0.985765
0	0.975089
0	0.97153
0	0.97153
0	0.978648
0	0.935943
0	0.94306
0	0.982206
0	0.996441
0	0.960854
0	0.996441
0	0.960854
0	0.935943
0	0.975089
0	0.989324
0	0.989324
0	0.94306
0	0.978648
0	0.975089


