# Persistence diagram <GML/0093.gml>
#
# Dimension   : 1
# Entries     : 49
# Betti number: 49
0.94306	inf
0.960854	inf
0.960854	inf
0.960854	inf
0.97153	inf
0.97153	inf
0.975089	inf
0.975089	inf
0.978648	inf
0.978648	inf
0.978648	inf
0.978648	inf
0.978648	inf
0.978648	inf
0.978648	inf
0.978648	inf
0.978648	inf
0.982206	inf
0.982206	inf
0.982206	inf
0.982206	inf
0.982206	inf
0.982206	inf
0.982206	inf
0.982206	inf
0.982206	inf
0.982206	inf
0.985765	inf
0.985765	inf
0.985765	inf
0.985765	inf
0.985765	inf
0.985765	inf
0.985765	inf
0.985765	inf
0.985765	inf
0.985765	inf
0.989324	inf
0.989324	inf
0.989324	inf
0.989324	inf
0.989324	inf
0.989324	inf
0.989324	inf
0.989324	inf
0.989324	inf
0.992883	inf
0.992883	inf
0.992883	inf
