# Persistence diagram <GML/0098.gml>
#
# Dimension   : 1
# Entries     : 38
# Betti number: 38
0.912698	inf
0.912698	inf
0.912698	inf
0.912698	inf
0.912698	inf
0.928571	inf
0.944444	inf
0.944444	inf
0.952381	inf
0.952381	inf
0.952381	inf
0.952381	inf
0.952381	inf
0.952381	inf
0.952381	inf
0.952381	inf
0.960317	inf
0.960317	inf
0.960317	inf
0.960317	inf
0.960317	inf
0.960317	inf
0.968254	inf
0.968254	inf
0.97619	inf
0.97619	inf
0.97619	inf
0.97619	inf
0.97619	inf
0.97619	inf
0.97619	inf
0.97619	inf
0.97619	inf
0.97619	inf
0.984127	inf
0.984127	inf
0.984127	inf
0.984127	inf
