# Persistence diagram <GML/0101.gml>
#
# Dimension   : 1
# Entries     : 75
# Betti number: 75
0.937716	inf
0.937716	inf
0.941176	inf
0.951557	inf
0.968858	inf
0.968858	inf
0.968858	inf
0.968858	inf
0.968858	inf
0.968858	inf
0.968858	inf
0.968858	inf
0.968858	inf
0.975779	inf
0.975779	inf
0.975779	inf
0.975779	inf
0.975779	inf
0.975779	inf
0.975779	inf
0.975779	inf
0.979239	inf
0.979239	inf
0.979239	inf
0.979239	inf
0.979239	inf
0.979239	inf
0.979239	inf
0.979239	inf
0.979239	inf
0.979239	inf
0.979239	inf
0.982699	inf
0.982699	inf
0.982699	inf
0.982699	inf
0.982699	inf
0.982699	inf
0.982699	inf
0.982699	inf
0.982699	inf
0.982699	inf
0.982699	inf
0.986159	inf
0.986159	inf
0.986159	inf
0.986159	inf
0.986159	inf
0.986159	inf
0.986159	inf
0.986159	inf
0.986159	inf
0.986159	inf
0.986159	inf
0.989619	inf
0.989619	inf
0.989619	inf
0.989619	inf
0.989619	inf
0.989619	inf
0.989619	inf
0.989619	inf
0.989619	inf
0.989619	inf
0.989619	inf
0.989619	inf
0.989619	inf
0.99308	inf
0.99308	inf
0.99308	inf
0.99308	inf
0.99308	inf
0.99308	inf
0.99308	inf
0.99308	inf
