# Persistence diagram <GML/0102.gml>
#
# Dimension   : 1
# Entries     : 46
# Betti number: 46
0.881481	inf
0.918519	inf
0.918519	inf
0.918519	inf
0.918519	inf
0.918519	inf
0.918519	inf
0.918519	inf
0.925926	inf
0.925926	inf
0.925926	inf
0.925926	inf
0.925926	inf
0.933333	inf
0.940741	inf
0.955556	inf
0.955556	inf
0.955556	inf
0.955556	inf
0.955556	inf
0.955556	inf
0.955556	inf
0.955556	inf
0.955556	inf
0.955556	inf
0.955556	inf
0.955556	inf
0.955556	inf
0.955556	inf
0.962963	inf
0.962963	inf
0.962963	inf
0.962963	inf
0.962963	inf
0.962963	inf
0.97037	inf
0.97037	inf
0.97037	inf
0.97037	inf
0.977778	inf
0.977778	inf
0.977778	inf
0.977778	inf
0.977778	inf
0.985185	inf
0.985185	inf
