# Persistence diagram <GML/0102.gml>
#
# Dimension   : 0
# Entries     : 166
# Betti number: 7
0	inf
0	inf
0	inf
0	0.940741
0	0.933333
0	0.918519
0	0.955556
0	0.933333
0	0.985185
0	0.911111
0	0.881481
0	0.962963
0	0.955556
0	0.985185
0	0.962963
0	0.985185
0	0.985185
0	0.918519
0	0.977778
0	0.962963
0	0.933333
0	0.985185
0	0.881481
0	0.933333
0	0.911111
0	0.985185
0	0.985185
0	0.881481
0	0.977778
0	0.97037
0	0.933333
0	0.977778
0	0.911111
0	0.985185
0	0.97037
0	0.955556
0	inf
0	0.933333
0	0.911111
0	0.881481
0	0.97037
0	0.933333
0	0.962963
0	0.933333
0	0.925926
0	0.918519
0	0.925926
0	0.933333
0	0.985185
0	0.977778
0	0.962963
0	0.962963
0	0.933333
0	0.962963
0	inf
0	0.940741
0	0.97037
0	0.97037
0	0.933333
0	0.977778
0	0.940741
0	0.97037
0	0.962963
0	0.940741
0	0.925926
0	0.977778
0	0.977778
0	0.881481
0	0.985185
0	0.925926
0	0.962963
0	0.940741
0	0.881481
0	0.933333
0	0.881481
0	0.985185
0	0.933333
0	0.881481
0	0.933333
0	0.911111
0	inf
0	0.985185
0	0.985185
0	0.933333
0	0.97037
0	0.911111
0	0.985185
0	0.918519
0	0.933333
0	0.977778
0	0.985185
0	0.977778
0	0.977778
0	0.992593
0	0.918519
0	0.940741
0	0.977778
0	0.933333
0	0.97037
0	0.985185
0	0.881481
0	0.97037
0	0.881481
0	0.977778
0	0.962963
0	0.940741
0	0.962963
0	0.933333
0	0.97037
0	0.985185
0	0.881481
0	0.881481
0	0.911111
0	0.881481
0	0.940741
0	0.933333
0	0.962963
0	0.933333
0	0.955556
0	0.940741
0	inf
0	0.955556
0	0.925926
0	0.962963
0	0.933333
0	0.985185
0	0.985185
0	0.992593
0	0.933333
0	0.881481
0	0.97037
0	0.992593
0	0.962963
0	0.97037
0	0.985185
0	0.977778
0	0.955556
0	0.985185
0	0.985185
0	0.97037
0	0.881481
0	0.977778
0	0.933333
0	0.977778
0	0.962963
0	0.977778
0	0.97037
0	0.955556
0	0.918519
0	0.918519
0	0.933333
0	0.933333
0	0.97037
0	0.977778
0	0.985185
0	0.955556
0	0.933333
0	0.985185
0	0.992593
0	0.940741
0	0.977778
0	0.97037
0	0.911111
0	0.977778
0	0.940741
0	0.962963


