# Persistence diagram <GML/0103.gml>
#
# Dimension   : 1
# Entries     : 221
# Betti number: 220
0.952381	inf
0.959596	inf
0.965368	inf
0.965368	inf
0.965368	inf
0.965368	0.987013
0.965368	inf
0.965368	inf
0.965368	inf
0.965368	inf
0.968254	inf
0.968254	inf
0.969697	inf
0.97114	inf
0.97114	inf
0.97114	inf
0.975469	inf
0.976912	inf
0.978355	inf
0.978355	inf
0.978355	inf
0.978355	inf
0.978355	inf
0.978355	inf
0.978355	inf
0.978355	inf
0.978355	inf
0.979798	inf
0.979798	inf
0.979798	inf
0.979798	inf
0.979798	inf
0.979798	inf
0.979798	inf
0.979798	inf
0.981241	inf
0.981241	inf
0.981241	inf
0.981241	inf
0.982684	inf
0.982684	inf
0.982684	inf
0.982684	inf
0.982684	inf
0.982684	inf
0.982684	inf
0.982684	inf
0.982684	inf
0.982684	inf
0.984127	inf
0.984127	inf
0.98557	inf
0.98557	inf
0.98557	inf
0.98557	inf
0.98557	inf
0.98557	inf
0.98557	inf
0.987013	inf
0.987013	inf
0.987013	inf
0.987013	inf
0.987013	inf
0.987013	inf
0.987013	inf
0.987013	inf
0.987013	inf
0.987013	inf
0.987013	inf
0.987013	inf
0.987013	inf
0.987013	inf
0.988456	inf
0.988456	inf
0.988456	inf
0.988456	inf
0.988456	inf
0.988456	inf
0.988456	inf
0.989899	inf
0.989899	inf
0.989899	inf
0.989899	inf
0.989899	inf
0.989899	inf
0.989899	inf
0.989899	inf
0.989899	inf
0.989899	inf
0.989899	inf
0.989899	inf
0.989899	inf
0.989899	inf
0.989899	inf
0.989899	inf
0.989899	inf
0.989899	inf
0.989899	inf
0.989899	inf
0.991342	inf
0.991342	inf
0.991342	inf
0.991342	inf
0.991342	inf
0.991342	inf
0.991342	inf
0.991342	inf
0.991342	inf
0.991342	inf
0.991342	inf
0.991342	inf
0.991342	inf
0.991342	inf
0.991342	inf
0.991342	inf
0.991342	inf
0.991342	inf
0.991342	inf
0.991342	inf
0.991342	inf
0.991342	inf
0.991342	inf
0.991342	inf
0.991342	inf
0.991342	inf
0.991342	inf
0.991342	inf
0.991342	inf
0.991342	inf
0.991342	inf
0.991342	inf
0.991342	inf
0.991342	inf
0.992785	inf
0.992785	inf
0.992785	inf
0.992785	inf
0.992785	inf
0.992785	inf
0.992785	inf
0.992785	inf
0.992785	inf
0.992785	inf
0.992785	inf
0.992785	inf
0.992785	inf
0.992785	inf
0.992785	inf
0.992785	inf
0.992785	inf
0.992785	inf
0.992785	inf
0.992785	inf
0.992785	inf
0.992785	inf
0.992785	inf
0.992785	inf
0.992785	inf
0.992785	inf
0.992785	inf
0.992785	inf
0.992785	inf
0.992785	inf
0.992785	inf
0.992785	inf
0.994228	inf
0.994228	inf
0.994228	inf
0.994228	inf
0.994228	inf
0.994228	inf
0.994228	inf
0.994228	inf
0.994228	inf
0.994228	inf
0.994228	inf
0.994228	inf
0.994228	inf
0.994228	inf
0.994228	inf
0.994228	inf
0.994228	inf
0.995671	inf
0.995671	inf
0.995671	inf
0.995671	inf
0.995671	inf
0.995671	inf
0.995671	inf
0.995671	inf
0.995671	inf
0.995671	inf
0.995671	inf
0.995671	inf
0.995671	inf
0.995671	inf
0.995671	inf
0.995671	inf
0.995671	inf
0.995671	inf
0.995671	inf
0.995671	inf
0.995671	inf
0.997114	inf
0.997114	inf
0.997114	inf
0.997114	inf
0.997114	inf
0.997114	inf
0.997114	inf
0.997114	inf
0.997114	inf
0.997114	inf
0.997114	inf
0.997114	inf
0.997114	inf
0.997114	inf
0.997114	inf
0.997114	inf
0.997114	inf
0.997114	inf
