# Persistence diagram <GML/0105.gml>
#
# Dimension   : 0
# Entries     : 336
# Betti number: 6
0	inf
0	0.963899
0	0.949458
0	0.981949
0	0.98917
0	0.953069
0	0.98556
0	0.956679
0	0.967509
0	0.98556
0	0.98556
0	0.956679
0	0.920578
0	0.866426
0	0.98556
0	0.920578
0	0.971119
0	0.960289
0	0.956679
0	0.967509
0	0.938628
0	0.938628
0	0.981949
0	0.98556
0	0.99278
0	0.98917
0	0.920578
0	0.978339
0	0.920578
0	inf
0	0.938628
0	0.971119
0	0.99278
0	0.978339
0	0.967509
0	0.99278
0	0.960289
0	0.974729
0	0.98556
0	0.981949
0	0.920578
0	0.866426
0	0.956679
0	0.974729
0	inf
0	0.956679
0	0.956679
0	0.953069
0	0.967509
0	0.953069
0	0.963899
0	0.938628
0	inf
0	0.920578
0	0.920578
0	0.98917
0	0.963899
0	0.956679
0	0.981949
0	0.98917
0	0.956679
0	0.963899
0	0.920578
0	0.956679
0	0.99278
0	0.967509
0	0.978339
0	0.967509
0	0.963899
0	0.963899
0	0.866426
0	0.981949
0	0.981949
0	0.953069
0	0.98917
0	0.938628
0	0.963899
0	0.866426
0	0.920578
0	0.920578
0	0.98556
0	0.953069
0	0.978339
0	0.967509
0	0.98556
0	0.866426
0	0.956679
0	0.960289
0	0.956679
0	0.967509
0	0.978339
0	0.974729
0	0.963899
0	0.866426
0	0.971119
0	0.967509
0	0.971119
0	0.953069
0	0.98917
0	0.98917
0	0.920578
0	0.981949
0	0.981949
0	0.866426
0	0.956679
0	0.98556
0	0.956679
0	0.956679
0	0.920578
0	0.938628
0	0.98917
0	0.98556
0	0.981949
0	inf
0	0.967509
0	0.956679
0	0.978339
0	0.99278
0	0.953069
0	0.953069
0	0.99278
0	inf
0	0.978339
0	0.938628
0	0.981949
0	0.960289
0	0.956679
0	0.920578
0	0.866426
0	0.981949
0	0.971119
0	0.98556
0	0.963899
0	0.866426
0	0.98556
0	0.866426
0	0.963899
0	0.98556
0	0.98556
0	0.981949
0	0.956679
0	0.99278
0	0.953069
0	0.98556
0	0.99278
0	0.953069
0	0.98556
0	0.920578
0	0.981949
0	0.967509
0	0.98556
0	0.920578
0	0.956679
0	0.953069
0	0.981949
0	0.99278
0	0.953069
0	0.956679
0	0.920578
0	0.98556
0	0.99278
0	0.866426
0	0.978339
0	0.956679
0	0.978339
0	0.99639
0	0.949458
0	0.956679
0	0.956679
0	0.981949
0	0.974729
0	0.978339
0	0.978339
0	0.98917
0	0.99278
0	0.98556
0	0.949458
0	0.920578
0	0.953069
0	0.98556
0	0.866426
0	0.98556
0	0.953069
0	0.99278
0	0.981949
0	0.866426
0	0.953069
0	0.956679
0	0.98917
0	0.99278
0	0.920578
0	0.938628
0	0.920578
0	0.981949
0	0.978339
0	0.981949
0	0.98556
0	0.99278
0	0.953069
0	0.963899
0	0.938628
0	0.98917
0	0.963899
0	0.866426
0	0.978339
0	0.963899
0	0.981949
0	0.866426
0	0.920578
0	0.971119
0	0.99639
0	0.98917
0	0.981949
0	0.949458
0	0.978339
0	0.866426
0	0.963899
0	0.963899
0	0.920578
0	0.953069
0	0.938628
0	0.99639
0	0.963899
0	0.978339
0	0.938628
0	0.99278
0	0.98556
0	0.866426
0	0.981949
0	0.978339
0	0.978339
0	0.920578
0	0.98556
0	0.98917
0	0.963899
0	0.920578
0	0.98917
0	0.967509
0	0.99278
0	0.98917
0	0.98556
0	0.99278
0	0.98917
0	0.99278
0	0.953069
0	0.978339
0	0.866426
0	0.963899
0	0.98556
0	0.967509
0	0.920578
0	0.974729
0	0.971119
0	0.98917
0	0.920578
0	0.98917
0	0.978339
0	0.956679
0	0.953069
0	0.956679
0	0.98556
0	0.98556
0	0.956679
0	0.974729
0	0.963899
0	0.953069
0	0.98917
0	0.981949
0	0.956679
0	0.953069
0	0.953069
0	0.98556
0	0.98556
0	0.978339
0	0.978339
0	0.99278
0	0.953069
0	0.956679
0	0.920578
0	0.98917
0	0.956679
0	0.866426
0	0.98917
0	0.920578
0	0.99278
0	0.953069
0	0.971119
0	0.956679
0	0.963899
0	0.956679
0	0.99278
0	0.974729
0	0.99278
0	0.978339
0	0.953069
0	0.981949
0	0.98917
0	0.938628
0	0.956679
0	0.960289
0	0.953069
0	0.98917
0	0.960289
0	0.98917
0	0.98556
0	0.963899
0	0.981949
0	0.949458
0	0.99278
0	0.98556
0	0.938628
0	0.99278
0	0.963899
0	0.920578
0	0.963899
0	0.98556
0	0.99278
0	0.99639
0	0.920578
0	0.953069
0	0.956679
0	0.971119
0	0.938628
0	0.98917
0	0.98556
0	0.981949
0	0.963899
0	0.956679
0	0.971119
0	0.978339
0	0.99278
0	0.963899
0	0.956679
0	0.949458
0	0.98917
0	0.98917


