# Persistence diagram <GML/0108.gml>
#
# Dimension   : 0
# Entries     : 293
# Betti number: 5
0	inf
0	0.964968
0	0.958599
0	0.984076
0	0.971338
0	0.977707
0	0.993631
0	0.993631
0	0.990446
0	0.961783
0	0.958599
0	0.987261
0	0.990446
0	0.987261
0	0.974522
0	0.990446
0	0.990446
0	0.987261
0	0.990446
0	0.984076
0	0.964968
0	0.993631
0	0.987261
0	0.980892
0	0.958599
0	0.971338
0	0.993631
0	0.936306
0	0.977707
0	0.958599
0	0.971338
0	0.977707
0	0.987261
0	0.955414
0	0.961783
0	0.993631
0	0.977707
0	0.971338
0	0.980892
0	0.987261
0	0.977707
0	0.984076
0	0.964968
0	0.984076
0	0.958599
0	0.993631
0	0.990446
0	0.958599
0	0.990446
0	0.990446
0	0.984076
0	0.993631
0	inf
0	0.987261
0	0.971338
0	0.936306
0	0.987261
0	0.977707
0	0.980892
0	0.987261
0	0.993631
0	0.987261
0	0.971338
0	0.936306
0	0.993631
0	0.971338
0	0.977707
0	0.936306
0	0.936306
0	0.993631
0	0.958599
0	0.980892
0	0.977707
0	0.971338
0	0.980892
0	0.936306
0	0.971338
0	inf
0	0.964968
0	0.990446
0	0.993631
0	0.974522
0	0.974522
0	0.971338
0	0.936306
0	0.984076
0	0.984076
0	0.964968
0	0.971338
0	0.984076
0	inf
0	0.964968
0	0.987261
0	0.977707
0	0.980892
0	0.936306
0	0.984076
0	0.993631
0	0.987261
0	0.980892
0	0.990446
0	0.993631
0	0.984076
0	0.993631
0	0.980892
0	0.971338
0	0.984076
0	0.980892
0	0.977707
0	0.977707
0	0.984076
0	0.987261
0	0.955414
0	0.984076
0	0.964968
0	0.984076
0	0.987261
0	0.974522
0	0.936306
0	0.990446
0	0.971338
0	0.961783
0	0.987261
0	0.971338
0	0.987261
0	0.984076
0	0.993631
0	0.984076
0	0.993631
0	0.936306
0	0.993631
0	0.984076
0	0.984076
0	0.987261
0	0.977707
0	0.971338
0	0.936306
0	0.961783
0	0.977707
0	0.984076
0	0.987261
0	0.984076
0	0.955414
0	0.990446
0	0.971338
0	0.990446
0	0.964968
0	0.961783
0	0.990446
0	0.958599
0	0.971338
0	0.955414
0	0.977707
0	0.993631
0	0.958599
0	0.971338
0	0.993631
0	0.971338
0	0.971338
0	0.964968
0	0.987261
0	0.993631
0	0.996815
0	0.990446
0	0.984076
0	0.977707
0	0.984076
0	0.977707
0	0.958599
0	0.971338
0	0.984076
0	0.977707
0	0.971338
0	0.984076
0	0.977707
0	0.964968
0	0.955414
0	0.980892
0	0.977707
0	0.971338
0	0.987261
0	0.971338
0	0.993631
0	0.993631
0	0.990446
0	0.971338
0	0.955414
0	0.961783
0	0.974522
0	0.990446
0	0.987261
0	0.993631
0	0.993631
0	0.984076
0	0.974522
0	0.974522
0	0.977707
0	0.984076
0	0.980892
0	0.936306
0	0.990446
0	0.971338
0	0.955414
0	0.990446
0	inf
0	0.974522
0	0.936306
0	0.961783
0	0.955414
0	0.955414
0	0.971338
0	0.977707
0	0.955414
0	0.996815
0	0.980892
0	0.971338
0	0.984076
0	0.984076
0	0.971338
0	0.977707
0	0.936306
0	0.977707
0	0.971338
0	0.955414
0	0.984076
0	0.977707
0	0.987261
0	0.958599
0	0.990446
0	0.984076
0	0.993631
0	0.990446
0	0.993631
0	0.990446
0	0.987261
0	0.993631
0	0.971338
0	0.961783
0	0.984076
0	0.980892
0	0.993631
0	0.990446
0	0.980892
0	0.974522
0	0.993631
0	0.977707
0	0.993631
0	0.990446
0	0.958599
0	0.984076
0	0.987261
0	0.993631
0	0.984076
0	0.964968
0	0.977707
0	0.971338
0	0.980892
0	0.936306
0	0.980892
0	0.987261
0	0.993631
0	0.993631
0	0.971338
0	0.936306
0	0.987261
0	0.987261
0	0.977707
0	0.990446
0	0.984076
0	0.984076
0	0.987261
0	0.990446
0	0.955414
0	0.984076
0	0.990446
0	0.971338
0	0.964968
0	0.958599
0	0.971338
0	0.993631
0	0.955414
0	0.993631
0	0.974522
0	0.936306
0	0.987261
0	0.984076
0	0.974522
0	0.996815
0	0.974522
0	0.993631
0	0.993631
0	0.964968
0	0.971338


