# Persistence diagram <GML/0108.gml>
#
# Dimension   : 1
# Entries     : 65
# Betti number: 64
0.961783	inf
0.961783	inf
0.961783	inf
0.964968	inf
0.964968	0.980892
0.971338	inf
0.971338	inf
0.974522	inf
0.974522	inf
0.974522	inf
0.974522	inf
0.974522	inf
0.974522	inf
0.974522	inf
0.977707	inf
0.977707	inf
0.977707	inf
0.977707	inf
0.980892	inf
0.980892	inf
0.980892	inf
0.980892	inf
0.984076	inf
0.984076	inf
0.984076	inf
0.984076	inf
0.984076	inf
0.984076	inf
0.984076	inf
0.984076	inf
0.984076	inf
0.984076	inf
0.984076	inf
0.984076	inf
0.984076	inf
0.984076	inf
0.984076	inf
0.984076	inf
0.984076	inf
0.984076	inf
0.987261	inf
0.987261	inf
0.990446	inf
0.990446	inf
0.990446	inf
0.990446	inf
0.990446	inf
0.990446	inf
0.990446	inf
0.990446	inf
0.990446	inf
0.990446	inf
0.990446	inf
0.993631	inf
0.993631	inf
0.993631	inf
0.993631	inf
0.993631	inf
0.993631	inf
0.993631	inf
0.993631	inf
0.993631	inf
0.993631	inf
0.993631	inf
0.993631	inf
