# Persistence diagram <GML/0114.gml>
#
# Dimension   : 1
# Entries     : 60
# Betti number: 60
0.917874	inf
0.917874	inf
0.922705	inf
0.94686	inf
0.956522	inf
0.956522	inf
0.956522	inf
0.956522	inf
0.966184	inf
0.971014	inf
0.971014	inf
0.971014	inf
0.971014	inf
0.975845	inf
0.975845	inf
0.975845	inf
0.975845	inf
0.975845	inf
0.975845	inf
0.975845	inf
0.975845	inf
0.980676	inf
0.980676	inf
0.980676	inf
0.980676	inf
0.980676	inf
0.980676	inf
0.980676	inf
0.980676	inf
0.980676	inf
0.980676	inf
0.980676	inf
0.980676	inf
0.980676	inf
0.980676	inf
0.980676	inf
0.980676	inf
0.980676	inf
0.985507	inf
0.985507	inf
0.985507	inf
0.985507	inf
0.985507	inf
0.985507	inf
0.985507	inf
0.985507	inf
0.985507	inf
0.985507	inf
0.985507	inf
0.985507	inf
0.985507	inf
0.990338	inf
0.990338	inf
0.990338	inf
0.990338	inf
0.990338	inf
0.990338	inf
0.990338	inf
0.990338	inf
0.990338	inf
