# Persistence diagram <GML/0116.gml>
#
# Dimension   : 1
# Entries     : 85
# Betti number: 85
0.927203	inf
0.927203	inf
0.927203	inf
0.927203	inf
0.931034	inf
0.954023	inf
0.954023	inf
0.954023	inf
0.954023	inf
0.957854	inf
0.961686	inf
0.961686	inf
0.961686	inf
0.961686	inf
0.965517	inf
0.965517	inf
0.965517	inf
0.969349	inf
0.969349	inf
0.969349	inf
0.969349	inf
0.97318	inf
0.977011	inf
0.977011	inf
0.977011	inf
0.977011	inf
0.977011	inf
0.977011	inf
0.977011	inf
0.980843	inf
0.980843	inf
0.980843	inf
0.980843	inf
0.980843	inf
0.980843	inf
0.980843	inf
0.980843	inf
0.980843	inf
0.984674	inf
0.984674	inf
0.984674	inf
0.984674	inf
0.984674	inf
0.984674	inf
0.984674	inf
0.984674	inf
0.984674	inf
0.984674	inf
0.984674	inf
0.984674	inf
0.984674	inf
0.984674	inf
0.984674	inf
0.984674	inf
0.988506	inf
0.988506	inf
0.988506	inf
0.988506	inf
0.988506	inf
0.988506	inf
0.988506	inf
0.988506	inf
0.988506	inf
0.988506	inf
0.988506	inf
0.988506	inf
0.988506	inf
0.988506	inf
0.988506	inf
0.988506	inf
0.988506	inf
0.988506	inf
0.992337	inf
0.992337	inf
0.992337	inf
0.992337	inf
0.992337	inf
0.992337	inf
0.992337	inf
0.992337	inf
0.992337	inf
0.992337	inf
0.992337	inf
0.992337	inf
0.992337	inf
