# Persistence diagram <GML/0117.gml>
#
# Dimension   : 0
# Entries     : 222
# Betti number: 5
0	inf
0	0.980519
0	0.876623
0	0.948052
0	0.941558
0	0.980519
0	0.928571
0	0.954545
0	0.948052
0	0.876623
0	inf
0	0.954545
0	0.928571
0	inf
0	0.954545
0	0.980519
0	0.928571
0	0.980519
0	0.987013
0	0.967532
0	0.974026
0	0.909091
0	0.948052
0	0.753247
0	0.935065
0	0.753247
0	0.974026
0	0.753247
0	0.876623
0	0.753247
0	0.941558
0	0.753247
0	0.909091
0	0.753247
0	0.753247
0	0.883117
0	0.987013
0	0.941558
0	0.928571
0	0.987013
0	0.753247
0	0.935065
0	0.980519
0	0.876623
0	0.941558
0	0.753247
0	0.896104
0	0.896104
0	0.987013
0	0.974026
0	0.753247
0	inf
0	0.753247
0	0.954545
0	0.954545
0	0.980519
0	0.909091
0	0.980519
0	0.987013
0	0.909091
0	0.954545
0	0.883117
0	0.948052
0	0.928571
0	0.941558
0	0.948052
0	0.987013
0	0.909091
0	0.896104
0	0.928571
0	0.753247
0	0.954545
0	0.883117
0	0.909091
0	0.909091
0	0.883117
0	0.928571
0	0.753247
0	0.883117
0	0.948052
0	0.883117
0	0.987013
0	0.896104
0	0.928571
0	0.980519
0	0.980519
0	inf
0	0.928571
0	0.974026
0	0.928571
0	0.753247
0	0.974026
0	0.954545
0	0.980519
0	0.974026
0	0.987013
0	0.909091
0	0.980519
0	0.948052
0	0.954545
0	0.753247
0	0.928571
0	0.987013
0	0.954545
0	0.974026
0	0.896104
0	0.954545
0	0.896104
0	0.961039
0	0.980519
0	0.928571
0	0.753247
0	0.876623
0	0.974026
0	0.753247
0	0.883117
0	0.753247
0	0.954545
0	0.980519
0	0.753247
0	0.928571
0	0.883117
0	0.954545
0	0.961039
0	0.928571
0	0.883117
0	0.753247
0	0.753247
0	0.961039
0	0.987013
0	0.909091
0	0.948052
0	0.753247
0	0.753247
0	0.896104
0	0.967532
0	0.987013
0	0.753247
0	0.753247
0	0.909091
0	0.941558
0	0.974026
0	0.948052
0	0.876623
0	0.948052
0	0.928571
0	0.928571
0	0.954545
0	0.987013
0	0.967532
0	0.974026
0	0.941558
0	0.928571
0	0.967532
0	0.961039
0	0.954545
0	0.967532
0	0.961039
0	0.928571
0	0.909091
0	0.753247
0	0.987013
0	0.967532
0	0.961039
0	0.883117
0	0.883117
0	0.753247
0	0.954545
0	0.967532
0	0.909091
0	0.961039
0	0.896104
0	0.896104
0	0.961039
0	0.987013
0	0.883117
0	0.928571
0	0.961039
0	0.987013
0	0.974026
0	0.753247
0	0.883117
0	0.753247
0	0.928571
0	0.883117
0	0.876623
0	0.941558
0	0.974026
0	0.753247
0	0.928571
0	0.909091
0	0.753247
0	0.961039
0	0.753247
0	0.896104
0	0.896104
0	0.935065
0	0.928571
0	0.753247
0	0.753247
0	0.967532
0	0.876623
0	0.909091
0	0.961039
0	0.993506
0	0.974026
0	0.980519
0	0.753247
0	0.876623
0	0.876623
0	0.909091
0	0.974026
0	0.974026
0	0.980519
0	0.980519
0	0.980519
0	0.980519
0	0.928571
0	0.987013
0	0.753247
0	0.896104
0	0.909091


