# Persistence diagram <GML/0118.gml>
#
# Dimension   : 0
# Entries     : 141
# Betti number: 2
0	inf
0	0.873563
0	0.942529
0	0.954023
0	0.954023
0	0.827586
0	0.954023
0	0.862069
0	0.91954
0	0.954023
0	0.942529
0	0.931034
0	0.954023
0	0.942529
0	0.965517
0	0.977011
0	0.91954
0	0.977011
0	0.609195
0	0.609195
0	0.850575
0	0.965517
0	0.965517
0	0.873563
0	0.954023
0	0.609195
0	0.873563
0	0.609195
0	0.850575
0	0.609195
0	0.954023
0	0.977011
0	0.954023
0	0.977011
0	0.942529
0	0.862069
0	0.850575
0	0.850575
0	0.942529
0	0.827586
0	0.609195
0	0.954023
0	inf
0	0.827586
0	0.827586
0	0.965517
0	0.954023
0	0.885057
0	0.965517
0	0.988506
0	0.942529
0	0.977011
0	0.850575
0	0.965517
0	0.942529
0	0.954023
0	0.965517
0	0.942529
0	0.954023
0	0.977011
0	0.862069
0	0.850575
0	0.850575
0	0.931034
0	0.862069
0	0.931034
0	0.609195
0	0.827586
0	0.977011
0	0.850575
0	0.965517
0	0.965517
0	0.954023
0	0.954023
0	0.977011
0	0.977011
0	0.942529
0	0.977011
0	0.862069
0	0.965517
0	0.931034
0	0.931034
0	0.977011
0	0.954023
0	0.609195
0	0.873563
0	0.862069
0	0.873563
0	0.965517
0	0.609195
0	0.931034
0	0.91954
0	0.609195
0	0.609195
0	0.931034
0	0.850575
0	0.965517
0	0.942529
0	0.954023
0	0.942529
0	0.873563
0	0.954023
0	0.942529
0	0.862069
0	0.609195
0	0.977011
0	0.885057
0	0.942529
0	0.873563
0	0.977011
0	0.827586
0	0.827586
0	0.862069
0	0.885057
0	0.827586
0	0.827586
0	0.942529
0	0.977011
0	0.609195
0	0.931034
0	0.954023
0	0.977011
0	0.954023
0	0.827586
0	0.965517
0	0.931034
0	0.827586
0	0.850575
0	0.977011
0	0.931034
0	0.850575
0	0.931034
0	0.977011
0	0.965517
0	0.609195
0	0.965517
0	0.954023
0	0.931034
0	0.609195
0	0.827586
0	0.850575


