# Persistence diagram <GML/0127.gml>
#
# Dimension   : 0
# Entries     : 154
# Betti number: 3
0	inf
0	0.81768
0	0.972376
0	0.81768
0	0.983425
0	0.81768
0	0.944751
0	0.966851
0	0.939227
0	0.81768
0	0.933702
0	0.944751
0	0.983425
0	0.81768
0	0.983425
0	0.933702
0	0.961326
0	0.966851
0	0.944751
0	0.972376
0	0.81768
0	0.81768
0	0.81768
0	0.983425
0	0.81768
0	0.944751
0	0.977901
0	0.98895
0	0.939227
0	0.961326
0	0.966851
0	0.966851
0	0.966851
0	0.961326
0	0.972376
0	0.983425
0	0.983425
0	0.98895
0	0.944751
0	0.81768
0	0.977901
0	0.939227
0	0.983425
0	0.81768
0	0.98895
0	0.983425
0	0.977901
0	0.98895
0	0.933702
0	0.983425
0	0.98895
0	0.972376
0	0.972376
0	0.972376
0	0.944751
0	inf
0	0.939227
0	0.81768
0	0.972376
0	0.81768
0	0.98895
0	0.81768
0	0.939227
0	0.81768
0	0.972376
0	0.961326
0	0.81768
0	0.98895
0	0.966851
0	0.983425
0	0.98895
0	0.966851
0	0.994475
0	0.944751
0	0.983425
0	0.966851
0	0.972376
0	0.983425
0	0.933702
0	0.81768
0	0.939227
0	0.939227
0	0.972376
0	0.81768
0	0.972376
0	0.966851
0	0.977901
0	0.972376
0	0.98895
0	0.977901
0	0.983425
0	0.977901
0	0.961326
0	0.81768
0	0.983425
0	0.972376
0	0.944751
0	inf
0	0.983425
0	0.966851
0	0.98895
0	0.972376
0	0.983425
0	0.944751
0	0.944751
0	0.98895
0	0.98895
0	0.944751
0	0.933702
0	0.81768
0	0.98895
0	0.98895
0	0.983425
0	0.81768
0	0.994475
0	0.983425
0	0.944751
0	0.972376
0	0.933702
0	0.983425
0	0.944751
0	0.972376
0	0.944751
0	0.81768
0	0.950276
0	0.983425
0	0.933702
0	0.81768
0	0.972376
0	0.983425
0	0.944751
0	0.966851
0	0.81768
0	0.98895
0	0.939227
0	0.81768
0	0.933702
0	0.98895
0	0.983425
0	0.972376
0	0.98895
0	0.98895
0	0.972376
0	0.81768
0	0.98895
0	0.98895
0	0.983425
0	0.983425
0	0.98895
0	0.983425
0	0.983425
0	0.933702
0	0.81768
0	0.81768


