# Persistence diagram <GML/0130.gml>
#
# Dimension   : 1
# Entries     : 49
# Betti number: 49
0.775701	inf
0.775701	inf
0.775701	inf
0.775701	inf
0.775701	inf
0.775701	inf
0.775701	inf
0.775701	inf
0.775701	inf
0.775701	inf
0.775701	inf
0.775701	inf
0.878505	inf
0.878505	inf
0.878505	inf
0.88785	inf
0.88785	inf
0.88785	inf
0.925234	inf
0.925234	inf
0.953271	inf
0.953271	inf
0.953271	inf
0.953271	inf
0.953271	inf
0.962617	inf
0.962617	inf
0.962617	inf
0.962617	inf
0.962617	inf
0.962617	inf
0.962617	inf
0.962617	inf
0.962617	inf
0.971963	inf
0.971963	inf
0.971963	inf
0.971963	inf
0.971963	inf
0.971963	inf
0.971963	inf
0.971963	inf
0.971963	inf
0.981308	inf
0.981308	inf
0.981308	inf
0.981308	inf
0.981308	inf
0.981308	inf
