# Persistence diagram <GML/0131.gml>
#
# Dimension   : 0
# Entries     : 159
# Betti number: 3
0	inf
0	0.998436
0	0.998436
0	0.998436
0	0.984363
0	0.989836
0	0.983581
0	0.984363
0	0.989836
0	0.998436
0	0.995309
0	0.998436
0	0.998436
0	0.998436
0	0.995309
0	inf
0	0.996873
0	0.992963
0	0.997654
0	0.997654
0	0.995309
0	0.983581
0	0.998436
0	0.994527
0	0.997654
0	0.992963
0	0.996873
0	0.996091
0	0.996873
0	0.989836
0	0.995309
0	0.998436
0	0.996091
0	0.998436
0	0.995309
0	0.992963
0	0.995309
0	0.997654
0	0.995309
0	0.989836
0	0.994527
0	0.995309
0	0.994527
0	0.983581
0	0.995309
0	0.998436
0	0.998436
0	0.992963
0	0.995309
0	0.995309
0	0.995309
0	0.995309
0	0.996873
0	0.994527
0	0.996091
0	0.983581
0	0.996873
0	0.983581
0	0.998436
0	0.997654
0	0.994527
0	0.998436
0	0.997654
0	0.996873
0	0.992181
0	0.996873
0	0.998436
0	0.997654
0	0.997654
0	0.995309
0	0.998436
0	0.992181
0	0.998436
0	0.983581
0	0.994527
0	0.989836
0	0.984363
0	0.983581
0	0.992963
0	0.984363
0	0.995309
0	0.997654
0	0.983581
0	0.998436
0	0.997654
0	0.983581
0	0.995309
0	0.998436
0	0.996091
0	0.998436
0	0.984363
0	0.983581
0	0.983581
0	0.997654
0	0.995309
0	inf
0	0.992181
0	0.997654
0	0.992963
0	0.994527
0	0.984363
0	0.995309
0	0.995309
0	0.992963
0	0.989836
0	0.995309
0	0.998436
0	0.983581
0	0.997654
0	0.998436
0	0.998436
0	0.998436
0	0.998436
0	0.984363
0	0.996091
0	0.983581
0	0.984363
0	0.998436
0	0.989836
0	0.996091
0	0.996873
0	0.997654
0	0.983581
0	0.995309
0	0.997654
0	0.997654
0	0.995309
0	0.984363
0	0.994527
0	0.984363
0	0.984363
0	0.983581
0	0.984363
0	0.996091
0	0.998436
0	0.989836
0	0.989836
0	0.994527
0	0.996873
0	0.995309
0	0.994527
0	0.998436
0	0.989836
0	0.997654
0	0.995309
0	0.989836
0	0.995309
0	0.984363
0	0.998436
0	0.998436
0	0.992181
0	0.996091
0	0.998436
0	0.998436
0	0.992181
0	0.984363
0	0.984363
0	0.984363
0	0.984363


