# Persistence diagram <GML/0132.gml>
#
# Dimension   : 0
# Entries     : 346
# Betti number: 5
0	inf
0	inf
0	0.969231
0	0.948718
0	0.989744
0	0.984615
0	0.969231
0	0.974359
0	0.974359
0	0.979487
0	0.974359
0	0.94359
0	0.974359
0	0.94359
0	0.948718
0	0.984615
0	0.912821
0	0.866667
0	0.892308
0	0.892308
0	0.953846
0	0.866667
0	0.933333
0	0.933333
0	0.94359
0	0.974359
0	0.984615
0	0.979487
0	0.948718
0	0.953846
0	0.958974
0	0.989744
0	0.979487
0	0.948718
0	0.989744
0	0.892308
0	0.989744
0	0.989744
0	0.979487
0	0.979487
0	0.974359
0	0.984615
0	0.974359
0	0.892308
0	0.938462
0	0.866667
0	0.984615
0	0.974359
0	0.958974
0	0.984615
0	0.969231
0	0.948718
0	0.984615
0	0.948718
0	0.958974
0	0.989744
0	0.974359
0	0.984615
0	0.958974
0	0.866667
0	0.974359
0	0.984615
0	0.866667
0	0.866667
0	0.94359
0	0.979487
0	0.866667
0	0.948718
0	0.979487
0	0.984615
0	0.866667
0	0.958974
0	0.984615
0	0.984615
0	0.964103
0	0.948718
0	0.984615
0	0.938462
0	0.989744
0	inf
0	0.974359
0	0.912821
0	0.989744
0	0.948718
0	inf
0	0.974359
0	0.866667
0	0.969231
0	0.933333
0	0.974359
0	0.974359
0	0.984615
0	0.974359
0	0.958974
0	0.974359
0	0.974359
0	0.969231
0	0.974359
0	0.938462
0	0.892308
0	0.989744
0	0.969231
0	0.892308
0	0.933333
0	0.974359
0	0.974359
0	0.974359
0	0.94359
0	0.989744
0	0.866667
0	0.989744
0	0.969231
0	0.984615
0	0.984615
0	0.979487
0	0.974359
0	0.984615
0	0.984615
0	0.964103
0	0.94359
0	0.979487
0	0.892308
0	0.948718
0	0.984615
0	0.933333
0	0.989744
0	0.974359
0	0.866667
0	0.866667
0	0.948718
0	0.969231
0	0.948718
0	0.989744
0	0.979487
0	0.892308
0	0.984615
0	0.984615
0	0.933333
0	0.958974
0	0.979487
0	0.984615
0	0.979487
0	0.989744
0	0.979487
0	0.989744
0	0.912821
0	0.948718
0	0.958974
0	0.953846
0	0.938462
0	0.958974
0	0.912821
0	0.969231
0	0.974359
0	0.974359
0	0.938462
0	0.912821
0	0.958974
0	0.979487
0	0.948718
0	0.953846
0	0.892308
0	0.866667
0	0.948718
0	0.974359
0	0.912821
0	0.989744
0	0.984615
0	0.989744
0	0.979487
0	0.892308
0	0.892308
0	0.979487
0	0.979487
0	0.984615
0	0.989744
0	0.964103
0	0.953846
0	0.974359
0	0.958974
0	0.974359
0	0.964103
0	0.974359
0	0.984615
0	0.912821
0	0.866667
0	0.989744
0	0.989744
0	0.989744
0	0.94359
0	0.974359
0	0.948718
0	0.892308
0	0.974359
0	0.933333
0	0.974359
0	0.958974
0	0.958974
0	0.989744
0	0.979487
0	0.892308
0	0.984615
0	0.989744
0	0.984615
0	0.866667
0	0.958974
0	0.989744
0	0.958974
0	0.912821
0	0.953846
0	0.984615
0	0.989744
0	0.979487
0	0.958974
0	0.974359
0	0.994872
0	0.94359
0	0.938462
0	0.948718
0	0.984615
0	0.866667
0	0.866667
0	0.989744
0	0.938462
0	0.866667
0	0.979487
0	0.974359
0	0.964103
0	0.958974
0	0.984615
0	0.984615
0	0.984615
0	0.979487
0	0.958974
0	0.969231
0	0.979487
0	0.979487
0	0.94359
0	0.958974
0	0.958974
0	0.979487
0	0.979487
0	0.94359
0	0.912821
0	0.974359
0	0.94359
0	0.866667
0	0.979487
0	0.912821
0	0.94359
0	0.979487
0	0.974359
0	0.989744
0	0.979487
0	0.958974
0	0.984615
0	0.892308
0	inf
0	0.969231
0	0.984615
0	0.948718
0	0.979487
0	0.969231
0	0.984615
0	0.989744
0	0.984615
0	0.989744
0	0.958974
0	0.984615
0	0.953846
0	0.94359
0	0.984615
0	0.892308
0	0.94359
0	0.979487
0	0.974359
0	0.974359
0	0.892308
0	0.866667
0	0.984615
0	0.938462
0	0.948718
0	0.989744
0	0.984615
0	0.892308
0	0.989744
0	0.984615
0	0.984615
0	0.979487
0	0.994872
0	0.979487
0	0.984615
0	0.866667
0	0.892308
0	0.964103
0	0.933333
0	0.866667
0	0.94359
0	0.866667
0	0.979487
0	0.984615
0	0.892308
0	0.994872
0	0.984615
0	0.94359
0	0.989744
0	0.958974
0	0.958974
0	0.974359
0	0.979487
0	0.989744
0	0.964103
0	0.984615
0	0.948718
0	0.892308
0	0.989744
0	0.866667
0	0.94359
0	0.912821
0	0.933333
0	0.938462
0	0.974359
0	0.979487
0	0.989744
0	0.989744
0	0.974359
0	0.892308
0	0.912821
0	0.989744
0	0.979487
0	0.948718
0	0.979487
0	0.989744
0	0.953846
0	0.948718
0	0.989744
0	0.984615
0	0.912821
0	0.94359
0	0.964103
0	0.948718
0	0.979487
0	0.974359
0	0.979487
0	0.948718
0	0.974359


