# Persistence diagram <GML/0133.gml>
#
# Dimension   : 0
# Entries     : 261
# Betti number: 2
0	inf
0	0.995238
0	0.990476
0	0.980952
0	0.966667
0	0.990476
0	0.980952
0	0.985714
0	0.988095
0	0.988095
0	0.971429
0	0.992857
0	0.992857
0	0.990476
0	0.966667
0	0.961905
0	0.985714
0	0.985714
0	0.971429
0	0.990476
0	0.969048
0	0.980952
0	0.995238
0	0.97619
0	0.971429
0	0.988095
0	0.966667
0	0.971429
0	0.978571
0	0.988095
0	0.961905
0	0.961905
0	0.969048
0	0.992857
0	0.980952
0	0.988095
0	0.990476
0	0.971429
0	0.969048
0	0.990476
0	0.990476
0	0.988095
0	0.966667
0	0.969048
0	0.988095
0	0.966667
0	0.983333
0	0.966667
0	0.980952
0	0.985714
0	0.966667
0	0.964286
0	0.992857
0	0.992857
0	0.966667
0	0.990476
0	0.964286
0	0.980952
0	0.966667
0	0.990476
0	0.988095
0	0.990476
0	0.990476
0	0.992857
0	0.978571
0	0.964286
0	0.971429
0	0.992857
0	0.969048
0	0.995238
0	0.971429
0	0.992857
0	0.990476
0	0.985714
0	0.964286
0	0.961905
0	0.992857
0	0.964286
0	0.988095
0	inf
0	0.969048
0	0.992857
0	0.985714
0	0.990476
0	0.985714
0	0.995238
0	0.992857
0	0.985714
0	0.978571
0	0.985714
0	0.969048
0	0.990476
0	0.992857
0	0.969048
0	0.985714
0	0.992857
0	0.980952
0	0.966667
0	0.985714
0	0.990476
0	0.995238
0	0.980952
0	0.97619
0	0.980952
0	0.992857
0	0.990476
0	0.980952
0	0.961905
0	0.990476
0	0.995238
0	0.969048
0	0.966667
0	0.990476
0	0.966667
0	0.980952
0	0.961905
0	0.966667
0	0.995238
0	0.988095
0	0.992857
0	0.964286
0	0.985714
0	0.992857
0	0.980952
0	0.961905
0	0.995238
0	0.985714
0	0.992857
0	0.966667
0	0.971429
0	0.995238
0	0.966667
0	0.992857
0	0.966667
0	0.995238
0	0.990476
0	0.990476
0	0.992857
0	0.992857
0	0.978571
0	0.988095
0	0.969048
0	0.969048
0	0.969048
0	0.992857
0	0.983333
0	0.983333
0	0.985714
0	0.983333
0	0.969048
0	0.961905
0	0.97619
0	0.971429
0	0.964286
0	0.992857
0	0.961905
0	0.97619
0	0.971429
0	0.966667
0	0.992857
0	0.966667
0	0.964286
0	0.985714
0	0.97619
0	0.969048
0	0.985714
0	0.988095
0	0.966667
0	0.985714
0	0.988095
0	0.964286
0	0.990476
0	0.988095
0	0.985714
0	0.969048
0	0.966667
0	0.971429
0	0.971429
0	0.969048
0	0.995238
0	0.990476
0	0.992857
0	0.995238
0	0.992857
0	0.978571
0	0.992857
0	0.990476
0	0.966667
0	0.969048
0	0.995238
0	0.971429
0	0.992857
0	0.988095
0	0.988095
0	0.961905
0	0.980952
0	0.990476
0	0.980952
0	0.992857
0	0.992857
0	0.961905
0	0.969048
0	0.969048
0	0.990476
0	0.988095
0	0.995238
0	0.980952
0	0.978571
0	0.980952
0	0.990476
0	0.995238
0	0.995238
0	0.966667
0	0.985714
0	0.992857
0	0.964286
0	0.969048
0	0.995238
0	0.985714
0	0.995238
0	0.983333
0	0.992857
0	0.992857
0	0.992857
0	0.978571
0	0.966667
0	0.992857
0	0.969048
0	0.990476
0	0.978571
0	0.992857
0	0.980952
0	0.990476
0	0.988095
0	0.969048
0	0.971429
0	0.990476
0	0.990476
0	0.97619
0	0.980952
0	0.964286
0	0.992857
0	0.995238
0	0.969048
0	0.971429
0	0.992857
0	0.992857
0	0.985714
0	0.990476
0	0.971429
0	0.995238
0	0.992857
0	0.969048
0	0.971429
0	0.971429
0	0.966667
0	0.985714
0	0.969048
0	0.992857
0	0.992857
0	0.969048


