# Persistence diagram <GML/0135.gml>
#
# Dimension   : 0
# Entries     : 247
# Betti number: 4
0	inf
0	0.969072
0	0.963918
0	0.984536
0	0.93299
0	0.969072
0	0.989691
0	0.989691
0	0.963918
0	0.989691
0	0.984536
0	0.969072
0	0.917526
0	0.958763
0	0.979381
0	0.984536
0	0.943299
0	0.917526
0	0.969072
0	0.958763
0	0.979381
0	0.938144
0	0.938144
0	0.979381
0	0.984536
0	0.93299
0	0.917526
0	0.938144
0	0.974227
0	0.974227
0	0.963918
0	0.984536
0	0.969072
0	0.93299
0	0.938144
0	0.984536
0	0.969072
0	0.958763
0	0.963918
0	0.927835
0	0.93299
0	0.917526
0	0.948454
0	0.963918
0	0.963918
0	0.974227
0	0.974227
0	0.963918
0	0.938144
0	0.93299
0	0.927835
0	0.989691
0	0.927835
0	0.979381
0	0.927835
0	0.969072
0	0.93299
0	0.989691
0	0.93299
0	inf
0	inf
0	0.974227
0	0.979381
0	0.974227
0	0.984536
0	0.927835
0	0.979381
0	0.984536
0	0.943299
0	0.948454
0	0.979381
0	0.989691
0	0.938144
0	0.979381
0	0.979381
0	0.974227
0	0.963918
0	0.927835
0	0.989691
0	0.963918
0	0.958763
0	0.927835
0	0.938144
0	0.969072
0	0.974227
0	0.969072
0	0.917526
0	0.984536
0	0.958763
0	0.974227
0	0.938144
0	0.938144
0	0.927835
0	0.917526
0	0.979381
0	0.989691
0	0.974227
0	0.938144
0	0.969072
0	0.943299
0	0.974227
0	0.989691
0	0.994845
0	0.984536
0	0.979381
0	0.984536
0	0.979381
0	0.974227
0	0.974227
0	0.943299
0	0.958763
0	0.963918
0	0.984536
0	0.917526
0	0.927835
0	0.927835
0	0.979381
0	0.917526
0	0.948454
0	0.979381
0	0.984536
0	0.974227
0	0.969072
0	0.989691
0	0.93299
0	0.989691
0	0.943299
0	0.938144
0	0.927835
0	0.989691
0	0.917526
0	0.958763
0	0.979381
0	inf
0	0.979381
0	0.93299
0	0.979381
0	0.979381
0	0.969072
0	0.963918
0	0.958763
0	0.974227
0	0.969072
0	0.958763
0	0.963918
0	0.958763
0	0.927835
0	0.927835
0	0.938144
0	0.958763
0	0.963918
0	0.927835
0	0.927835
0	0.917526
0	0.989691
0	0.974227
0	0.963918
0	0.969072
0	0.989691
0	0.93299
0	0.984536
0	0.979381
0	0.963918
0	0.974227
0	0.989691
0	0.989691
0	0.984536
0	0.938144
0	0.93299
0	0.979381
0	0.958763
0	0.948454
0	0.989691
0	0.974227
0	0.927835
0	0.989691
0	0.958763
0	0.963918
0	0.969072
0	0.948454
0	0.984536
0	0.963918
0	0.979381
0	0.917526
0	0.938144
0	0.958763
0	0.979381
0	0.979381
0	0.989691
0	0.963918
0	0.927835
0	0.969072
0	0.943299
0	0.938144
0	0.974227
0	0.958763
0	0.994845
0	0.994845
0	0.938144
0	0.917526
0	0.984536
0	0.969072
0	0.984536
0	0.938144
0	0.927835
0	0.958763
0	0.948454
0	0.958763
0	0.927835
0	0.989691
0	0.979381
0	0.984536
0	0.93299
0	0.917526
0	0.979381
0	0.963918
0	0.984536
0	0.927835
0	0.969072
0	0.917526
0	0.974227
0	0.927835
0	0.989691
0	0.958763
0	0.938144
0	0.989691
0	0.969072
0	0.989691
0	0.979381
0	0.958763
0	0.974227
0	0.958763
0	0.963918
0	0.963918
0	0.969072
0	0.938144
0	0.963918
0	0.963918
0	0.963918
0	0.979381
0	0.963918
0	0.927835
0	0.984536
0	0.969072
0	0.989691
0	0.963918
0	0.917526


