# Persistence diagram <GML/0135.gml>
#
# Dimension   : 1
# Entries     : 78
# Betti number: 78
0.93299	inf
0.938144	inf
0.938144	inf
0.938144	inf
0.943299	inf
0.958763	inf
0.958763	inf
0.958763	inf
0.958763	inf
0.958763	inf
0.963918	inf
0.963918	inf
0.963918	inf
0.963918	inf
0.963918	inf
0.963918	inf
0.963918	inf
0.963918	inf
0.963918	inf
0.969072	inf
0.969072	inf
0.969072	inf
0.969072	inf
0.969072	inf
0.969072	inf
0.969072	inf
0.969072	inf
0.974227	inf
0.974227	inf
0.974227	inf
0.974227	inf
0.974227	inf
0.974227	inf
0.979381	inf
0.979381	inf
0.979381	inf
0.979381	inf
0.979381	inf
0.979381	inf
0.979381	inf
0.979381	inf
0.979381	inf
0.979381	inf
0.979381	inf
0.979381	inf
0.979381	inf
0.979381	inf
0.979381	inf
0.979381	inf
0.979381	inf
0.984536	inf
0.984536	inf
0.984536	inf
0.984536	inf
0.984536	inf
0.984536	inf
0.984536	inf
0.984536	inf
0.984536	inf
0.984536	inf
0.984536	inf
0.984536	inf
0.984536	inf
0.984536	inf
0.984536	inf
0.989691	inf
0.989691	inf
0.989691	inf
0.989691	inf
0.989691	inf
0.989691	inf
0.989691	inf
0.989691	inf
0.989691	inf
0.989691	inf
0.989691	inf
0.989691	inf
0.989691	inf
