# Persistence diagram <GML/0139.gml>
#
# Dimension   : 1
# Entries     : 84
# Betti number: 84
0.904459	inf
0.904459	inf
0.904459	inf
0.904459	inf
0.904459	inf
0.917197	inf
0.917197	inf
0.929936	inf
0.929936	inf
0.929936	inf
0.929936	inf
0.929936	inf
0.936306	inf
0.942675	inf
0.955414	inf
0.955414	inf
0.961783	inf
0.961783	inf
0.961783	inf
0.961783	inf
0.961783	inf
0.961783	inf
0.961783	inf
0.961783	inf
0.961783	inf
0.961783	inf
0.961783	inf
0.961783	inf
0.961783	inf
0.968153	inf
0.968153	inf
0.968153	inf
0.968153	inf
0.968153	inf
0.968153	inf
0.968153	inf
0.968153	inf
0.968153	inf
0.974522	inf
0.974522	inf
0.974522	inf
0.974522	inf
0.974522	inf
0.974522	inf
0.974522	inf
0.974522	inf
0.974522	inf
0.974522	inf
0.974522	inf
0.974522	inf
0.974522	inf
0.974522	inf
0.974522	inf
0.974522	inf
0.974522	inf
0.974522	inf
0.974522	inf
0.974522	inf
0.974522	inf
0.974522	inf
0.980892	inf
0.980892	inf
0.980892	inf
0.980892	inf
0.980892	inf
0.980892	inf
0.980892	inf
0.980892	inf
0.980892	inf
0.980892	inf
0.980892	inf
0.980892	inf
0.980892	inf
0.980892	inf
0.980892	inf
0.980892	inf
0.980892	inf
0.980892	inf
0.987261	inf
0.987261	inf
0.987261	inf
0.987261	inf
0.987261	inf
0.987261	inf
