# Persistence diagram <GML/0144.gml>
#
# Dimension   : 0
# Entries     : 346
# Betti number: 4
0	inf
0	0.989637
0	inf
0	0.979275
0	0.994819
0	0.953368
0	0.989637
0	0.943005
0	0.971503
0	0.994819
0	0.974093
0	0.984456
0	0.992228
0	0.979275
0	0.992228
0	0.992228
0	0.979275
0	0.968912
0	0.971503
0	inf
0	0.987047
0	0.992228
0	0.945596
0	0.994819
0	0.989637
0	0.989637
0	0.992228
0	0.966321
0	0.971503
0	0.994819
0	0.989637
0	0.945596
0	0.989637
0	0.981865
0	0.984456
0	0.987047
0	0.979275
0	0.966321
0	0.994819
0	0.971503
0	0.953368
0	0.976684
0	0.989637
0	0.976684
0	0.994819
0	0.992228
0	0.994819
0	0.989637
0	0.987047
0	0.994819
0	0.968912
0	0.971503
0	0.953368
0	0.994819
0	0.945596
0	0.994819
0	0.989637
0	0.943005
0	0.992228
0	0.992228
0	0.943005
0	0.981865
0	0.943005
0	0.984456
0	0.945596
0	0.971503
0	0.945596
0	0.953368
0	0.974093
0	0.992228
0	0.994819
0	0.987047
0	0.981865
0	0.992228
0	0.968912
0	0.966321
0	0.989637
0	0.992228
0	0.966321
0	0.968912
0	0.994819
0	0.981865
0	0.992228
0	0.966321
0	0.994819
0	0.968912
0	0.994819
0	0.989637
0	0.994819
0	0.979275
0	0.945596
0	0.968912
0	0.994819
0	0.984456
0	0.943005
0	0.968912
0	0.989637
0	0.987047
0	0.953368
0	0.992228
0	0.987047
0	0.968912
0	0.994819
0	0.994819
0	0.987047
0	0.963731
0	0.989637
0	0.992228
0	0.953368
0	0.992228
0	0.992228
0	0.968912
0	0.992228
0	0.943005
0	0.992228
0	0.945596
0	0.981865
0	0.989637
0	0.953368
0	0.989637
0	0.981865
0	0.953368
0	0.989637
0	0.981865
0	0.984456
0	0.989637
0	0.945596
0	0.953368
0	0.992228
0	0.989637
0	0.992228
0	0.992228
0	0.992228
0	0.976684
0	0.997409
0	0.945596
0	0.992228
0	0.966321
0	0.971503
0	0.992228
0	0.968912
0	0.992228
0	0.992228
0	0.989637
0	0.971503
0	0.966321
0	0.989637
0	0.979275
0	0.971503
0	0.984456
0	0.992228
0	0.994819
0	inf
0	0.992228
0	0.984456
0	0.943005
0	0.992228
0	0.945596
0	0.968912
0	0.989637
0	0.989637
0	0.989637
0	0.989637
0	0.966321
0	0.992228
0	0.943005
0	0.984456
0	0.992228
0	0.953368
0	0.989637
0	0.974093
0	0.989637
0	0.992228
0	0.994819
0	0.994819
0	0.945596
0	0.994819
0	0.984456
0	0.994819
0	0.994819
0	0.994819
0	0.984456
0	0.966321
0	0.994819
0	0.968912
0	0.968912
0	0.966321
0	0.994819
0	0.945596
0	0.994819
0	0.981865
0	0.966321
0	0.979275
0	0.989637
0	0.966321
0	0.987047
0	0.943005
0	0.992228
0	0.994819
0	0.971503
0	0.992228
0	0.984456
0	0.987047
0	0.992228
0	0.984456
0	0.989637
0	0.992228
0	0.989637
0	0.966321
0	0.974093
0	0.968912
0	0.994819
0	0.994819
0	0.987047
0	0.966321
0	0.968912
0	0.943005
0	0.979275
0	0.989637
0	0.994819
0	0.989637
0	0.994819
0	0.987047
0	0.943005
0	0.989637
0	0.989637
0	0.987047
0	0.989637
0	0.992228
0	0.992228
0	0.989637
0	0.989637
0	0.966321
0	0.994819
0	0.943005
0	0.971503
0	0.989637
0	0.981865
0	0.974093
0	0.981865
0	0.966321
0	0.989637
0	0.992228
0	0.994819
0	0.966321
0	0.992228
0	0.968912
0	0.966321
0	0.953368
0	0.989637
0	0.971503
0	0.963731
0	0.994819
0	0.987047
0	0.989637
0	0.966321
0	0.994819
0	0.953368
0	0.989637
0	0.989637
0	0.992228
0	0.992228
0	0.968912
0	0.981865
0	0.953368
0	0.994819
0	0.987047
0	0.989637
0	0.981865
0	0.974093
0	0.966321
0	0.981865
0	0.992228
0	0.992228
0	0.966321
0	0.992228
0	0.968912
0	0.992228
0	0.971503
0	0.987047
0	0.945596
0	0.989637
0	0.989637
0	0.987047
0	0.994819
0	0.979275
0	0.989637
0	0.966321
0	0.987047
0	0.992228
0	0.994819
0	0.953368
0	0.953368
0	0.981865
0	0.981865
0	0.992228
0	0.945596
0	0.981865
0	0.953368
0	0.943005
0	0.994819
0	0.953368
0	0.989637
0	0.966321
0	0.979275
0	0.994819
0	0.994819
0	0.974093
0	0.943005
0	0.989637
0	0.989637
0	0.981865
0	0.992228
0	0.981865
0	0.989637
0	0.987047
0	0.976684
0	0.989637
0	0.968912
0	0.989637
0	0.992228
0	0.945596
0	0.981865
0	0.987047
0	0.971503
0	0.945596
0	0.994819
0	0.992228
0	0.987047
0	0.989637
0	0.968912
0	0.968912
0	0.979275
0	0.989637
0	0.984456
0	0.966321
0	0.989637
0	0.989637
0	0.953368
0	0.979275
0	0.992228
0	0.943005
0	0.994819
0	0.989637
0	0.966321
0	0.992228


