# Persistence diagram <GML/0145.gml>
#
# Dimension   : 0
# Entries     : 116
# Betti number: 5
0	inf
0	inf
0	0.952941
0	0.941176
0	0.929412
0	0.929412
0	0.976471
0	0.929412
0	0.917647
0	0.976471
0	0.976471
0	0.929412
0	0.941176
0	0.929412
0	0.917647
0	0.976471
0	0.952941
0	0.917647
0	inf
0	0.976471
0	0.952941
0	0.976471
0	0.952941
0	0.976471
0	0.823529
0	0.964706
0	0.964706
0	0.976471
0	0.823529
0	0.976471
0	0.976471
0	0.976471
0	0.823529
0	0.964706
0	0.823529
0	0.823529
0	0.929412
0	0.952941
0	inf
0	0.976471
0	0.952941
0	0.976471
0	0.917647
0	0.976471
0	0.964706
0	0.952941
0	0.976471
0	0.929412
0	0.823529
0	0.929412
0	0.976471
0	0.929412
0	0.964706
0	0.964706
0	0.917647
0	0.964706
0	0.976471
0	0.952941
0	0.976471
0	0.964706
0	0.823529
0	0.964706
0	0.976471
0	0.929412
0	0.941176
0	0.941176
0	0.823529
0	0.964706
0	0.941176
0	0.976471
0	0.952941
0	0.952941
0	0.941176
0	0.988235
0	0.929412
0	0.917647
0	0.941176
0	0.941176
0	0.976471
0	0.917647
0	0.964706
0	0.952941
0	0.952941
0	0.823529
0	0.941176
0	0.964706
0	0.964706
0	0.823529
0	0.823529
0	0.917647
0	0.941176
0	0.917647
0	0.823529
0	0.976471
0	0.952941
0	0.929412
0	0.964706
0	0.976471
0	inf
0	0.917647
0	0.941176
0	0.988235
0	0.929412
0	0.952941
0	0.976471
0	0.952941
0	0.964706
0	0.823529
0	0.917647
0	0.952941
0	0.976471
0	0.917647
0	0.823529
0	0.976471
0	0.976471
0	0.976471


