# Persistence diagram <GML/0150.gml>
#
# Dimension   : 1
# Entries     : 54
# Betti number: 54
0.703704	inf
0.703704	inf
0.703704	inf
0.703704	inf
0.703704	inf
0.703704	inf
0.740741	inf
0.740741	inf
0.740741	inf
0.740741	inf
0.740741	inf
0.814815	inf
0.814815	inf
0.814815	inf
0.814815	inf
0.851852	inf
0.851852	inf
0.851852	inf
0.851852	inf
0.851852	inf
0.851852	inf
0.87037	inf
0.87037	inf
0.87037	inf
0.87037	inf
0.87037	inf
0.87037	inf
0.888889	inf
0.907407	inf
0.907407	inf
0.907407	inf
0.907407	inf
0.907407	inf
0.907407	inf
0.907407	inf
0.907407	inf
0.907407	inf
0.907407	inf
0.907407	inf
0.907407	inf
0.907407	inf
0.925926	inf
0.925926	inf
0.925926	inf
0.925926	inf
0.925926	inf
0.925926	inf
0.925926	inf
0.944444	inf
0.944444	inf
0.944444	inf
0.944444	inf
0.962963	inf
0.962963	inf
