# Persistence diagram <GML/0151.gml>
#
# Dimension   : 1
# Entries     : 102
# Betti number: 102
0.866667	inf
0.866667	inf
0.888889	inf
0.888889	inf
0.888889	inf
0.888889	inf
0.888889	inf
0.888889	inf
0.896296	inf
0.896296	inf
0.896296	inf
0.918519	inf
0.918519	inf
0.933333	inf
0.933333	inf
0.933333	inf
0.933333	inf
0.933333	inf
0.933333	inf
0.933333	inf
0.933333	inf
0.940741	inf
0.940741	inf
0.940741	inf
0.940741	inf
0.940741	inf
0.940741	inf
0.940741	inf
0.940741	inf
0.940741	inf
0.948148	inf
0.948148	inf
0.948148	inf
0.948148	inf
0.948148	inf
0.948148	inf
0.948148	inf
0.948148	inf
0.948148	inf
0.948148	inf
0.948148	inf
0.948148	inf
0.948148	inf
0.955556	inf
0.955556	inf
0.955556	inf
0.955556	inf
0.955556	inf
0.955556	inf
0.955556	inf
0.955556	inf
0.955556	inf
0.962963	inf
0.962963	inf
0.962963	inf
0.962963	inf
0.962963	inf
0.962963	inf
0.962963	inf
0.97037	inf
0.97037	inf
0.97037	inf
0.97037	inf
0.97037	inf
0.97037	inf
0.97037	inf
0.97037	inf
0.97037	inf
0.97037	inf
0.97037	inf
0.97037	inf
0.97037	inf
0.97037	inf
0.97037	inf
0.97037	inf
0.97037	inf
0.977778	inf
0.977778	inf
0.977778	inf
0.977778	inf
0.977778	inf
0.977778	inf
0.977778	inf
0.977778	inf
0.977778	inf
0.977778	inf
0.977778	inf
0.977778	inf
0.977778	inf
0.977778	inf
0.977778	inf
0.977778	inf
0.977778	inf
0.977778	inf
0.977778	inf
0.977778	inf
0.985185	inf
0.985185	inf
0.985185	inf
0.985185	inf
0.985185	inf
0.985185	inf
