# Persistence diagram <GML/0151.gml>
#
# Dimension   : 0
# Entries     : 274
# Betti number: 2
0	inf
0	0.955556
0	0.866667
0	0.97037
0	0.948148
0	0.940741
0	0.644444
0	0.977778
0	0.644444
0	0.933333
0	0.903704
0	0.955556
0	0.866667
0	0.977778
0	0.977778
0	0.977778
0	0.644444
0	0.977778
0	0.888889
0	0.933333
0	0.977778
0	0.918519
0	0.866667
0	0.962963
0	0.644444
0	0.955556
0	0.866667
0	0.644444
0	0.644444
0	0.644444
0	0.985185
0	0.933333
0	0.977778
0	0.962963
0	0.644444
0	0.977778
0	0.644444
0	0.940741
0	0.903704
0	0.955556
0	0.977778
0	0.903704
0	0.962963
0	0.644444
0	0.644444
0	0.918519
0	0.918519
0	0.97037
0	0.97037
0	0.903704
0	0.962963
0	0.940741
0	0.933333
0	0.948148
0	0.918519
0	0.955556
0	0.955556
0	0.962963
0	0.903704
0	0.644444
0	0.962963
0	0.644444
0	0.933333
0	0.896296
0	0.644444
0	0.955556
0	0.896296
0	0.866667
0	0.955556
0	0.644444
0	0.962963
0	0.903704
0	0.903704
0	0.97037
0	0.985185
0	0.933333
0	inf
0	0.903704
0	0.985185
0	0.866667
0	0.962963
0	0.866667
0	0.97037
0	0.644444
0	0.985185
0	0.97037
0	0.985185
0	0.97037
0	0.985185
0	0.644444
0	0.918519
0	0.933333
0	0.948148
0	0.977778
0	0.644444
0	0.977778
0	0.918519
0	0.644444
0	0.933333
0	0.940741
0	0.962963
0	0.955556
0	0.948148
0	0.644444
0	0.644444
0	0.644444
0	0.918519
0	0.903704
0	0.977778
0	0.985185
0	0.918519
0	0.644444
0	0.644444
0	0.977778
0	0.918519
0	0.896296
0	0.918519
0	0.644444
0	0.955556
0	0.903704
0	0.955556
0	0.644444
0	0.948148
0	0.955556
0	0.97037
0	0.644444
0	0.985185
0	0.955556
0	0.896296
0	0.962963
0	0.866667
0	0.97037
0	0.992593
0	0.933333
0	0.866667
0	0.918519
0	0.97037
0	0.903704
0	0.948148
0	0.644444
0	0.985185
0	0.977778
0	0.977778
0	0.97037
0	0.985185
0	0.97037
0	0.888889
0	0.888889
0	0.918519
0	0.955556
0	0.948148
0	0.962963
0	0.644444
0	0.97037
0	0.644444
0	0.962963
0	0.888889
0	0.866667
0	0.955556
0	0.644444
0	0.866667
0	0.918519
0	0.644444
0	0.962963
0	0.866667
0	0.940741
0	0.955556
0	0.644444
0	0.948148
0	0.644444
0	0.933333
0	0.948148
0	0.97037
0	0.933333
0	0.918519
0	0.97037
0	0.903704
0	0.903704
0	0.977778
0	0.940741
0	0.962963
0	0.888889
0	0.955556
0	0.888889
0	0.644444
0	0.896296
0	0.955556
0	0.97037
0	0.977778
0	0.918519
0	0.97037
0	0.903704
0	0.955556
0	0.985185
0	0.955556
0	0.962963
0	0.933333
0	0.955556
0	0.955556
0	0.977778
0	0.985185
0	0.97037
0	0.962963
0	0.97037
0	0.903704
0	0.644444
0	0.903704
0	0.644444
0	0.97037
0	0.896296
0	0.977778
0	0.955556
0	0.866667
0	0.977778
0	0.940741
0	0.896296
0	0.918519
0	0.985185
0	0.97037
0	0.985185
0	0.940741
0	0.903704
0	0.933333
0	0.918519
0	0.985185
0	0.903704
0	0.948148
0	0.644444
0	0.866667
0	0.644444
0	0.985185
0	0.977778
0	0.933333
0	0.97037
0	0.888889
0	0.97037
0	0.962963
0	0.644444
0	0.888889
0	0.985185
0	0.644444
0	0.962963
0	0.955556
0	0.962963
0	0.948148
0	0.97037
0	0.903704
0	0.866667
0	0.644444
0	0.977778
0	0.933333
0	0.933333
0	0.977778
0	0.977778
0	0.903704
0	0.896296
0	0.644444
0	0.933333
0	0.896296
0	0.985185
0	0.896296
0	0.948148
0	0.962963
0	0.955556
0	0.985185
0	0.962963
0	0.977778
0	0.940741
0	0.644444
0	0.918519
0	0.948148
0	0.644444
0	0.97037
0	0.903704


