# Persistence diagram <GML/0157.gml>
#
# Dimension   : 0
# Entries     : 51
# Betti number: 2
0	inf
0	0.933333
0	0.966667
0	0.966667
0	0.783333
0	0.95
0	0.783333
0	0.783333
0	0.916667
0	0.966667
0	0.95
0	0.85
0	0.85
0	0.85
0	0.966667
0	0.966667
0	0.966667
0	0.95
0	0.966667
0	0.783333
0	0.783333
0	0.783333
0	0.933333
0	0.933333
0	inf
0	0.933333
0	0.933333
0	0.85
0	0.85
0	0.966667
0	0.95
0	0.966667
0	0.966667
0	0.783333
0	0.85
0	0.85
0	0.916667
0	0.783333
0	0.966667
0	0.85
0	0.916667
0	0.783333
0	0.95
0	0.95
0	0.783333
0	0.85
0	0.783333
0	0.95
0	0.966667
0	0.783333
0	0.916667


