# Persistence diagram <GML/0158.gml>
#
# Dimension   : 0
# Entries     : 318
# Betti number: 1
0	inf
0	0.927928
0	0.984985
0	0.96997
0	0.993994
0	0.96997
0	0.972973
0	0.990991
0	0.966967
0	0.978979
0	0.966967
0	0.966967
0	0.990991
0	0.984985
0	0.993994
0	0.963964
0	0.960961
0	0.978979
0	0.978979
0	0.975976
0	0.927928
0	0.984985
0	0.981982
0	0.984985
0	0.993994
0	0.975976
0	0.975976
0	0.96997
0	0.960961
0	0.981982
0	0.96997
0	0.96997
0	0.981982
0	0.987988
0	0.927928
0	0.966967
0	0.987988
0	0.96997
0	0.990991
0	0.987988
0	0.975976
0	0.990991
0	0.978979
0	0.966967
0	0.966967
0	0.975976
0	0.96997
0	0.927928
0	0.987988
0	0.960961
0	0.993994
0	0.927928
0	0.987988
0	0.993994
0	0.993994
0	0.987988
0	0.984985
0	0.927928
0	0.972973
0	0.990991
0	0.993994
0	0.966967
0	0.96997
0	0.993994
0	0.987988
0	0.990991
0	0.960961
0	0.96997
0	0.975976
0	0.96997
0	0.993994
0	0.978979
0	0.978979
0	0.981982
0	0.960961
0	0.981982
0	0.978979
0	0.972973
0	0.981982
0	0.966967
0	0.927928
0	0.981982
0	0.927928
0	0.984985
0	0.978979
0	0.987988
0	0.975976
0	0.972973
0	0.927928
0	0.990991
0	0.966967
0	0.960961
0	0.993994
0	0.978979
0	0.993994
0	0.981982
0	0.987988
0	0.966967
0	0.975976
0	0.978979
0	0.987988
0	0.993994
0	0.96997
0	0.978979
0	0.984985
0	0.993994
0	0.975976
0	0.987988
0	0.990991
0	0.981982
0	0.966967
0	0.981982
0	0.963964
0	0.981982
0	0.978979
0	0.966967
0	0.990991
0	0.981982
0	0.96997
0	0.975976
0	0.960961
0	0.927928
0	0.987988
0	0.987988
0	0.966967
0	0.984985
0	0.993994
0	0.984985
0	0.975976
0	0.990991
0	0.990991
0	0.966967
0	0.981982
0	0.987988
0	0.981982
0	0.966967
0	0.981982
0	0.993994
0	0.963964
0	0.960961
0	0.96997
0	0.984985
0	0.963964
0	0.963964
0	0.963964
0	0.987988
0	0.984985
0	0.987988
0	0.993994
0	0.993994
0	0.990991
0	0.978979
0	0.927928
0	0.975976
0	0.978979
0	0.975976
0	0.990991
0	0.966967
0	0.981982
0	0.984985
0	0.927928
0	0.975976
0	0.978979
0	0.984985
0	0.987988
0	0.960961
0	0.984985
0	0.978979
0	0.990991
0	0.927928
0	0.966967
0	0.960961
0	0.993994
0	0.981982
0	0.96997
0	0.981982
0	0.96997
0	0.960961
0	0.987988
0	0.972973
0	0.993994
0	0.927928
0	0.990991
0	0.984985
0	0.963964
0	0.993994
0	0.978979
0	0.993994
0	0.978979
0	0.990991
0	0.981982
0	0.927928
0	0.993994
0	0.993994
0	0.975976
0	0.981982
0	0.975976
0	0.975976
0	0.966967
0	0.981982
0	0.978979
0	0.981982
0	0.984985
0	0.984985
0	0.990991
0	0.987988
0	0.981982
0	0.981982
0	0.993994
0	0.984985
0	0.963964
0	0.990991
0	0.927928
0	0.990991
0	0.990991
0	0.987988
0	0.966967
0	0.987988
0	0.966967
0	0.927928
0	0.972973
0	0.981982
0	0.990991
0	0.96997
0	0.978979
0	0.975976
0	0.984985
0	0.978979
0	0.927928
0	0.984985
0	0.993994
0	0.963964
0	0.993994
0	0.966967
0	0.987988
0	0.987988
0	0.993994
0	0.972973
0	0.987988
0	0.966967
0	0.987988
0	0.927928
0	0.963964
0	0.984985
0	0.966967
0	0.993994
0	0.966967
0	0.990991
0	0.990991
0	0.990991
0	0.972973
0	0.990991
0	0.981982
0	0.963964
0	0.927928
0	0.978979
0	0.966967
0	0.978979
0	0.993994
0	0.990991
0	0.978979
0	0.927928
0	0.960961
0	0.975976
0	0.990991
0	0.990991
0	0.987988
0	0.975976
0	0.975976
0	0.966967
0	0.987988
0	0.978979
0	0.990991
0	0.978979
0	0.978979
0	0.981982
0	0.96997
0	0.984985
0	0.975976
0	0.987988
0	0.966967
0	0.990991
0	0.981982
0	0.927928
0	0.978979
0	0.978979
0	0.975976
0	0.993994
0	0.981982
0	0.990991
0	0.966967
0	0.981982
0	0.972973
0	0.975976
0	0.978979
0	0.981982
0	0.966967
0	0.978979
0	0.966967
0	0.987988
0	0.975976
0	0.966967
0	0.987988
0	0.978979
0	0.978979
0	0.927928
0	0.975976
0	0.981982
0	0.984985
0	0.987988
0	0.993994
0	0.993994
0	0.990991
0	0.960961
0	0.990991
0	0.984985
0	0.990991
0	0.993994


