# Persistence diagram <GML/0161.gml>
#
# Dimension   : 1
# Entries     : 79
# Betti number: 79
0.947214	inf
0.947214	inf
0.958944	inf
0.964809	inf
0.964809	inf
0.964809	inf
0.967742	inf
0.973607	inf
0.973607	inf
0.973607	inf
0.973607	inf
0.973607	inf
0.97654	inf
0.97654	inf
0.97654	inf
0.97654	inf
0.97654	inf
0.97654	inf
0.979472	inf
0.979472	inf
0.979472	inf
0.979472	inf
0.979472	inf
0.979472	inf
0.979472	inf
0.979472	inf
0.979472	inf
0.979472	inf
0.979472	inf
0.982405	inf
0.982405	inf
0.982405	inf
0.982405	inf
0.982405	inf
0.982405	inf
0.982405	inf
0.985337	inf
0.985337	inf
0.985337	inf
0.985337	inf
0.985337	inf
0.98827	inf
0.98827	inf
0.98827	inf
0.98827	inf
0.98827	inf
0.98827	inf
0.98827	inf
0.98827	inf
0.98827	inf
0.98827	inf
0.98827	inf
0.98827	inf
0.98827	inf
0.98827	inf
0.991202	inf
0.991202	inf
0.991202	inf
0.991202	inf
0.991202	inf
0.991202	inf
0.991202	inf
0.991202	inf
0.991202	inf
0.991202	inf
0.991202	inf
0.991202	inf
0.991202	inf
0.991202	inf
0.991202	inf
0.991202	inf
0.994135	inf
0.994135	inf
0.994135	inf
0.994135	inf
0.994135	inf
0.994135	inf
0.994135	inf
0.994135	inf
