# Persistence diagram <GML/0162.gml>
#
# Dimension   : 0
# Entries     : 153
# Betti number: 5
0	inf
0	0.885057
0	0.816092
0	0.977011
0	0.954023
0	0.977011
0	0.816092
0	0.977011
0	0.701149
0	0.896552
0	0.896552
0	0.954023
0	0.965517
0	0.896552
0	0.931034
0	0.701149
0	0.931034
0	0.816092
0	0.701149
0	0.896552
0	0.942529
0	0.701149
0	inf
0	0.896552
0	0.977011
0	0.896552
0	0.816092
0	0.896552
0	0.701149
0	0.954023
0	0.816092
0	0.816092
0	0.701149
0	0.701149
0	0.977011
0	0.896552
0	0.701149
0	0.965517
0	0.977011
0	inf
0	0.885057
0	0.701149
0	0.896552
0	0.977011
0	0.965517
0	0.954023
0	0.931034
0	0.977011
0	0.896552
0	0.701149
0	0.942529
0	inf
0	0.977011
0	0.965517
0	0.977011
0	0.701149
0	0.896552
0	0.954023
0	0.977011
0	0.896552
0	0.701149
0	0.896552
0	0.977011
0	0.701149
0	0.931034
0	0.977011
0	0.931034
0	0.931034
0	0.896552
0	0.977011
0	0.954023
0	0.701149
0	0.942529
0	0.896552
0	0.977011
0	0.977011
0	0.977011
0	0.931034
0	0.816092
0	0.896552
0	0.816092
0	0.885057
0	0.942529
0	0.965517
0	0.701149
0	0.896552
0	0.701149
0	0.954023
0	0.91954
0	0.701149
0	0.954023
0	0.965517
0	0.942529
0	0.931034
0	0.954023
0	0.816092
0	0.91954
0	0.977011
0	0.977011
0	0.977011
0	inf
0	0.885057
0	0.931034
0	0.896552
0	0.701149
0	0.896552
0	0.977011
0	0.977011
0	0.954023
0	0.896552
0	0.954023
0	0.701149
0	0.931034
0	0.931034
0	0.91954
0	0.701149
0	0.701149
0	0.931034
0	0.896552
0	0.977011
0	0.954023
0	0.896552
0	0.977011
0	0.91954
0	0.954023
0	0.816092
0	0.954023
0	0.965517
0	0.885057
0	0.896552
0	0.896552
0	0.896552
0	0.931034
0	0.701149
0	0.816092
0	0.701149
0	0.896552
0	0.977011
0	0.977011
0	0.816092
0	0.977011
0	0.977011
0	0.896552
0	0.977011
0	0.988506
0	0.942529
0	0.885057
0	0.816092
0	0.701149
0	0.701149
0	0.977011
0	0.954023
0	0.977011


