# Persistence diagram <GML/0167.gml>
#
# Dimension   : 1
# Entries     : 49
# Betti number: 49
0.914894	inf
0.914894	inf
0.914894	inf
0.914894	inf
0.921986	inf
0.921986	inf
0.929078	inf
0.93617	inf
0.943262	inf
0.943262	inf
0.943262	inf
0.943262	inf
0.943262	inf
0.950355	inf
0.950355	inf
0.950355	inf
0.950355	inf
0.957447	inf
0.964539	inf
0.964539	inf
0.964539	inf
0.964539	inf
0.964539	inf
0.964539	inf
0.971631	inf
0.971631	inf
0.971631	inf
0.971631	inf
0.971631	inf
0.971631	inf
0.971631	inf
0.971631	inf
0.971631	inf
0.971631	inf
0.971631	inf
0.971631	inf
0.978723	inf
0.978723	inf
0.978723	inf
0.978723	inf
0.978723	inf
0.978723	inf
0.978723	inf
0.985816	inf
0.985816	inf
0.985816	inf
0.985816	inf
0.985816	inf
0.985816	inf
