# Persistence diagram <GML/0167.gml>
#
# Dimension   : 0
# Entries     : 216
# Betti number: 3
0	inf
0	inf
0	0.943262
0	0.957447
0	0.921986
0	0.808511
0	0.914894
0	0.978723
0	0.985816
0	0.985816
0	0.985816
0	0.914894
0	0.808511
0	0.985816
0	0.943262
0	0.929078
0	0.808511
0	0.964539
0	0.929078
0	0.829787
0	0.978723
0	0.829787
0	0.978723
0	0.985816
0	0.808511
0	0.93617
0	0.978723
0	0.808511
0	0.829787
0	0.978723
0	0.914894
0	0.957447
0	0.93617
0	0.950355
0	0.964539
0	0.921986
0	0.943262
0	0.971631
0	0.964539
0	0.914894
0	0.943262
0	inf
0	0.971631
0	0.808511
0	0.914894
0	0.971631
0	0.985816
0	0.971631
0	0.957447
0	0.808511
0	0.978723
0	0.808511
0	0.914894
0	0.964539
0	0.914894
0	0.985816
0	0.93617
0	0.964539
0	0.971631
0	0.829787
0	0.978723
0	0.914894
0	0.985816
0	0.985816
0	0.943262
0	0.808511
0	0.943262
0	0.985816
0	0.808511
0	0.964539
0	0.943262
0	0.971631
0	0.929078
0	0.829787
0	0.978723
0	0.985816
0	0.985816
0	0.929078
0	0.921986
0	0.978723
0	0.978723
0	0.93617
0	0.978723
0	0.921986
0	0.829787
0	0.978723
0	0.943262
0	0.971631
0	0.914894
0	0.93617
0	0.829787
0	0.978723
0	0.957447
0	0.929078
0	0.929078
0	0.964539
0	0.93617
0	0.921986
0	0.808511
0	0.943262
0	0.978723
0	0.914894
0	0.943262
0	0.978723
0	0.921986
0	0.985816
0	0.808511
0	0.957447
0	0.829787
0	0.93617
0	0.971631
0	0.93617
0	0.971631
0	0.943262
0	0.992908
0	0.978723
0	0.957447
0	0.985816
0	0.971631
0	0.964539
0	0.914894
0	0.985816
0	0.914894
0	0.829787
0	0.808511
0	0.971631
0	0.971631
0	0.964539
0	0.921986
0	0.985816
0	0.978723
0	0.914894
0	0.978723
0	0.829787
0	0.964539
0	0.914894
0	0.829787
0	0.93617
0	0.829787
0	0.93617
0	0.971631
0	0.985816
0	0.971631
0	0.964539
0	0.808511
0	0.957447
0	0.985816
0	0.829787
0	0.978723
0	0.808511
0	0.93617
0	0.978723
0	0.964539
0	0.985816
0	0.829787
0	0.985816
0	0.971631
0	0.978723
0	0.808511
0	0.914894
0	0.829787
0	0.985816
0	0.985816
0	0.829787
0	0.808511
0	0.964539
0	0.985816
0	0.964539
0	0.964539
0	0.93617
0	0.943262
0	0.978723
0	0.978723
0	0.964539
0	0.93617
0	0.950355
0	0.921986
0	0.914894
0	0.93617
0	0.985816
0	0.93617
0	0.964539
0	0.971631
0	0.957447
0	0.964539
0	0.971631
0	0.921986
0	0.957447
0	0.943262
0	0.985816
0	0.964539
0	0.914894
0	0.957447
0	0.964539
0	0.808511
0	0.93617
0	0.929078
0	0.93617
0	0.985816
0	0.829787
0	0.914894
0	0.829787
0	0.957447
0	0.957447
0	0.808511
0	0.808511
0	0.93617
0	0.808511
0	0.808511
0	0.964539
0	0.957447
0	0.808511
0	0.808511
0	0.93617
0	0.964539
0	0.829787


