# Persistence diagram <GML/0173.gml>
#
# Dimension   : 0
# Entries     : 94
# Betti number: 3
0	inf
0	0.8125
0	0.8125
0	0.625
0	0.958333
0	0.8125
0	inf
0	0.625
0	0.645833
0	0.625
0	0.916667
0	0.9375
0	0.833333
0	0.8125
0	0.833333
0	0.958333
0	0.895833
0	0.625
0	0.958333
0	0.833333
0	0.625
0	0.916667
0	0.979167
0	0.8125
0	0.8125
0	0.916667
0	0.916667
0	0.8125
0	0.833333
0	0.958333
0	0.645833
0	0.916667
0	0.895833
0	0.916667
0	0.916667
0	0.645833
0	0.833333
0	0.916667
0	0.916667
0	0.625
0	0.625
0	0.8125
0	inf
0	0.8125
0	0.8125
0	0.625
0	0.9375
0	0.8125
0	0.958333
0	0.9375
0	0.625
0	0.979167
0	0.9375
0	0.8125
0	0.9375
0	0.916667
0	0.895833
0	0.958333
0	0.895833
0	0.625
0	0.625
0	0.833333
0	0.625
0	0.8125
0	0.625
0	0.645833
0	0.895833
0	0.8125
0	0.9375
0	0.916667
0	0.9375
0	0.958333
0	0.645833
0	0.625
0	0.8125
0	0.916667
0	0.9375
0	0.645833
0	0.916667
0	0.895833
0	0.895833
0	0.9375
0	0.958333
0	0.916667
0	0.833333
0	0.916667
0	0.895833
0	0.625
0	0.8125
0	0.9375
0	0.9375
0	0.8125
0	0.916667
0	0.958333


