# Persistence diagram <GML/0174.gml>
#
# Dimension   : 1
# Entries     : 54
# Betti number: 53
0.80531	inf
0.884956	inf
0.884956	0.929204
0.884956	inf
0.911504	inf
0.911504	inf
0.920354	inf
0.929204	inf
0.929204	inf
0.929204	inf
0.929204	inf
0.938053	inf
0.938053	inf
0.938053	inf
0.946903	inf
0.946903	inf
0.946903	inf
0.955752	inf
0.955752	inf
0.955752	inf
0.955752	inf
0.955752	inf
0.955752	inf
0.955752	inf
0.955752	inf
0.955752	inf
0.955752	inf
0.955752	inf
0.964602	inf
0.964602	inf
0.964602	inf
0.964602	inf
0.964602	inf
0.964602	inf
0.964602	inf
0.964602	inf
0.964602	inf
0.964602	inf
0.973451	inf
0.973451	inf
0.973451	inf
0.973451	inf
0.973451	inf
0.982301	inf
0.982301	inf
0.982301	inf
0.982301	inf
0.982301	inf
0.982301	inf
0.982301	inf
0.982301	inf
0.982301	inf
0.982301	inf
0.982301	inf
