# Persistence diagram <GML/0174.gml>
#
# Dimension   : 0
# Entries     : 195
# Betti number: 2
0	inf
0	0.955752
0	0.973451
0	0.982301
0	0.690265
0	0.938053
0	0.690265
0	0.690265
0	0.911504
0	0.982301
0	0.690265
0	0.973451
0	0.973451
0	0.973451
0	0.946903
0	0.690265
0	0.911504
0	0.938053
0	0.938053
0	0.946903
0	0.690265
0	0.690265
0	0.964602
0	0.946903
0	0.946903
0	0.946903
0	0.973451
0	0.973451
0	0.964602
0	0.973451
0	0.690265
0	0.973451
0	0.884956
0	0.973451
0	0.946903
0	0.982301
0	0.955752
0	0.690265
0	0.920354
0	0.938053
0	0.920354
0	0.929204
0	0.982301
0	0.982301
0	0.982301
0	0.690265
0	0.946903
0	0.973451
0	0.982301
0	0.690265
0	0.982301
0	0.690265
0	0.80531
0	0.964602
0	0.938053
0	0.964602
0	inf
0	0.982301
0	0.982301
0	0.80531
0	0.982301
0	0.911504
0	0.946903
0	0.955752
0	0.946903
0	0.964602
0	0.99115
0	0.690265
0	0.80531
0	0.955752
0	0.80531
0	0.964602
0	0.929204
0	0.929204
0	0.955752
0	0.920354
0	0.690265
0	0.690265
0	0.80531
0	0.884956
0	0.80531
0	0.964602
0	0.938053
0	0.964602
0	0.938053
0	0.929204
0	0.946903
0	0.982301
0	0.80531
0	0.964602
0	0.690265
0	0.884956
0	0.938053
0	0.690265
0	0.964602
0	0.920354
0	0.690265
0	0.884956
0	0.955752
0	0.964602
0	0.938053
0	0.973451
0	0.690265
0	0.964602
0	0.938053
0	0.964602
0	0.938053
0	0.80531
0	0.690265
0	0.964602
0	0.946903
0	0.929204
0	0.690265
0	0.982301
0	0.946903
0	0.973451
0	0.946903
0	0.690265
0	0.929204
0	0.929204
0	0.690265
0	0.920354
0	0.973451
0	0.884956
0	0.946903
0	0.946903
0	0.690265
0	0.80531
0	0.982301
0	0.690265
0	0.911504
0	0.690265
0	0.946903
0	0.973451
0	0.929204
0	0.690265
0	0.690265
0	0.946903
0	0.80531
0	0.973451
0	0.80531
0	0.946903
0	0.920354
0	0.955752
0	0.955752
0	0.946903
0	0.964602
0	0.80531
0	0.973451
0	0.955752
0	0.982301
0	0.982301
0	0.973451
0	0.973451
0	0.982301
0	0.973451
0	0.964602
0	0.946903
0	0.982301
0	0.982301
0	0.973451
0	0.973451
0	0.690265
0	0.964602
0	0.690265
0	0.964602
0	0.955752
0	0.955752
0	0.964602
0	0.946903
0	0.973451
0	0.884956
0	0.884956
0	0.973451
0	0.982301
0	0.929204
0	0.80531
0	0.973451
0	0.982301
0	0.80531
0	0.982301
0	0.982301
0	0.80531
0	0.884956
0	0.946903
0	0.884956
0	0.946903
0	0.964602
0	0.884956
0	0.690265
0	0.973451
0	0.973451
0	0.80531
0	0.80531
0	0.938053


