# Persistence diagram <GML/0175.gml>
#
# Dimension   : 0
# Entries     : 156
# Betti number: 6
0	inf
0	0.97861
0	0.962567
0	0.989305
0	0.983957
0	0.97861
0	0.983957
0	0.957219
0	0.97861
0	0.887701
0	0.957219
0	0.887701
0	0.887701
0	0.989305
0	0.97861
0	0.887701
0	0.887701
0	0.983957
0	0.887701
0	0.957219
0	inf
0	0.989305
0	0.930481
0	0.97861
0	0.962567
0	0.983957
0	0.97861
0	0.97861
0	0.962567
0	0.973262
0	inf
0	0.967914
0	0.957219
0	0.946524
0	0.967914
0	0.973262
0	0.989305
0	0.983957
0	0.887701
0	0.97861
0	0.97861
0	0.989305
0	0.983957
0	0.962567
0	0.967914
0	0.951872
0	0.97861
0	0.887701
0	0.989305
0	0.951872
0	0.989305
0	0.887701
0	0.989305
0	0.989305
0	0.967914
0	0.989305
0	0.983957
0	inf
0	0.97861
0	0.989305
0	0.930481
0	0.887701
0	0.930481
0	0.951872
0	0.962567
0	0.930481
0	0.983957
0	0.983957
0	0.983957
0	0.887701
0	0.930481
0	0.946524
0	0.989305
0	0.930481
0	0.983957
0	0.957219
0	0.967914
0	0.983957
0	0.887701
0	0.967914
0	0.983957
0	0.989305
0	0.967914
0	0.97861
0	0.97861
0	0.989305
0	0.951872
0	0.97861
0	0.97861
0	0.983957
0	0.97861
0	0.994652
0	0.962567
0	0.887701
0	0.983957
0	0.989305
0	0.989305
0	0.989305
0	0.989305
0	0.967914
0	0.962567
0	0.951872
0	0.887701
0	0.989305
0	0.962567
0	0.967914
0	0.967914
0	0.962567
0	0.887701
0	inf
0	0.930481
0	0.887701
0	0.994652
0	0.946524
0	0.989305
0	0.962567
0	0.973262
0	0.930481
0	0.989305
0	0.967914
0	0.946524
0	0.983957
0	0.967914
0	0.983957
0	0.97861
0	0.930481
0	0.97861
0	0.983957
0	0.983957
0	0.983957
0	0.887701
0	inf
0	0.983957
0	0.994652
0	0.983957
0	0.983957
0	0.983957
0	0.989305
0	0.957219
0	0.887701
0	0.967914
0	0.989305
0	0.951872
0	0.989305
0	0.989305
0	0.962567
0	0.97861
0	0.983957
0	0.967914
0	0.967914
0	0.983957
0	0.983957
0	0.989305
0	0.97861
0	0.97861
0	0.951872


