# Persistence diagram <GML/0176.gml>
#
# Dimension   : 0
# Entries     : 228
# Betti number: 5
0	inf
0	0.99005
0	0.975124
0	0.975124
0	0.965174
0	0.9801
0	0.985075
0	0.970149
0	0.9801
0	0.960199
0	0.960199
0	0.960199
0	0.985075
0	0.970149
0	0.985075
0	0.965174
0	inf
0	0.970149
0	0.9801
0	0.945274
0	0.975124
0	0.975124
0	0.9801
0	0.985075
0	0.9801
0	0.940299
0	0.960199
0	0.965174
0	0.99005
0	0.975124
0	0.945274
0	0.9801
0	0.960199
0	0.960199
0	0.970149
0	0.975124
0	0.965174
0	0.940299
0	0.940299
0	0.965174
0	0.975124
0	0.945274
0	0.985075
0	0.99005
0	0.99005
0	0.960199
0	0.970149
0	0.965174
0	0.970149
0	0.985075
0	0.940299
0	0.985075
0	0.985075
0	0.99005
0	0.965174
0	0.965174
0	0.945274
0	0.970149
0	0.985075
0	0.985075
0	0.960199
0	0.965174
0	0.960199
0	0.99005
0	0.985075
0	0.975124
0	0.945274
0	0.9801
0	0.940299
0	0.985075
0	0.970149
0	0.99005
0	0.970149
0	0.965174
0	0.985075
0	inf
0	0.985075
0	0.985075
0	0.960199
0	0.960199
0	0.985075
0	0.9801
0	0.9801
0	0.985075
0	0.970149
0	0.9801
0	0.99005
0	0.99005
0	0.99005
0	0.99005
0	0.99005
0	0.965174
0	0.970149
0	0.970149
0	0.960199
0	0.965174
0	0.950249
0	0.940299
0	0.985075
0	0.965174
0	0.970149
0	0.950249
0	0.985075
0	0.965174
0	0.975124
0	inf
0	0.940299
0	0.985075
0	0.950249
0	0.945274
0	0.975124
0	0.99005
0	0.99005
0	0.950249
0	0.99005
0	0.9801
0	0.985075
0	0.960199
0	0.985075
0	0.985075
0	0.950249
0	0.970149
0	0.985075
0	0.970149
0	0.985075
0	0.940299
0	0.975124
0	0.960199
0	0.9801
0	0.960199
0	0.985075
0	0.950249
0	0.985075
0	0.9801
0	0.945274
0	0.9801
0	0.985075
0	0.9801
0	0.99005
0	0.99005
0	0.965174
0	0.9801
0	0.965174
0	0.9801
0	0.945274
0	0.965174
0	0.985075
0	0.940299
0	0.99005
0	0.99005
0	0.940299
0	0.960199
0	0.985075
0	0.950249
0	0.960199
0	0.985075
0	0.960199
0	0.945274
0	0.945274
0	0.975124
0	0.985075
0	0.975124
0	0.9801
0	0.975124
0	0.985075
0	0.99005
0	0.99005
0	0.965174
0	0.975124
0	0.99005
0	0.99005
0	0.960199
0	0.975124
0	0.99005
0	0.99005
0	0.985075
0	0.970149
0	0.99005
0	0.965174
0	0.9801
0	0.960199
0	0.970149
0	0.9801
0	0.99005
0	0.975124
0	0.99005
0	0.985075
0	inf
0	0.965174
0	0.9801
0	0.965174
0	0.99005
0	0.965174
0	0.965174
0	0.965174
0	0.985075
0	0.945274
0	0.99005
0	0.970149
0	0.965174
0	0.960199
0	0.995025
0	0.940299
0	0.975124
0	0.9801
0	0.99005
0	0.960199
0	0.99005
0	0.945274
0	0.960199
0	0.99005
0	0.9801
0	0.975124
0	0.985075
0	0.985075
0	0.985075
0	0.960199
0	0.985075
0	0.970149
0	0.995025
0	0.975124
0	0.970149
0	0.985075
0	0.940299
0	0.945274
0	0.9801
0	0.985075
0	0.965174


