# Persistence diagram <GML/0179.gml>
#
# Dimension   : 1
# Entries     : 122
# Betti number: 122
0.897674	inf
0.897674	inf
0.897674	inf
0.897674	inf
0.897674	inf
0.906977	inf
0.92093	inf
0.92093	inf
0.92093	inf
0.934884	inf
0.944186	inf
0.944186	inf
0.944186	inf
0.944186	inf
0.944186	inf
0.944186	inf
0.944186	inf
0.944186	inf
0.944186	inf
0.948837	inf
0.948837	inf
0.948837	inf
0.948837	inf
0.948837	inf
0.948837	inf
0.948837	inf
0.953488	inf
0.953488	inf
0.953488	inf
0.953488	inf
0.95814	inf
0.95814	inf
0.95814	inf
0.95814	inf
0.95814	inf
0.95814	inf
0.95814	inf
0.95814	inf
0.95814	inf
0.962791	inf
0.962791	inf
0.962791	inf
0.962791	inf
0.962791	inf
0.962791	inf
0.962791	inf
0.962791	inf
0.962791	inf
0.962791	inf
0.962791	inf
0.962791	inf
0.962791	inf
0.962791	inf
0.967442	inf
0.967442	inf
0.967442	inf
0.967442	inf
0.967442	inf
0.967442	inf
0.967442	inf
0.967442	inf
0.967442	inf
0.967442	inf
0.967442	inf
0.967442	inf
0.972093	inf
0.972093	inf
0.972093	inf
0.972093	inf
0.976744	inf
0.976744	inf
0.976744	inf
0.976744	inf
0.976744	inf
0.976744	inf
0.976744	inf
0.976744	inf
0.976744	inf
0.976744	inf
0.976744	inf
0.976744	inf
0.976744	inf
0.976744	inf
0.976744	inf
0.976744	inf
0.976744	inf
0.976744	inf
0.981395	inf
0.981395	inf
0.981395	inf
0.981395	inf
0.981395	inf
0.981395	inf
0.981395	inf
0.981395	inf
0.981395	inf
0.981395	inf
0.981395	inf
0.981395	inf
0.981395	inf
0.981395	inf
0.981395	inf
0.986047	inf
0.986047	inf
0.986047	inf
0.986047	inf
0.986047	inf
0.986047	inf
0.986047	inf
0.986047	inf
0.986047	inf
0.986047	inf
0.986047	inf
0.990698	inf
0.990698	inf
0.990698	inf
0.990698	inf
0.990698	inf
0.990698	inf
0.990698	inf
0.990698	inf
0.990698	inf
