# Persistence diagram <GML/0180.gml>
#
# Dimension   : 0
# Entries     : 245
# Betti number: 5
0	inf
0	0.99449
0	0.986226
0	0.977961
0	0.991736
0	0.991736
0	0.99449
0	0.958678
0	0.942149
0	0.977961
0	0.983471
0	0.972452
0	0.972452
0	0.977961
0	0.972452
0	0.991736
0	0.980716
0	0.983471
0	0.969697
0	0.99449
0	0.977961
0	0.986226
0	0.986226
0	0.942149
0	0.99449
0	0.969697
0	0.991736
0	0.958678
0	0.942149
0	0.99449
0	0.986226
0	0.99449
0	0.975207
0	0.972452
0	0.991736
0	0.988981
0	0.983471
0	0.991736
0	0.961433
0	0.986226
0	0.977961
0	0.988981
0	inf
0	0.99449
0	0.972452
0	0.942149
0	0.986226
0	0.942149
0	0.975207
0	0.977961
0	0.988981
0	0.988981
0	0.988981
0	0.991736
0	0.986226
0	0.99449
0	0.99449
0	0.99449
0	0.975207
0	0.986226
0	0.977961
0	0.975207
0	0.99449
0	0.99449
0	0.961433
0	0.942149
0	0.988981
0	0.99449
0	0.977961
0	0.988981
0	0.99449
0	0.977961
0	0.988981
0	0.961433
0	0.961433
0	0.988981
0	0.986226
0	0.977961
0	0.961433
0	0.958678
0	0.99449
0	0.99449
0	0.980716
0	0.961433
0	0.958678
0	0.99449
0	0.969697
0	0.980716
0	0.991736
0	0.991736
0	0.983471
0	0.975207
0	0.961433
0	0.942149
0	0.991736
0	0.958678
0	inf
0	0.983471
0	0.99449
0	0.991736
0	0.983471
0	0.972452
0	0.983471
0	0.986226
0	0.980716
0	0.977961
0	0.972452
0	0.961433
0	0.988981
0	0.972452
0	0.980716
0	0.975207
0	0.988981
0	0.988981
0	0.99449
0	0.975207
0	0.988981
0	0.997245
0	0.988981
0	0.958678
0	0.980716
0	0.988981
0	0.961433
0	0.988981
0	inf
0	0.980716
0	0.958678
0	0.942149
0	0.986226
0	0.986226
0	0.991736
0	0.99449
0	0.961433
0	0.942149
0	0.983471
0	0.975207
0	0.961433
0	0.99449
0	0.99449
0	0.991736
0	0.977961
0	0.972452
0	0.991736
0	0.988981
0	0.972452
0	inf
0	0.988981
0	0.99449
0	0.986226
0	0.977961
0	0.975207
0	0.958678
0	0.997245
0	0.991736
0	0.942149
0	0.99449
0	0.977961
0	0.958678
0	0.988981
0	0.986226
0	0.983471
0	0.980716
0	0.986226
0	0.969697
0	0.99449
0	0.975207
0	0.99449
0	0.99449
0	0.977961
0	0.942149
0	0.969697
0	0.958678
0	0.99449
0	0.972452
0	0.991736
0	0.977961
0	0.972452
0	0.99449
0	0.980716
0	0.977961
0	0.980716
0	0.942149
0	0.988981
0	0.991736
0	0.991736
0	0.983471
0	0.977961
0	0.991736
0	0.997245
0	0.983471
0	0.988981
0	0.983471
0	0.942149
0	0.942149
0	0.986226
0	0.988981
0	0.991736
0	0.99449
0	0.983471
0	0.977961
0	0.991736
0	0.99449
0	0.975207
0	0.942149
0	0.986226
0	0.983471
0	0.988981
0	0.99449
0	0.991736
0	0.988981
0	0.988981
0	0.991736
0	0.980716
0	0.991736
0	0.969697
0	0.99449
0	0.975207
0	0.988981
0	0.972452
0	0.99449
0	0.99449
0	0.958678
0	0.972452
0	0.977961
0	0.977961
0	0.986226
0	0.942149
0	0.986226
0	0.977961
0	0.997245
0	0.972452
0	0.961433
0	0.977961
0	0.983471
0	0.983471
0	0.942149
0	0.942149
0	0.942149
0	0.977961
0	0.977961
0	0.983471
0	0.977961
0	0.977961
0	0.988981
0	0.980716


