# Persistence diagram <GML/0185.gml>
#
# Dimension   : 1
# Entries     : 42
# Betti number: 42
0.924051	inf
0.936709	inf
0.936709	inf
0.949367	inf
0.962025	inf
0.962025	inf
0.962025	inf
0.962025	inf
0.962025	inf
0.968354	inf
0.968354	inf
0.968354	inf
0.968354	inf
0.968354	inf
0.968354	inf
0.968354	inf
0.968354	inf
0.968354	inf
0.968354	inf
0.974684	inf
0.974684	inf
0.974684	inf
0.974684	inf
0.974684	inf
0.974684	inf
0.974684	inf
0.981013	inf
0.981013	inf
0.981013	inf
0.981013	inf
0.981013	inf
0.981013	inf
0.981013	inf
0.987342	inf
0.987342	inf
0.987342	inf
0.987342	inf
0.987342	inf
0.987342	inf
0.987342	inf
0.987342	inf
0.987342	inf
