# Persistence diagram <GML/0185.gml>
#
# Dimension   : 0
# Entries     : 137
# Betti number: 2
0	inf
0	0.917722
0	0.911392
0	0.968354
0	0.917722
0	0.974684
0	0.968354
0	0.987342
0	0.949367
0	0.949367
0	0.962025
0	0.974684
0	0.981013
0	0.968354
0	0.987342
0	0.987342
0	0.987342
0	0.911392
0	0.936709
0	0.911392
0	0.987342
0	0.968354
0	0.974684
0	0.924051
0	0.911392
0	0.962025
0	0.968354
0	0.981013
0	0.987342
0	0.974684
0	0.949367
0	0.987342
0	0.981013
0	0.943038
0	0.987342
0	0.936709
0	0.987342
0	0.962025
0	0.962025
0	0.987342
0	0.936709
0	0.962025
0	0.987342
0	0.981013
0	0.917722
0	0.962025
0	0.981013
0	0.968354
0	0.949367
0	0.943038
0	0.911392
0	0.968354
0	0.917722
0	0.981013
0	0.968354
0	0.987342
0	0.981013
0	0.968354
0	0.936709
0	0.968354
0	0.911392
0	0.987342
0	0.974684
0	0.968354
0	0.968354
0	0.974684
0	0.987342
0	0.936709
0	0.936709
0	0.917722
0	0.974684
0	0.981013
0	0.936709
0	0.962025
0	0.987342
0	0.917722
0	0.962025
0	0.911392
0	0.987342
0	0.943038
0	0.949367
0	0.968354
0	0.981013
0	0.968354
0	0.924051
0	0.949367
0	0.917722
0	0.981013
0	0.924051
0	0.974684
0	0.987342
0	0.962025
0	0.943038
0	0.968354
0	0.987342
0	0.974684
0	0.911392
0	0.987342
0	0.981013
0	0.924051
0	0.943038
0	0.981013
0	0.974684
0	0.968354
0	0.968354
0	0.974684
0	0.924051
0	0.968354
0	0.911392
0	0.936709
0	0.917722
0	0.917722
0	0.981013
0	0.987342
0	inf
0	0.974684
0	0.968354
0	0.911392
0	0.943038
0	0.968354
0	0.917722
0	0.911392
0	0.987342
0	0.962025
0	0.968354
0	0.943038
0	0.993671
0	0.974684
0	0.962025
0	0.968354
0	0.924051
0	0.968354
0	0.987342
0	0.968354
0	0.949367
0	0.974684
0	0.981013


