# Persistence diagram <GML/0188.gml>
#
# Dimension   : 0
# Entries     : 147
# Betti number: 9
0	inf
0	0.977273
0	0.909091
0	inf
0	0.806818
0	0.965909
0	inf
0	0.954545
0	0.977273
0	0.954545
0	0.954545
0	0.806818
0	0.806818
0	0.875
0	0.977273
0	0.965909
0	0.954545
0	inf
0	0.954545
0	0.965909
0	0.931818
0	0.954545
0	0.806818
0	0.954545
0	0.965909
0	0.977273
0	0.977273
0	0.954545
0	0.965909
0	0.954545
0	inf
0	0.977273
0	0.943182
0	0.954545
0	0.909091
0	0.909091
0	0.875
0	0.977273
0	0.965909
0	0.965909
0	0.943182
0	0.977273
0	0.954545
0	0.909091
0	0.954545
0	0.909091
0	0.954545
0	0.909091
0	inf
0	0.977273
0	0.806818
0	0.977273
0	0.965909
0	0.909091
0	0.954545
0	0.875
0	0.965909
0	0.977273
0	0.977273
0	0.806818
0	0.977273
0	0.965909
0	0.977273
0	0.977273
0	0.909091
0	0.977273
0	0.977273
0	0.806818
0	0.965909
0	0.977273
0	0.909091
0	0.806818
0	0.965909
0	0.806818
0	0.806818
0	0.965909
0	0.965909
0	0.977273
0	0.977273
0	0.875
0	inf
0	inf
0	0.977273
0	inf
0	0.931818
0	0.977273
0	0.954545
0	0.965909
0	0.977273
0	0.965909
0	0.943182
0	0.977273
0	0.875
0	0.954545
0	0.806818
0	0.954545
0	0.943182
0	0.943182
0	0.977273
0	0.977273
0	0.965909
0	0.977273
0	0.909091
0	0.875
0	0.977273
0	0.954545
0	0.806818
0	0.954545
0	0.977273
0	0.977273
0	0.806818
0	0.806818
0	0.965909
0	0.806818
0	0.875
0	0.977273
0	0.875
0	0.943182
0	0.943182
0	0.909091
0	0.875
0	0.965909
0	0.977273
0	0.977273
0	0.988636
0	0.977273
0	0.943182
0	0.977273
0	0.977273
0	0.988636
0	0.954545
0	0.965909
0	0.977273
0	0.875
0	0.977273
0	0.943182
0	0.965909
0	0.965909
0	0.943182
0	0.965909
0	0.954545
0	0.954545
0	0.977273
0	0.954545
0	0.977273
0	0.954545
0	0.806818


