# Persistence diagram <GML/0191.gml>
#
# Dimension   : 1
# Entries     : 73
# Betti number: 73
0.834356	inf
0.834356	inf
0.877301	inf
0.889571	inf
0.889571	inf
0.889571	inf
0.889571	inf
0.889571	inf
0.92638	inf
0.92638	inf
0.92638	inf
0.944785	inf
0.944785	inf
0.944785	inf
0.944785	inf
0.944785	inf
0.957055	inf
0.957055	inf
0.957055	inf
0.957055	inf
0.957055	inf
0.957055	inf
0.96319	inf
0.96319	inf
0.969325	inf
0.969325	inf
0.969325	inf
0.969325	inf
0.969325	inf
0.969325	inf
0.969325	inf
0.969325	inf
0.969325	inf
0.97546	inf
0.97546	inf
0.97546	inf
0.97546	inf
0.97546	inf
0.97546	inf
0.97546	inf
0.97546	inf
0.97546	inf
0.97546	inf
0.97546	inf
0.97546	inf
0.97546	inf
0.97546	inf
0.97546	inf
0.97546	inf
0.97546	inf
0.97546	inf
0.97546	inf
0.97546	inf
0.97546	inf
0.97546	inf
0.97546	inf
0.97546	inf
0.97546	inf
0.97546	inf
0.981595	inf
0.981595	inf
0.981595	inf
0.981595	inf
0.981595	inf
0.981595	inf
0.981595	inf
0.981595	inf
0.981595	inf
0.981595	inf
0.98773	inf
0.98773	inf
0.98773	inf
0.98773	inf
