# Persistence diagram <GML/0195.gml>
#
# Dimension   : 0
# Entries     : 130
# Betti number: 2
0	inf
0	0.948052
0	0.987013
0	0.941558
0	0.967532
0	inf
0	0.902597
0	0.915584
0	0.915584
0	0.909091
0	0.941558
0	0.935065
0	0.974026
0	0.909091
0	0.967532
0	0.909091
0	0.987013
0	0.902597
0	0.980519
0	0.935065
0	0.980519
0	0.935065
0	0.915584
0	0.980519
0	0.980519
0	0.902597
0	0.909091
0	0.961039
0	0.928571
0	0.941558
0	0.974026
0	0.902597
0	0.980519
0	0.915584
0	0.909091
0	0.909091
0	0.961039
0	0.987013
0	0.935065
0	0.909091
0	0.980519
0	0.987013
0	0.987013
0	0.967532
0	0.909091
0	0.915584
0	0.935065
0	0.909091
0	0.980519
0	0.961039
0	0.909091
0	0.987013
0	0.909091
0	0.915584
0	0.980519
0	0.909091
0	0.935065
0	0.961039
0	0.967532
0	0.902597
0	0.980519
0	0.909091
0	0.909091
0	0.902597
0	0.974026
0	0.909091
0	0.941558
0	0.935065
0	0.909091
0	0.902597
0	0.993506
0	0.948052
0	0.909091
0	0.980519
0	0.948052
0	0.915584
0	0.967532
0	0.941558
0	0.935065
0	0.902597
0	0.941558
0	0.948052
0	0.980519
0	0.941558
0	0.909091
0	0.909091
0	0.909091
0	0.961039
0	0.980519
0	0.909091
0	0.928571
0	0.902597
0	0.967532
0	0.987013
0	0.909091
0	0.909091
0	0.915584
0	0.987013
0	0.980519
0	0.967532
0	0.980519
0	0.948052
0	0.980519
0	0.941558
0	0.980519
0	0.909091
0	0.928571
0	0.967532
0	0.941558
0	0.974026
0	0.987013
0	0.974026
0	0.987013
0	0.928571
0	0.987013
0	0.967532
0	0.980519
0	0.902597
0	0.941558
0	0.902597
0	0.928571
0	0.987013
0	0.948052
0	0.987013
0	0.909091
0	0.935065
0	0.915584
0	0.974026
0	0.902597
0	0.987013


