# Persistence diagram <GML/0197.gml>
#
# Dimension   : 1
# Entries     : 56
# Betti number: 56
0.824242	inf
0.824242	inf
0.945455	inf
0.945455	inf
0.945455	inf
0.945455	inf
0.951515	inf
0.957576	inf
0.957576	inf
0.957576	inf
0.957576	inf
0.963636	inf
0.963636	inf
0.963636	inf
0.963636	inf
0.963636	inf
0.963636	inf
0.963636	inf
0.963636	inf
0.963636	inf
0.963636	inf
0.963636	inf
0.963636	inf
0.963636	inf
0.963636	inf
0.969697	inf
0.969697	inf
0.969697	inf
0.969697	inf
0.969697	inf
0.975758	inf
0.975758	inf
0.975758	inf
0.975758	inf
0.975758	inf
0.975758	inf
0.975758	inf
0.981818	inf
0.981818	inf
0.981818	inf
0.981818	inf
0.981818	inf
0.981818	inf
0.981818	inf
0.981818	inf
0.981818	inf
0.981818	inf
0.981818	inf
0.981818	inf
0.981818	inf
0.981818	inf
0.987879	inf
0.987879	inf
0.987879	inf
0.987879	inf
0.987879	inf
