# Persistence diagram <GML/0198.gml>
#
# Dimension   : 1
# Entries     : 72
# Betti number: 72
0.915663	inf
0.915663	inf
0.921687	inf
0.921687	inf
0.921687	inf
0.921687	inf
0.921687	inf
0.933735	inf
0.939759	inf
0.939759	inf
0.951807	inf
0.951807	inf
0.957831	inf
0.957831	inf
0.957831	inf
0.963855	inf
0.963855	inf
0.963855	inf
0.963855	inf
0.963855	inf
0.963855	inf
0.963855	inf
0.963855	inf
0.963855	inf
0.963855	inf
0.96988	inf
0.96988	inf
0.96988	inf
0.96988	inf
0.96988	inf
0.96988	inf
0.96988	inf
0.96988	inf
0.96988	inf
0.96988	inf
0.96988	inf
0.96988	inf
0.96988	inf
0.975904	inf
0.975904	inf
0.975904	inf
0.975904	inf
0.975904	inf
0.975904	inf
0.975904	inf
0.975904	inf
0.975904	inf
0.975904	inf
0.975904	inf
0.975904	inf
0.975904	inf
0.975904	inf
0.975904	inf
0.975904	inf
0.975904	inf
0.975904	inf
0.975904	inf
0.981928	inf
0.981928	inf
0.981928	inf
0.981928	inf
0.981928	inf
0.981928	inf
0.981928	inf
0.981928	inf
0.981928	inf
0.981928	inf
0.981928	inf
0.987952	inf
0.987952	inf
0.987952	inf
0.987952	inf
