# Persistence diagram <GML/0198.gml>
#
# Dimension   : 0
# Entries     : 239
# Betti number: 4
0	inf
0	0.987952
0	0.987952
0	0.963855
0	0.981928
0	0.957831
0	0.975904
0	0.96988
0	0.96988
0	0.987952
0	0.903614
0	0.981928
0	0.975904
0	0.975904
0	0.975904
0	0.915663
0	0.981928
0	0.915663
0	0.963855
0	0.975904
0	inf
0	0.987952
0	0.951807
0	inf
0	0.921687
0	0.981928
0	0.903614
0	0.945783
0	0.945783
0	0.957831
0	0.981928
0	0.975904
0	0.987952
0	0.975904
0	0.957831
0	0.975904
0	0.981928
0	0.957831
0	0.96988
0	0.96988
0	0.939759
0	0.915663
0	0.975904
0	0.957831
0	0.987952
0	0.975904
0	0.963855
0	0.981928
0	0.96988
0	0.957831
0	0.933735
0	0.921687
0	0.96988
0	0.921687
0	0.96988
0	0.903614
0	0.981928
0	0.915663
0	0.957831
0	0.96988
0	0.975904
0	0.987952
0	0.981928
0	0.921687
0	0.987952
0	0.975904
0	0.939759
0	0.963855
0	0.963855
0	0.96988
0	0.987952
0	0.963855
0	0.987952
0	0.903614
0	0.96988
0	0.939759
0	0.933735
0	0.987952
0	0.96988
0	0.96988
0	0.987952
0	0.987952
0	0.945783
0	0.975904
0	0.945783
0	0.915663
0	0.96988
0	0.957831
0	0.987952
0	0.933735
0	0.951807
0	0.939759
0	0.96988
0	0.96988
0	0.903614
0	0.987952
0	0.945783
0	0.903614
0	0.921687
0	0.915663
0	0.987952
0	0.903614
0	0.951807
0	0.963855
0	0.915663
0	0.963855
0	inf
0	0.957831
0	0.921687
0	0.96988
0	0.981928
0	0.981928
0	0.921687
0	0.945783
0	0.933735
0	0.921687
0	0.987952
0	0.921687
0	0.96988
0	0.963855
0	0.987952
0	0.96988
0	0.96988
0	0.981928
0	0.933735
0	0.939759
0	0.957831
0	0.987952
0	0.975904
0	0.987952
0	0.945783
0	0.933735
0	0.975904
0	0.963855
0	0.987952
0	0.96988
0	0.963855
0	0.975904
0	0.951807
0	0.987952
0	0.933735
0	0.903614
0	0.981928
0	0.939759
0	0.96988
0	0.975904
0	0.903614
0	0.96988
0	0.987952
0	0.957831
0	0.921687
0	0.921687
0	0.903614
0	0.975904
0	0.939759
0	0.981928
0	0.96988
0	0.921687
0	0.96988
0	0.975904
0	0.963855
0	0.921687
0	0.981928
0	0.903614
0	0.945783
0	0.975904
0	0.987952
0	0.957831
0	0.975904
0	0.915663
0	0.963855
0	0.957831
0	0.987952
0	0.921687
0	0.987952
0	0.957831
0	0.981928
0	0.987952
0	0.96988
0	0.903614
0	0.975904
0	0.939759
0	0.987952
0	0.921687
0	0.933735
0	0.903614
0	0.993976
0	0.96988
0	0.987952
0	0.981928
0	0.939759
0	0.96988
0	0.939759
0	0.957831
0	0.96988
0	0.939759
0	0.963855
0	0.975904
0	0.987952
0	0.975904
0	0.975904
0	0.939759
0	0.939759
0	0.987952
0	0.921687
0	0.915663
0	0.939759
0	0.987952
0	0.981928
0	0.963855
0	0.981928
0	0.933735
0	0.993976
0	0.987952
0	0.96988
0	0.921687
0	0.96988
0	0.939759
0	0.939759
0	0.987952
0	0.975904
0	0.915663
0	0.987952
0	0.957831
0	0.963855
0	0.96988
0	0.915663
0	0.921687
0	0.915663
0	0.903614
0	0.975904
0	0.933735
0	0.96988
0	0.96988
0	0.957831
0	0.975904
0	0.987952
0	0.987952
0	0.951807


