# Persistence diagram <GML/0199.gml>
#
# Dimension   : 0
# Entries     : 131
# Betti number: 2
0	inf
0	0.967391
0	0.956522
0	0.782609
0	0.967391
0	0.728261
0	0.978261
0	0.858696
0	0.978261
0	0.728261
0	0.934783
0	0.728261
0	0.858696
0	0.923913
0	0.967391
0	0.923913
0	0.967391
0	inf
0	0.847826
0	0.891304
0	0.782609
0	0.891304
0	0.945652
0	0.967391
0	0.728261
0	0.956522
0	0.858696
0	0.728261
0	0.934783
0	0.934783
0	0.978261
0	0.728261
0	0.782609
0	0.728261
0	0.728261
0	0.728261
0	0.728261
0	0.945652
0	0.967391
0	0.902174
0	0.847826
0	0.728261
0	0.978261
0	0.858696
0	0.934783
0	0.956522
0	0.967391
0	0.967391
0	0.934783
0	0.923913
0	0.847826
0	0.978261
0	0.967391
0	0.934783
0	0.98913
0	0.728261
0	0.858696
0	0.923913
0	0.728261
0	0.967391
0	0.934783
0	0.978261
0	0.956522
0	0.902174
0	0.782609
0	0.891304
0	0.891304
0	0.934783
0	0.728261
0	0.967391
0	0.847826
0	0.923913
0	0.934783
0	0.956522
0	0.728261
0	0.967391
0	0.728261
0	0.847826
0	0.782609
0	0.847826
0	0.902174
0	0.967391
0	0.967391
0	0.945652
0	0.728261
0	0.728261
0	0.934783
0	0.847826
0	0.934783
0	0.728261
0	0.782609
0	0.891304
0	0.945652
0	0.978261
0	0.782609
0	0.945652
0	0.923913
0	0.956522
0	0.934783
0	0.967391
0	0.847826
0	0.728261
0	0.956522
0	0.782609
0	0.967391
0	0.945652
0	0.858696
0	0.891304
0	0.891304
0	0.847826
0	0.967391
0	0.923913
0	0.728261
0	0.902174
0	0.782609
0	0.891304
0	0.728261
0	0.728261
0	0.945652
0	0.891304
0	0.934783
0	0.728261
0	0.782609
0	0.858696
0	0.967391
0	0.934783
0	0.728261
0	0.978261
0	0.967391
0	0.847826
0	0.934783


