# Persistence diagram <GML/0202.gml>
#
# Dimension   : 1
# Entries     : 93
# Betti number: 91
0.916667	inf
0.916667	inf
0.916667	inf
0.916667	inf
0.916667	inf
0.916667	inf
0.916667	0.95
0.916667	inf
0.916667	inf
0.916667	inf
0.916667	inf
0.916667	inf
0.916667	0.933333
0.916667	inf
0.916667	inf
0.916667	inf
0.945833	inf
0.954167	inf
0.958333	inf
0.958333	inf
0.958333	inf
0.958333	inf
0.958333	inf
0.9625	inf
0.9625	inf
0.966667	inf
0.966667	inf
0.966667	inf
0.970833	inf
0.970833	inf
0.975	inf
0.975	inf
0.975	inf
0.975	inf
0.975	inf
0.975	inf
0.975	inf
0.975	inf
0.975	inf
0.975	inf
0.975	inf
0.975	inf
0.975	inf
0.975	inf
0.975	inf
0.975	inf
0.975	inf
0.975	inf
0.975	inf
0.975	inf
0.979167	inf
0.979167	inf
0.979167	inf
0.979167	inf
0.979167	inf
0.979167	inf
0.979167	inf
0.979167	inf
0.979167	inf
0.979167	inf
0.979167	inf
0.979167	inf
0.979167	inf
0.979167	inf
0.983333	inf
0.983333	inf
0.983333	inf
0.983333	inf
0.983333	inf
0.983333	inf
0.983333	inf
0.983333	inf
0.983333	inf
0.983333	inf
0.983333	inf
0.983333	inf
0.9875	inf
0.9875	inf
0.9875	inf
0.9875	inf
0.9875	inf
0.9875	inf
0.9875	inf
0.9875	inf
0.991667	inf
0.991667	inf
0.991667	inf
0.991667	inf
0.991667	inf
0.991667	inf
0.991667	inf
0.991667	inf
0.991667	inf
