# Persistence diagram <GML/0203.gml>
#
# Dimension   : 0
# Entries     : 197
# Betti number: 4
0	inf
0	0.918699
0	0.837398
0	0.837398
0	0.98374
0	0.95122
0	0.886179
0	0.95122
0	0.886179
0	0.886179
0	0.886179
0	0.918699
0	0.97561
0	0.97561
0	0.837398
0	0.97561
0	0.886179
0	0.97561
0	0.95122
0	0.95122
0	0.918699
0	0.886179
0	0.97561
0	0.837398
0	0.97561
0	0.837398
0	0.96748
0	0.97561
0	0.95122
0	0.96748
0	0.837398
0	0.886179
0	0.837398
0	0.96748
0	0.95122
0	0.98374
0	0.878049
0	0.97561
0	0.918699
0	0.878049
0	0.878049
0	0.902439
0	0.95935
0	0.97561
0	inf
0	0.878049
0	0.97561
0	0.97561
0	0.837398
0	0.886179
0	0.98374
0	0.97561
0	0.98374
0	0.902439
0	0.902439
0	0.902439
0	0.837398
0	0.878049
0	0.98374
0	0.98374
0	0.902439
0	0.95122
0	0.96748
0	0.95122
0	0.96748
0	0.98374
0	0.95122
0	0.886179
0	0.878049
0	0.97561
0	0.95935
0	0.97561
0	0.98374
0	0.95935
0	0.95935
0	0.97561
0	0.886179
0	0.934959
0	0.98374
0	0.902439
0	0.97561
0	0.96748
0	0.97561
0	0.97561
0	0.902439
0	0.95935
0	0.878049
0	0.96748
0	0.97561
0	0.95122
0	0.837398
0	0.97561
0	0.837398
0	0.95935
0	0.95935
0	0.97561
0	0.98374
0	0.98374
0	0.918699
0	0.96748
0	0.95122
0	0.97561
0	0.97561
0	0.98374
0	0.934959
0	inf
0	0.837398
0	0.943089
0	0.96748
0	0.96748
0	0.97561
0	0.837398
0	0.96748
0	0.878049
0	0.934959
0	0.886179
0	0.97561
0	0.943089
0	0.96748
0	0.878049
0	0.95935
0	0.943089
0	0.97561
0	0.902439
0	0.96748
0	0.95935
0	0.837398
0	0.95122
0	0.98374
0	0.934959
0	0.98374
0	0.98374
0	0.95122
0	0.99187
0	0.97561
0	0.95122
0	0.98374
0	0.886179
0	0.95935
0	0.95935
0	0.98374
0	0.97561
0	0.918699
0	0.878049
0	0.98374
0	0.95122
0	0.95935
0	0.97561
0	0.837398
0	0.902439
0	0.918699
0	0.97561
0	0.95935
0	0.943089
0	0.918699
0	0.98374
0	0.943089
0	0.97561
0	0.943089
0	0.96748
0	0.97561
0	0.97561
0	0.97561
0	0.943089
0	0.837398
0	0.95935
0	0.96748
0	0.97561
0	0.98374
0	0.95122
0	0.837398
0	0.943089
0	0.95935
0	0.837398
0	0.878049
0	0.95935
0	0.886179
0	0.98374
0	0.96748
0	0.95935
0	0.96748
0	0.97561
0	0.96748
0	0.934959
0	inf
0	0.878049
0	0.837398
0	0.96748
0	0.943089
0	0.98374
0	0.99187
0	0.97561
0	0.878049
0	0.902439
0	0.97561
0	0.943089
0	0.95935


