# Persistence diagram <GML/0205.gml>
#
# Dimension   : 1
# Entries     : 71
# Betti number: 71
0.870229	inf
0.870229	inf
0.870229	inf
0.870229	inf
0.908397	inf
0.916031	inf
0.916031	inf
0.923664	inf
0.931298	inf
0.931298	inf
0.931298	inf
0.931298	inf
0.931298	inf
0.938931	inf
0.938931	inf
0.938931	inf
0.938931	inf
0.938931	inf
0.938931	inf
0.938931	inf
0.946565	inf
0.946565	inf
0.946565	inf
0.954198	inf
0.954198	inf
0.954198	inf
0.954198	inf
0.954198	inf
0.954198	inf
0.954198	inf
0.954198	inf
0.954198	inf
0.954198	inf
0.954198	inf
0.954198	inf
0.954198	inf
0.954198	inf
0.961832	inf
0.961832	inf
0.961832	inf
0.961832	inf
0.961832	inf
0.969466	inf
0.969466	inf
0.969466	inf
0.969466	inf
0.969466	inf
0.969466	inf
0.969466	inf
0.969466	inf
0.969466	inf
0.969466	inf
0.969466	inf
0.969466	inf
0.969466	inf
0.977099	inf
0.977099	inf
0.977099	inf
0.977099	inf
0.977099	inf
0.977099	inf
0.977099	inf
0.977099	inf
0.977099	inf
0.984733	inf
0.984733	inf
0.984733	inf
0.984733	inf
0.984733	inf
0.984733	inf
0.984733	inf
