# Persistence diagram <GML/0206.gml>
#
# Dimension   : 0
# Entries     : 444
# Betti number: 5
0	inf
0	0.912088
0	0.956044
0	0.956044
0	0.967033
0	0.989011
0	0.906593
0	0.895604
0	0.917582
0	0.879121
0	0.917582
0	0.906593
0	0.983516
0	0.989011
0	0.906593
0	0.967033
0	0.972527
0	0.961538
0	0.945055
0	0.989011
0	0.934066
0	0.912088
0	0.972527
0	0.917582
0	0.934066
0	0.972527
0	0.967033
0	0.983516
0	0.961538
0	0.978022
0	0.879121
0	0.93956
0	0.978022
0	0.950549
0	0.972527
0	0.956044
0	0.879121
0	0.956044
0	0.879121
0	0.912088
0	0.967033
0	0.978022
0	0.917582
0	0.989011
0	0.989011
0	0.912088
0	0.961538
0	0.961538
0	0.917582
0	0.961538
0	0.917582
0	0.950549
0	0.917582
0	0.961538
0	0.956044
0	0.983516
0	0.917582
0	0.895604
0	0.983516
0	0.917582
0	0.950549
0	0.906593
0	0.967033
0	0.923077
0	0.983516
0	0.961538
0	0.93956
0	0.978022
0	0.978022
0	0.967033
0	0.967033
0	0.989011
0	0.967033
0	0.978022
0	0.989011
0	0.934066
0	0.895604
0	0.923077
0	0.967033
0	0.917582
0	0.978022
0	0.879121
0	0.983516
0	0.978022
0	0.989011
0	0.972527
0	0.950549
0	0.983516
0	0.923077
0	0.983516
0	0.895604
0	0.983516
0	0.912088
0	0.961538
0	0.934066
0	0.978022
0	0.950549
0	0.961538
0	0.989011
0	0.945055
0	0.912088
0	0.978022
0	0.967033
0	0.989011
0	0.912088
0	0.895604
0	0.950549
0	0.978022
0	0.983516
0	0.972527
0	0.956044
0	0.972527
0	0.972527
0	0.967033
0	0.895604
0	0.967033
0	0.978022
0	0.93956
0	0.972527
0	0.895604
0	0.923077
0	0.967033
0	0.989011
0	0.967033
0	0.912088
0	0.950549
0	0.879121
0	0.967033
0	0.923077
0	0.989011
0	0.989011
0	0.978022
0	0.93956
0	0.972527
0	0.912088
0	0.912088
0	0.983516
0	0.917582
0	0.978022
0	0.956044
0	0.917582
0	0.895604
0	0.967033
0	0.961538
0	0.972527
0	0.950549
0	0.956044
0	0.956044
0	0.906593
0	0.950549
0	0.989011
0	0.93956
0	0.93956
0	0.967033
0	0.961538
0	0.895604
0	inf
0	0.906593
0	0.978022
0	0.983516
0	0.912088
0	0.978022
0	0.917582
0	0.912088
0	0.917582
0	0.983516
0	0.978022
0	0.879121
0	0.972527
0	0.93956
0	0.950549
0	0.967033
0	0.879121
0	0.978022
0	0.983516
0	0.967033
0	0.906593
0	0.950549
0	0.956044
0	0.972527
0	0.950549
0	0.93956
0	0.972527
0	0.989011
0	0.879121
0	0.967033
0	0.956044
0	0.978022
0	0.917582
0	0.967033
0	0.93956
0	0.956044
0	0.978022
0	0.917582
0	0.956044
0	inf
0	0.967033
0	0.961538
0	0.895604
0	0.912088
0	0.989011
0	inf
0	0.978022
0	0.989011
0	0.967033
0	0.956044
0	0.93956
0	0.989011
0	0.961538
0	0.978022
0	0.989011
0	0.967033
0	0.917582
0	0.994505
0	0.895604
0	0.983516
0	0.917582
0	0.895604
0	0.917582
0	0.934066
0	0.934066
0	0.967033
0	0.989011
0	0.967033
0	0.978022
0	0.912088
0	0.983516
0	0.967033
0	0.912088
0	0.917582
0	0.989011
0	0.978022
0	0.912088
0	0.906593
0	0.93956
0	0.923077
0	0.983516
0	0.972527
0	0.989011
0	0.917582
0	0.961538
0	0.879121
0	0.989011
0	0.912088
0	0.879121
0	0.956044
0	0.994505
0	0.945055
0	0.956044
0	0.93956
0	0.989011
0	0.967033
0	0.989011
0	0.972527
0	0.989011
0	0.967033
0	0.978022
0	0.950549
0	0.983516
0	0.978022
0	0.950549
0	0.972527
0	0.956044
0	0.906593
0	0.906593
0	0.989011
0	0.989011
0	0.989011
0	0.967033
0	0.983516
0	0.906593
0	0.950549
0	inf
0	0.978022
0	0.912088
0	0.934066
0	0.934066
0	0.912088
0	0.93956
0	0.983516
0	0.917582
0	0.967033
0	0.978022
0	0.961538
0	0.917582
0	0.923077
0	0.934066
0	0.983516
0	0.972527
0	0.967033
0	0.967033
0	0.956044
0	0.950549
0	0.923077
0	0.983516
0	0.912088
0	0.917582
0	0.912088
0	0.961538
0	0.93956
0	0.879121
0	0.961538
0	0.934066
0	0.906593
0	0.978022
0	0.983516
0	0.879121
0	0.961538
0	0.879121
0	0.950549
0	0.978022
0	0.967033
0	0.961538
0	0.978022
0	0.989011
0	0.967033
0	0.972527
0	0.895604
0	0.917582
0	0.917582
0	0.983516
0	0.967033
0	0.972527
0	0.879121
0	0.967033
0	0.983516
0	0.967033
0	0.917582
0	0.978022
0	0.912088
0	0.989011
0	0.93956
0	0.983516
0	0.989011
0	0.956044
0	0.967033
0	0.961538
0	0.972527
0	0.967033
0	0.895604
0	0.923077
0	0.93956
0	0.989011
0	0.956044
0	0.978022
0	0.895604
0	0.956044
0	0.989011
0	0.961538
0	0.967033
0	0.983516
0	0.961538
0	0.967033
0	0.912088
0	0.989011
0	0.917582
0	0.879121
0	0.917582
0	0.912088
0	0.923077
0	0.93956
0	0.967033
0	0.950549
0	0.950549
0	0.972527
0	0.945055
0	0.879121
0	0.978022
0	0.912088
0	0.917582
0	0.978022
0	0.950549
0	0.950549
0	0.906593
0	0.972527
0	0.912088
0	0.923077
0	0.989011
0	0.989011
0	0.989011
0	0.989011
0	0.994505
0	0.994505
0	0.978022
0	0.906593
0	0.967033
0	0.917582
0	0.983516
0	0.978022
0	0.912088
0	0.972527
0	0.906593
0	0.989011
0	0.879121
0	0.956044
0	0.917582
0	0.978022
0	0.923077
0	0.972527
0	0.989011
0	0.989011
0	0.978022
0	0.917582
0	0.895604
0	0.950549
0	0.917582
0	0.983516
0	0.956044
0	0.972527
0	0.983516
0	0.989011
0	0.923077
0	0.895604
0	0.983516
0	0.967033
0	0.978022
0	0.950549
0	0.895604
0	0.950549
0	0.956044
0	0.879121
0	0.93956
0	0.978022
0	0.956044
0	0.972527
0	0.989011
0	0.895604
0	0.917582
0	0.989011
0	0.917582
0	0.93956
0	0.967033
0	0.972527
0	0.983516
0	0.956044
0	0.961538
0	0.983516
0	0.978022
0	0.978022
0	0.917582
0	0.967033
0	0.879121
0	0.983516
0	0.989011


