# Persistence diagram <GML/0207.gml>
#
# Dimension   : 0
# Entries     : 229
# Betti number: 5
0	inf
0	0.959184
0	0.993197
0	0.993197
0	inf
0	0.989796
0	0.959184
0	0.969388
0	0.969388
0	0.97619
0	0.911565
0	0.962585
0	0.986395
0	0.931973
0	0.972789
0	0.911565
0	0.911565
0	0.952381
0	0.911565
0	0.965986
0	0.97619
0	0.989796
0	0.986395
0	0.959184
0	0.965986
0	0.969388
0	0.959184
0	0.986395
0	0.97619
0	0.986395
0	0.969388
0	0.962585
0	0.969388
0	0.989796
0	0.989796
0	0.986395
0	0.962585
0	0.965986
0	0.965986
0	0.931973
0	0.959184
0	0.911565
0	0.972789
0	0.993197
0	0.931973
0	0.972789
0	0.969388
0	0.931973
0	0.962585
0	0.993197
0	0.962585
0	0.993197
0	0.993197
0	0.986395
0	0.969388
0	0.952381
0	0.911565
0	0.993197
0	0.989796
0	inf
0	0.97619
0	0.993197
0	0.952381
0	0.986395
0	0.989796
0	0.993197
0	0.993197
0	0.911565
0	0.969388
0	0.993197
0	0.982993
0	0.989796
0	0.952381
0	0.952381
0	0.962585
0	0.962585
0	0.911565
0	0.931973
0	0.989796
0	0.986395
0	0.986395
0	0.993197
0	0.986395
0	0.993197
0	0.911565
0	0.982993
0	0.911565
0	0.911565
0	0.952381
0	0.931973
0	0.989796
0	0.982993
0	0.986395
0	0.986395
0	0.952381
0	0.962585
0	0.959184
0	0.986395
0	0.962585
0	0.996599
0	0.993197
0	0.931973
0	0.989796
0	0.969388
0	0.911565
0	0.969388
0	0.986395
0	0.911565
0	0.972789
0	0.986395
0	0.959184
0	0.986395
0	0.993197
0	0.993197
0	0.972789
0	0.986395
0	0.931973
0	0.931973
0	inf
0	0.972789
0	0.969388
0	0.965986
0	0.931973
0	0.986395
0	0.989796
0	0.952381
0	0.989796
0	0.962585
0	0.969388
0	0.982993
0	0.982993
0	0.969388
0	0.911565
0	0.993197
0	0.969388
0	0.911565
0	0.982993
0	0.97619
0	0.931973
0	0.969388
0	0.911565
0	0.911565
0	0.986395
0	0.952381
0	0.989796
0	inf
0	0.952381
0	0.986395
0	0.982993
0	0.979592
0	0.952381
0	0.911565
0	0.962585
0	0.931973
0	0.972789
0	0.986395
0	0.969388
0	0.996599
0	0.986395
0	0.989796
0	0.965986
0	0.979592
0	0.911565
0	0.993197
0	0.911565
0	0.931973
0	0.986395
0	0.989796
0	0.989796
0	0.982993
0	0.989796
0	0.972789
0	0.931973
0	0.989796
0	0.969388
0	0.979592
0	0.931973
0	0.911565
0	0.989796
0	0.97619
0	0.989796
0	0.989796
0	0.989796
0	0.931973
0	0.986395
0	0.989796
0	0.962585
0	0.993197
0	0.989796
0	0.989796
0	0.97619
0	0.989796
0	0.986395
0	0.959184
0	0.993197
0	0.979592
0	0.989796
0	0.986395
0	0.979592
0	0.982993
0	0.962585
0	0.959184
0	0.931973
0	0.911565
0	0.952381
0	0.969388
0	0.969388
0	0.986395
0	0.962585
0	0.993197
0	0.952381
0	0.996599
0	0.982993
0	0.989796
0	0.979592
0	0.993197
0	0.993197
0	0.97619
0	0.989796
0	0.986395
0	0.911565
0	0.986395
0	0.993197
0	0.982993
0	0.989796
0	0.969388
0	0.982993
0	0.986395
0	0.986395


