# Persistence diagram <GML/0211.gml>
#
# Dimension   : 1
# Entries     : 65
# Betti number: 65
0.849624	inf
0.849624	inf
0.849624	inf
0.849624	inf
0.849624	inf
0.879699	inf
0.879699	inf
0.879699	inf
0.909774	inf
0.909774	inf
0.932331	inf
0.932331	inf
0.932331	inf
0.932331	inf
0.93985	inf
0.93985	inf
0.93985	inf
0.93985	inf
0.947368	inf
0.947368	inf
0.947368	inf
0.947368	inf
0.947368	inf
0.947368	inf
0.947368	inf
0.947368	inf
0.947368	inf
0.947368	inf
0.947368	inf
0.947368	inf
0.954887	inf
0.954887	inf
0.962406	inf
0.962406	inf
0.962406	inf
0.962406	inf
0.962406	inf
0.962406	inf
0.969925	inf
0.969925	inf
0.969925	inf
0.969925	inf
0.969925	inf
0.969925	inf
0.969925	inf
0.977444	inf
0.977444	inf
0.977444	inf
0.977444	inf
0.977444	inf
0.977444	inf
0.977444	inf
0.977444	inf
0.977444	inf
0.977444	inf
0.977444	inf
0.977444	inf
0.977444	inf
0.977444	inf
0.977444	inf
0.984962	inf
0.984962	inf
0.984962	inf
0.984962	inf
0.984962	inf
