# Persistence diagram <GML/0213.gml>
#
# Dimension   : 1
# Entries     : 74
# Betti number: 74
0.931818	inf
0.931818	inf
0.931818	inf
0.931818	inf
0.931818	inf
0.931818	inf
0.939394	inf
0.939394	inf
0.939394	inf
0.939394	inf
0.939394	inf
0.939394	inf
0.939394	inf
0.939394	inf
0.939394	inf
0.939394	inf
0.939394	inf
0.939394	inf
0.939394	inf
0.939394	inf
0.94697	inf
0.94697	inf
0.94697	inf
0.94697	inf
0.94697	inf
0.94697	inf
0.94697	inf
0.94697	inf
0.94697	inf
0.954545	inf
0.962121	inf
0.962121	inf
0.962121	inf
0.962121	inf
0.962121	inf
0.969697	inf
0.969697	inf
0.969697	inf
0.969697	inf
0.969697	inf
0.969697	inf
0.969697	inf
0.969697	inf
0.969697	inf
0.969697	inf
0.969697	inf
0.969697	inf
0.977273	inf
0.977273	inf
0.977273	inf
0.977273	inf
0.977273	inf
0.977273	inf
0.977273	inf
0.977273	inf
0.977273	inf
0.977273	inf
0.977273	inf
0.977273	inf
0.977273	inf
0.977273	inf
0.977273	inf
0.977273	inf
0.977273	inf
0.977273	inf
0.984848	inf
0.984848	inf
0.984848	inf
0.984848	inf
0.984848	inf
0.984848	inf
0.984848	inf
0.984848	inf
0.984848	inf
