# Persistence diagram <GML/0215.gml>
#
# Dimension   : 0
# Entries     : 385
# Betti number: 3
0	inf
0	0.970909
0	0.989091
0	0.905455
0	0.905455
0	0.981818
0	0.963636
0	0.963636
0	0.905455
0	0.981818
0	0.905455
0	0.989091
0	0.956364
0	0.985455
0	0.992727
0	0.978182
0	0.992727
0	0.989091
0	0.989091
0	0.989091
0	0.956364
0	0.978182
0	0.985455
0	0.992727
0	0.981818
0	0.978182
0	0.978182
0	0.963636
0	0.978182
0	0.978182
0	0.992727
0	0.952727
0	0.967273
0	0.989091
0	0.96
0	0.978182
0	0.985455
0	0.905455
0	0.981818
0	0.905455
0	0.992727
0	0.985455
0	0.985455
0	0.978182
0	0.989091
0	0.96
0	0.967273
0	0.905455
0	0.970909
0	0.945455
0	0.916364
0	0.985455
0	0.989091
0	0.981818
0	0.992727
0	0.989091
0	0.992727
0	0.989091
0	0.905455
0	0.985455
0	0.992727
0	0.978182
0	0.974545
0	0.967273
0	0.905455
0	0.978182
0	0.989091
0	0.967273
0	0.963636
0	0.989091
0	0.967273
0	0.992727
0	0.970909
0	0.970909
0	0.963636
0	0.956364
0	0.974545
0	0.985455
0	0.992727
0	0.985455
0	0.952727
0	0.905455
0	0.985455
0	0.956364
0	0.978182
0	0.970909
0	0.992727
0	0.985455
0	0.992727
0	0.905455
0	0.967273
0	0.970909
0	0.916364
0	0.978182
0	0.989091
0	0.985455
0	0.974545
0	0.970909
0	0.992727
0	0.978182
0	0.967273
0	0.96
0	0.978182
0	0.989091
0	0.981818
0	0.956364
0	0.978182
0	0.970909
0	0.992727
0	0.974545
0	0.970909
0	0.967273
0	0.970909
0	0.956364
0	0.989091
0	0.992727
0	0.989091
0	0.967273
0	0.985455
0	0.978182
0	0.978182
0	0.970909
0	0.970909
0	0.985455
0	0.96
0	0.916364
0	0.967273
0	0.974545
0	0.981818
0	0.970909
0	0.963636
0	0.981818
0	0.989091
0	0.967273
0	0.985455
0	0.985455
0	0.978182
0	0.967273
0	0.956364
0	0.956364
0	0.981818
0	0.970909
0	0.916364
0	0.96
0	0.985455
0	0.916364
0	0.956364
0	0.989091
0	0.963636
0	0.956364
0	0.916364
0	0.978182
0	0.967273
0	0.967273
0	0.974545
0	0.956364
0	0.985455
0	0.963636
0	0.992727
0	0.941818
0	0.992727
0	0.989091
0	0.956364
0	0.963636
0	0.978182
0	0.963636
0	0.981818
0	0.978182
0	0.952727
0	0.985455
0	0.985455
0	0.952727
0	0.916364
0	0.989091
0	0.992727
0	0.905455
0	0.96
0	0.967273
0	0.970909
0	0.992727
0	0.992727
0	0.916364
0	0.905455
0	0.905455
0	0.978182
0	0.956364
0	0.905455
0	0.978182
0	0.941818
0	0.989091
0	0.956364
0	0.96
0	0.956364
0	0.992727
0	0.956364
0	0.985455
0	0.992727
0	inf
0	0.941818
0	0.970909
0	0.981818
0	0.985455
0	0.916364
0	0.989091
0	0.905455
0	0.981818
0	0.952727
0	0.916364
0	0.96
0	0.989091
0	0.992727
0	0.970909
0	0.974545
0	inf
0	0.989091
0	0.941818
0	0.96
0	0.985455
0	0.967273
0	0.992727
0	0.967273
0	0.956364
0	0.989091
0	0.985455
0	0.956364
0	0.978182
0	0.992727
0	0.963636
0	0.967273
0	0.956364
0	0.989091
0	0.967273
0	0.941818
0	0.967273
0	0.967273
0	0.978182
0	0.941818
0	0.956364
0	0.970909
0	0.985455
0	0.985455
0	0.989091
0	0.989091
0	0.992727
0	0.956364
0	0.985455
0	0.985455
0	0.916364
0	0.956364
0	0.981818
0	0.985455
0	0.967273
0	0.981818
0	0.956364
0	0.967273
0	0.989091
0	0.989091
0	0.978182
0	0.978182
0	0.985455
0	0.941818
0	0.967273
0	0.992727
0	0.956364
0	0.916364
0	0.96
0	0.989091
0	0.978182
0	0.941818
0	0.970909
0	0.985455
0	0.967273
0	0.989091
0	0.956364
0	0.989091
0	0.952727
0	0.992727
0	0.985455
0	0.985455
0	0.992727
0	0.970909
0	0.941818
0	0.978182
0	0.989091
0	0.970909
0	0.981818
0	0.985455
0	0.967273
0	0.992727
0	0.970909
0	0.905455
0	0.985455
0	0.989091
0	0.956364
0	0.992727
0	0.941818
0	0.963636
0	0.992727
0	0.978182
0	0.985455
0	0.992727
0	0.989091
0	0.978182
0	0.978182
0	0.978182
0	0.978182
0	0.970909
0	0.952727
0	0.970909
0	0.989091
0	0.981818
0	0.952727
0	0.992727
0	0.978182
0	0.989091
0	0.992727
0	0.956364
0	0.989091
0	0.905455
0	0.905455
0	0.985455
0	0.967273
0	0.952727
0	0.989091
0	0.970909
0	0.96
0	0.978182
0	0.989091
0	0.96
0	0.992727
0	0.992727
0	0.989091
0	0.992727
0	0.985455
0	0.985455
0	0.967273
0	0.96
0	0.974545
0	0.970909
0	0.992727
0	0.989091
0	0.978182
0	0.963636
0	0.941818
0	0.967273
0	0.981818
0	0.974545
0	0.96
0	0.981818
0	0.989091
0	0.989091
0	0.970909
0	0.952727
0	0.956364
0	0.967273
0	0.941818
0	0.989091
0	0.916364
0	0.952727
0	0.974545
0	0.978182
0	0.905455
0	0.985455
0	0.989091
0	0.985455
0	0.996364
0	0.996364
0	0.970909
0	0.989091
0	0.992727
0	0.96
0	0.970909
0	0.945455
0	0.989091
0	0.970909
0	0.992727
0	0.967273
0	0.989091
0	0.967273
0	0.96
0	0.967273
0	0.989091
0	0.992727
0	0.981818
0	0.916364


