# Persistence diagram <GML/0220.gml>
#
# Dimension   : 0
# Entries     : 134
# Betti number: 4
0	inf
0	0.54902
0	inf
0	0.960784
0	0.882353
0	0.882353
0	0.882353
0	0.901961
0	0.803922
0	0.862745
0	0.960784
0	0.921569
0	0.862745
0	0.803922
0	0.941176
0	0.803922
0	0.803922
0	0.823529
0	0.823529
0	0.823529
0	0.882353
0	0.54902
0	0.921569
0	0.54902
0	0.882353
0	0.901961
0	0.862745
0	0.843137
0	0.960784
0	0.960784
0	0.941176
0	0.960784
0	0.843137
0	0.862745
0	0.960784
0	0.54902
0	0.823529
0	0.823529
0	0.921569
0	0.882353
0	0.921569
0	0.901961
0	0.54902
0	0.960784
0	0.921569
0	0.882353
0	0.941176
0	0.862745
0	0.921569
0	0.823529
0	0.843137
0	0.823529
0	0.882353
0	0.54902
0	0.921569
0	0.54902
0	0.901961
0	0.941176
0	inf
0	0.882353
0	0.882353
0	0.882353
0	0.921569
0	0.843137
0	0.921569
0	0.823529
0	0.882353
0	0.921569
0	0.862745
0	0.901961
0	0.843137
0	0.921569
0	0.901961
0	0.941176
0	0.862745
0	inf
0	0.862745
0	0.823529
0	0.960784
0	0.862745
0	0.882353
0	0.823529
0	0.901961
0	0.823529
0	0.862745
0	0.823529
0	0.882353
0	0.941176
0	0.921569
0	0.823529
0	0.921569
0	0.823529
0	0.980392
0	0.901961
0	0.882353
0	0.901961
0	0.823529
0	0.941176
0	0.54902
0	0.862745
0	0.941176
0	0.54902
0	0.921569
0	0.54902
0	0.921569
0	0.960784
0	0.803922
0	0.941176
0	0.843137
0	0.54902
0	0.882353
0	0.882353
0	0.862745
0	0.882353
0	0.901961
0	0.882353
0	0.901961
0	0.843137
0	0.882353
0	0.862745
0	0.960784
0	0.882353
0	0.823529
0	0.941176
0	0.921569
0	0.882353
0	0.882353
0	0.941176
0	0.882353
0	0.54902
0	0.980392
0	0.921569
0	0.941176
0	0.54902


