# Persistence diagram <GML/0221.gml>
#
# Dimension   : 1
# Entries     : 34
# Betti number: 34
0.724138	inf
0.862069	inf
0.896552	inf
0.913793	inf
0.913793	inf
0.913793	inf
0.913793	inf
0.931034	inf
0.931034	inf
0.931034	inf
0.931034	inf
0.931034	inf
0.931034	inf
0.931034	inf
0.931034	inf
0.931034	inf
0.931034	inf
0.948276	inf
0.948276	inf
0.948276	inf
0.948276	inf
0.948276	inf
0.948276	inf
0.948276	inf
0.948276	inf
0.948276	inf
0.965517	inf
0.965517	inf
0.965517	inf
0.965517	inf
0.965517	inf
0.965517	inf
0.965517	inf
0.965517	inf
