# Persistence diagram <GML/0223.gml>
#
# Dimension   : 0
# Entries     : 229
# Betti number: 4
0	inf
0	0.908602
0	0.870968
0	0.989247
0	0.989247
0	0.956989
0	0.978495
0	0.946237
0	0.978495
0	0.978495
0	0.989247
0	0.989247
0	0.870968
0	0.956989
0	0.978495
0	0.870968
0	0.983871
0	0.983871
0	0.946237
0	0.946237
0	0.908602
0	0.951613
0	0.983871
0	0.973118
0	0.951613
0	0.978495
0	0.989247
0	0.983871
0	0.978495
0	0.956989
0	0.983871
0	0.946237
0	0.967742
0	0.983871
0	0.908602
0	0.989247
0	0.967742
0	0.967742
0	0.908602
0	0.989247
0	0.983871
0	0.956989
0	inf
0	0.983871
0	0.983871
0	0.983871
0	0.870968
0	0.989247
0	0.989247
0	0.870968
0	0.989247
0	0.989247
0	0.967742
0	0.962366
0	0.962366
0	0.962366
0	0.946237
0	0.983871
0	0.870968
0	0.946237
0	0.870968
0	0.946237
0	0.946237
0	0.870968
0	0.967742
0	0.967742
0	0.951613
0	0.978495
0	0.870968
0	0.978495
0	0.983871
0	0.983871
0	0.946237
0	0.973118
0	0.951613
0	0.983871
0	0.956989
0	0.956989
0	0.951613
0	0.983871
0	0.870968
0	0.870968
0	0.962366
0	0.973118
0	0.983871
0	0.973118
0	0.870968
0	0.870968
0	0.978495
0	0.951613
0	0.989247
0	0.962366
0	0.956989
0	0.908602
0	0.973118
0	0.978495
0	0.978495
0	0.956989
0	0.956989
0	inf
0	0.951613
0	0.870968
0	0.978495
0	0.989247
0	0.962366
0	0.973118
0	0.994624
0	0.951613
0	0.978495
0	0.951613
0	0.967742
0	0.956989
0	0.930108
0	0.983871
0	inf
0	0.983871
0	0.967742
0	0.870968
0	0.978495
0	0.956989
0	0.951613
0	0.973118
0	0.989247
0	0.870968
0	0.956989
0	0.962366
0	0.978495
0	0.951613
0	0.983871
0	0.951613
0	0.956989
0	0.989247
0	0.870968
0	0.908602
0	0.951613
0	0.989247
0	0.967742
0	0.973118
0	0.983871
0	0.930108
0	0.994624
0	0.983871
0	0.983871
0	0.962366
0	0.978495
0	0.973118
0	0.946237
0	0.951613
0	0.908602
0	0.983871
0	0.983871
0	0.983871
0	0.983871
0	0.946237
0	0.983871
0	0.908602
0	0.989247
0	0.962366
0	0.973118
0	0.983871
0	0.989247
0	0.978495
0	0.962366
0	0.956989
0	0.967742
0	0.989247
0	0.973118
0	0.989247
0	0.989247
0	0.983871
0	0.978495
0	0.870968
0	0.983871
0	0.983871
0	0.930108
0	0.946237
0	0.973118
0	0.956989
0	0.967742
0	0.983871
0	0.973118
0	0.973118
0	0.870968
0	0.956989
0	0.908602
0	0.983871
0	0.978495
0	0.983871
0	0.983871
0	0.967742
0	0.908602
0	0.973118
0	0.908602
0	0.908602
0	0.978495
0	0.951613
0	0.983871
0	0.978495
0	0.956989
0	0.908602
0	0.946237
0	0.973118
0	0.989247
0	0.870968
0	0.870968
0	0.983871
0	0.983871
0	0.978495
0	0.908602
0	0.978495
0	0.989247
0	0.946237
0	0.946237
0	0.908602
0	0.983871
0	0.946237
0	0.983871
0	0.930108
0	0.989247
0	0.978495
0	0.967742
0	0.983871
0	0.973118
0	0.967742
0	0.967742
0	0.983871
0	0.962366
0	0.978495
0	0.962366


