# Persistence diagram <GML/0228.gml>
#
# Dimension   : 0
# Entries     : 332
# Betti number: 3
0	inf
0	0.986577
0	0.966443
0	0.95302
0	0.939597
0	0.926174
0	0.912752
0	0.979866
0	0.986577
0	0.986577
0	0.912752
0	0.966443
0	0.959732
0	0.986577
0	0.973154
0	0.932886
0	0.899329
0	0.959732
0	0.912752
0	0.926174
0	inf
0	0.899329
0	0.986577
0	0.993289
0	0.865772
0	0.959732
0	0.966443
0	0.959732
0	0.986577
0	0.912752
0	0.973154
0	0.973154
0	0.966443
0	0.979866
0	0.959732
0	0.973154
0	0.946309
0	0.95302
0	0.979866
0	0.95302
0	0.959732
0	0.979866
0	0.959732
0	0.959732
0	0.932886
0	0.966443
0	0.973154
0	0.986577
0	0.932886
0	0.95302
0	0.95302
0	0.986577
0	0.979866
0	0.986577
0	0.912752
0	0.912752
0	0.95302
0	0.926174
0	0.912752
0	0.959732
0	0.986577
0	0.973154
0	0.986577
0	0.966443
0	0.939597
0	0.966443
0	0.899329
0	0.966443
0	0.986577
0	0.892617
0	0.95302
0	0.979866
0	0.899329
0	0.865772
0	0.899329
0	0.865772
0	0.973154
0	0.959732
0	0.926174
0	0.912752
0	0.946309
0	0.899329
0	0.973154
0	0.892617
0	0.979866
0	0.95302
0	0.95302
0	0.892617
0	0.926174
0	0.979866
0	0.973154
0	0.892617
0	0.865772
0	0.986577
0	0.979866
0	0.95302
0	0.912752
0	0.932886
0	0.979866
0	0.892617
0	0.865772
0	0.865772
0	0.966443
0	0.966443
0	0.966443
0	0.865772
0	0.926174
0	0.946309
0	0.932886
0	0.946309
0	0.865772
0	0.932886
0	0.959732
0	0.986577
0	0.986577
0	0.973154
0	0.95302
0	0.946309
0	0.912752
0	0.899329
0	0.979866
0	0.912752
0	0.912752
0	0.959732
0	0.926174
0	0.973154
0	0.899329
0	0.932886
0	0.966443
0	0.973154
0	0.95302
0	0.899329
0	0.946309
0	0.986577
0	0.959732
0	0.892617
0	0.912752
0	0.966443
0	0.986577
0	0.899329
0	0.912752
0	0.986577
0	0.95302
0	0.899329
0	0.979866
0	0.979866
0	0.892617
0	0.973154
0	0.865772
0	0.986577
0	0.865772
0	0.865772
0	0.979866
0	0.986577
0	0.95302
0	0.899329
0	0.892617
0	0.986577
0	0.946309
0	0.912752
0	0.95302
0	0.899329
0	0.973154
0	0.966443
0	0.95302
0	0.979866
0	0.926174
0	0.959732
0	0.912752
0	0.865772
0	0.986577
0	0.986577
0	0.899329
0	inf
0	0.979866
0	0.912752
0	0.939597
0	0.979866
0	0.95302
0	0.959732
0	0.959732
0	0.959732
0	0.979866
0	0.986577
0	0.912752
0	0.966443
0	0.95302
0	0.973154
0	0.912752
0	0.986577
0	0.959732
0	0.899329
0	0.95302
0	0.966443
0	0.899329
0	0.979866
0	0.959732
0	0.973154
0	0.973154
0	0.932886
0	0.95302
0	0.973154
0	0.932886
0	0.912752
0	0.979866
0	0.966443
0	0.986577
0	0.899329
0	0.932886
0	0.899329
0	0.973154
0	0.986577
0	0.993289
0	0.966443
0	0.959732
0	0.912752
0	0.959732
0	0.966443
0	0.979866
0	0.959732
0	0.95302
0	0.95302
0	0.892617
0	0.959732
0	0.932886
0	0.899329
0	0.899329
0	0.979866
0	0.986577
0	0.892617
0	0.912752
0	0.865772
0	0.95302
0	0.979866
0	0.912752
0	0.979866
0	0.865772
0	0.939597
0	0.979866
0	0.966443
0	0.912752
0	0.912752
0	0.986577
0	0.932886
0	0.865772
0	0.959732
0	0.932886
0	0.979866
0	0.979866
0	0.939597
0	0.899329
0	0.966443
0	0.986577
0	0.979866
0	0.95302
0	0.986577
0	0.966443
0	0.926174
0	0.95302
0	0.959732
0	0.973154
0	0.986577
0	0.912752
0	0.95302
0	0.979866
0	0.986577
0	0.892617
0	0.95302
0	0.892617
0	0.973154
0	0.973154
0	0.95302
0	0.973154
0	0.979866
0	0.986577
0	0.912752
0	0.899329
0	0.95302
0	0.932886
0	0.959732
0	0.959732
0	0.912752
0	0.899329
0	0.912752
0	0.966443
0	0.986577
0	0.966443
0	0.892617
0	0.959732
0	0.959732
0	0.865772
0	0.973154
0	0.932886
0	0.959732
0	0.966443
0	0.973154
0	0.932886
0	0.973154
0	0.892617
0	0.912752
0	0.986577
0	0.966443
0	0.912752
0	0.979866
0	0.932886
0	0.95302
0	0.946309
0	0.986577
0	0.865772
0	0.95302
0	0.926174
0	0.899329
0	0.979866
0	0.932886
0	0.946309
0	0.912752
0	0.979866
0	0.95302
0	0.966443
0	0.95302
0	0.926174
0	0.912752
0	0.979866
0	0.979866
0	0.939597
0	0.912752
0	0.946309
0	0.959732
0	0.966443
0	0.912752
0	0.979866
0	0.986577


