# Persistence diagram <GML/0234.gml>
#
# Dimension   : 1
# Entries     : 125
# Betti number: 125
0.896739	inf
0.907609	inf
0.907609	inf
0.907609	inf
0.907609	inf
0.913043	inf
0.913043	inf
0.913043	inf
0.918478	inf
0.918478	inf
0.929348	inf
0.929348	inf
0.940217	inf
0.940217	inf
0.940217	inf
0.940217	inf
0.940217	inf
0.940217	inf
0.940217	inf
0.940217	inf
0.940217	inf
0.940217	inf
0.945652	inf
0.945652	inf
0.945652	inf
0.945652	inf
0.951087	inf
0.951087	inf
0.951087	inf
0.951087	inf
0.951087	inf
0.951087	inf
0.951087	inf
0.951087	inf
0.951087	inf
0.951087	inf
0.951087	inf
0.951087	inf
0.951087	inf
0.951087	inf
0.956522	inf
0.956522	inf
0.956522	inf
0.956522	inf
0.956522	inf
0.956522	inf
0.956522	inf
0.956522	inf
0.956522	inf
0.956522	inf
0.961957	inf
0.961957	inf
0.967391	inf
0.967391	inf
0.967391	inf
0.967391	inf
0.967391	inf
0.967391	inf
0.967391	inf
0.972826	inf
0.972826	inf
0.972826	inf
0.972826	inf
0.972826	inf
0.972826	inf
0.972826	inf
0.972826	inf
0.972826	inf
0.972826	inf
0.972826	inf
0.972826	inf
0.972826	inf
0.972826	inf
0.972826	inf
0.978261	inf
0.978261	inf
0.978261	inf
0.978261	inf
0.978261	inf
0.978261	inf
0.978261	inf
0.978261	inf
0.978261	inf
0.978261	inf
0.978261	inf
0.978261	inf
0.978261	inf
0.978261	inf
0.978261	inf
0.978261	inf
0.978261	inf
0.978261	inf
0.978261	inf
0.978261	inf
0.978261	inf
0.978261	inf
0.983696	inf
0.983696	inf
0.983696	inf
0.983696	inf
0.983696	inf
0.983696	inf
0.983696	inf
0.983696	inf
0.983696	inf
0.983696	inf
0.983696	inf
0.983696	inf
0.983696	inf
0.983696	inf
0.983696	inf
0.983696	inf
0.983696	inf
0.983696	inf
0.983696	inf
0.983696	inf
0.983696	inf
0.983696	inf
0.983696	inf
0.983696	inf
0.98913	inf
0.98913	inf
0.98913	inf
0.98913	inf
0.98913	inf
