# Persistence diagram <GML/0240.gml>
#
# Dimension   : 0
# Entries     : 121
# Betti number: 3
0	inf
0	0.927083
0	0.96875
0	0.96875
0	0.9375
0	0.947917
0	0.927083
0	0.96875
0	0.958333
0	0.979167
0	0.958333
0	0.927083
0	0.979167
0	0.947917
0	0.96875
0	0.9375
0	0.90625
0	0.90625
0	0.96875
0	0.947917
0	0.96875
0	0.9375
0	0.927083
0	inf
0	0.90625
0	0.979167
0	0.989583
0	0.9375
0	0.958333
0	0.90625
0	0.96875
0	0.947917
0	0.947917
0	0.958333
0	0.90625
0	0.958333
0	0.958333
0	0.979167
0	0.947917
0	0.979167
0	0.947917
0	0.979167
0	0.9375
0	0.947917
0	0.958333
0	0.96875
0	0.958333
0	0.958333
0	0.958333
0	0.96875
0	0.9375
0	0.979167
0	0.958333
0	0.927083
0	0.96875
0	0.90625
0	0.927083
0	0.96875
0	0.979167
0	0.9375
0	0.96875
0	0.90625
0	0.96875
0	0.958333
0	0.979167
0	0.979167
0	0.927083
0	0.96875
0	0.947917
0	0.979167
0	0.927083
0	0.927083
0	0.958333
0	inf
0	0.9375
0	0.979167
0	0.96875
0	0.958333
0	0.90625
0	0.958333
0	0.947917
0	0.979167
0	0.947917
0	0.947917
0	0.927083
0	0.90625
0	0.96875
0	0.96875
0	0.927083
0	0.958333
0	0.979167
0	0.96875
0	0.979167
0	0.927083
0	0.989583
0	0.9375
0	0.979167
0	0.979167
0	0.958333
0	0.979167
0	0.958333
0	0.96875
0	0.947917
0	0.947917
0	0.947917
0	0.958333
0	0.927083
0	0.9375
0	0.958333
0	0.927083
0	0.958333
0	0.927083
0	0.979167
0	0.979167
0	0.979167
0	0.979167
0	0.9375
0	0.958333
0	0.979167
0	0.927083
0	0.927083


