# Persistence diagram <GML/0242.gml>
#
# Dimension   : 1
# Entries     : 91
# Betti number: 91
0.950413	inf
0.964187	inf
0.964187	inf
0.964187	inf
0.966942	inf
0.969697	inf
0.969697	inf
0.969697	inf
0.969697	inf
0.969697	inf
0.969697	inf
0.972452	inf
0.972452	inf
0.972452	inf
0.972452	inf
0.975207	inf
0.975207	inf
0.977961	inf
0.980716	inf
0.980716	inf
0.983471	inf
0.983471	inf
0.983471	inf
0.983471	inf
0.986226	inf
0.986226	inf
0.986226	inf
0.986226	inf
0.986226	inf
0.986226	inf
0.986226	inf
0.986226	inf
0.986226	inf
0.986226	inf
0.986226	inf
0.986226	inf
0.986226	inf
0.986226	inf
0.986226	inf
0.986226	inf
0.986226	inf
0.988981	inf
0.988981	inf
0.988981	inf
0.988981	inf
0.988981	inf
0.988981	inf
0.988981	inf
0.988981	inf
0.988981	inf
0.988981	inf
0.988981	inf
0.988981	inf
0.988981	inf
0.988981	inf
0.988981	inf
0.988981	inf
0.988981	inf
0.988981	inf
0.988981	inf
0.991736	inf
0.991736	inf
0.991736	inf
0.991736	inf
0.991736	inf
0.991736	inf
0.991736	inf
0.991736	inf
0.991736	inf
0.991736	inf
0.991736	inf
0.991736	inf
0.991736	inf
0.991736	inf
0.991736	inf
0.991736	inf
0.991736	inf
0.991736	inf
0.991736	inf
0.991736	inf
0.991736	inf
0.991736	inf
0.991736	inf
0.99449	inf
0.99449	inf
0.99449	inf
0.99449	inf
0.99449	inf
0.99449	inf
0.99449	inf
0.99449	inf
