# Persistence diagram <GML/0243.gml>
#
# Dimension   : 0
# Entries     : 100
# Betti number: 4
0	inf
0	0.690909
0	0.690909
0	0.945455
0	0.909091
0	0.945455
0	0.690909
0	0.872727
0	0.963636
0	0.927273
0	inf
0	0.927273
0	0.927273
0	0.890909
0	inf
0	0.945455
0	0.945455
0	inf
0	0.945455
0	0.945455
0	0.909091
0	0.890909
0	0.927273
0	0.890909
0	0.909091
0	0.963636
0	0.945455
0	0.890909
0	0.945455
0	0.963636
0	0.945455
0	0.909091
0	0.909091
0	0.945455
0	0.945455
0	0.872727
0	0.890909
0	0.963636
0	0.690909
0	0.927273
0	0.690909
0	0.690909
0	0.909091
0	0.909091
0	0.690909
0	0.945455
0	0.927273
0	0.945455
0	0.945455
0	0.872727
0	0.690909
0	0.927273
0	0.690909
0	0.690909
0	0.872727
0	0.690909
0	0.909091
0	0.945455
0	0.963636
0	0.945455
0	0.690909
0	0.945455
0	0.872727
0	0.890909
0	0.690909
0	0.872727
0	0.945455
0	0.890909
0	0.945455
0	0.909091
0	0.690909
0	0.872727
0	0.909091
0	0.690909
0	0.963636
0	0.945455
0	0.690909
0	0.890909
0	0.909091
0	0.963636
0	0.909091
0	0.909091
0	0.890909
0	0.872727
0	0.890909
0	0.872727
0	0.909091
0	0.909091
0	0.945455
0	0.945455
0	0.890909
0	0.945455
0	0.890909
0	0.945455
0	0.872727
0	0.890909
0	0.945455
0	0.945455
0	0.872727
0	0.909091


