# Persistence diagram <GML/0245.gml>
#
# Dimension   : 1
# Entries     : 70
# Betti number: 70
0.878307	inf
0.936508	inf
0.94709	inf
0.94709	inf
0.94709	inf
0.94709	inf
0.94709	inf
0.94709	inf
0.94709	inf
0.94709	inf
0.94709	inf
0.952381	inf
0.952381	inf
0.952381	inf
0.957672	inf
0.962963	inf
0.962963	inf
0.962963	inf
0.962963	inf
0.962963	inf
0.962963	inf
0.962963	inf
0.962963	inf
0.962963	inf
0.962963	inf
0.962963	inf
0.968254	inf
0.968254	inf
0.968254	inf
0.968254	inf
0.968254	inf
0.968254	inf
0.973545	inf
0.973545	inf
0.973545	inf
0.973545	inf
0.973545	inf
0.973545	inf
0.973545	inf
0.978836	inf
0.978836	inf
0.978836	inf
0.978836	inf
0.978836	inf
0.978836	inf
0.978836	inf
0.978836	inf
0.978836	inf
0.978836	inf
0.978836	inf
0.984127	inf
0.984127	inf
0.984127	inf
0.984127	inf
0.984127	inf
0.984127	inf
0.984127	inf
0.984127	inf
0.984127	inf
0.984127	inf
0.984127	inf
0.984127	inf
0.984127	inf
0.989418	inf
0.989418	inf
0.989418	inf
0.989418	inf
0.989418	inf
0.989418	inf
0.989418	inf
