# Persistence diagram <GML/0245.gml>
#
# Dimension   : 0
# Entries     : 252
# Betti number: 2
0	inf
0	0.867725
0	inf
0	0.952381
0	0.962963
0	0.978836
0	0.978836
0	0.867725
0	0.936508
0	0.968254
0	0.941799
0	0.984127
0	0.973545
0	0.878307
0	0.936508
0	0.989418
0	0.989418
0	0.962963
0	0.957672
0	0.989418
0	0.941799
0	0.984127
0	0.952381
0	0.952381
0	0.952381
0	0.878307
0	0.978836
0	0.867725
0	0.978836
0	0.867725
0	0.936508
0	0.962963
0	0.962963
0	0.94709
0	0.878307
0	0.867725
0	0.978836
0	0.936508
0	0.984127
0	0.984127
0	0.867725
0	0.973545
0	0.94709
0	0.978836
0	0.984127
0	0.878307
0	0.962963
0	0.867725
0	0.973545
0	0.968254
0	0.941799
0	0.962963
0	0.989418
0	0.952381
0	0.984127
0	0.957672
0	0.962963
0	0.989418
0	0.941799
0	0.978836
0	0.952381
0	0.94709
0	0.973545
0	0.973545
0	0.952381
0	0.867725
0	0.94709
0	0.978836
0	0.973545
0	0.989418
0	0.952381
0	0.936508
0	0.936508
0	0.989418
0	0.984127
0	0.989418
0	0.867725
0	0.962963
0	0.978836
0	0.941799
0	0.978836
0	0.984127
0	0.936508
0	0.968254
0	0.978836
0	0.878307
0	0.968254
0	0.962963
0	0.978836
0	0.984127
0	0.94709
0	0.962963
0	0.936508
0	0.867725
0	0.94709
0	0.989418
0	0.878307
0	0.878307
0	0.973545
0	0.973545
0	0.936508
0	0.878307
0	0.989418
0	0.989418
0	0.936508
0	0.952381
0	0.962963
0	0.867725
0	0.989418
0	0.968254
0	0.989418
0	0.973545
0	0.968254
0	0.984127
0	0.968254
0	0.952381
0	0.878307
0	0.968254
0	0.978836
0	0.878307
0	0.989418
0	0.962963
0	0.957672
0	0.952381
0	0.952381
0	0.989418
0	0.962963
0	0.957672
0	0.962963
0	0.94709
0	0.978836
0	0.878307
0	0.936508
0	0.878307
0	0.962963
0	0.878307
0	0.984127
0	0.867725
0	0.867725
0	0.962963
0	0.978836
0	0.984127
0	0.989418
0	0.952381
0	0.867725
0	0.984127
0	0.962963
0	0.978836
0	0.984127
0	0.984127
0	0.878307
0	0.973545
0	0.878307
0	0.941799
0	0.968254
0	0.936508
0	0.973545
0	0.878307
0	0.962963
0	0.984127
0	0.878307
0	0.978836
0	0.968254
0	0.941799
0	0.978836
0	0.952381
0	0.989418
0	0.978836
0	0.94709
0	0.94709
0	0.962963
0	0.984127
0	0.973545
0	0.936508
0	0.973545
0	0.962963
0	0.973545
0	0.878307
0	0.968254
0	0.973545
0	0.989418
0	0.867725
0	0.989418
0	0.878307
0	0.968254
0	0.978836
0	0.957672
0	0.989418
0	0.962963
0	0.984127
0	0.968254
0	0.989418
0	0.973545
0	0.978836
0	0.973545
0	0.978836
0	0.978836
0	0.973545
0	0.984127
0	0.968254
0	0.867725
0	0.936508
0	0.867725
0	0.867725
0	0.957672
0	0.867725
0	0.968254
0	0.962963
0	0.968254
0	0.936508
0	0.952381
0	0.952381
0	0.962963
0	0.968254
0	0.973545
0	0.984127
0	0.867725
0	0.978836
0	0.978836
0	0.962963
0	0.962963
0	0.878307
0	0.978836
0	0.984127
0	0.878307
0	0.936508
0	0.941799
0	0.962963
0	0.973545
0	0.952381
0	0.968254
0	0.936508
0	0.941799
0	0.968254
0	0.973545
0	0.867725
0	0.952381
0	0.973545
0	0.962963
0	0.973545
0	0.989418
0	0.936508
0	0.941799
0	0.962963
0	0.978836
0	0.867725
0	0.962963
0	0.941799
0	0.984127
0	0.962963
0	0.989418
0	0.962963


