# Persistence diagram <GML/0250.gml>
#
# Dimension   : 0
# Entries     : 65
# Betti number: 2
0	inf
0	0.901639
0	0.852459
0	0.901639
0	0.95082
0	0.934426
0	0.967213
0	0.901639
0	0.852459
0	0.934426
0	0.901639
0	0.95082
0	0.934426
0	0.967213
0	0.95082
0	0.967213
0	0.852459
0	0.934426
0	0.95082
0	0.967213
0	0.95082
0	inf
0	0.95082
0	0.967213
0	0.95082
0	0.967213
0	0.852459
0	0.967213
0	0.934426
0	0.934426
0	0.967213
0	0.967213
0	0.934426
0	0.967213
0	0.967213
0	0.95082
0	0.901639
0	0.967213
0	0.967213
0	0.852459
0	0.95082
0	0.967213
0	0.901639
0	0.901639
0	0.934426
0	0.95082
0	0.967213
0	0.934426
0	0.934426
0	0.967213
0	0.967213
0	0.934426
0	0.934426
0	0.967213
0	0.967213
0	0.934426
0	0.95082
0	0.95082
0	0.95082
0	0.901639
0	0.852459
0	0.901639
0	0.95082
0	0.967213
0	0.934426


