# Persistence diagram <GML/0252.gml>
#
# Dimension   : 0
# Entries     : 115
# Betti number: 3
0	inf
0	0.732143
0	inf
0	0.732143
0	0.732143
0	0.964286
0	0.732143
0	0.732143
0	0.892857
0	0.892857
0	0.732143
0	0.964286
0	0.946429
0	0.946429
0	0.946429
0	0.964286
0	0.910714
0	0.928571
0	0.946429
0	0.964286
0	0.946429
0	0.732143
0	0.892857
0	0.928571
0	0.946429
0	0.964286
0	0.928571
0	0.732143
0	0.928571
0	0.928571
0	0.910714
0	0.964286
0	0.928571
0	0.910714
0	0.892857
0	0.964286
0	0.964286
0	0.964286
0	0.946429
0	0.732143
0	0.910714
0	0.928571
0	inf
0	0.946429
0	0.964286
0	0.946429
0	0.928571
0	0.892857
0	0.732143
0	0.928571
0	0.875
0	0.928571
0	0.964286
0	0.946429
0	0.928571
0	0.875
0	0.946429
0	0.732143
0	0.946429
0	0.892857
0	0.875
0	0.928571
0	0.946429
0	0.910714
0	0.964286
0	0.946429
0	0.964286
0	0.964286
0	0.875
0	0.928571
0	0.910714
0	0.946429
0	0.964286
0	0.946429
0	0.964286
0	0.732143
0	0.964286
0	0.946429
0	0.928571
0	0.964286
0	0.928571
0	0.964286
0	0.946429
0	0.892857
0	0.946429
0	0.928571
0	0.946429
0	0.732143
0	0.928571
0	0.875
0	0.946429
0	0.910714
0	0.892857
0	0.892857
0	0.946429
0	0.946429
0	0.928571
0	0.910714
0	0.946429
0	0.910714
0	0.928571
0	0.946429
0	0.892857
0	0.946429
0	0.928571
0	0.732143
0	0.910714
0	0.964286
0	0.928571
0	0.732143
0	0.928571
0	0.910714
0	0.946429
0	0.910714
0	0.964286


