# Persistence diagram <GML/0255.gml>
#
# Dimension   : 1
# Entries     : 63
# Betti number: 63
0.927885	inf
0.932692	inf
0.942308	inf
0.947115	inf
0.951923	inf
0.951923	inf
0.951923	inf
0.961538	inf
0.961538	inf
0.961538	inf
0.966346	inf
0.966346	inf
0.966346	inf
0.966346	inf
0.971154	inf
0.971154	inf
0.971154	inf
0.971154	inf
0.971154	inf
0.971154	inf
0.971154	inf
0.971154	inf
0.971154	inf
0.971154	inf
0.971154	inf
0.971154	inf
0.975962	inf
0.975962	inf
0.975962	inf
0.980769	inf
0.980769	inf
0.980769	inf
0.980769	inf
0.980769	inf
0.980769	inf
0.980769	inf
0.980769	inf
0.980769	inf
0.980769	inf
0.980769	inf
0.980769	inf
0.980769	inf
0.980769	inf
0.980769	inf
0.985577	inf
0.985577	inf
0.985577	inf
0.985577	inf
0.985577	inf
0.985577	inf
0.985577	inf
0.985577	inf
0.985577	inf
0.985577	inf
0.985577	inf
0.985577	inf
0.990385	inf
0.990385	inf
0.990385	inf
0.990385	inf
0.990385	inf
0.990385	inf
0.990385	inf
