# Persistence diagram <GML/0257.gml>
#
# Dimension   : 0
# Entries     : 169
# Betti number: 3
0	inf
0	inf
0	0.976303
0	0.952607
0	inf
0	0.966825
0	0.981043
0	0.976303
0	0.990521
0	0.985782
0	0.900474
0	0.957346
0	0.966825
0	0.962085
0	0.962085
0	0.966825
0	0.981043
0	0.990521
0	0.971564
0	0.952607
0	0.971564
0	0.962085
0	0.957346
0	0.985782
0	0.985782
0	0.985782
0	0.947867
0	0.952607
0	0.966825
0	0.971564
0	0.900474
0	0.900474
0	0.990521
0	0.985782
0	0.966825
0	0.985782
0	0.962085
0	0.976303
0	0.971564
0	0.976303
0	0.900474
0	0.947867
0	0.900474
0	0.981043
0	0.981043
0	0.900474
0	0.976303
0	0.995261
0	0.900474
0	0.962085
0	0.900474
0	0.971564
0	0.981043
0	0.900474
0	0.990521
0	0.962085
0	0.900474
0	0.900474
0	0.981043
0	0.962085
0	0.976303
0	0.962085
0	0.990521
0	0.976303
0	0.900474
0	0.990521
0	0.976303
0	0.981043
0	0.971564
0	0.985782
0	0.981043
0	0.985782
0	0.900474
0	0.985782
0	0.957346
0	0.985782
0	0.976303
0	0.985782
0	0.957346
0	0.900474
0	0.971564
0	0.985782
0	0.966825
0	0.900474
0	0.971564
0	0.962085
0	0.990521
0	0.971564
0	0.985782
0	0.962085
0	0.981043
0	0.990521
0	0.962085
0	0.966825
0	0.966825
0	0.971564
0	0.971564
0	0.981043
0	0.966825
0	0.981043
0	0.976303
0	0.995261
0	0.966825
0	0.962085
0	0.976303
0	0.985782
0	0.990521
0	0.952607
0	0.952607
0	0.981043
0	0.981043
0	0.990521
0	0.900474
0	0.966825
0	0.947867
0	0.957346
0	0.971564
0	0.947867
0	0.985782
0	0.981043
0	0.981043
0	0.985782
0	0.985782
0	0.900474
0	0.976303
0	0.981043
0	0.985782
0	0.990521
0	0.985782
0	0.962085
0	0.985782
0	0.947867
0	0.971564
0	0.966825
0	0.971564
0	0.990521
0	0.985782
0	0.985782
0	0.947867
0	0.900474
0	0.957346
0	0.985782
0	0.966825
0	0.900474
0	0.962085
0	0.947867
0	0.966825
0	0.971564
0	0.971564
0	0.966825
0	0.962085
0	0.985782
0	0.985782
0	0.976303
0	0.981043
0	0.985782
0	0.990521
0	0.952607
0	0.985782
0	0.981043
0	0.971564
0	0.976303
0	0.962085
0	0.981043
0	0.971564
0	0.981043
0	0.976303
0	0.957346
0	0.981043


