# Persistence diagram <GML/0259.gml>
#
# Dimension   : 0
# Entries     : 377
# Betti number: 4
0	inf
0	0.875
0	0.99
0	0.955
0	0.95
0	0.98
0	0.99
0	0.875
0	0.96
0	0.875
0	0.985
0	0.835
0	0.985
0	0.95
0	0.955
0	0.955
0	0.93
0	0.975
0	0.875
0	0.975
0	0.835
0	0.965
0	0.975
0	0.985
0	0.84
0	0.835
0	0.84
0	0.98
0	0.975
0	0.98
0	0.965
0	0.93
0	0.97
0	0.955
0	0.835
0	0.95
0	0.95
0	inf
0	0.96
0	0.965
0	0.965
0	0.935
0	0.91
0	0.95
0	0.98
0	0.835
0	0.975
0	0.84
0	0.93
0	0.93
0	0.95
0	0.95
0	0.94
0	0.84
0	0.955
0	0.835
0	0.875
0	0.955
0	0.975
0	0.835
0	0.985
0	0.94
0	0.985
0	0.98
0	0.985
0	0.95
0	0.985
0	0.98
0	0.84
0	0.835
0	0.985
0	0.98
0	0.875
0	0.945
0	0.98
0	0.985
0	0.96
0	0.875
0	0.965
0	0.985
0	0.98
0	0.945
0	0.93
0	0.99
0	0.99
0	0.95
0	0.955
0	0.97
0	0.835
0	0.99
0	inf
0	0.975
0	0.875
0	0.985
0	0.975
0	0.84
0	0.985
0	0.975
0	0.985
0	0.99
0	0.975
0	0.94
0	0.84
0	0.985
0	0.965
0	0.84
0	0.835
0	0.99
0	0.875
0	0.875
0	inf
0	0.97
0	0.96
0	0.91
0	0.875
0	0.91
0	0.985
0	0.95
0	0.97
0	0.94
0	0.835
0	0.985
0	0.965
0	0.975
0	0.955
0	0.97
0	0.955
0	0.97
0	0.975
0	0.91
0	0.96
0	0.95
0	0.985
0	0.975
0	0.985
0	0.98
0	0.95
0	0.985
0	0.84
0	0.975
0	0.99
0	0.955
0	0.875
0	0.93
0	0.97
0	0.875
0	0.955
0	0.955
0	0.84
0	0.91
0	0.98
0	0.98
0	0.98
0	0.99
0	0.875
0	0.84
0	0.93
0	0.945
0	0.98
0	0.95
0	0.985
0	0.99
0	0.875
0	0.95
0	0.99
0	0.99
0	0.96
0	0.97
0	0.975
0	0.945
0	0.84
0	0.93
0	0.99
0	0.93
0	0.975
0	0.95
0	0.91
0	0.99
0	0.95
0	0.95
0	0.975
0	0.965
0	0.965
0	0.93
0	0.98
0	0.99
0	0.84
0	0.95
0	0.99
0	0.965
0	0.98
0	0.945
0	0.975
0	0.95
0	0.965
0	0.95
0	0.965
0	0.985
0	0.835
0	0.91
0	0.97
0	0.835
0	0.95
0	0.95
0	0.98
0	0.965
0	0.99
0	0.84
0	0.99
0	0.975
0	0.985
0	0.985
0	0.84
0	0.95
0	0.91
0	0.93
0	0.985
0	0.965
0	0.985
0	0.99
0	0.93
0	0.99
0	0.965
0	0.95
0	0.985
0	0.99
0	0.84
0	0.975
0	0.94
0	0.955
0	0.95
0	0.84
0	0.98
0	0.84
0	0.99
0	0.935
0	0.95
0	0.97
0	0.94
0	0.99
0	0.94
0	0.97
0	0.99
0	0.975
0	0.95
0	0.875
0	0.835
0	0.98
0	0.99
0	0.84
0	0.985
0	0.95
0	0.985
0	0.99
0	0.91
0	0.955
0	0.98
0	0.97
0	0.96
0	0.955
0	0.98
0	0.965
0	0.975
0	0.955
0	0.835
0	0.995
0	0.84
0	0.99
0	0.97
0	0.95
0	0.84
0	0.95
0	0.95
0	0.95
0	0.95
0	0.875
0	0.99
0	0.95
0	0.97
0	0.99
0	0.99
0	0.985
0	0.97
0	0.955
0	0.95
0	0.84
0	0.95
0	0.84
0	0.97
0	0.835
0	0.97
0	0.84
0	0.835
0	0.965
0	0.985
0	0.97
0	0.96
0	0.985
0	0.975
0	0.965
0	0.91
0	0.99
0	0.985
0	0.835
0	0.91
0	0.875
0	0.955
0	0.95
0	0.97
0	0.955
0	0.945
0	0.975
0	0.985
0	0.97
0	0.95
0	0.975
0	0.99
0	0.98
0	0.95
0	0.835
0	0.95
0	0.99
0	0.97
0	0.965
0	0.99
0	0.945
0	0.985
0	0.96
0	0.975
0	0.985
0	0.99
0	0.975
0	0.985
0	0.955
0	0.955
0	0.835
0	0.84
0	0.84
0	0.93
0	0.84
0	0.97
0	0.95
0	0.95
0	0.975
0	0.975
0	0.965
0	0.99
0	0.955
0	0.99
0	0.875
0	0.98
0	0.84
0	0.99
0	0.875
0	0.985
0	0.93
0	0.875
0	0.835
0	0.955
0	0.91
0	0.975
0	0.95
0	0.96
0	0.965
0	0.94
0	0.945
0	0.835
0	0.975
0	0.96
0	0.91
0	0.875
0	0.94
0	0.965
0	0.835
0	0.99
0	0.97
0	0.95


