# Persistence diagram <GML/0260.gml>
#
# Dimension   : 0
# Entries     : 217
# Betti number: 1
0	inf
0	0.985714
0	0.892857
0	0.892857
0	0.978571
0	0.892857
0	0.95
0	0.985714
0	0.971429
0	0.878571
0	0.978571
0	0.964286
0	0.842857
0	0.842857
0	0.964286
0	0.971429
0	0.957143
0	0.942857
0	0.95
0	0.985714
0	0.928571
0	0.871429
0	0.978571
0	0.9
0	0.878571
0	0.971429
0	0.942857
0	0.978571
0	0.921429
0	0.964286
0	0.871429
0	0.978571
0	0.885714
0	0.985714
0	0.885714
0	0.978571
0	0.985714
0	0.842857
0	0.842857
0	0.95
0	0.971429
0	0.942857
0	0.871429
0	0.892857
0	0.985714
0	0.871429
0	0.928571
0	0.842857
0	0.928571
0	0.978571
0	0.885714
0	0.892857
0	0.95
0	0.871429
0	0.971429
0	0.978571
0	0.964286
0	0.978571
0	0.978571
0	0.971429
0	0.978571
0	0.842857
0	0.942857
0	0.871429
0	0.842857
0	0.9
0	0.921429
0	0.9
0	0.971429
0	0.928571
0	0.9
0	0.957143
0	0.885714
0	0.885714
0	0.878571
0	0.935714
0	0.871429
0	0.885714
0	0.885714
0	0.878571
0	0.985714
0	0.878571
0	0.885714
0	0.935714
0	0.978571
0	0.892857
0	0.978571
0	0.892857
0	0.935714
0	0.971429
0	0.842857
0	0.978571
0	0.964286
0	0.971429
0	0.957143
0	0.985714
0	0.921429
0	0.9
0	0.964286
0	0.892857
0	0.985714
0	0.985714
0	0.892857
0	0.978571
0	0.871429
0	0.985714
0	0.971429
0	0.842857
0	0.842857
0	0.921429
0	0.842857
0	0.928571
0	0.971429
0	0.985714
0	0.892857
0	0.985714
0	0.971429
0	0.964286
0	0.978571
0	0.871429
0	0.978571
0	0.842857
0	0.935714
0	0.978571
0	0.842857
0	0.842857
0	0.985714
0	0.892857
0	0.95
0	0.985714
0	0.9
0	0.95
0	0.885714
0	0.878571
0	0.971429
0	0.971429
0	0.964286
0	0.928571
0	0.985714
0	0.985714
0	0.871429
0	0.885714
0	0.878571
0	0.878571
0	0.964286
0	0.957143
0	0.964286
0	0.985714
0	0.871429
0	0.978571
0	0.985714
0	0.971429
0	0.978571
0	0.985714
0	0.878571
0	0.921429
0	0.971429
0	0.892857
0	0.95
0	0.892857
0	0.871429
0	0.892857
0	0.978571
0	0.871429
0	0.978571
0	0.842857
0	0.9
0	0.985714
0	0.942857
0	0.878571
0	0.892857
0	0.985714
0	0.842857
0	0.978571
0	0.957143
0	0.892857
0	0.935714
0	0.892857
0	0.928571
0	0.971429
0	0.957143
0	0.978571
0	0.878571
0	0.892857
0	0.878571
0	0.871429
0	0.842857
0	0.978571
0	0.878571
0	0.978571
0	0.878571
0	0.95
0	0.921429
0	0.964286
0	0.892857
0	0.985714
0	0.978571
0	0.978571
0	0.964286
0	0.985714
0	0.964286
0	0.842857
0	0.971429
0	0.978571
0	0.9
0	0.971429
0	0.892857
0	0.964286
0	0.935714
0	0.978571
0	0.971429
0	0.892857
0	0.892857
0	0.892857
0	0.964286
0	0.985714
0	0.842857


