# Persistence diagram <GML/0261.gml>
#
# Dimension   : 0
# Entries     : 43
# Betti number: 3
0	inf
0	0.538462
0	0.807692
0	0.653846
0	0.923077
0	0.846154
0	0.846154
0	0.653846
0	0.653846
0	inf
0	0.653846
0	0.884615
0	0.846154
0	0.807692
0	0.884615
0	0.884615
0	0.538462
0	0.961538
0	0.538462
0	0.923077
0	0.923077
0	0.538462
0	0.884615
0	0.923077
0	0.653846
0	0.884615
0	inf
0	0.538462
0	0.884615
0	0.846154
0	0.653846
0	0.884615
0	0.884615
0	0.538462
0	0.538462
0	0.923077
0	0.923077
0	0.846154
0	0.538462
0	0.653846
0	0.923077
0	0.884615
0	0.538462


