# Persistence diagram <GML/0264.gml>
#
# Dimension   : 0
# Entries     : 58
# Betti number: 1
0	inf
0	0.953488
0	0.930233
0	0.860465
0	0.953488
0	0.930233
0	0.860465
0	0.953488
0	0.813953
0	0.930233
0	0.790698
0	0.906977
0	0.860465
0	0.883721
0	0.813953
0	0.883721
0	0.953488
0	0.930233
0	0.790698
0	0.860465
0	0.953488
0	0.813953
0	0.930233
0	0.883721
0	0.930233
0	0.860465
0	0.953488
0	0.813953
0	0.953488
0	0.953488
0	0.953488
0	0.953488
0	0.883721
0	0.790698
0	0.790698
0	0.953488
0	0.930233
0	0.953488
0	0.930233
0	0.790698
0	0.906977
0	0.953488
0	0.953488
0	0.953488
0	0.906977
0	0.790698
0	0.906977
0	0.790698
0	0.790698
0	0.953488
0	0.906977
0	0.813953
0	0.813953
0	0.930233
0	0.813953
0	0.883721
0	0.790698
0	0.930233


