# Persistence diagram <GML/0271.gml>
#
# Dimension   : 0
# Entries     : 400
# Betti number: 2
0	inf
0	0.97861
0	0.994652
0	0.981283
0	inf
0	0.914439
0	0.97861
0	0.973262
0	0.989305
0	0.959893
0	0.989305
0	0.991979
0	0.983957
0	0.962567
0	0.959893
0	0.991979
0	0.989305
0	0.994652
0	0.957219
0	0.965241
0	0.989305
0	0.994652
0	0.97861
0	0.970588
0	0.983957
0	0.933155
0	0.973262
0	0.957219
0	0.994652
0	0.991979
0	0.981283
0	0.991979
0	0.981283
0	0.957219
0	0.933155
0	0.989305
0	0.914439
0	0.989305
0	0.973262
0	0.991979
0	0.981283
0	0.983957
0	0.970588
0	0.994652
0	0.994652
0	0.975936
0	0.959893
0	0.986631
0	0.962567
0	0.949198
0	0.957219
0	0.970588
0	0.914439
0	0.989305
0	0.991979
0	0.986631
0	0.991979
0	0.933155
0	0.973262
0	0.959893
0	0.991979
0	0.97861
0	0.994652
0	0.983957
0	0.973262
0	0.975936
0	0.975936
0	0.914439
0	0.994652
0	0.994652
0	0.989305
0	0.994652
0	0.914439
0	0.973262
0	0.957219
0	0.914439
0	0.989305
0	0.959893
0	0.97861
0	0.994652
0	0.957219
0	0.994652
0	0.994652
0	0.97861
0	0.933155
0	0.97861
0	0.975936
0	0.933155
0	0.994652
0	0.991979
0	0.965241
0	0.933155
0	0.994652
0	0.994652
0	0.933155
0	0.975936
0	0.989305
0	0.986631
0	0.991979
0	0.914439
0	0.933155
0	0.983957
0	0.957219
0	0.994652
0	0.991979
0	0.973262
0	0.959893
0	0.949198
0	0.933155
0	0.989305
0	0.914439
0	0.991979
0	0.991979
0	0.991979
0	0.957219
0	0.975936
0	0.914439
0	0.957219
0	0.989305
0	0.994652
0	0.991979
0	0.970588
0	0.975936
0	0.989305
0	0.914439
0	0.981283
0	0.949198
0	0.973262
0	0.991979
0	0.991979
0	0.914439
0	0.914439
0	0.97861
0	0.994652
0	0.981283
0	0.981283
0	0.994652
0	0.914439
0	0.991979
0	0.962567
0	0.973262
0	0.991979
0	0.973262
0	0.933155
0	0.991979
0	0.914439
0	0.957219
0	0.959893
0	0.914439
0	0.991979
0	0.914439
0	0.983957
0	0.957219
0	0.957219
0	0.989305
0	0.991979
0	0.959893
0	0.914439
0	0.959893
0	0.933155
0	0.949198
0	0.981283
0	0.994652
0	0.981283
0	0.949198
0	0.957219
0	0.957219
0	0.919786
0	0.975936
0	0.973262
0	0.994652
0	0.962567
0	0.991979
0	0.933155
0	0.994652
0	0.989305
0	0.962567
0	0.981283
0	0.991979
0	0.97861
0	0.991979
0	0.949198
0	0.957219
0	0.994652
0	0.991979
0	0.959893
0	0.962567
0	0.97861
0	0.933155
0	0.975936
0	0.997326
0	0.991979
0	0.919786
0	0.973262
0	0.986631
0	0.991979
0	0.957219
0	0.986631
0	0.991979
0	0.970588
0	0.991979
0	0.914439
0	0.97861
0	0.994652
0	0.962567
0	0.97861
0	0.975936
0	0.957219
0	0.959893
0	0.957219
0	0.994652
0	0.959893
0	0.957219
0	0.991979
0	0.981283
0	0.973262
0	0.957219
0	0.949198
0	0.97861
0	0.989305
0	0.973262
0	0.991979
0	0.959893
0	0.991979
0	0.965241
0	0.914439
0	0.962567
0	0.973262
0	0.97861
0	0.994652
0	0.914439
0	0.981283
0	0.986631
0	0.991979
0	0.991979
0	0.991979
0	0.965241
0	0.991979
0	0.973262
0	0.957219
0	0.991979
0	0.970588
0	0.949198
0	0.994652
0	0.991979
0	0.97861
0	0.957219
0	0.933155
0	0.983957
0	0.973262
0	0.991979
0	0.991979
0	0.989305
0	0.965241
0	0.994652
0	0.957219
0	0.994652
0	0.994652
0	0.981283
0	0.981283
0	0.994652
0	0.994652
0	0.957219
0	0.965241
0	0.991979
0	0.973262
0	0.949198
0	0.986631
0	0.97861
0	0.994652
0	0.949198
0	0.983957
0	0.983957
0	0.994652
0	0.989305
0	0.970588
0	0.983957
0	0.914439
0	0.933155
0	0.986631
0	0.973262
0	0.973262
0	0.991979
0	0.973262
0	0.914439
0	0.949198
0	0.983957
0	0.962567
0	0.957219
0	0.989305
0	0.983957
0	0.973262
0	0.914439
0	0.991979
0	0.991979
0	0.975936
0	0.991979
0	0.973262
0	0.991979
0	0.962567
0	0.957219
0	0.97861
0	0.957219
0	0.981283
0	0.989305
0	0.97861
0	0.933155
0	0.919786
0	0.914439
0	0.989305
0	0.97861
0	0.949198
0	0.989305
0	0.991979
0	0.973262
0	0.965241
0	0.933155
0	0.991979
0	0.981283
0	0.983957
0	0.914439
0	0.973262
0	0.919786
0	0.933155
0	0.970588
0	0.97861
0	0.957219
0	0.914439
0	0.962567
0	0.97861
0	0.981283
0	0.994652
0	0.973262
0	0.991979
0	0.986631
0	0.97861
0	0.991979
0	0.957219
0	0.914439
0	0.991979
0	0.981283
0	0.981283
0	0.965241
0	0.965241
0	0.975936
0	0.973262
0	0.991979
0	0.983957
0	0.973262
0	0.981283
0	0.933155
0	0.975936
0	0.914439
0	0.981283
0	0.933155
0	0.914439
0	0.970588
0	0.986631
0	0.989305
0	0.97861
0	0.991979
0	0.983957
0	0.986631
0	0.989305
0	0.97861
0	0.994652
0	0.933155
0	0.957219
0	0.933155
0	0.994652
0	0.986631
0	0.933155
0	0.962567
0	0.983957
0	0.919786
0	0.965241
0	0.970588
0	0.973262
0	0.994652
0	0.957219
0	0.994652
0	0.991979
0	0.933155
0	0.973262
0	0.973262
0	0.919786
0	0.994652
0	0.981283
0	0.949198
0	0.949198
0	0.959893
0	0.914439
0	0.991979
0	0.981283
0	0.989305
0	0.933155
0	0.949198
0	0.981283
0	0.914439
0	0.973262


