# Persistence diagram <GML/0274.gml>
#
# Dimension   : 1
# Entries     : 136
# Betti number: 136
0.908745	inf
0.908745	inf
0.908745	inf
0.908745	inf
0.908745	inf
0.908745	inf
0.908745	inf
0.908745	inf
0.908745	inf
0.908745	inf
0.908745	inf
0.908745	inf
0.908745	inf
0.908745	inf
0.908745	inf
0.908745	inf
0.908745	inf
0.908745	inf
0.920152	inf
0.920152	inf
0.920152	inf
0.920152	inf
0.923954	inf
0.923954	inf
0.939163	inf
0.939163	inf
0.939163	inf
0.939163	inf
0.95057	inf
0.95057	inf
0.954373	inf
0.954373	inf
0.958175	inf
0.958175	inf
0.958175	inf
0.958175	inf
0.958175	inf
0.965779	inf
0.965779	inf
0.965779	inf
0.965779	inf
0.965779	inf
0.965779	inf
0.965779	inf
0.965779	inf
0.973384	inf
0.973384	inf
0.973384	inf
0.973384	inf
0.973384	inf
0.973384	inf
0.973384	inf
0.973384	inf
0.973384	inf
0.973384	inf
0.977186	inf
0.977186	inf
0.977186	inf
0.977186	inf
0.977186	inf
0.980989	inf
0.980989	inf
0.980989	inf
0.980989	inf
0.980989	inf
0.980989	inf
0.980989	inf
0.980989	inf
0.980989	inf
0.980989	inf
0.980989	inf
0.980989	inf
0.980989	inf
0.980989	inf
0.980989	inf
0.980989	inf
0.980989	inf
0.980989	inf
0.984791	inf
0.984791	inf
0.984791	inf
0.984791	inf
0.984791	inf
0.984791	inf
0.984791	inf
0.984791	inf
0.984791	inf
0.984791	inf
0.984791	inf
0.984791	inf
0.984791	inf
0.984791	inf
0.984791	inf
0.984791	inf
0.984791	inf
0.984791	inf
0.984791	inf
0.984791	inf
0.984791	inf
0.984791	inf
0.984791	inf
0.984791	inf
0.984791	inf
0.984791	inf
0.988593	inf
0.988593	inf
0.988593	inf
0.988593	inf
0.988593	inf
0.988593	inf
0.988593	inf
0.988593	inf
0.988593	inf
0.988593	inf
0.988593	inf
0.988593	inf
0.988593	inf
0.988593	inf
0.988593	inf
0.988593	inf
0.988593	inf
0.988593	inf
0.988593	inf
0.988593	inf
0.988593	inf
0.992395	inf
0.992395	inf
0.992395	inf
0.992395	inf
0.992395	inf
0.992395	inf
0.992395	inf
0.992395	inf
0.992395	inf
0.992395	inf
0.992395	inf
