# Persistence diagram <GML/0274.gml>
#
# Dimension   : 0
# Entries     : 440
# Betti number: 4
0	inf
0	0.980989
0	0.920152
0	0.923954
0	0.977186
0	0.973384
0	0.980989
0	0.920152
0	0.984791
0	0.923954
0	0.923954
0	inf
0	0.984791
0	0.965779
0	0.954373
0	0.912548
0	0.988593
0	0.958175
0	0.954373
0	0.973384
0	0.923954
0	0.988593
0	0.980989
0	0.920152
0	0.912548
0	0.954373
0	0.988593
0	0.920152
0	0.984791
0	0.969582
0	0.965779
0	0.988593
0	0.965779
0	0.912548
0	0.988593
0	0.912548
0	0.954373
0	0.939163
0	0.980989
0	0.965779
0	0.992395
0	0.958175
0	0.977186
0	0.958175
0	0.908745
0	0.965779
0	0.988593
0	0.973384
0	0.954373
0	0.977186
0	0.920152
0	0.977186
0	0.912548
0	0.980989
0	0.984791
0	0.954373
0	0.980989
0	0.920152
0	0.977186
0	0.965779
0	0.988593
0	0.923954
0	0.977186
0	0.923954
0	0.954373
0	0.980989
0	0.988593
0	0.908745
0	0.958175
0	0.969582
0	0.992395
0	0.980989
0	0.912548
0	0.912548
0	0.946768
0	0.95057
0	0.988593
0	0.988593
0	0.920152
0	0.988593
0	0.908745
0	0.984791
0	0.980989
0	0.95057
0	0.992395
0	0.992395
0	0.980989
0	0.992395
0	0.923954
0	0.923954
0	0.988593
0	0.984791
0	0.977186
0	0.920152
0	0.977186
0	0.920152
0	0.95057
0	0.977186
0	0.977186
0	0.939163
0	0.992395
0	0.980989
0	0.920152
0	0.988593
0	0.980989
0	0.954373
0	0.984791
0	0.939163
0	0.992395
0	0.912548
0	0.988593
0	0.980989
0	0.984791
0	0.984791
0	0.912548
0	0.912548
0	0.912548
0	0.973384
0	0.954373
0	0.984791
0	0.939163
0	0.980989
0	0.912548
0	0.939163
0	inf
0	0.988593
0	0.988593
0	0.923954
0	0.988593
0	0.977186
0	0.920152
0	0.912548
0	0.920152
0	0.980989
0	0.988593
0	0.912548
0	0.965779
0	0.965779
0	0.992395
0	0.958175
0	0.992395
0	0.912548
0	0.912548
0	0.992395
0	0.977186
0	0.984791
0	0.980989
0	0.954373
0	0.992395
0	0.988593
0	0.988593
0	0.912548
0	0.977186
0	0.965779
0	0.923954
0	0.923954
0	0.992395
0	0.992395
0	0.984791
0	0.977186
0	0.912548
0	0.946768
0	0.984791
0	0.95057
0	0.958175
0	0.992395
0	0.920152
0	0.992395
0	0.954373
0	0.980989
0	0.988593
0	0.920152
0	0.973384
0	0.984791
0	0.988593
0	0.912548
0	0.992395
0	0.973384
0	0.939163
0	0.958175
0	0.984791
0	0.946768
0	0.954373
0	0.920152
0	0.965779
0	0.939163
0	0.992395
0	0.965779
0	0.946768
0	0.988593
0	0.992395
0	0.912548
0	0.920152
0	0.988593
0	0.988593
0	0.992395
0	0.920152
0	0.912548
0	0.908745
0	0.977186
0	0.954373
0	0.980989
0	0.992395
0	0.988593
0	0.923954
0	0.920152
0	0.980989
0	0.946768
0	0.95057
0	0.977186
0	0.958175
0	0.969582
0	0.973384
0	0.992395
0	0.977186
0	0.988593
0	0.920152
0	0.980989
0	0.920152
0	0.984791
0	0.958175
0	0.992395
0	0.973384
0	0.988593
0	0.958175
0	0.984791
0	0.923954
0	0.984791
0	0.996198
0	0.977186
0	0.977186
0	0.912548
0	0.980989
0	0.954373
0	inf
0	0.973384
0	0.988593
0	0.984791
0	0.965779
0	0.977186
0	0.946768
0	0.965779
0	0.969582
0	0.977186
0	0.980989
0	0.988593
0	0.958175
0	0.980989
0	0.988593
0	0.984791
0	0.973384
0	0.965779
0	0.977186
0	0.984791
0	0.980989
0	0.946768
0	0.980989
0	0.95057
0	0.920152
0	0.958175
0	0.912548
0	0.980989
0	0.973384
0	0.958175
0	0.980989
0	0.988593
0	0.992395
0	0.988593
0	0.988593
0	0.954373
0	0.992395
0	0.912548
0	0.980989
0	0.992395
0	0.965779
0	0.973384
0	0.908745
0	0.95057
0	0.992395
0	0.992395
0	0.923954
0	0.973384
0	0.973384
0	0.912548
0	0.980989
0	0.946768
0	0.912548
0	0.977186
0	0.992395
0	0.912548
0	0.920152
0	0.912548
0	0.980989
0	0.984791
0	0.958175
0	0.984791
0	0.980989
0	0.977186
0	0.984791
0	0.988593
0	0.920152
0	0.984791
0	0.992395
0	0.980989
0	0.977186
0	0.954373
0	0.965779
0	0.958175
0	0.988593
0	0.973384
0	0.980989
0	0.973384
0	0.977186
0	0.954373
0	0.969582
0	0.992395
0	0.912548
0	0.920152
0	0.992395
0	0.954373
0	0.984791
0	0.958175
0	0.984791
0	0.939163
0	0.939163
0	0.988593
0	0.912548
0	0.977186
0	0.958175
0	0.920152
0	0.988593
0	0.946768
0	0.965779
0	0.973384
0	0.992395
0	0.973384
0	0.980989
0	0.984791
0	0.920152
0	0.912548
0	0.988593
0	0.980989
0	0.965779
0	0.977186
0	0.984791
0	0.973384
0	0.969582
0	0.980989
0	0.988593
0	0.969582
0	0.992395
0	0.912548
0	0.973384
0	0.992395
0	0.984791
0	0.973384
0	0.988593
0	0.988593
0	0.920152
0	0.965779
0	0.988593
0	0.992395
0	0.992395
0	0.969582
0	0.988593
0	0.912548
0	0.980989
0	0.988593
0	0.954373
0	0.923954
0	0.992395
0	0.973384
0	0.912548
0	0.992395
0	0.984791
0	0.973384
0	0.954373
0	0.920152
0	0.912548
0	0.920152
0	0.988593
0	0.977186
0	0.908745
0	0.95057
0	0.920152
0	0.920152
0	0.95057
0	0.965779
0	0.980989
0	0.980989
0	0.984791
0	0.980989
0	0.988593
0	0.920152
0	0.984791
0	0.958175
0	0.977186
0	0.973384
0	0.980989
0	0.984791
0	0.984791
0	0.923954
0	0.923954
0	0.980989
0	0.912548
0	0.939163
0	0.988593
0	0.984791
0	0.965779
0	0.988593
0	0.988593
0	0.920152
0	0.958175
0	0.988593
0	0.984791
0	0.977186
0	0.95057
0	0.980989
0	0.958175
0	0.920152
0	0.992395
0	0.980989
0	0.95057
0	0.939163
0	0.973384
0	0.984791
0	0.988593
0	0.977186
0	0.912548
0	0.984791
0	0.920152
0	0.980989
0	0.923954
0	0.988593
0	0.912548
0	0.954373
0	0.980989
0	0.980989
0	0.992395
0	0.980989


