# Persistence diagram <GML/0276.gml>
#
# Dimension   : 1
# Entries     : 116
# Betti number: 116
0.886957	inf
0.886957	inf
0.886957	inf
0.886957	inf
0.886957	inf
0.886957	inf
0.886957	inf
0.886957	inf
0.886957	inf
0.886957	inf
0.886957	inf
0.886957	inf
0.886957	inf
0.886957	inf
0.886957	inf
0.886957	inf
0.93913	inf
0.93913	inf
0.93913	inf
0.93913	inf
0.943478	inf
0.956522	inf
0.956522	inf
0.965217	inf
0.965217	inf
0.965217	inf
0.965217	inf
0.969565	inf
0.969565	inf
0.969565	inf
0.969565	inf
0.969565	inf
0.969565	inf
0.969565	inf
0.969565	inf
0.969565	inf
0.969565	inf
0.969565	inf
0.969565	inf
0.973913	inf
0.973913	inf
0.973913	inf
0.973913	inf
0.973913	inf
0.973913	inf
0.973913	inf
0.973913	inf
0.973913	inf
0.973913	inf
0.973913	inf
0.973913	inf
0.973913	inf
0.973913	inf
0.973913	inf
0.973913	inf
0.973913	inf
0.973913	inf
0.973913	inf
0.973913	inf
0.978261	inf
0.978261	inf
0.978261	inf
0.978261	inf
0.978261	inf
0.978261	inf
0.978261	inf
0.978261	inf
0.978261	inf
0.978261	inf
0.978261	inf
0.978261	inf
0.978261	inf
0.978261	inf
0.978261	inf
0.978261	inf
0.978261	inf
0.978261	inf
0.978261	inf
0.978261	inf
0.978261	inf
0.982609	inf
0.982609	inf
0.982609	inf
0.982609	inf
0.982609	inf
0.982609	inf
0.982609	inf
0.982609	inf
0.982609	inf
0.982609	inf
0.982609	inf
0.986957	inf
0.986957	inf
0.986957	inf
0.986957	inf
0.986957	inf
0.986957	inf
0.986957	inf
0.986957	inf
0.986957	inf
0.986957	inf
0.986957	inf
0.986957	inf
0.986957	inf
0.986957	inf
0.986957	inf
0.986957	inf
0.986957	inf
0.986957	inf
0.991304	inf
0.991304	inf
0.991304	inf
0.991304	inf
0.991304	inf
0.991304	inf
0.991304	inf
