# Persistence diagram <GML/0280.gml>
#
# Dimension   : 0
# Entries     : 393
# Betti number: 7
0	inf
0	inf
0	0.996774
0	0.982258
0	0.995161
0	0.993548
0	0.983871
0	0.996774
0	0.996774
0	0.991935
0	0.995161
0	0.948387
0	0.980645
0	0.995161
0	0.977419
0	0.995161
0	0.964516
0	0.964516
0	0.982258
0	0.995161
0	0.98871
0	0.948387
0	0.995161
0	0.98871
0	0.990323
0	0.987097
0	0.996774
0	0.964516
0	0.985484
0	0.983871
0	0.980645
0	0.98871
0	0.996774
0	0.98871
0	inf
0	0.964516
0	0.995161
0	0.993548
0	0.987097
0	0.993548
0	0.990323
0	0.991935
0	0.993548
0	0.98871
0	0.964516
0	0.964516
0	0.993548
0	0.996774
0	0.98871
0	0.991935
0	0.98871
0	0.990323
0	0.996774
0	0.991935
0	0.982258
0	0.991935
0	0.995161
0	0.982258
0	0.974194
0	0.996774
0	0.98871
0	0.995161
0	0.991935
0	0.995161
0	0.993548
0	0.996774
0	0.990323
0	0.974194
0	0.982258
0	0.991935
0	0.974194
0	0.98871
0	0.977419
0	0.948387
0	0.991935
0	inf
0	0.996774
0	0.982258
0	0.996774
0	0.964516
0	0.995161
0	0.948387
0	0.991935
0	0.948387
0	0.990323
0	0.996774
0	0.983871
0	0.983871
0	inf
0	0.991935
0	0.987097
0	0.982258
0	0.983871
0	0.964516
0	0.993548
0	0.983871
0	0.948387
0	0.98871
0	0.991935
0	0.991935
0	0.974194
0	0.990323
0	0.98871
0	0.993548
0	0.98871
0	0.974194
0	0.964516
0	inf
0	0.996774
0	0.991935
0	0.98871
0	0.995161
0	0.990323
0	0.987097
0	0.990323
0	0.983871
0	0.982258
0	0.998387
0	0.983871
0	0.996774
0	0.98871
0	0.985484
0	0.996774
0	0.987097
0	0.983871
0	0.983871
0	0.995161
0	0.996774
0	0.996774
0	0.996774
0	0.98871
0	0.948387
0	0.993548
0	0.990323
0	0.987097
0	0.977419
0	0.995161
0	0.980645
0	0.996774
0	0.990323
0	0.993548
0	0.996774
0	0.996774
0	0.993548
0	0.964516
0	0.995161
0	0.990323
0	0.982258
0	0.987097
0	0.990323
0	0.996774
0	0.991935
0	0.993548
0	0.993548
0	0.98871
0	0.98871
0	0.991935
0	0.993548
0	0.974194
0	0.98871
0	0.98871
0	0.993548
0	0.991935
0	0.991935
0	0.987097
0	0.990323
0	0.996774
0	0.948387
0	0.983871
0	0.993548
0	0.987097
0	0.977419
0	0.995161
0	0.977419
0	0.995161
0	inf
0	0.948387
0	0.985484
0	0.977419
0	0.982258
0	0.987097
0	0.948387
0	0.982258
0	0.977419
0	0.995161
0	0.991935
0	0.983871
0	0.948387
0	0.98871
0	0.991935
0	0.996774
0	0.993548
0	0.993548
0	0.987097
0	0.98871
0	0.977419
0	0.948387
0	0.982258
0	0.996774
0	0.990323
0	0.98871
0	0.977419
0	0.982258
0	0.948387
0	0.98871
0	0.977419
0	0.98871
0	0.991935
0	0.98871
0	0.948387
0	0.977419
0	0.996774
0	0.993548
0	0.996774
0	0.948387
0	0.995161
0	0.982258
0	0.996774
0	0.964516
0	0.948387
0	0.987097
0	0.983871
0	0.987097
0	0.982258
0	0.993548
0	0.98871
0	0.995161
0	0.995161
0	0.948387
0	0.974194
0	0.98871
0	0.993548
0	0.998387
0	0.995161
0	0.948387
0	0.980645
0	0.996774
0	0.974194
0	0.990323
0	0.990323
0	0.983871
0	0.980645
0	0.991935
0	0.980645
0	0.996774
0	0.993548
0	0.995161
0	0.995161
0	0.993548
0	0.993548
0	0.990323
0	0.983871
0	0.977419
0	0.964516
0	0.996774
0	0.990323
0	0.996774
0	0.993548
0	0.98871
0	0.977419
0	0.964516
0	0.987097
0	0.974194
0	0.995161
0	0.995161
0	0.977419
0	0.990323
0	0.974194
0	0.980645
0	0.985484
0	0.993548
0	0.993548
0	0.993548
0	0.98871
0	0.995161
0	0.996774
0	0.98871
0	0.987097
0	0.948387
0	0.993548
0	0.996774
0	0.993548
0	0.948387
0	0.993548
0	0.990323
0	0.995161
0	0.996774
0	0.948387
0	0.991935
0	0.98871
0	0.996774
0	0.948387
0	0.964516
0	0.987097
0	0.991935
0	0.995161
0	0.995161
0	0.948387
0	0.990323
0	0.995161
0	0.974194
0	0.98871
0	0.987097
0	0.990323
0	0.98871
0	0.996774
0	0.98871
0	0.98871
0	0.983871
0	0.948387
0	0.996774
0	0.987097
0	0.991935
0	0.991935
0	0.995161
0	0.964516
0	0.991935
0	0.996774
0	0.98871
0	0.991935
0	0.993548
0	0.985484
0	0.995161
0	0.993548
0	0.995161
0	0.987097
0	0.991935
0	0.996774
0	0.995161
0	0.996774
0	0.996774
0	0.982258
0	0.980645
0	0.993548
0	0.987097
0	0.987097
0	0.964516
0	0.948387
0	0.995161
0	0.983871
0	0.996774
0	0.987097
0	0.974194
0	0.98871
0	0.98871
0	0.982258
0	0.993548
0	0.948387
0	0.990323
0	0.948387
0	0.98871
0	0.996774
0	0.991935
0	0.993548
0	0.995161
0	0.996774
0	0.98871
0	0.995161
0	0.985484
0	0.948387
0	0.990323
0	0.98871
0	0.982258
0	0.991935
0	0.980645
0	0.993548
0	0.996774
0	0.996774
0	0.996774
0	0.990323
0	0.948387
0	0.993548
0	0.982258
0	0.996774
0	0.974194
0	0.996774
0	0.987097
0	0.980645
0	0.993548
0	0.993548
0	0.991935
0	0.964516
0	0.991935
0	0.993548
0	0.98871
0	0.993548
0	0.998387
0	0.993548
0	0.991935
0	0.995161
0	0.996774
0	0.982258
0	0.990323


