# Persistence diagram <GML/0290.gml>
#
# Dimension   : 0
# Entries     : 184
# Betti number: 1
0	inf
0	0.977679
0	0.991071
0	0.991071
0	0.991071
0	0.977679
0	0.986607
0	0.991071
0	0.991071
0	0.986607
0	0.96875
0	0.901786
0	0.982143
0	0.964286
0	0.901786
0	0.919643
0	0.964286
0	0.946429
0	0.901786
0	0.901786
0	0.901786
0	0.901786
0	0.982143
0	0.96875
0	0.982143
0	0.964286
0	0.941964
0	0.901786
0	0.96875
0	0.991071
0	0.977679
0	0.96875
0	0.964286
0	0.901786
0	0.919643
0	0.982143
0	0.901786
0	0.96875
0	0.941964
0	0.986607
0	0.901786
0	0.991071
0	0.991071
0	0.964286
0	0.964286
0	0.991071
0	0.901786
0	0.977679
0	0.964286
0	0.973214
0	0.941964
0	0.901786
0	0.919643
0	0.901786
0	0.96875
0	0.964286
0	0.973214
0	0.901786
0	0.901786
0	0.901786
0	0.982143
0	0.964286
0	0.982143
0	0.982143
0	0.901786
0	0.901786
0	0.964286
0	0.986607
0	0.919643
0	0.973214
0	0.991071
0	0.973214
0	0.901786
0	0.946429
0	0.986607
0	0.991071
0	0.919643
0	0.901786
0	0.919643
0	0.977679
0	0.986607
0	0.946429
0	0.901786
0	0.977679
0	0.982143
0	0.986607
0	0.982143
0	0.964286
0	0.96875
0	0.991071
0	0.964286
0	0.901786
0	0.991071
0	0.901786
0	0.964286
0	0.977679
0	0.982143
0	0.986607
0	0.986607
0	0.977679
0	0.901786
0	0.901786
0	0.901786
0	0.964286
0	0.973214
0	0.919643
0	0.982143
0	0.986607
0	0.991071
0	0.941964
0	0.986607
0	0.941964
0	0.982143
0	0.919643
0	0.941964
0	0.96875
0	0.919643
0	0.941964
0	0.901786
0	0.96875
0	0.901786
0	0.991071
0	0.964286
0	0.986607
0	0.919643
0	0.96875
0	0.901786
0	0.901786
0	0.982143
0	0.973214
0	0.901786
0	0.986607
0	0.901786
0	0.982143
0	0.964286
0	0.973214
0	0.986607
0	0.96875
0	0.901786
0	0.901786
0	0.919643
0	0.901786
0	0.986607
0	0.901786
0	0.919643
0	0.977679
0	0.941964
0	0.991071
0	0.964286
0	0.986607
0	0.964286
0	0.977679
0	0.986607
0	0.964286
0	0.941964
0	0.941964
0	0.977679
0	0.991071
0	0.982143
0	0.964286
0	0.901786
0	0.982143
0	0.973214
0	0.973214
0	0.973214
0	0.901786
0	0.901786
0	0.941964
0	0.901786
0	0.901786
0	0.986607
0	0.919643
0	0.982143
0	0.941964
0	0.919643
0	0.901786
0	0.982143
0	0.986607
0	0.946429
0	0.977679
0	0.96875
0	0.991071
0	0.986607
0	0.986607


