# Persistence diagram <GML/0292.gml>
#
# Dimension   : 0
# Entries     : 138
# Betti number: 1
0	inf
0	0.736842
0	0.894737
0	0.763158
0	0.763158
0	0.868421
0	0.763158
0	0.947368
0	0.894737
0	0.552632
0	0.684211
0	0.815789
0	0.894737
0	0.763158
0	0.894737
0	0.868421
0	0.763158
0	0.815789
0	0.763158
0	0.894737
0	0.657895
0	0.736842
0	0.657895
0	0.921053
0	0.947368
0	0.763158
0	0.763158
0	0.552632
0	0.815789
0	0.921053
0	0.789474
0	0.763158
0	0.763158
0	0.894737
0	0.736842
0	0.552632
0	0.552632
0	0.921053
0	0.710526
0	0.815789
0	0.763158
0	0.684211
0	0.657895
0	0.815789
0	0.710526
0	0.894737
0	0.921053
0	0.815789
0	0.763158
0	0.894737
0	0.815789
0	0.657895
0	0.684211
0	0.552632
0	0.868421
0	0.868421
0	0.894737
0	0.868421
0	0.947368
0	0.868421
0	0.552632
0	0.763158
0	0.763158
0	0.552632
0	0.710526
0	0.710526
0	0.684211
0	0.552632
0	0.894737
0	0.710526
0	0.710526
0	0.815789
0	0.763158
0	0.763158
0	0.868421
0	0.921053
0	0.894737
0	0.763158
0	0.763158
0	0.552632
0	0.789474
0	0.552632
0	0.842105
0	0.763158
0	0.789474
0	0.736842
0	0.736842
0	0.763158
0	0.894737
0	0.710526
0	0.789474
0	0.947368
0	0.947368
0	0.947368
0	0.657895
0	0.894737
0	0.868421
0	0.763158
0	0.736842
0	0.657895
0	0.921053
0	0.710526
0	0.552632
0	0.789474
0	0.763158
0	0.710526
0	0.947368
0	0.763158
0	0.552632
0	0.552632
0	0.763158
0	0.763158
0	0.657895
0	0.868421
0	0.894737
0	0.657895
0	0.657895
0	0.815789
0	0.657895
0	0.894737
0	0.657895
0	0.552632
0	0.868421
0	0.815789
0	0.763158
0	0.947368
0	0.552632
0	0.868421
0	0.947368
0	0.921053
0	0.921053
0	0.552632
0	0.763158
0	0.763158
0	0.894737
0	0.815789
0	0.921053
0	0.894737


