# Persistence diagram <GML/0293.gml>
#
# Dimension   : 1
# Entries     : 110
# Betti number: 110
0.963043	inf
0.963043	inf
0.963043	inf
0.963043	inf
0.963043	inf
0.963043	inf
0.963043	inf
0.969565	inf
0.969565	inf
0.971739	inf
0.971739	inf
0.976087	inf
0.976087	inf
0.978261	inf
0.978261	inf
0.980435	inf
0.980435	inf
0.980435	inf
0.980435	inf
0.980435	inf
0.982609	inf
0.982609	inf
0.982609	inf
0.982609	inf
0.982609	inf
0.982609	inf
0.982609	inf
0.982609	inf
0.982609	inf
0.982609	inf
0.984783	inf
0.984783	inf
0.984783	inf
0.984783	inf
0.984783	inf
0.984783	inf
0.984783	inf
0.984783	inf
0.984783	inf
0.984783	inf
0.984783	inf
0.984783	inf
0.986957	inf
0.986957	inf
0.986957	inf
0.986957	inf
0.986957	inf
0.986957	inf
0.986957	inf
0.986957	inf
0.986957	inf
0.98913	inf
0.98913	inf
0.98913	inf
0.98913	inf
0.98913	inf
0.98913	inf
0.98913	inf
0.98913	inf
0.98913	inf
0.98913	inf
0.98913	inf
0.98913	inf
0.991304	inf
0.991304	inf
0.991304	inf
0.991304	inf
0.991304	inf
0.991304	inf
0.991304	inf
0.991304	inf
0.991304	inf
0.991304	inf
0.991304	inf
0.991304	inf
0.991304	inf
0.993478	inf
0.993478	inf
0.993478	inf
0.993478	inf
0.993478	inf
0.993478	inf
0.993478	inf
0.993478	inf
0.993478	inf
0.993478	inf
0.993478	inf
0.993478	inf
0.993478	inf
0.993478	inf
0.993478	inf
0.993478	inf
0.993478	inf
0.993478	inf
0.993478	inf
0.993478	inf
0.993478	inf
0.993478	inf
0.995652	inf
0.995652	inf
0.995652	inf
0.995652	inf
0.995652	inf
0.995652	inf
0.995652	inf
0.995652	inf
0.995652	inf
0.995652	inf
0.995652	inf
0.995652	inf
