# Persistence diagram <GML/0295.gml>
#
# Dimension   : 1
# Entries     : 36
# Betti number: 36
0.858824	inf
0.923529	inf
0.923529	inf
0.923529	inf
0.923529	inf
0.923529	inf
0.923529	inf
0.923529	inf
0.947059	inf
0.947059	inf
0.952941	inf
0.952941	inf
0.952941	inf
0.958824	inf
0.964706	inf
0.964706	inf
0.964706	inf
0.964706	inf
0.964706	inf
0.964706	inf
0.970588	inf
0.970588	inf
0.970588	inf
0.970588	inf
0.976471	inf
0.976471	inf
0.976471	inf
0.982353	inf
0.982353	inf
0.982353	inf
0.982353	inf
0.982353	inf
0.982353	inf
0.988235	inf
0.988235	inf
0.988235	inf
