# Persistence diagram <GML/0296.gml>
#
# Dimension   : 0
# Entries     : 406
# Betti number: 1
0	inf
0	0.954545
0	0.987013
0	0.987013
0	0.974026
0	0.863636
0	0.967532
0	0.954545
0	0.961039
0	0.980519
0	0.974026
0	0.922078
0	0.961039
0	0.980519
0	0.961039
0	0.922078
0	0.915584
0	0.928571
0	0.915584
0	0.974026
0	0.922078
0	0.967532
0	0.967532
0	0.980519
0	0.967532
0	0.967532
0	0.954545
0	0.987013
0	0.974026
0	0.954545
0	0.961039
0	0.974026
0	0.863636
0	0.954545
0	0.915584
0	0.948052
0	0.980519
0	0.961039
0	0.902597
0	0.967532
0	0.987013
0	0.980519
0	0.967532
0	0.980519
0	0.967532
0	0.948052
0	0.941558
0	0.954545
0	0.954545
0	0.941558
0	0.915584
0	0.928571
0	0.987013
0	0.915584
0	0.987013
0	0.961039
0	0.967532
0	0.863636
0	0.902597
0	0.967532
0	0.974026
0	0.961039
0	0.961039
0	0.974026
0	0.967532
0	0.961039
0	0.961039
0	0.961039
0	0.915584
0	0.980519
0	0.974026
0	0.915584
0	0.980519
0	0.915584
0	0.967532
0	0.902597
0	0.954545
0	0.941558
0	0.974026
0	0.915584
0	0.954545
0	0.902597
0	0.987013
0	0.980519
0	0.915584
0	0.980519
0	0.967532
0	0.902597
0	0.967532
0	0.961039
0	0.980519
0	0.961039
0	0.915584
0	0.941558
0	0.928571
0	0.974026
0	0.915584
0	0.915584
0	0.915584
0	0.941558
0	0.909091
0	0.954545
0	0.941558
0	0.941558
0	0.961039
0	0.961039
0	0.961039
0	0.974026
0	0.980519
0	0.948052
0	0.987013
0	0.928571
0	0.967532
0	0.954545
0	0.909091
0	0.961039
0	0.967532
0	0.941558
0	0.915584
0	0.980519
0	0.915584
0	0.941558
0	0.902597
0	0.987013
0	0.980519
0	0.974026
0	0.915584
0	0.980519
0	0.980519
0	0.948052
0	0.915584
0	0.980519
0	0.967532
0	0.967532
0	0.961039
0	0.980519
0	0.974026
0	0.922078
0	0.987013
0	0.980519
0	0.967532
0	0.902597
0	0.961039
0	0.974026
0	0.974026
0	0.987013
0	0.974026
0	0.948052
0	0.980519
0	0.948052
0	0.974026
0	0.954545
0	0.909091
0	0.987013
0	0.974026
0	0.980519
0	0.974026
0	0.980519
0	0.961039
0	0.967532
0	0.915584
0	0.980519
0	0.961039
0	0.987013
0	0.915584
0	0.915584
0	0.915584
0	0.987013
0	0.915584
0	0.954545
0	0.954545
0	0.974026
0	0.980519
0	0.980519
0	0.974026
0	0.915584
0	0.974026
0	0.941558
0	0.915584
0	0.909091
0	0.980519
0	0.902597
0	0.967532
0	0.928571
0	0.974026
0	0.974026
0	0.987013
0	0.980519
0	0.954545
0	0.915584
0	0.922078
0	0.961039
0	0.980519
0	0.967532
0	0.954545
0	0.967532
0	0.954545
0	0.961039
0	0.928571
0	0.967532
0	0.922078
0	0.954545
0	0.967532
0	0.915584
0	0.941558
0	0.980519
0	0.987013
0	0.915584
0	0.961039
0	0.948052
0	0.967532
0	0.987013
0	0.915584
0	0.948052
0	0.954545
0	0.948052
0	0.954545
0	0.863636
0	0.909091
0	0.967532
0	0.863636
0	0.980519
0	0.902597
0	0.967532
0	0.980519
0	0.909091
0	0.948052
0	0.967532
0	0.980519
0	0.974026
0	0.974026
0	0.980519
0	0.961039
0	0.902597
0	0.922078
0	0.961039
0	0.961039
0	0.961039
0	0.961039
0	0.941558
0	0.961039
0	0.954545
0	0.954545
0	0.909091
0	0.961039
0	0.954545
0	0.954545
0	0.980519
0	0.980519
0	0.941558
0	0.987013
0	0.980519
0	0.909091
0	0.974026
0	0.967532
0	0.987013
0	0.974026
0	0.974026
0	0.980519
0	0.980519
0	0.915584
0	0.902597
0	0.974026
0	0.974026
0	0.863636
0	0.974026
0	0.948052
0	0.987013
0	0.948052
0	0.902597
0	0.915584
0	0.967532
0	0.941558
0	0.941558
0	0.974026
0	0.954545
0	0.902597
0	0.954545
0	0.974026
0	0.954545
0	0.961039
0	0.980519
0	0.948052
0	0.961039
0	0.954545
0	0.961039
0	0.954545
0	0.948052
0	0.902597
0	0.954545
0	0.974026
0	0.974026
0	0.980519
0	0.902597
0	0.915584
0	0.928571
0	0.980519
0	0.974026
0	0.915584
0	0.948052
0	0.987013
0	0.967532
0	0.987013
0	0.863636
0	0.974026
0	0.980519
0	0.987013
0	0.980519
0	0.948052
0	0.980519
0	0.941558
0	0.941558
0	0.915584
0	0.922078
0	0.863636
0	0.915584
0	0.902597
0	0.954545
0	0.980519
0	0.967532
0	0.863636
0	0.980519
0	0.974026
0	0.987013
0	0.928571
0	0.941558
0	0.915584
0	0.915584
0	0.915584
0	0.974026
0	0.987013
0	0.915584
0	0.974026
0	0.974026
0	0.902597
0	0.909091
0	0.915584
0	0.902597
0	0.961039
0	0.909091
0	0.863636
0	0.987013
0	0.967532
0	0.915584
0	0.961039
0	0.987013
0	0.980519
0	0.967532
0	0.941558
0	0.980519
0	0.915584
0	0.974026
0	0.974026
0	0.915584
0	0.967532
0	0.974026
0	0.941558
0	0.902597
0	0.909091
0	0.974026
0	0.941558
0	0.980519
0	0.915584
0	0.967532
0	0.902597
0	0.863636
0	0.915584
0	0.967532
0	0.948052
0	0.915584
0	0.980519
0	0.980519
0	0.954545
0	0.863636
0	0.987013
0	0.961039
0	0.974026
0	0.961039
0	0.941558
0	0.915584
0	0.948052
0	0.967532
0	0.980519
0	0.967532
0	0.902597
0	0.954545
0	0.980519
0	0.967532
0	0.987013
0	0.941558
0	0.922078
0	0.980519
0	0.987013
0	0.974026
0	0.967532
0	0.941558
0	0.961039
0	0.980519
0	0.954545
0	0.915584
0	0.974026
0	0.902597
0	0.980519
0	0.980519
0	0.974026
0	0.954545


