# Persistence diagram <GML/0297.gml>
#
# Dimension   : 1
# Entries     : 44
# Betti number: 44
0.897849	inf
0.897849	inf
0.930108	inf
0.930108	inf
0.930108	inf
0.930108	inf
0.956989	inf
0.956989	inf
0.956989	inf
0.956989	inf
0.956989	inf
0.956989	inf
0.962366	inf
0.962366	inf
0.962366	inf
0.962366	inf
0.962366	inf
0.962366	inf
0.967742	inf
0.973118	inf
0.973118	inf
0.973118	inf
0.973118	inf
0.973118	inf
0.973118	inf
0.978495	inf
0.978495	inf
0.978495	inf
0.978495	inf
0.983871	inf
0.983871	inf
0.983871	inf
0.983871	inf
0.983871	inf
0.983871	inf
0.983871	inf
0.983871	inf
0.983871	inf
0.989247	inf
0.989247	inf
0.989247	inf
0.989247	inf
0.989247	inf
0.989247	inf
