# Persistence diagram <GML/0298.gml>
#
# Dimension   : 0
# Entries     : 235
# Betti number: 3
0	inf
0	0.993443
0	0.990164
0	0.970492
0	0.990164
0	0.990164
0	0.990164
0	0.957377
0	0.960656
0	0.983607
0	0.990164
0	0.993443
0	0.983607
0	0.993443
0	0.990164
0	0.993443
0	0.947541
0	0.980328
0	0.993443
0	0.990164
0	0.986885
0	0.993443
0	0.990164
0	0.990164
0	0.980328
0	0.97377
0	0.980328
0	0.970492
0	0.993443
0	0.990164
0	0.980328
0	0.993443
0	0.980328
0	0.977049
0	0.980328
0	0.947541
0	0.993443
0	0.970492
0	0.960656
0	0.947541
0	0.947541
0	0.967213
0	0.957377
0	0.97377
0	0.986885
0	0.993443
0	0.980328
0	0.986885
0	0.957377
0	0.993443
0	0.970492
0	inf
0	0.993443
0	0.967213
0	0.993443
0	0.993443
0	0.967213
0	0.960656
0	0.957377
0	0.986885
0	0.993443
0	0.983607
0	0.990164
0	0.970492
0	0.967213
0	0.960656
0	0.977049
0	0.986885
0	0.967213
0	0.980328
0	0.960656
0	0.970492
0	0.947541
0	0.986885
0	0.986885
0	0.990164
0	0.97377
0	0.980328
0	0.980328
0	0.993443
0	0.993443
0	0.980328
0	0.990164
0	0.986885
0	0.983607
0	0.947541
0	0.980328
0	0.960656
0	0.983607
0	0.967213
0	0.957377
0	0.977049
0	0.970492
0	0.983607
0	0.986885
0	0.993443
0	0.947541
0	0.977049
0	0.97377
0	0.990164
0	0.983607
0	0.993443
0	0.977049
0	0.983607
0	0.986885
0	0.980328
0	0.990164
0	0.977049
0	0.993443
0	0.986885
0	0.97377
0	0.993443
0	0.960656
0	0.970492
0	0.980328
0	0.960656
0	0.993443
0	0.947541
0	0.993443
0	0.977049
0	0.986885
0	0.986885
0	0.993443
0	0.980328
0	0.983607
0	0.986885
0	0.993443
0	0.960656
0	0.977049
0	0.980328
0	0.986885
0	0.986885
0	0.993443
0	0.986885
0	0.977049
0	inf
0	0.960656
0	0.960656
0	0.990164
0	0.993443
0	0.993443
0	0.993443
0	0.977049
0	0.977049
0	0.960656
0	0.993443
0	0.960656
0	0.980328
0	0.960656
0	0.993443
0	0.996721
0	0.993443
0	0.986885
0	0.986885
0	0.993443
0	0.980328
0	0.977049
0	0.990164
0	0.947541
0	0.986885
0	0.993443
0	0.986885
0	0.983607
0	0.967213
0	0.990164
0	0.990164
0	0.97377
0	0.980328
0	0.993443
0	0.983607
0	0.960656
0	0.986885
0	0.960656
0	0.97377
0	0.980328
0	0.990164
0	0.980328
0	0.977049
0	0.947541
0	0.967213
0	0.960656
0	0.960656
0	0.947541
0	0.986885
0	0.967213
0	0.990164
0	0.960656
0	0.977049
0	0.97377
0	0.990164
0	0.97377
0	0.957377
0	0.993443
0	0.983607
0	0.993443
0	0.977049
0	0.947541
0	0.977049
0	0.967213
0	0.980328
0	0.957377
0	0.990164
0	0.990164
0	0.980328
0	0.983607
0	0.957377
0	0.97377
0	0.960656
0	0.993443
0	0.977049
0	0.986885
0	0.990164
0	0.990164
0	0.993443
0	0.980328
0	0.993443
0	0.993443
0	0.980328
0	0.986885
0	0.993443
0	0.983607
0	0.957377
0	0.960656
0	0.990164
0	0.957377
0	0.97377
0	0.986885
0	0.993443
0	0.97377
0	0.986885
0	0.983607
0	0.977049
0	0.947541
0	0.993443
0	0.980328


