# Persistence diagram <GML/0299.gml>
#
# Dimension   : 1
# Entries     : 40
# Betti number: 40
0.943128	inf
0.943128	inf
0.943128	inf
0.952607	inf
0.952607	inf
0.952607	inf
0.952607	inf
0.952607	inf
0.962085	inf
0.962085	inf
0.966825	inf
0.966825	inf
0.976303	inf
0.976303	inf
0.976303	inf
0.976303	inf
0.976303	inf
0.976303	inf
0.976303	inf
0.976303	inf
0.976303	inf
0.976303	inf
0.976303	inf
0.981043	inf
0.981043	inf
0.981043	inf
0.981043	inf
0.985782	inf
0.985782	inf
0.985782	inf
0.985782	inf
0.985782	inf
0.985782	inf
0.985782	inf
0.985782	inf
0.990521	inf
0.990521	inf
0.990521	inf
0.990521	inf
0.990521	inf
