# Persistence diagram <GML/0300.gml>
#
# Dimension   : 0
# Entries     : 251
# Betti number: 3
0	inf
0	0.747475
0	0.868687
0	0.969697
0	0.89899
0	0.959596
0	0.909091
0	0.979798
0	0.888889
0	0.919192
0	0.848485
0	0.949495
0	0.939394
0	0.909091
0	0.89899
0	0.919192
0	0.979798
0	0.848485
0	0.909091
0	0.939394
0	0.959596
0	0.909091
0	0.949495
0	0.868687
0	0.919192
0	0.747475
0	0.89899
0	0.959596
0	inf
0	0.848485
0	0.969697
0	0.888889
0	0.969697
0	0.929293
0	0.969697
0	0.939394
0	0.949495
0	0.868687
0	0.949495
0	0.969697
0	0.939394
0	0.939394
0	0.939394
0	0.979798
0	0.747475
0	0.969697
0	0.939394
0	0.747475
0	0.959596
0	0.979798
0	0.747475
0	0.919192
0	0.939394
0	0.89899
0	0.868687
0	0.868687
0	0.979798
0	0.878788
0	0.939394
0	0.949495
0	0.959596
0	0.939394
0	0.89899
0	0.969697
0	0.868687
0	0.989899
0	0.929293
0	0.979798
0	0.868687
0	0.868687
0	0.979798
0	0.979798
0	0.959596
0	0.979798
0	0.878788
0	0.949495
0	0.979798
0	0.969697
0	0.888889
0	0.929293
0	0.939394
0	0.969697
0	0.979798
0	0.868687
0	0.939394
0	0.969697
0	0.747475
0	0.89899
0	0.848485
0	0.939394
0	0.909091
0	0.919192
0	0.868687
0	0.969697
0	0.969697
0	0.949495
0	0.747475
0	0.89899
0	0.969697
0	0.747475
0	0.919192
0	0.969697
0	0.979798
0	0.969697
0	0.848485
0	0.868687
0	0.939394
0	0.969697
0	0.939394
0	0.89899
0	0.747475
0	0.969697
0	0.909091
0	0.939394
0	0.949495
0	0.929293
0	0.929293
0	0.89899
0	0.848485
0	0.919192
0	0.929293
0	0.868687
0	0.969697
0	0.939394
0	0.969697
0	0.878788
0	0.878788
0	0.979798
0	0.868687
0	0.969697
0	0.959596
0	0.747475
0	0.939394
0	0.868687
0	0.89899
0	0.747475
0	0.949495
0	0.89899
0	0.979798
0	0.929293
0	0.868687
0	0.929293
0	0.909091
0	0.939394
0	0.959596
0	0.868687
0	0.969697
0	0.939394
0	0.747475
0	0.747475
0	0.939394
0	inf
0	0.747475
0	0.959596
0	0.929293
0	0.939394
0	0.939394
0	0.969697
0	0.747475
0	0.979798
0	0.89899
0	0.878788
0	0.969697
0	0.89899
0	0.909091
0	0.959596
0	0.979798
0	0.888889
0	0.979798
0	0.969697
0	0.939394
0	0.979798
0	0.979798
0	0.989899
0	0.868687
0	0.969697
0	0.979798
0	0.939394
0	0.979798
0	0.949495
0	0.979798
0	0.868687
0	0.939394
0	0.848485
0	0.959596
0	0.878788
0	0.89899
0	0.878788
0	0.747475
0	0.89899
0	0.969697
0	0.848485
0	0.939394
0	0.868687
0	0.747475
0	0.969697
0	0.848485
0	0.919192
0	0.888889
0	0.969697
0	0.919192
0	0.939394
0	0.969697
0	0.969697
0	0.848485
0	0.979798
0	0.868687
0	0.949495
0	0.949495
0	0.888889
0	0.959596
0	0.888889
0	0.929293
0	0.89899
0	0.939394
0	0.979798
0	0.89899
0	0.89899
0	0.848485
0	0.89899
0	0.939394
0	0.979798
0	0.919192
0	0.959596
0	0.949495
0	0.89899
0	0.888889
0	0.939394
0	0.969697
0	0.747475
0	0.969697
0	0.868687
0	0.89899
0	0.969697
0	0.747475
0	0.878788
0	0.747475
0	0.89899
0	0.89899
0	0.919192
0	0.939394
0	0.868687
0	0.919192
0	0.747475
0	0.747475
0	0.979798
0	0.919192
0	0.747475
0	0.848485
0	0.909091
0	0.949495


