# Persistence diagram <GML/0301.gml>
#
# Dimension   : 0
# Entries     : 152
# Betti number: 2
0	inf
0	0.957265
0	0.940171
0	0.982906
0	0.982906
0	0.965812
0	0.974359
0	0.897436
0	0.982906
0	0.897436
0	0.982906
0	0.974359
0	0.957265
0	0.91453
0	0.974359
0	0.982906
0	0.91453
0	inf
0	0.974359
0	0.965812
0	0.965812
0	0.974359
0	0.965812
0	0.957265
0	0.965812
0	0.940171
0	0.948718
0	0.965812
0	0.982906
0	0.965812
0	0.923077
0	0.957265
0	0.965812
0	0.982906
0	0.982906
0	0.982906
0	0.965812
0	0.982906
0	0.897436
0	0.957265
0	0.948718
0	0.965812
0	0.974359
0	0.965812
0	0.965812
0	0.957265
0	0.965812
0	0.965812
0	0.91453
0	0.957265
0	0.957265
0	0.974359
0	0.923077
0	0.957265
0	0.957265
0	0.91453
0	0.948718
0	0.940171
0	0.965812
0	0.974359
0	0.897436
0	0.957265
0	0.940171
0	0.940171
0	0.982906
0	0.948718
0	0.974359
0	0.965812
0	0.923077
0	0.965812
0	0.948718
0	0.982906
0	0.991453
0	0.982906
0	0.957265
0	0.940171
0	0.923077
0	0.974359
0	0.982906
0	0.923077
0	0.982906
0	0.974359
0	0.965812
0	0.974359
0	0.91453
0	0.948718
0	0.965812
0	0.940171
0	0.982906
0	0.974359
0	0.982906
0	0.965812
0	0.940171
0	0.957265
0	0.957265
0	0.974359
0	0.940171
0	0.948718
0	0.982906
0	0.974359
0	0.965812
0	0.974359
0	0.957265
0	0.940171
0	0.965812
0	0.948718
0	0.982906
0	0.948718
0	0.948718
0	0.965812
0	0.982906
0	0.948718
0	0.923077
0	0.974359
0	0.982906
0	0.91453
0	0.982906
0	0.897436
0	0.965812
0	0.982906
0	0.948718
0	0.974359
0	0.974359
0	0.897436
0	0.897436
0	0.948718
0	0.897436
0	0.974359
0	0.957265
0	0.940171
0	0.974359
0	0.91453
0	0.957265
0	0.948718
0	0.948718
0	0.974359
0	0.948718
0	0.940171
0	0.940171
0	0.965812
0	0.940171
0	0.948718
0	0.957265
0	0.940171
0	0.897436
0	0.923077
0	0.982906
0	0.974359
0	0.965812
0	0.897436
0	0.974359
0	0.974359


