# Persistence diagram <GML/0302.gml>
#
# Dimension   : 0
# Entries     : 118
# Betti number: 2
0	inf
0	0.76
0	0.9
0	0.96
0	0.84
0	0.8
0	0.9
0	0.8
0	0.9
0	0.84
0	0.92
0	inf
0	0.86
0	0.9
0	0.92
0	0.96
0	0.76
0	0.92
0	0.86
0	0.92
0	0.9
0	0.96
0	0.84
0	0.76
0	0.9
0	0.76
0	0.96
0	0.78
0	0.9
0	0.8
0	0.78
0	0.78
0	0.9
0	0.8
0	0.76
0	0.94
0	0.9
0	0.86
0	0.9
0	0.84
0	0.84
0	0.76
0	0.84
0	0.96
0	0.92
0	0.78
0	0.8
0	0.84
0	0.96
0	0.96
0	0.78
0	0.9
0	0.84
0	0.96
0	0.86
0	0.92
0	0.8
0	0.96
0	0.8
0	0.84
0	0.94
0	0.8
0	0.78
0	0.96
0	0.94
0	0.84
0	0.86
0	0.94
0	0.76
0	0.8
0	0.84
0	0.8
0	0.86
0	0.86
0	0.78
0	0.76
0	0.9
0	0.96
0	0.84
0	0.9
0	0.96
0	0.88
0	0.92
0	0.9
0	0.8
0	0.9
0	0.76
0	0.86
0	0.92
0	0.88
0	0.92
0	0.88
0	0.92
0	0.96
0	0.86
0	0.92
0	0.8
0	0.94
0	0.8
0	0.8
0	0.86
0	0.96
0	0.94
0	0.94
0	0.94
0	0.94
0	0.9
0	0.8
0	0.8
0	0.9
0	0.84
0	0.96
0	0.86
0	0.9
0	0.94
0	0.78
0	0.96
0	0.86


