# Persistence diagram <GML/0303.gml>
#
# Dimension   : 0
# Entries     : 162
# Betti number: 1
0	inf
0	0.816667
0	0.95
0	0.566667
0	0.9
0	0.816667
0	0.95
0	0.9
0	0.816667
0	0.966667
0	0.866667
0	0.8
0	0.866667
0	0.566667
0	0.566667
0	0.966667
0	0.566667
0	0.933333
0	0.816667
0	0.9
0	0.566667
0	0.816667
0	0.966667
0	0.95
0	0.95
0	0.9
0	0.966667
0	0.566667
0	0.95
0	0.933333
0	0.833333
0	0.566667
0	0.833333
0	0.9
0	0.9
0	0.566667
0	0.816667
0	0.833333
0	0.816667
0	0.8
0	0.816667
0	0.916667
0	0.966667
0	0.95
0	0.933333
0	0.966667
0	0.966667
0	0.7
0	0.933333
0	0.95
0	0.566667
0	0.95
0	0.95
0	0.95
0	0.866667
0	0.566667
0	0.833333
0	0.95
0	0.8
0	0.7
0	0.7
0	0.866667
0	0.7
0	0.8
0	0.9
0	0.566667
0	0.9
0	0.933333
0	0.9
0	0.566667
0	0.916667
0	0.916667
0	0.866667
0	0.833333
0	0.833333
0	0.833333
0	0.816667
0	0.95
0	0.966667
0	0.966667
0	0.966667
0	0.7
0	0.816667
0	0.566667
0	0.7
0	0.966667
0	0.95
0	0.95
0	0.95
0	0.8
0	0.566667
0	0.566667
0	0.833333
0	0.9
0	0.95
0	0.95
0	0.816667
0	0.833333
0	0.916667
0	0.7
0	0.933333
0	0.966667
0	0.9
0	0.933333
0	0.566667
0	0.566667
0	0.7
0	0.566667
0	0.566667
0	0.816667
0	0.8
0	0.966667
0	0.833333
0	0.866667
0	0.833333
0	0.816667
0	0.9
0	0.866667
0	0.816667
0	0.566667
0	0.816667
0	0.566667
0	0.7
0	0.816667
0	0.966667
0	0.9
0	0.7
0	0.566667
0	0.8
0	0.9
0	0.9
0	0.933333
0	0.566667
0	0.966667
0	0.8
0	0.95
0	0.816667
0	0.95
0	0.8
0	0.916667
0	0.866667
0	0.833333
0	0.966667
0	0.933333
0	0.916667
0	0.7
0	0.966667
0	0.95
0	0.95
0	0.7
0	0.8
0	0.816667
0	0.866667
0	0.833333
0	0.566667
0	0.8
0	0.933333
0	0.8
0	0.966667
0	0.9
0	0.916667
0	0.816667


