# Persistence diagram <GML/0304.gml>
#
# Dimension   : 0
# Entries     : 62
# Betti number: 7
0	inf
0	0.875
0	0.875
0	0.895833
0	inf
0	0.895833
0	inf
0	inf
0	0.916667
0	0.958333
0	0.979167
0	0.9375
0	0.958333
0	0.9375
0	0.958333
0	0.958333
0	0.9375
0	inf
0	0.895833
0	0.854167
0	0.854167
0	0.875
0	0.958333
0	0.9375
0	0.958333
0	inf
0	0.9375
0	0.9375
0	0.9375
0	0.9375
0	0.916667
0	0.958333
0	0.854167
0	0.875
0	inf
0	0.9375
0	0.9375
0	0.979167
0	0.854167
0	0.958333
0	0.958333
0	0.958333
0	0.958333
0	0.9375
0	0.958333
0	0.9375
0	0.9375
0	0.9375
0	0.9375
0	0.9375
0	0.854167
0	0.979167
0	0.979167
0	0.9375
0	0.854167
0	0.9375
0	0.9375
0	0.958333
0	0.854167
0	0.958333
0	0.958333
0	0.9375


