# Persistence diagram <GML/0309.gml>
#
# Dimension   : 1
# Entries     : 38
# Betti number: 38
0.893939	inf
0.893939	inf
0.893939	inf
0.893939	inf
0.893939	inf
0.893939	inf
0.909091	inf
0.909091	inf
0.909091	inf
0.909091	inf
0.909091	inf
0.924242	inf
0.924242	inf
0.924242	inf
0.924242	inf
0.924242	inf
0.939394	inf
0.939394	inf
0.939394	inf
0.939394	inf
0.939394	inf
0.939394	inf
0.939394	inf
0.939394	inf
0.939394	inf
0.939394	inf
0.939394	inf
0.954545	inf
0.954545	inf
0.954545	inf
0.954545	inf
0.954545	inf
0.954545	inf
0.954545	inf
0.954545	inf
0.954545	inf
0.954545	inf
0.954545	inf
