# Persistence diagram <GML/0309.gml>
#
# Dimension   : 0
# Entries     : 120
# Betti number: 1
0	inf
0	0.924242
0	0.969697
0	0.893939
0	0.924242
0	0.924242
0	0.924242
0	0.924242
0	0.909091
0	0.939394
0	0.924242
0	0.924242
0	0.939394
0	0.909091
0	0.939394
0	0.924242
0	0.909091
0	0.924242
0	0.909091
0	0.939394
0	0.924242
0	0.939394
0	0.909091
0	0.939394
0	0.969697
0	0.924242
0	0.924242
0	0.893939
0	0.924242
0	0.893939
0	0.939394
0	0.969697
0	0.893939
0	0.969697
0	0.924242
0	0.939394
0	0.939394
0	0.954545
0	0.893939
0	0.969697
0	0.939394
0	0.893939
0	0.954545
0	0.939394
0	0.893939
0	0.969697
0	0.924242
0	0.878788
0	0.954545
0	0.924242
0	0.893939
0	0.924242
0	0.954545
0	0.893939
0	0.939394
0	0.893939
0	0.893939
0	0.954545
0	0.893939
0	0.924242
0	0.954545
0	0.939394
0	0.924242
0	0.924242
0	0.954545
0	0.939394
0	0.924242
0	0.893939
0	0.939394
0	0.909091
0	0.939394
0	0.924242
0	0.969697
0	0.893939
0	0.893939
0	0.939394
0	0.924242
0	0.909091
0	0.893939
0	0.939394
0	0.878788
0	0.893939
0	0.939394
0	0.954545
0	0.939394
0	0.939394
0	0.969697
0	0.939394
0	0.939394
0	0.969697
0	0.878788
0	0.954545
0	0.969697
0	0.939394
0	0.924242
0	0.924242
0	0.893939
0	0.924242
0	0.909091
0	0.878788
0	0.924242
0	0.909091
0	0.893939
0	0.893939
0	0.924242
0	0.969697
0	0.924242
0	0.969697
0	0.893939
0	0.878788
0	0.924242
0	0.924242
0	0.969697
0	0.909091
0	0.909091
0	0.939394
0	0.939394
0	0.924242
0	0.939394
0	0.939394


