# Persistence diagram <GML/0313.gml>
#
# Dimension   : 1
# Entries     : 99
# Betti number: 99
0.967662	inf
0.967662	inf
0.967662	inf
0.967662	inf
0.967662	inf
0.970149	inf
0.972637	inf
0.972637	inf
0.972637	inf
0.972637	inf
0.972637	inf
0.972637	inf
0.972637	inf
0.975124	inf
0.977612	inf
0.977612	inf
0.977612	inf
0.9801	inf
0.9801	inf
0.9801	inf
0.982587	inf
0.982587	inf
0.982587	inf
0.982587	inf
0.982587	inf
0.982587	inf
0.982587	inf
0.982587	inf
0.982587	inf
0.982587	inf
0.985075	inf
0.985075	inf
0.985075	inf
0.985075	inf
0.985075	inf
0.985075	inf
0.985075	inf
0.985075	inf
0.985075	inf
0.987562	inf
0.987562	inf
0.987562	inf
0.987562	inf
0.987562	inf
0.987562	inf
0.987562	inf
0.987562	inf
0.987562	inf
0.987562	inf
0.987562	inf
0.987562	inf
0.987562	inf
0.987562	inf
0.99005	inf
0.99005	inf
0.99005	inf
0.99005	inf
0.99005	inf
0.99005	inf
0.99005	inf
0.99005	inf
0.99005	inf
0.99005	inf
0.99005	inf
0.99005	inf
0.992537	inf
0.992537	inf
0.992537	inf
0.992537	inf
0.992537	inf
0.992537	inf
0.992537	inf
0.992537	inf
0.992537	inf
0.992537	inf
0.992537	inf
0.992537	inf
0.992537	inf
0.992537	inf
0.992537	inf
0.992537	inf
0.992537	inf
0.992537	inf
0.992537	inf
0.992537	inf
0.992537	inf
0.992537	inf
0.992537	inf
0.992537	inf
0.995025	inf
0.995025	inf
0.995025	inf
0.995025	inf
0.995025	inf
0.995025	inf
0.995025	inf
0.995025	inf
0.995025	inf
0.995025	inf
