# Persistence diagram <GML/0316.gml>
#
# Dimension   : 0
# Entries     : 44
# Betti number: 2
0	inf
0	0.890909
0	0.909091
0	0.963636
0	0.890909
0	0.963636
0	inf
0	0.909091
0	0.963636
0	0.854545
0	0.945455
0	0.927273
0	0.909091
0	0.963636
0	0.963636
0	0.909091
0	0.890909
0	0.854545
0	0.963636
0	0.909091
0	0.945455
0	0.945455
0	0.890909
0	0.963636
0	0.909091
0	0.909091
0	0.909091
0	0.981818
0	0.963636
0	0.854545
0	0.909091
0	0.909091
0	0.963636
0	0.927273
0	0.854545
0	0.963636
0	0.909091
0	0.854545
0	0.963636
0	0.927273
0	0.963636
0	0.963636
0	0.963636
0	0.909091


