# Persistence diagram <GML/0318.gml>
#
# Dimension   : 0
# Entries     : 79
# Betti number: 3
0	inf
0	0.966667
0	0.95
0	0.9
0	0.85
0	0.95
0	inf
0	0.9
0	0.933333
0	0.966667
0	inf
0	0.866667
0	0.866667
0	0.883333
0	0.866667
0	0.95
0	0.85
0	0.95
0	0.85
0	0.866667
0	0.933333
0	0.85
0	0.866667
0	0.866667
0	0.966667
0	0.883333
0	0.966667
0	0.95
0	0.95
0	0.966667
0	0.95
0	0.95
0	0.85
0	0.933333
0	0.9
0	0.916667
0	0.966667
0	0.933333
0	0.95
0	0.95
0	0.9
0	0.933333
0	0.9
0	0.866667
0	0.95
0	0.85
0	0.933333
0	0.95
0	0.9
0	0.966667
0	0.966667
0	0.933333
0	0.933333
0	0.95
0	0.933333
0	0.866667
0	0.866667
0	0.933333
0	0.966667
0	0.866667
0	0.983333
0	0.9
0	0.95
0	0.95
0	0.966667
0	0.883333
0	0.933333
0	0.883333
0	0.95
0	0.933333
0	0.916667
0	0.933333
0	0.933333
0	0.933333
0	0.966667
0	0.966667
0	0.85
0	0.966667
0	0.883333


