# Persistence diagram <GML/0322.gml>
#
# Dimension   : 1
# Entries     : 127
# Betti number: 127
0.939675	inf
0.946636	inf
0.946636	inf
0.953596	inf
0.955916	inf
0.960557	inf
0.960557	inf
0.960557	inf
0.967517	inf
0.967517	inf
0.967517	inf
0.967517	inf
0.969838	inf
0.972158	inf
0.974478	inf
0.974478	inf
0.974478	inf
0.974478	inf
0.974478	inf
0.974478	inf
0.974478	inf
0.976798	inf
0.979118	inf
0.979118	inf
0.979118	inf
0.979118	inf
0.979118	inf
0.979118	inf
0.979118	inf
0.979118	inf
0.983759	inf
0.983759	inf
0.983759	inf
0.983759	inf
0.983759	inf
0.986079	inf
0.986079	inf
0.986079	inf
0.986079	inf
0.986079	inf
0.986079	inf
0.986079	inf
0.986079	inf
0.986079	inf
0.986079	inf
0.986079	inf
0.986079	inf
0.988399	inf
0.988399	inf
0.988399	inf
0.988399	inf
0.988399	inf
0.988399	inf
0.988399	inf
0.988399	inf
0.988399	inf
0.988399	inf
0.988399	inf
0.988399	inf
0.988399	inf
0.988399	inf
0.988399	inf
0.988399	inf
0.988399	inf
0.988399	inf
0.988399	inf
0.988399	inf
0.988399	inf
0.988399	inf
0.988399	inf
0.988399	inf
0.988399	inf
0.988399	inf
0.988399	inf
0.988399	inf
0.988399	inf
0.990719	inf
0.990719	inf
0.990719	inf
0.990719	inf
0.990719	inf
0.990719	inf
0.990719	inf
0.990719	inf
0.990719	inf
0.990719	inf
0.990719	inf
0.990719	inf
0.990719	inf
0.990719	inf
0.990719	inf
0.990719	inf
0.990719	inf
0.993039	inf
0.993039	inf
0.993039	inf
0.993039	inf
0.993039	inf
0.993039	inf
0.993039	inf
0.993039	inf
0.993039	inf
0.993039	inf
0.993039	inf
0.993039	inf
0.993039	inf
0.993039	inf
0.993039	inf
0.993039	inf
0.993039	inf
0.993039	inf
0.993039	inf
0.993039	inf
0.993039	inf
0.993039	inf
0.993039	inf
0.99536	inf
0.99536	inf
0.99536	inf
0.99536	inf
0.99536	inf
0.99536	inf
0.99536	inf
0.99536	inf
0.99536	inf
0.99536	inf
0.99536	inf
