# Persistence diagram <GML/0322.gml>
#
# Dimension   : 0
# Entries     : 553
# Betti number: 3
0	inf
0	0.993039
0	0.993039
0	0.986079
0	0.972158
0	0.993039
0	0.993039
0	0.967517
0	0.958237
0	0.986079
0	0.944316
0	0.967517
0	0.967517
0	0.990719
0	0.993039
0	0.988399
0	0.976798
0	0.990719
0	0.958237
0	0.944316
0	0.974478
0	0.993039
0	0.976798
0	0.990719
0	0.986079
0	0.958237
0	0.969838
0	0.993039
0	0.993039
0	0.953596
0	0.960557
0	0.993039
0	0.944316
0	0.972158
0	0.993039
0	0.986079
0	0.974478
0	0.993039
0	0.932715
0	0.944316
0	0.990719
0	0.99536
0	0.993039
0	0.967517
0	0.967517
0	0.988399
0	0.967517
0	0.939675
0	0.983759
0	0.972158
0	0.990719
0	0.953596
0	0.932715
0	0.990719
0	0.955916
0	0.993039
0	0.990719
0	0.986079
0	0.939675
0	0.958237
0	0.967517
0	0.988399
0	0.983759
0	0.946636
0	0.967517
0	0.99536
0	0.979118
0	0.944316
0	0.955916
0	0.955916
0	0.969838
0	0.993039
0	0.979118
0	0.993039
0	0.993039
0	0.983759
0	0.972158
0	0.990719
0	0.986079
0	0.946636
0	0.955916
0	0.990719
0	0.932715
0	0.990719
0	0.944316
0	0.993039
0	0.953596
0	0.967517
0	0.988399
0	0.990719
0	0.953596
0	0.993039
0	0.969838
0	0.944316
0	0.958237
0	0.99536
0	0.993039
0	0.974478
0	0.988399
0	0.986079
0	0.988399
0	0.979118
0	0.986079
0	0.967517
0	0.988399
0	0.986079
0	0.974478
0	0.974478
0	0.990719
0	0.990719
0	0.932715
0	0.946636
0	0.974478
0	0.967517
0	0.958237
0	inf
0	0.99536
0	0.967517
0	0.990719
0	0.99536
0	0.993039
0	0.99536
0	0.993039
0	0.993039
0	0.944316
0	0.99536
0	0.99536
0	0.955916
0	0.958237
0	0.99536
0	0.981439
0	0.958237
0	0.967517
0	0.988399
0	0.99536
0	0.932715
0	0.988399
0	0.976798
0	0.983759
0	0.983759
0	0.988399
0	0.967517
0	0.979118
0	0.974478
0	0.939675
0	0.944316
0	0.983759
0	0.993039
0	0.958237
0	0.993039
0	0.974478
0	0.967517
0	0.990719
0	0.988399
0	0.955916
0	0.972158
0	0.967517
0	0.967517
0	0.986079
0	0.946636
0	0.986079
0	0.990719
0	0.986079
0	0.979118
0	0.974478
0	0.981439
0	0.967517
0	0.932715
0	0.981439
0	0.967517
0	0.946636
0	0.990719
0	0.960557
0	0.932715
0	0.974478
0	0.946636
0	0.939675
0	0.974478
0	0.988399
0	0.946636
0	0.979118
0	0.967517
0	0.958237
0	0.944316
0	0.993039
0	0.983759
0	0.993039
0	0.988399
0	0.932715
0	0.99536
0	0.976798
0	0.958237
0	0.99536
0	0.939675
0	0.979118
0	0.986079
0	0.981439
0	0.99536
0	0.986079
0	0.99536
0	0.960557
0	0.99536
0	inf
0	0.960557
0	0.974478
0	0.960557
0	0.993039
0	0.939675
0	0.953596
0	0.976798
0	0.988399
0	0.986079
0	0.990719
0	0.972158
0	0.993039
0	0.967517
0	0.990719
0	0.990719
0	0.990719
0	0.974478
0	0.990719
0	0.932715
0	0.983759
0	0.967517
0	0.967517
0	0.974478
0	0.99536
0	0.939675
0	0.990719
0	0.944316
0	0.955916
0	0.955916
0	0.958237
0	0.99536
0	0.990719
0	0.993039
0	0.986079
0	0.988399
0	0.993039
0	0.993039
0	0.967517
0	0.988399
0	0.979118
0	0.986079
0	0.99536
0	0.986079
0	0.990719
0	0.988399
0	0.99536
0	0.988399
0	0.946636
0	0.993039
0	0.988399
0	0.955916
0	0.976798
0	0.986079
0	0.99536
0	0.967517
0	0.986079
0	0.969838
0	0.976798
0	0.990719
0	0.993039
0	0.958237
0	0.967517
0	0.958237
0	0.993039
0	0.944316
0	0.983759
0	0.976798
0	0.990719
0	0.960557
0	0.974478
0	0.993039
0	0.944316
0	0.988399
0	0.976798
0	0.946636
0	0.974478
0	0.967517
0	0.993039
0	0.99536
0	0.932715
0	0.988399
0	0.972158
0	0.946636
0	0.993039
0	0.990719
0	0.967517
0	0.946636
0	0.993039
0	0.993039
0	0.958237
0	0.983759
0	0.976798
0	0.976798
0	0.986079
0	0.986079
0	0.953596
0	0.932715
0	0.981439
0	0.993039
0	0.953596
0	0.939675
0	0.988399
0	0.990719
0	0.932715
0	0.983759
0	0.981439
0	0.993039
0	0.988399
0	0.955916
0	0.988399
0	0.932715
0	0.958237
0	0.939675
0	0.990719
0	0.993039
0	0.993039
0	0.974478
0	0.967517
0	0.981439
0	0.993039
0	0.993039
0	0.986079
0	0.99536
0	0.99536
0	0.99536
0	0.99536
0	0.976798
0	0.988399
0	0.932715
0	0.993039
0	0.993039
0	0.974478
0	0.983759
0	0.990719
0	0.953596
0	0.932715
0	0.969838
0	0.986079
0	0.946636
0	0.939675
0	0.932715
0	0.958237
0	0.939675
0	0.946636
0	0.932715
0	0.939675
0	0.990719
0	0.960557
0	0.979118
0	0.990719
0	0.976798
0	0.983759
0	0.99536
0	0.986079
0	0.953596
0	0.99536
0	0.939675
0	0.990719
0	0.944316
0	0.988399
0	0.99536
0	0.955916
0	0.944316
0	0.953596
0	0.99536
0	0.99536
0	0.944316
0	0.993039
0	0.944316
0	0.939675
0	0.946636
0	0.99536
0	0.990719
0	0.99536
0	0.988399
0	0.972158
0	0.932715
0	0.99536
0	0.99536
0	0.99536
0	0.974478
0	0.99536
0	0.974478
0	0.944316
0	0.946636
0	0.967517
0	0.939675
0	0.955916
0	0.946636
0	0.967517
0	0.953596
0	0.986079
0	0.976798
0	0.944316
0	0.990719
0	0.990719
0	0.955916
0	0.981439
0	0.981439
0	0.99536
0	0.960557
0	0.993039
0	0.967517
0	0.99536
0	0.988399
0	0.974478
0	0.974478
0	0.939675
0	0.967517
0	0.990719
0	0.990719
0	0.993039
0	0.986079
0	0.976798
0	0.990719
0	0.983759
0	0.99536
0	0.967517
0	0.983759
0	0.990719
0	0.946636
0	0.99536
0	0.993039
0	0.99536
0	0.99536
0	0.955916
0	0.932715
0	0.974478
0	0.944316
0	0.932715
0	0.99536
0	0.976798
0	0.939675
0	0.99536
0	0.974478
0	0.986079
0	0.972158
0	0.99536
0	0.990719
0	0.990719
0	0.932715
0	0.932715
0	0.967517
0	0.946636
0	0.960557
0	0.993039
0	0.993039
0	0.99768
0	0.988399
0	0.986079
0	0.990719
0	0.967517
0	0.993039
0	0.946636
0	0.99536
0	0.953596
0	0.967517
0	0.99536
0	0.932715
0	0.969838
0	0.979118
0	0.99536
0	0.99536
0	0.99536
0	0.932715
0	0.939675
0	0.953596
0	0.986079
0	0.974478
0	0.972158
0	0.986079
0	0.986079
0	0.993039
0	0.986079
0	0.944316
0	0.967517
0	0.958237
0	0.976798
0	0.932715
0	0.993039
0	0.974478
0	0.939675
0	0.967517
0	0.993039
0	0.953596
0	0.993039
0	0.988399
0	0.99536
0	0.979118
0	0.946636
0	0.993039
0	0.939675
0	0.974478
0	0.988399
0	0.993039
0	0.974478
0	0.993039
0	0.932715
0	0.983759
0	0.99536
0	0.99536
0	0.986079
0	0.979118
0	0.993039
0	0.967517
0	0.946636
0	0.967517
0	0.990719
0	0.990719
0	0.990719
0	0.946636
0	0.953596
0	0.981439
0	0.988399
0	0.979118
0	0.993039
0	0.967517
0	0.988399
0	0.993039
0	0.990719
0	0.955916
0	0.993039
0	0.993039
0	0.974478
0	0.979118
0	0.993039
0	0.932715
0	0.986079
0	0.939675
0	0.988399
0	0.946636
0	0.932715
0	0.99536
0	0.979118
0	0.972158
0	0.993039
0	0.953596
0	0.990719
0	0.988399
0	0.946636
0	0.981439
0	0.955916
0	0.960557
0	0.953596
0	0.946636
0	0.955916
0	0.932715
0	0.993039
0	0.939675
0	0.981439


