# Persistence diagram <GML/0324.gml>
#
# Dimension   : 0
# Entries     : 131
# Betti number: 5
0	inf
0	0.956044
0	0.912088
0	0.956044
0	0.967033
0	0.967033
0	0.934066
0	0.934066
0	0.945055
0	0.967033
0	0.956044
0	0.967033
0	0.956044
0	0.978022
0	0.945055
0	0.967033
0	0.945055
0	0.978022
0	0.923077
0	0.945055
0	0.978022
0	0.967033
0	0.967033
0	inf
0	0.956044
0	0.967033
0	0.978022
0	0.945055
0	0.967033
0	0.945055
0	0.978022
0	0.978022
0	0.978022
0	0.978022
0	0.912088
0	0.945055
0	0.978022
0	0.956044
0	0.912088
0	0.967033
0	0.945055
0	0.978022
0	0.934066
0	0.978022
0	0.956044
0	0.945055
0	0.945055
0	0.945055
0	0.967033
0	0.945055
0	0.934066
0	0.978022
0	0.945055
0	0.967033
0	0.978022
0	0.967033
0	0.945055
0	0.967033
0	0.923077
0	0.956044
0	0.978022
0	0.978022
0	0.945055
0	0.978022
0	0.967033
0	0.912088
0	0.934066
0	0.967033
0	inf
0	0.967033
0	0.978022
0	inf
0	0.923077
0	0.978022
0	0.978022
0	0.978022
0	0.956044
0	0.967033
0	0.978022
0	0.978022
0	0.945055
0	0.967033
0	0.912088
0	0.945055
0	0.978022
0	0.967033
0	0.956044
0	0.967033
0	inf
0	0.923077
0	0.945055
0	0.978022
0	0.989011
0	0.923077
0	0.978022
0	0.989011
0	0.978022
0	0.956044
0	0.978022
0	0.945055
0	0.956044
0	0.945055
0	0.945055
0	0.978022
0	0.967033
0	0.923077
0	0.967033
0	0.956044
0	0.978022
0	0.945055
0	0.978022
0	0.967033
0	0.923077
0	0.967033
0	0.945055
0	0.956044
0	0.978022
0	0.978022
0	0.912088
0	0.989011
0	0.967033
0	0.934066
0	0.934066
0	0.978022
0	0.978022
0	0.978022
0	0.967033
0	0.945055
0	0.967033
0	0.912088
0	0.978022


