# Persistence diagram <GML/0325.gml>
#
# Dimension   : 0
# Entries     : 83
# Betti number: 2
0	inf
0	0.952381
0	0.833333
0	0.904762
0	0.904762
0	0.928571
0	0.833333
0	0.880952
0	0.857143
0	0.833333
0	0.619048
0	0.880952
0	0.619048
0	0.928571
0	0.619048
0	0.833333
0	0.928571
0	0.904762
0	0.952381
0	0.952381
0	0.928571
0	0.952381
0	0.880952
0	0.904762
0	0.880952
0	0.619048
0	0.619048
0	0.619048
0	0.833333
0	0.833333
0	0.928571
0	0.809524
0	inf
0	0.880952
0	0.952381
0	0.619048
0	0.880952
0	0.857143
0	0.857143
0	0.619048
0	0.952381
0	0.928571
0	0.97619
0	0.857143
0	0.904762
0	0.928571
0	0.857143
0	0.880952
0	0.904762
0	0.904762
0	0.952381
0	0.619048
0	0.928571
0	0.833333
0	0.928571
0	0.857143
0	0.880952
0	0.619048
0	0.833333
0	0.619048
0	0.857143
0	0.952381
0	0.880952
0	0.809524
0	0.880952
0	0.952381
0	0.952381
0	0.619048
0	0.833333
0	0.809524
0	0.619048
0	0.619048
0	0.928571
0	0.952381
0	0.833333
0	0.880952
0	0.880952
0	0.880952
0	0.952381
0	0.928571
0	0.928571
0	0.857143
0	0.809524


