# Persistence diagram <GML/0328.gml>
#
# Dimension   : 0
# Entries     : 215
# Betti number: 4
0	inf
0	0.977778
0	0.933333
0	0.855556
0	0.944444
0	0.966667
0	0.855556
0	0.644444
0	0.955556
0	0.966667
0	0.933333
0	0.966667
0	0.955556
0	0.966667
0	0.977778
0	0.933333
0	0.966667
0	0.977778
0	0.944444
0	0.944444
0	0.911111
0	0.966667
0	0.922222
0	0.922222
0	0.833333
0	0.966667
0	0.944444
0	0.977778
0	inf
0	0.955556
0	0.977778
0	0.644444
0	0.922222
0	0.944444
0	0.955556
0	0.933333
0	inf
0	0.977778
0	0.944444
0	0.933333
0	0.977778
0	0.966667
0	0.944444
0	0.922222
0	0.933333
0	0.944444
0	0.833333
0	0.933333
0	0.644444
0	0.944444
0	0.833333
0	0.933333
0	0.888889
0	0.944444
0	0.644444
0	0.911111
0	0.977778
0	0.911111
0	0.944444
0	0.888889
0	0.855556
0	0.888889
0	0.977778
0	0.977778
0	0.911111
0	0.922222
0	0.966667
0	0.977778
0	0.977778
0	0.977778
0	inf
0	0.977778
0	0.955556
0	0.966667
0	0.966667
0	0.933333
0	0.944444
0	0.933333
0	0.888889
0	0.955556
0	0.911111
0	0.955556
0	0.644444
0	0.955556
0	0.833333
0	0.955556
0	0.966667
0	0.977778
0	0.977778
0	0.833333
0	0.966667
0	0.955556
0	0.955556
0	0.966667
0	0.855556
0	0.855556
0	0.922222
0	0.955556
0	0.833333
0	0.977778
0	0.911111
0	0.977778
0	0.944444
0	0.944444
0	0.855556
0	0.966667
0	0.977778
0	0.944444
0	0.644444
0	0.966667
0	0.911111
0	0.966667
0	0.922222
0	0.833333
0	0.944444
0	0.955556
0	0.966667
0	0.911111
0	0.911111
0	0.911111
0	0.966667
0	0.922222
0	0.644444
0	0.922222
0	0.833333
0	0.833333
0	0.966667
0	0.944444
0	0.944444
0	0.944444
0	0.977778
0	0.977778
0	0.833333
0	0.888889
0	0.833333
0	0.888889
0	0.855556
0	0.833333
0	0.955556
0	0.833333
0	0.977778
0	0.855556
0	0.977778
0	0.922222
0	0.833333
0	0.911111
0	0.977778
0	0.922222
0	0.966667
0	0.966667
0	0.966667
0	0.944444
0	0.966667
0	0.966667
0	0.944444
0	0.833333
0	0.944444
0	0.833333
0	0.944444
0	0.944444
0	0.833333
0	0.922222
0	0.888889
0	0.977778
0	0.944444
0	0.833333
0	0.833333
0	0.833333
0	0.833333
0	0.977778
0	0.955556
0	0.833333
0	0.944444
0	0.966667
0	0.644444
0	0.955556
0	0.911111
0	0.944444
0	0.966667
0	0.966667
0	0.944444
0	0.955556
0	0.955556
0	0.922222
0	0.944444
0	0.855556
0	0.833333
0	0.911111
0	0.933333
0	0.966667
0	0.966667
0	0.944444
0	0.977778
0	0.977778
0	0.944444
0	0.922222
0	0.988889
0	0.933333
0	0.944444
0	0.955556
0	0.922222
0	0.922222
0	0.955556
0	0.966667
0	0.977778
0	0.911111
0	0.922222
0	0.922222
0	0.966667
0	0.911111
0	0.922222
0	0.855556
0	0.644444
0	0.911111
0	0.966667


