# Persistence diagram <GML/0328.gml>
#
# Dimension   : 1
# Entries     : 74
# Betti number: 74
0.644444	inf
0.644444	inf
0.644444	inf
0.644444	inf
0.644444	inf
0.644444	inf
0.644444	inf
0.644444	inf
0.644444	inf
0.644444	inf
0.644444	inf
0.644444	inf
0.644444	inf
0.644444	inf
0.644444	inf
0.644444	inf
0.644444	inf
0.644444	inf
0.644444	inf
0.644444	inf
0.644444	inf
0.644444	inf
0.644444	inf
0.833333	inf
0.833333	inf
0.833333	inf
0.833333	inf
0.833333	inf
0.833333	inf
0.833333	inf
0.888889	inf
0.922222	inf
0.922222	inf
0.922222	inf
0.933333	inf
0.933333	inf
0.933333	inf
0.933333	inf
0.933333	inf
0.933333	inf
0.933333	inf
0.933333	inf
0.944444	inf
0.944444	inf
0.944444	inf
0.944444	inf
0.944444	inf
0.944444	inf
0.944444	inf
0.944444	inf
0.944444	inf
0.955556	inf
0.955556	inf
0.955556	inf
0.955556	inf
0.955556	inf
0.955556	inf
0.955556	inf
0.955556	inf
0.955556	inf
0.955556	inf
0.955556	inf
0.955556	inf
0.955556	inf
0.966667	inf
0.966667	inf
0.966667	inf
0.977778	inf
0.977778	inf
0.977778	inf
0.977778	inf
0.977778	inf
0.977778	inf
0.977778	inf
