# Persistence diagram <GML/0329.gml>
#
# Dimension   : 0
# Entries     : 80
# Betti number: 2
0	inf
0	0.956522
0	0.978261
0	0.902174
0	0.945652
0	0.923913
0	0.956522
0	0.923913
0	0.923913
0	inf
0	0.902174
0	0.967391
0	0.956522
0	0.956522
0	0.978261
0	0.956522
0	0.815217
0	0.967391
0	0.815217
0	0.945652
0	0.923913
0	0.815217
0	0.923913
0	0.815217
0	0.815217
0	0.956522
0	0.902174
0	0.945652
0	0.923913
0	0.956522
0	0.945652
0	0.945652
0	0.934783
0	0.902174
0	0.923913
0	0.967391
0	0.815217
0	0.978261
0	0.815217
0	0.967391
0	0.978261
0	0.934783
0	0.967391
0	0.815217
0	0.945652
0	0.923913
0	0.967391
0	0.815217
0	0.902174
0	0.945652
0	0.815217
0	0.815217
0	0.978261
0	0.902174
0	0.815217
0	0.945652
0	0.956522
0	0.815217
0	0.956522
0	0.978261
0	0.945652
0	0.945652
0	0.923913
0	0.815217
0	0.967391
0	0.98913
0	0.945652
0	0.967391
0	0.815217
0	0.945652
0	0.978261
0	0.978261
0	0.956522
0	0.956522
0	0.945652
0	0.978261
0	0.934783
0	0.934783
0	0.945652
0	0.956522


