# Persistence diagram <GML/0333.gml>
#
# Dimension   : 1
# Entries     : 91
# Betti number: 91
0.953079	inf
0.953079	inf
0.953079	inf
0.954545	inf
0.963343	inf
0.970674	inf
0.970674	inf
0.970674	inf
0.970674	inf
0.970674	inf
0.970674	inf
0.97654	inf
0.97654	inf
0.978006	inf
0.978006	inf
0.979472	inf
0.980938	inf
0.982405	inf
0.983871	inf
0.983871	inf
0.983871	inf
0.983871	inf
0.986804	inf
0.986804	inf
0.98827	inf
0.98827	inf
0.98827	inf
0.98827	inf
0.98827	inf
0.98827	inf
0.989736	inf
0.991202	inf
0.991202	inf
0.991202	inf
0.991202	inf
0.991202	inf
0.991202	inf
0.991202	inf
0.992669	inf
0.992669	inf
0.992669	inf
0.992669	inf
0.992669	inf
0.992669	inf
0.992669	inf
0.992669	inf
0.992669	inf
0.994135	inf
0.994135	inf
0.994135	inf
0.994135	inf
0.994135	inf
0.994135	inf
0.994135	inf
0.994135	inf
0.994135	inf
0.994135	inf
0.994135	inf
0.994135	inf
0.995601	inf
0.995601	inf
0.995601	inf
0.995601	inf
0.995601	inf
0.995601	inf
0.995601	inf
0.995601	inf
0.995601	inf
0.995601	inf
0.995601	inf
0.995601	inf
0.995601	inf
0.995601	inf
0.995601	inf
0.995601	inf
0.995601	inf
0.997067	inf
0.997067	inf
0.997067	inf
0.997067	inf
0.997067	inf
0.997067	inf
0.997067	inf
0.997067	inf
0.997067	inf
0.997067	inf
0.997067	inf
0.997067	inf
0.997067	inf
0.997067	inf
0.997067	inf
