# Persistence diagram <GML/0334.gml>
#
# Dimension   : 0
# Entries     : 191
# Betti number: 2
0	inf
0	0.884615
0	0.634615
0	0.596154
0	0.230769
0	0.807692
0	0.961538
0	0.884615
0	0.961538
0	0.865385
0	0.903846
0	0.634615
0	0.923077
0	inf
0	0.961538
0	0.596154
0	0.596154
0	0.230769
0	0.596154
0	0.75
0	0.961538
0	0.230769
0	0.961538
0	0.596154
0	0.942308
0	0.942308
0	0.75
0	0.75
0	0.634615
0	0.230769
0	0.884615
0	0.884615
0	0.634615
0	0.75
0	0.596154
0	0.634615
0	0.634615
0	0.903846
0	0.75
0	0.903846
0	0.75
0	0.230769
0	0.75
0	0.961538
0	0.75
0	0.961538
0	0.903846
0	0.903846
0	0.230769
0	0.923077
0	0.942308
0	0.961538
0	0.865385
0	0.230769
0	0.75
0	0.807692
0	0.961538
0	0.961538
0	0.865385
0	0.903846
0	0.942308
0	0.596154
0	0.230769
0	0.903846
0	0.230769
0	0.75
0	0.75
0	0.75
0	0.942308
0	0.75
0	0.961538
0	0.634615
0	0.903846
0	0.884615
0	0.865385
0	0.961538
0	0.230769
0	0.230769
0	0.634615
0	0.942308
0	0.75
0	0.961538
0	0.923077
0	0.230769
0	0.230769
0	0.961538
0	0.230769
0	0.230769
0	0.230769
0	0.596154
0	0.961538
0	0.634615
0	0.75
0	0.634615
0	0.230769
0	0.75
0	0.75
0	0.230769
0	0.807692
0	0.942308
0	0.807692
0	0.596154
0	0.596154
0	0.230769
0	0.865385
0	0.634615
0	0.230769
0	0.596154
0	0.884615
0	0.961538
0	0.230769
0	0.942308
0	0.596154
0	0.903846
0	0.75
0	0.807692
0	0.884615
0	0.230769
0	0.230769
0	0.961538
0	0.865385
0	0.596154
0	0.230769
0	0.230769
0	0.230769
0	0.884615
0	0.75
0	0.807692
0	0.230769
0	0.596154
0	0.923077
0	0.807692
0	0.961538
0	0.903846
0	0.230769
0	0.942308
0	0.942308
0	0.230769
0	0.961538
0	0.923077
0	0.634615
0	0.230769
0	0.75
0	0.230769
0	0.942308
0	0.596154
0	0.961538
0	0.942308
0	0.75
0	0.961538
0	0.75
0	0.942308
0	0.865385
0	0.942308
0	0.884615
0	0.884615
0	0.942308
0	0.230769
0	0.230769
0	0.903846
0	0.961538
0	0.75
0	0.942308
0	0.961538
0	0.75
0	0.75
0	0.903846
0	0.596154
0	0.961538
0	0.596154
0	0.634615
0	0.75
0	0.884615
0	0.230769
0	0.961538
0	0.942308
0	0.961538
0	0.230769
0	0.230769
0	0.230769
0	0.942308
0	0.596154
0	0.961538
0	0.884615
0	0.903846
0	0.942308
0	0.923077
0	0.903846
0	0.634615
0	0.230769
0	0.230769


