# Persistence diagram <GML/0337.gml>
#
# Dimension   : 1
# Entries     : 211
# Betti number: 210
0.889474	inf
0.894737	inf
0.894737	inf
0.894737	inf
0.894737	inf
0.894737	inf
0.910526	inf
0.915789	inf
0.915789	inf
0.915789	inf
0.921053	inf
0.921053	inf
0.921053	inf
0.921053	inf
0.921053	inf
0.921053	inf
0.921053	inf
0.921053	inf
0.926316	inf
0.926316	0.947368
0.926316	inf
0.931579	inf
0.931579	inf
0.931579	inf
0.931579	inf
0.931579	inf
0.931579	inf
0.931579	inf
0.931579	inf
0.931579	inf
0.931579	inf
0.931579	inf
0.931579	inf
0.931579	inf
0.931579	inf
0.931579	inf
0.931579	inf
0.931579	inf
0.931579	inf
0.936842	inf
0.936842	inf
0.936842	inf
0.942105	inf
0.942105	inf
0.942105	inf
0.942105	inf
0.942105	inf
0.942105	inf
0.942105	inf
0.947368	inf
0.952632	inf
0.952632	inf
0.952632	inf
0.952632	inf
0.952632	inf
0.952632	inf
0.952632	inf
0.952632	inf
0.952632	inf
0.952632	inf
0.952632	inf
0.952632	inf
0.952632	inf
0.952632	inf
0.952632	inf
0.952632	inf
0.957895	inf
0.957895	inf
0.957895	inf
0.957895	inf
0.957895	inf
0.957895	inf
0.957895	inf
0.957895	inf
0.957895	inf
0.957895	inf
0.957895	inf
0.957895	inf
0.957895	inf
0.957895	inf
0.957895	inf
0.957895	inf
0.957895	inf
0.957895	inf
0.957895	inf
0.957895	inf
0.957895	inf
0.957895	inf
0.957895	inf
0.957895	inf
0.957895	inf
0.957895	inf
0.963158	inf
0.963158	inf
0.963158	inf
0.963158	inf
0.963158	inf
0.963158	inf
0.963158	inf
0.963158	inf
0.963158	inf
0.963158	inf
0.963158	inf
0.963158	inf
0.963158	inf
0.963158	inf
0.963158	inf
0.963158	inf
0.963158	inf
0.963158	inf
0.963158	inf
0.963158	inf
0.963158	inf
0.963158	inf
0.963158	inf
0.963158	inf
0.963158	inf
0.963158	inf
0.963158	inf
0.963158	inf
0.963158	inf
0.963158	inf
0.963158	inf
0.963158	inf
0.963158	inf
0.963158	inf
0.963158	inf
0.968421	inf
0.968421	inf
0.968421	inf
0.968421	inf
0.968421	inf
0.968421	inf
0.968421	inf
0.968421	inf
0.968421	inf
0.968421	inf
0.968421	inf
0.968421	inf
0.968421	inf
0.968421	inf
0.968421	inf
0.968421	inf
0.973684	inf
0.973684	inf
0.973684	inf
0.973684	inf
0.973684	inf
0.973684	inf
0.973684	inf
0.973684	inf
0.973684	inf
0.973684	inf
0.973684	inf
0.973684	inf
0.973684	inf
0.973684	inf
0.973684	inf
0.973684	inf
0.973684	inf
0.973684	inf
0.973684	inf
0.973684	inf
0.973684	inf
0.973684	inf
0.973684	inf
0.973684	inf
0.973684	inf
0.978947	inf
0.978947	inf
0.978947	inf
0.978947	inf
0.978947	inf
0.978947	inf
0.978947	inf
0.978947	inf
0.978947	inf
0.978947	inf
0.978947	inf
0.978947	inf
0.978947	inf
0.978947	inf
0.978947	inf
0.984211	inf
0.984211	inf
0.984211	inf
0.984211	inf
0.984211	inf
0.984211	inf
0.984211	inf
0.984211	inf
0.984211	inf
0.984211	inf
0.984211	inf
0.984211	inf
0.984211	inf
0.984211	inf
0.984211	inf
0.984211	inf
0.984211	inf
0.984211	inf
0.984211	inf
0.989474	inf
0.989474	inf
0.989474	inf
0.989474	inf
0.989474	inf
0.989474	inf
0.989474	inf
0.989474	inf
0.989474	inf
