# Persistence diagram <GML/0339.gml>
#
# Dimension   : 1
# Entries     : 56
# Betti number: 55
0.777778	inf
0.777778	inf
0.777778	inf
0.777778	inf
0.777778	inf
0.777778	inf
0.777778	inf
0.777778	inf
0.777778	inf
0.777778	inf
0.777778	inf
0.777778	inf
0.777778	inf
0.777778	inf
0.777778	inf
0.777778	inf
0.777778	inf
0.777778	inf
0.777778	inf
0.777778	inf
0.777778	inf
0.907407	inf
0.907407	inf
0.935185	inf
0.935185	inf
0.935185	inf
0.935185	inf
0.935185	0.944444
0.935185	inf
0.935185	inf
0.935185	inf
0.935185	inf
0.935185	inf
0.944444	inf
0.944444	inf
0.944444	inf
0.944444	inf
0.953704	inf
0.953704	inf
0.953704	inf
0.953704	inf
0.953704	inf
0.953704	inf
0.953704	inf
0.962963	inf
0.962963	inf
0.962963	inf
0.962963	inf
0.972222	inf
0.972222	inf
0.972222	inf
0.972222	inf
0.972222	inf
0.981481	inf
0.981481	inf
0.981481	inf
