# Persistence diagram <GML/0341.gml>
#
# Dimension   : 1
# Entries     : 53
# Betti number: 53
0.948052	inf
0.965368	inf
0.965368	inf
0.965368	inf
0.965368	inf
0.969697	inf
0.969697	inf
0.969697	inf
0.974026	inf
0.974026	inf
0.974026	inf
0.974026	inf
0.974026	inf
0.974026	inf
0.974026	inf
0.974026	inf
0.978355	inf
0.978355	inf
0.978355	inf
0.978355	inf
0.978355	inf
0.978355	inf
0.978355	inf
0.982684	inf
0.982684	inf
0.982684	inf
0.982684	inf
0.982684	inf
0.982684	inf
0.982684	inf
0.982684	inf
0.982684	inf
0.982684	inf
0.982684	inf
0.982684	inf
0.982684	inf
0.982684	inf
0.982684	inf
0.982684	inf
0.987013	inf
0.987013	inf
0.987013	inf
0.987013	inf
0.987013	inf
0.987013	inf
0.991342	inf
0.991342	inf
0.991342	inf
0.991342	inf
0.991342	inf
0.991342	inf
0.991342	inf
0.991342	inf
