# Persistence diagram <GML/0343.gml>
#
# Dimension   : 0
# Entries     : 277
# Betti number: 6
0	inf
0	0.983936
0	0.947791
0	0.983936
0	0.955823
0	0.975904
0	0.931727
0	0.947791
0	0.955823
0	0.975904
0	0.935743
0	0.97992
0	0.947791
0	0.975904
0	0.987952
0	0.987952
0	0.991968
0	0.975904
0	0.935743
0	0.975904
0	0.947791
0	0.983936
0	0.987952
0	0.943775
0	0.947791
0	0.975904
0	0.947791
0	0.971888
0	0.975904
0	0.947791
0	0.991968
0	0.931727
0	0.97992
0	0.931727
0	0.97992
0	0.987952
0	0.991968
0	0.983936
0	0.959839
0	inf
0	0.975904
0	0.919679
0	0.967871
0	0.991968
0	0.967871
0	0.947791
0	0.991968
0	0.959839
0	0.947791
0	0.975904
0	0.971888
0	0.987952
0	0.947791
0	0.947791
0	0.983936
0	0.947791
0	0.987952
0	0.975904
0	0.947791
0	0.975904
0	0.975904
0	inf
0	0.935743
0	0.983936
0	0.971888
0	0.987952
0	0.975904
0	0.975904
0	0.983936
0	0.959839
0	0.987952
0	0.991968
0	0.987952
0	inf
0	0.991968
0	0.987952
0	0.931727
0	0.991968
0	0.947791
0	0.959839
0	0.975904
0	0.955823
0	0.947791
0	0.991968
0	0.97992
0	0.919679
0	0.983936
0	0.987952
0	0.983936
0	0.991968
0	0.935743
0	0.967871
0	0.919679
0	0.987952
0	0.955823
0	0.947791
0	0.97992
0	0.991968
0	0.971888
0	0.919679
0	0.947791
0	0.983936
0	0.991968
0	0.943775
0	0.983936
0	0.983936
0	0.991968
0	0.991968
0	0.967871
0	0.991968
0	0.943775
0	0.975904
0	0.955823
0	0.987952
0	0.931727
0	0.983936
0	0.955823
0	0.959839
0	0.991968
0	0.931727
0	0.919679
0	0.919679
0	0.975904
0	0.97992
0	0.987952
0	0.955823
0	0.931727
0	0.955823
0	0.967871
0	0.975904
0	inf
0	0.97992
0	0.991968
0	0.975904
0	0.987952
0	0.97992
0	0.975904
0	0.947791
0	0.947791
0	0.991968
0	0.967871
0	0.947791
0	0.987952
0	0.991968
0	0.947791
0	0.919679
0	0.935743
0	0.967871
0	0.987952
0	0.983936
0	0.919679
0	0.943775
0	0.983936
0	0.991968
0	0.931727
0	0.987952
0	0.975904
0	0.931727
0	0.983936
0	0.931727
0	0.931727
0	0.97992
0	0.919679
0	0.943775
0	0.947791
0	0.97992
0	0.947791
0	0.991968
0	0.991968
0	0.943775
0	0.987952
0	0.995984
0	0.935743
0	0.947791
0	0.947791
0	0.97992
0	0.97992
0	0.975904
0	0.983936
0	0.935743
0	0.987952
0	0.983936
0	0.975904
0	0.967871
0	0.983936
0	0.987952
0	0.987952
0	0.943775
0	0.947791
0	0.983936
0	0.943775
0	0.975904
0	0.931727
0	0.935743
0	0.959839
0	0.943775
0	0.991968
0	0.947791
0	0.987952
0	0.975904
0	0.935743
0	0.947791
0	0.919679
0	0.947791
0	0.935743
0	0.983936
0	0.971888
0	0.987952
0	0.995984
0	0.935743
0	0.97992
0	0.991968
0	inf
0	0.975904
0	0.947791
0	0.967871
0	0.983936
0	0.947791
0	0.991968
0	0.987952
0	0.983936
0	0.919679
0	0.943775
0	0.947791
0	0.975904
0	0.931727
0	0.983936
0	0.947791
0	0.991968
0	0.975904
0	0.987952
0	0.967871
0	0.987952
0	0.943775
0	0.943775
0	0.931727
0	0.97992
0	0.967871
0	0.919679
0	0.947791
0	0.971888
0	0.947791
0	0.97992
0	0.991968
0	0.975904
0	0.947791
0	0.983936
0	0.975904
0	0.919679
0	0.947791
0	0.931727
0	0.987952
0	0.947791
0	0.97992
0	0.947791
0	0.947791
0	0.919679
0	0.991968
0	0.935743
0	0.991968
0	0.971888
0	0.947791
0	0.919679
0	0.97992
0	0.97992
0	0.991968
0	0.975904
0	0.947791
0	0.967871
0	0.919679
0	0.919679
0	0.971888
0	0.97992
0	0.971888
0	0.983936
0	0.991968
0	0.955823


