# Persistence diagram <GML/0343.gml>
#
# Dimension   : 1
# Entries     : 64
# Betti number: 64
0.931727	inf
0.947791	inf
0.947791	inf
0.947791	inf
0.947791	inf
0.947791	inf
0.947791	inf
0.947791	inf
0.955823	inf
0.959839	inf
0.959839	inf
0.967871	inf
0.967871	inf
0.967871	inf
0.971888	inf
0.971888	inf
0.975904	inf
0.975904	inf
0.975904	inf
0.975904	inf
0.975904	inf
0.975904	inf
0.975904	inf
0.97992	inf
0.97992	inf
0.97992	inf
0.97992	inf
0.97992	inf
0.97992	inf
0.97992	inf
0.97992	inf
0.97992	inf
0.97992	inf
0.97992	inf
0.97992	inf
0.97992	inf
0.97992	inf
0.983936	inf
0.983936	inf
0.983936	inf
0.983936	inf
0.983936	inf
0.983936	inf
0.983936	inf
0.983936	inf
0.983936	inf
0.987952	inf
0.987952	inf
0.987952	inf
0.987952	inf
0.987952	inf
0.987952	inf
0.987952	inf
0.987952	inf
0.987952	inf
0.987952	inf
0.987952	inf
0.991968	inf
0.991968	inf
0.991968	inf
0.991968	inf
0.991968	inf
0.991968	inf
0.991968	inf
