# Persistence diagram <GML/0347.gml>
#
# Dimension   : 1
# Entries     : 100
# Betti number: 100
0.919118	inf
0.919118	inf
0.919118	inf
0.933824	inf
0.933824	inf
0.944853	inf
0.944853	inf
0.952206	inf
0.955882	inf
0.955882	inf
0.955882	inf
0.955882	inf
0.963235	inf
0.963235	inf
0.963235	inf
0.963235	inf
0.963235	inf
0.963235	inf
0.963235	inf
0.966912	inf
0.970588	inf
0.970588	inf
0.974265	inf
0.974265	inf
0.974265	inf
0.974265	inf
0.974265	inf
0.974265	inf
0.974265	inf
0.974265	inf
0.974265	inf
0.974265	inf
0.974265	inf
0.974265	inf
0.974265	inf
0.974265	inf
0.974265	inf
0.977941	inf
0.977941	inf
0.977941	inf
0.977941	inf
0.977941	inf
0.977941	inf
0.977941	inf
0.977941	inf
0.977941	inf
0.977941	inf
0.977941	inf
0.977941	inf
0.977941	inf
0.981618	inf
0.981618	inf
0.981618	inf
0.981618	inf
0.981618	inf
0.985294	inf
0.985294	inf
0.985294	inf
0.985294	inf
0.985294	inf
0.985294	inf
0.985294	inf
0.985294	inf
0.985294	inf
0.985294	inf
0.985294	inf
0.985294	inf
0.985294	inf
0.985294	inf
0.985294	inf
0.988971	inf
0.988971	inf
0.988971	inf
0.988971	inf
0.988971	inf
0.988971	inf
0.988971	inf
0.988971	inf
0.988971	inf
0.988971	inf
0.988971	inf
0.988971	inf
0.988971	inf
0.988971	inf
0.988971	inf
0.988971	inf
0.988971	inf
0.988971	inf
0.988971	inf
0.988971	inf
0.988971	inf
0.988971	inf
0.992647	inf
0.992647	inf
0.992647	inf
0.992647	inf
0.992647	inf
0.992647	inf
0.992647	inf
0.992647	inf
