# Persistence diagram <GML/0347.gml>
#
# Dimension   : 0
# Entries     : 421
# Betti number: 1
0	inf
0	0.963235
0	0.963235
0	0.933824
0	0.981618
0	0.981618
0	0.992647
0	0.904412
0	0.988971
0	0.948529
0	0.900735
0	0.963235
0	0.992647
0	0.944853
0	0.930147
0	0.900735
0	0.988971
0	0.944853
0	0.963235
0	0.948529
0	0.944853
0	0.970588
0	0.977941
0	0.981618
0	0.992647
0	0.904412
0	0.955882
0	0.948529
0	0.977941
0	0.933824
0	0.955882
0	0.985294
0	0.952206
0	0.966912
0	0.933824
0	0.966912
0	0.963235
0	0.988971
0	0.988971
0	0.992647
0	0.992647
0	0.933824
0	0.930147
0	0.955882
0	0.933824
0	0.966912
0	0.933824
0	0.985294
0	0.944853
0	0.977941
0	0.955882
0	0.900735
0	0.959559
0	0.977941
0	0.966912
0	0.944853
0	0.974265
0	0.904412
0	0.981618
0	0.930147
0	0.974265
0	0.992647
0	0.904412
0	0.992647
0	0.988971
0	0.970588
0	0.988971
0	0.977941
0	0.904412
0	0.955882
0	0.963235
0	0.966912
0	0.904412
0	0.955882
0	0.952206
0	0.970588
0	0.963235
0	0.933824
0	0.985294
0	0.992647
0	0.985294
0	0.992647
0	0.985294
0	0.904412
0	0.988971
0	0.963235
0	0.904412
0	0.988971
0	0.904412
0	0.985294
0	0.952206
0	0.933824
0	0.930147
0	0.904412
0	0.981618
0	0.919118
0	0.985294
0	0.933824
0	0.933824
0	0.900735
0	0.970588
0	0.952206
0	0.963235
0	0.974265
0	0.930147
0	0.985294
0	0.977941
0	0.955882
0	0.963235
0	0.930147
0	0.963235
0	0.930147
0	0.977941
0	0.955882
0	0.948529
0	0.988971
0	0.992647
0	0.944853
0	0.933824
0	0.985294
0	0.977941
0	0.974265
0	0.959559
0	0.988971
0	0.974265
0	0.944853
0	0.900735
0	0.981618
0	0.930147
0	0.977941
0	0.919118
0	0.974265
0	0.985294
0	0.977941
0	0.992647
0	0.904412
0	0.992647
0	0.930147
0	0.974265
0	0.952206
0	0.955882
0	0.963235
0	0.904412
0	0.959559
0	0.992647
0	0.904412
0	0.977941
0	0.963235
0	0.992647
0	0.900735
0	0.985294
0	0.988971
0	0.944853
0	0.981618
0	0.900735
0	0.985294
0	0.981618
0	0.985294
0	0.963235
0	0.992647
0	0.977941
0	0.963235
0	0.977941
0	0.919118
0	0.904412
0	0.981618
0	0.970588
0	0.959559
0	0.970588
0	0.963235
0	0.948529
0	0.985294
0	0.977941
0	0.900735
0	0.955882
0	0.963235
0	0.904412
0	0.974265
0	0.955882
0	0.933824
0	0.933824
0	0.963235
0	0.963235
0	0.952206
0	0.900735
0	0.988971
0	0.988971
0	0.944853
0	0.992647
0	0.933824
0	0.985294
0	0.981618
0	0.963235
0	0.904412
0	0.955882
0	0.988971
0	0.930147
0	0.977941
0	0.985294
0	0.919118
0	0.992647
0	0.955882
0	0.933824
0	0.933824
0	0.963235
0	0.933824
0	0.944853
0	0.992647
0	0.985294
0	0.900735
0	0.963235
0	0.963235
0	0.974265
0	0.988971
0	0.977941
0	0.919118
0	0.933824
0	0.985294
0	0.977941
0	0.974265
0	0.977941
0	0.944853
0	0.952206
0	0.992647
0	0.985294
0	0.930147
0	0.985294
0	0.992647
0	0.974265
0	0.992647
0	0.988971
0	0.933824
0	0.974265
0	0.904412
0	0.948529
0	0.977941
0	0.992647
0	0.966912
0	0.974265
0	0.977941
0	0.952206
0	0.985294
0	0.977941
0	0.900735
0	0.981618
0	0.992647
0	0.959559
0	0.933824
0	0.966912
0	0.977941
0	0.981618
0	0.977941
0	0.963235
0	0.933824
0	0.933824
0	0.977941
0	0.985294
0	0.959559
0	0.944853
0	0.900735
0	0.944853
0	0.977941
0	0.981618
0	0.977941
0	0.933824
0	0.985294
0	0.981618
0	0.952206
0	0.977941
0	0.900735
0	0.985294
0	0.970588
0	0.992647
0	0.948529
0	0.974265
0	0.966912
0	0.992647
0	0.988971
0	0.992647
0	0.988971
0	0.985294
0	0.963235
0	0.985294
0	0.963235
0	0.977941
0	0.930147
0	0.952206
0	0.981618
0	0.948529
0	0.988971
0	0.919118
0	0.933824
0	0.992647
0	0.992647
0	0.963235
0	0.919118
0	0.948529
0	0.900735
0	0.900735
0	0.966912
0	0.988971
0	0.981618
0	0.985294
0	0.977941
0	0.974265
0	0.988971
0	0.992647
0	0.963235
0	0.970588
0	0.977941
0	0.944853
0	0.974265
0	0.977941
0	0.944853
0	0.977941
0	0.988971
0	0.963235
0	0.933824
0	0.966912
0	0.955882
0	0.985294
0	0.974265
0	0.952206
0	0.988971
0	0.944853
0	0.977941
0	0.977941
0	0.900735
0	0.992647
0	0.900735
0	0.988971
0	0.930147
0	0.988971
0	0.933824
0	0.900735
0	0.963235
0	0.988971
0	0.988971
0	0.981618
0	0.963235
0	0.988971
0	0.900735
0	0.966912
0	0.944853
0	0.988971
0	0.930147
0	0.992647
0	0.930147
0	0.963235
0	0.919118
0	0.963235
0	0.944853
0	0.919118
0	0.988971
0	0.977941
0	0.930147
0	0.974265
0	0.944853
0	0.930147
0	0.944853
0	0.933824
0	0.977941
0	0.992647
0	0.977941
0	0.900735
0	0.955882
0	0.933824
0	0.900735
0	0.981618
0	0.977941
0	0.977941
0	0.977941
0	0.977941
0	0.966912
0	0.919118
0	0.944853
0	0.977941
0	0.992647
0	0.963235
0	0.981618
0	0.904412
0	0.900735
0	0.985294
0	0.977941
0	0.900735
0	0.985294
0	0.955882
0	0.963235
0	0.919118
0	0.930147
0	0.974265
0	0.988971
0	0.985294
0	0.963235
0	0.959559
0	0.977941
0	0.963235
0	0.930147
0	0.988971
0	0.955882
0	0.933824
0	0.955882
0	0.904412
0	0.944853
0	0.985294
0	0.963235
0	0.974265
0	0.948529
0	0.985294
0	0.985294
0	0.977941
0	0.985294
0	0.977941
0	0.963235
0	0.992647
0	0.963235
0	0.977941
0	0.974265
0	0.977941
0	0.944853
0	0.933824


