# Persistence diagram <GML/0348.gml>
#
# Dimension   : 0
# Entries     : 104
# Betti number: 4
0	inf
0	0.8
0	0.927273
0	0.963636
0	0.818182
0	0.945455
0	0.836364
0	0.872727
0	0.890909
0	0.927273
0	0.963636
0	0.8
0	0.818182
0	0.927273
0	0.890909
0	0.836364
0	0.927273
0	0.927273
0	0.836364
0	0.945455
0	inf
0	0.927273
0	0.909091
0	0.909091
0	0.872727
0	0.963636
0	0.890909
0	0.963636
0	0.8
0	0.836364
0	0.818182
0	0.872727
0	0.890909
0	0.963636
0	0.963636
0	0.890909
0	0.927273
0	0.909091
0	0.909091
0	0.909091
0	inf
0	0.890909
0	0.818182
0	0.836364
0	0.836364
0	inf
0	0.945455
0	0.981818
0	0.945455
0	0.945455
0	0.909091
0	0.963636
0	0.909091
0	0.872727
0	0.963636
0	0.8
0	0.8
0	0.890909
0	0.981818
0	0.945455
0	0.927273
0	0.8
0	0.836364
0	0.890909
0	0.909091
0	0.945455
0	0.890909
0	0.872727
0	0.890909
0	0.909091
0	0.890909
0	0.836364
0	0.890909
0	0.927273
0	0.963636
0	0.872727
0	0.945455
0	0.909091
0	0.963636
0	0.927273
0	0.8
0	0.927273
0	0.872727
0	0.927273
0	0.8
0	0.872727
0	0.890909
0	0.927273
0	0.963636
0	0.818182
0	0.963636
0	0.818182
0	0.872727
0	0.927273
0	0.945455
0	0.927273
0	0.963636
0	0.963636
0	0.890909
0	0.945455
0	0.927273
0	0.927273
0	0.836364
0	0.890909


