# Persistence diagram <GML/0353.gml>
#
# Dimension   : 0
# Entries     : 172
# Betti number: 1
0	inf
0	0.96875
0	0.5625
0	0.78125
0	0.953125
0	0.875
0	0.78125
0	0.75
0	0.75
0	0.828125
0	0.5625
0	0.5625
0	0.828125
0	0.90625
0	0.5625
0	0.828125
0	0.78125
0	0.5625
0	0.890625
0	0.890625
0	0.921875
0	0.96875
0	0.5625
0	0.5625
0	0.9375
0	0.9375
0	0.890625
0	0.5625
0	0.9375
0	0.890625
0	0.5625
0	0.9375
0	0.5625
0	0.78125
0	0.9375
0	0.953125
0	0.96875
0	0.921875
0	0.875
0	0.75
0	0.96875
0	0.890625
0	0.5625
0	0.96875
0	0.78125
0	0.96875
0	0.890625
0	0.953125
0	0.921875
0	0.5625
0	0.875
0	0.828125
0	0.828125
0	0.796875
0	0.90625
0	0.90625
0	0.5625
0	0.96875
0	0.96875
0	0.828125
0	0.890625
0	0.78125
0	0.5625
0	0.96875
0	0.890625
0	0.828125
0	0.90625
0	0.90625
0	0.96875
0	0.78125
0	0.90625
0	0.5625
0	0.5625
0	0.921875
0	0.78125
0	0.796875
0	0.953125
0	0.96875
0	0.890625
0	0.96875
0	0.953125
0	0.90625
0	0.96875
0	0.953125
0	0.796875
0	0.890625
0	0.9375
0	0.96875
0	0.5625
0	0.90625
0	0.96875
0	0.953125
0	0.890625
0	0.90625
0	0.796875
0	0.9375
0	0.96875
0	0.890625
0	0.953125
0	0.953125
0	0.796875
0	0.96875
0	0.5625
0	0.890625
0	0.953125
0	0.90625
0	0.828125
0	0.828125
0	0.796875
0	0.96875
0	0.953125
0	0.796875
0	0.9375
0	0.5625
0	0.796875
0	0.890625
0	0.78125
0	0.953125
0	0.96875
0	0.96875
0	0.875
0	0.5625
0	0.5625
0	0.75
0	0.875
0	0.953125
0	0.78125
0	0.78125
0	0.890625
0	0.75
0	0.828125
0	0.890625
0	0.921875
0	0.78125
0	0.890625
0	0.921875
0	0.5625
0	0.953125
0	0.796875
0	0.5625
0	0.796875
0	0.75
0	0.96875
0	0.953125
0	0.9375
0	0.9375
0	0.96875
0	0.890625
0	0.9375
0	0.890625
0	0.96875
0	0.96875
0	0.78125
0	0.890625
0	0.953125
0	0.890625
0	0.828125
0	0.5625
0	0.5625
0	0.5625
0	0.890625
0	0.828125
0	0.890625
0	0.953125
0	0.953125
0	0.75
0	0.890625
0	0.921875
0	0.9375
0	0.921875
0	0.96875
0	0.828125


