# Persistence diagram <GML/0354.gml>
#
# Dimension   : 1
# Entries     : 70
# Betti number: 70
0.882883	inf
0.882883	inf
0.882883	inf
0.882883	inf
0.882883	inf
0.900901	inf
0.90991	inf
0.936937	inf
0.936937	inf
0.936937	inf
0.936937	inf
0.936937	inf
0.936937	inf
0.936937	inf
0.945946	inf
0.945946	inf
0.945946	inf
0.945946	inf
0.945946	inf
0.945946	inf
0.954955	inf
0.954955	inf
0.954955	inf
0.954955	inf
0.954955	inf
0.954955	inf
0.963964	inf
0.963964	inf
0.963964	inf
0.963964	inf
0.963964	inf
0.963964	inf
0.963964	inf
0.963964	inf
0.963964	inf
0.963964	inf
0.963964	inf
0.963964	inf
0.963964	inf
0.963964	inf
0.963964	inf
0.963964	inf
0.963964	inf
0.963964	inf
0.963964	inf
0.963964	inf
0.963964	inf
0.972973	inf
0.972973	inf
0.972973	inf
0.972973	inf
0.972973	inf
0.972973	inf
0.972973	inf
0.972973	inf
0.972973	inf
0.972973	inf
0.972973	inf
0.972973	inf
0.972973	inf
0.972973	inf
0.972973	inf
0.972973	inf
0.981982	inf
0.981982	inf
0.981982	inf
0.981982	inf
0.981982	inf
0.981982	inf
0.981982	inf
