# Persistence diagram <GML/0356.gml>
#
# Dimension   : 1
# Entries     : 45
# Betti number: 45
0.953846	inf
0.953846	inf
0.957692	inf
0.957692	inf
0.957692	inf
0.957692	inf
0.969231	inf
0.973077	inf
0.976923	inf
0.976923	inf
0.976923	inf
0.976923	inf
0.976923	inf
0.980769	inf
0.980769	inf
0.984615	inf
0.984615	inf
0.984615	inf
0.984615	inf
0.984615	inf
0.984615	inf
0.984615	inf
0.984615	inf
0.984615	inf
0.984615	inf
0.984615	inf
0.988462	inf
0.988462	inf
0.988462	inf
0.988462	inf
0.988462	inf
0.988462	inf
0.988462	inf
0.988462	inf
0.988462	inf
0.988462	inf
0.992308	inf
0.992308	inf
0.992308	inf
0.992308	inf
0.992308	inf
0.992308	inf
0.992308	inf
0.992308	inf
0.992308	inf
