# Persistence diagram <GML/0357.gml>
#
# Dimension   : 0
# Entries     : 184
# Betti number: 3
0	inf
0	0.932432
0	0.972973
0	0.864865
0	0.945946
0	0.864865
0	0.864865
0	0.959459
0	0.891892
0	0.837838
0	0.864865
0	0.959459
0	0.959459
0	0.851351
0	0.972973
0	0.851351
0	0.972973
0	0.932432
0	0.837838
0	0.905405
0	0.878378
0	0.959459
0	0.918919
0	0.959459
0	0.918919
0	0.905405
0	0.972973
0	0.837838
0	0.851351
0	0.932432
0	0.905405
0	0.905405
0	0.959459
0	0.837838
0	0.837838
0	0.864865
0	inf
0	0.918919
0	0.864865
0	0.945946
0	0.878378
0	0.905405
0	0.864865
0	0.945946
0	0.878378
0	0.918919
0	0.918919
0	0.959459
0	0.864865
0	0.905405
0	0.837838
0	0.851351
0	0.959459
0	0.905405
0	0.878378
0	0.864865
0	0.959459
0	0.932432
0	0.905405
0	0.932432
0	0.972973
0	0.959459
0	0.851351
0	0.851351
0	0.837838
0	0.959459
0	0.837838
0	0.864865
0	0.972973
0	0.864865
0	0.905405
0	0.959459
0	0.864865
0	0.959459
0	0.959459
0	0.851351
0	0.959459
0	0.932432
0	0.905405
0	0.905405
0	0.932432
0	0.932432
0	0.959459
0	0.972973
0	0.837838
0	0.959459
0	0.959459
0	0.878378
0	0.945946
0	0.905405
0	0.945946
0	0.932432
0	0.864865
0	inf
0	0.837838
0	0.932432
0	0.851351
0	0.837838
0	0.932432
0	0.905405
0	0.945946
0	0.945946
0	0.972973
0	0.972973
0	0.972973
0	0.851351
0	0.972973
0	0.837838
0	0.918919
0	0.878378
0	0.864865
0	0.837838
0	0.905405
0	0.905405
0	0.945946
0	0.945946
0	0.972973
0	0.837838
0	0.864865
0	0.918919
0	0.972973
0	0.905405
0	0.837838
0	0.864865
0	0.891892
0	0.878378
0	0.945946
0	0.986486
0	0.864865
0	0.945946
0	0.945946
0	0.959459
0	0.972973
0	0.905405
0	0.851351
0	0.891892
0	0.837838
0	0.945946
0	0.878378
0	0.972973
0	0.945946
0	0.837838
0	0.945946
0	0.851351
0	0.837838
0	0.918919
0	0.918919
0	0.972973
0	0.864865
0	0.959459
0	0.932432
0	0.945946
0	0.891892
0	0.905405
0	0.972973
0	0.959459
0	0.918919
0	0.972973
0	0.864865
0	0.837838
0	0.864865
0	0.972973
0	0.851351
0	0.864865
0	0.864865
0	0.932432
0	0.851351
0	0.837838
0	0.851351
0	0.972973
0	0.837838
0	0.932432
0	0.918919
0	0.959459
0	0.851351
0	0.864865
0	0.851351
0	0.959459
0	0.851351
0	0.945946
0	0.905405
0	0.918919
0	0.945946
0	0.959459


