# Persistence diagram <GML/0358.gml>
#
# Dimension   : 0
# Entries     : 94
# Betti number: 1
0	inf
0	0.959184
0	0.836735
0	0.755102
0	0.897959
0	0.938776
0	0.918367
0	0.795918
0	0.938776
0	0.918367
0	0.897959
0	0.877551
0	0.755102
0	0.755102
0	0.938776
0	0.836735
0	0.877551
0	0.857143
0	0.836735
0	0.755102
0	0.836735
0	0.836735
0	0.938776
0	0.795918
0	0.897959
0	0.897959
0	0.755102
0	0.938776
0	0.836735
0	0.877551
0	0.836735
0	0.897959
0	0.918367
0	0.918367
0	0.938776
0	0.938776
0	0.897959
0	0.795918
0	0.938776
0	0.918367
0	0.897959
0	0.857143
0	0.836735
0	0.836735
0	0.897959
0	0.918367
0	0.959184
0	0.938776
0	0.918367
0	0.897959
0	0.836735
0	0.938776
0	0.755102
0	0.836735
0	0.836735
0	0.877551
0	0.795918
0	0.918367
0	0.897959
0	0.795918
0	0.938776
0	0.877551
0	0.897959
0	0.959184
0	0.857143
0	0.938776
0	0.918367
0	0.918367
0	0.938776
0	0.755102
0	0.938776
0	0.938776
0	0.755102
0	0.877551
0	0.918367
0	0.938776
0	0.959184
0	0.877551
0	0.959184
0	0.959184
0	0.959184
0	0.755102
0	0.938776
0	0.938776
0	0.755102
0	0.877551
0	0.836735
0	0.959184
0	0.795918
0	0.877551
0	0.938776
0	0.959184
0	0.938776
0	0.897959


