# Persistence diagram <GML/0360.gml>
#
# Dimension   : 1
# Entries     : 45
# Betti number: 45
0.932432	inf
0.959459	inf
0.959459	inf
0.959459	inf
0.968468	inf
0.968468	inf
0.968468	inf
0.968468	inf
0.968468	inf
0.968468	inf
0.972973	inf
0.972973	inf
0.972973	inf
0.977477	inf
0.977477	inf
0.977477	inf
0.981982	inf
0.981982	inf
0.981982	inf
0.981982	inf
0.981982	inf
0.981982	inf
0.981982	inf
0.986486	inf
0.986486	inf
0.986486	inf
0.986486	inf
0.986486	inf
0.986486	inf
0.986486	inf
0.986486	inf
0.986486	inf
0.986486	inf
0.986486	inf
0.986486	inf
0.986486	inf
0.986486	inf
0.986486	inf
0.986486	inf
0.990991	inf
0.990991	inf
0.990991	inf
0.990991	inf
0.990991	inf
0.990991	inf
