# Persistence diagram <GML/0360.gml>
#
# Dimension   : 0
# Entries     : 189
# Betti number: 1
0	inf
0	0.927928
0	0.968468
0	0.932432
0	0.986486
0	0.990991
0	0.959459
0	0.986486
0	0.932432
0	0.963964
0	0.954955
0	0.986486
0	0.986486
0	0.986486
0	0.968468
0	0.972973
0	0.990991
0	0.954955
0	0.990991
0	0.95045
0	0.990991
0	0.927928
0	0.968468
0	0.963964
0	0.977477
0	0.986486
0	0.981982
0	0.981982
0	0.972973
0	0.990991
0	0.959459
0	0.972973
0	0.95045
0	0.986486
0	0.981982
0	0.95045
0	0.932432
0	0.963964
0	0.927928
0	0.990991
0	0.963964
0	0.927928
0	0.932432
0	0.972973
0	0.990991
0	0.986486
0	0.963964
0	0.963964
0	0.968468
0	0.972973
0	0.990991
0	0.95045
0	0.968468
0	0.927928
0	0.972973
0	0.968468
0	0.986486
0	0.986486
0	0.990991
0	0.981982
0	0.972973
0	0.959459
0	0.968468
0	0.959459
0	0.972973
0	0.932432
0	0.932432
0	0.954955
0	0.959459
0	0.927928
0	0.95045
0	0.981982
0	0.959459
0	0.968468
0	0.986486
0	0.963964
0	0.990991
0	0.963964
0	0.977477
0	0.986486
0	0.981982
0	0.968468
0	0.990991
0	0.959459
0	0.990991
0	0.981982
0	0.963964
0	0.968468
0	0.986486
0	0.986486
0	0.932432
0	0.927928
0	0.959459
0	0.972973
0	0.981982
0	0.972973
0	0.963964
0	0.95045
0	0.968468
0	0.927928
0	0.986486
0	0.932432
0	0.990991
0	0.977477
0	0.954955
0	0.981982
0	0.981982
0	0.927928
0	0.986486
0	0.986486
0	0.990991
0	0.954955
0	0.990991
0	0.959459
0	0.963964
0	0.990991
0	0.972973
0	0.95045
0	0.968468
0	0.981982
0	0.932432
0	0.990991
0	0.981982
0	0.954955
0	0.968468
0	0.990991
0	0.981982
0	0.959459
0	0.990991
0	0.968468
0	0.932432
0	0.963964
0	0.963964
0	0.963964
0	0.972973
0	0.981982
0	0.959459
0	0.95045
0	0.981982
0	0.959459
0	0.95045
0	0.963964
0	0.927928
0	0.990991
0	0.981982
0	0.972973
0	0.932432
0	0.963964
0	0.963964
0	0.95045
0	0.927928
0	0.981982
0	0.972973
0	0.972973
0	0.959459
0	0.927928
0	0.959459
0	0.990991
0	0.968468
0	0.963964
0	0.972973
0	0.981982
0	0.927928
0	0.954955
0	0.963964
0	0.972973
0	0.981982
0	0.986486
0	0.927928
0	0.927928
0	0.968468
0	0.990991
0	0.990991
0	0.968468
0	0.968468
0	0.986486
0	0.927928
0	0.932432
0	0.954955
0	0.981982
0	0.990991
0	0.977477
0	0.963964
0	0.990991
0	0.986486
0	0.932432
0	0.972973
0	0.959459
0	0.981982


