# Persistence diagram <GML/0362.gml>
#
# Dimension   : 0
# Entries     : 409
# Betti number: 1
0	inf
0	0.986813
0	0.940659
0	0.923077
0	0.991209
0	0.975824
0	0.995604
0	0.982418
0	0.984615
0	0.984615
0	0.971429
0	0.989011
0	0.940659
0	0.982418
0	0.982418
0	0.973626
0	0.940659
0	0.98022
0	0.923077
0	0.973626
0	0.989011
0	0.98022
0	0.923077
0	0.967033
0	0.967033
0	0.982418
0	0.975824
0	0.975824
0	0.993407
0	0.984615
0	0.967033
0	0.956044
0	0.982418
0	0.975824
0	0.989011
0	0.982418
0	0.973626
0	0.986813
0	0.984615
0	0.940659
0	0.98022
0	0.973626
0	0.982418
0	0.973626
0	0.967033
0	0.971429
0	0.991209
0	0.991209
0	0.986813
0	0.958242
0	0.975824
0	0.956044
0	0.991209
0	0.989011
0	0.98022
0	0.98022
0	0.989011
0	0.993407
0	0.973626
0	0.98022
0	0.989011
0	0.975824
0	0.975824
0	0.956044
0	0.986813
0	0.986813
0	0.956044
0	0.958242
0	0.982418
0	0.993407
0	0.971429
0	0.973626
0	0.923077
0	0.995604
0	0.986813
0	0.995604
0	0.986813
0	0.98022
0	0.923077
0	0.967033
0	0.923077
0	0.995604
0	0.923077
0	0.995604
0	0.984615
0	0.986813
0	0.971429
0	0.982418
0	0.989011
0	0.995604
0	0.989011
0	0.991209
0	0.995604
0	0.995604
0	0.971429
0	0.993407
0	0.986813
0	0.975824
0	0.973626
0	0.940659
0	0.967033
0	0.98022
0	0.98022
0	0.989011
0	0.975824
0	0.973626
0	0.993407
0	0.975824
0	0.975824
0	0.956044
0	0.986813
0	0.993407
0	0.995604
0	0.989011
0	0.956044
0	0.923077
0	0.956044
0	0.995604
0	0.989011
0	0.995604
0	0.984615
0	0.982418
0	0.98022
0	0.967033
0	0.989011
0	0.991209
0	0.989011
0	0.991209
0	0.923077
0	0.989011
0	0.993407
0	0.986813
0	0.989011
0	0.923077
0	0.973626
0	0.989011
0	0.989011
0	0.973626
0	0.923077
0	0.940659
0	0.923077
0	0.975824
0	0.984615
0	0.975824
0	0.991209
0	0.940659
0	0.993407
0	0.989011
0	0.984615
0	0.923077
0	0.973626
0	0.995604
0	0.995604
0	0.986813
0	0.973626
0	0.989011
0	0.995604
0	0.995604
0	0.995604
0	0.982418
0	0.995604
0	0.989011
0	0.958242
0	0.995604
0	0.923077
0	0.975824
0	0.993407
0	0.973626
0	0.975824
0	0.923077
0	0.975824
0	0.995604
0	0.967033
0	0.995604
0	0.98022
0	0.989011
0	0.993407
0	0.923077
0	0.991209
0	0.940659
0	0.995604
0	0.986813
0	0.940659
0	0.991209
0	0.986813
0	0.991209
0	0.989011
0	0.989011
0	0.984615
0	0.993407
0	0.967033
0	0.923077
0	0.993407
0	0.975824
0	0.975824
0	0.986813
0	0.973626
0	0.98022
0	0.958242
0	0.940659
0	0.973626
0	0.98022
0	0.984615
0	0.995604
0	0.940659
0	0.986813
0	0.975824
0	0.975824
0	0.991209
0	0.971429
0	0.993407
0	0.986813
0	0.982418
0	0.98022
0	0.991209
0	0.975824
0	0.973626
0	0.984615
0	0.923077
0	0.923077
0	0.986813
0	0.984615
0	0.982418
0	0.986813
0	0.995604
0	0.98022
0	0.993407
0	0.995604
0	0.971429
0	0.923077
0	0.986813
0	0.975824
0	0.923077
0	0.982418
0	0.995604
0	0.995604
0	0.993407
0	0.975824
0	0.993407
0	0.986813
0	0.967033
0	0.982418
0	0.995604
0	0.973626
0	0.984615
0	0.995604
0	0.995604
0	0.967033
0	0.956044
0	0.956044
0	0.993407
0	0.98022
0	0.989011
0	0.995604
0	0.993407
0	0.923077
0	0.958242
0	0.940659
0	0.993407
0	0.973626
0	0.982418
0	0.995604
0	0.923077
0	0.995604
0	0.956044
0	0.986813
0	0.984615
0	0.923077
0	0.923077
0	0.973626
0	0.989011
0	0.984615
0	0.971429
0	0.993407
0	0.973626
0	0.995604
0	0.989011
0	0.995604
0	0.967033
0	0.956044
0	0.975824
0	0.984615
0	0.975824
0	0.975824
0	0.995604
0	0.958242
0	0.975824
0	0.975824
0	0.975824
0	0.923077
0	0.984615
0	0.940659
0	0.973626
0	0.993407
0	0.98022
0	0.989011
0	0.986813
0	0.995604
0	0.995604
0	0.991209
0	0.975824
0	0.923077
0	0.975824
0	0.989011
0	0.986813
0	0.923077
0	0.989011
0	0.995604
0	0.975824
0	0.986813
0	0.975824
0	0.975824
0	0.991209
0	0.993407
0	0.975824
0	0.967033
0	0.993407
0	0.984615
0	0.940659
0	0.995604
0	0.986813
0	0.940659
0	0.984615
0	0.940659
0	0.98022
0	0.940659
0	0.940659
0	0.989011
0	0.989011
0	0.923077
0	0.986813
0	0.991209
0	0.940659
0	0.956044
0	0.993407
0	0.986813
0	0.956044
0	0.984615
0	0.989011
0	0.956044
0	0.991209
0	0.923077
0	0.973626
0	0.982418
0	0.984615
0	0.989011
0	0.991209
0	0.995604
0	0.993407
0	0.98022
0	0.971429
0	0.940659
0	0.923077
0	0.982418
0	0.989011
0	0.975824
0	0.991209
0	0.982418
0	0.973626
0	0.993407
0	0.923077
0	0.984615
0	0.993407
0	0.984615
0	0.995604
0	0.986813
0	0.971429
0	0.986813
0	0.995604
0	0.993407
0	0.973626
0	0.991209
0	0.973626
0	0.984615
0	0.995604
0	0.956044
0	0.991209
0	0.982418
0	0.984615
0	0.98022
0	0.940659
0	0.973626
0	0.989011
0	0.940659
0	0.984615
0	0.989011
0	0.98022
0	0.986813
0	0.956044
0	0.982418
0	0.993407
0	0.973626
0	0.995604
0	0.993407
0	0.989011
0	0.982418
0	0.993407
0	0.991209
0	0.975824
0	0.923077
0	0.986813
0	0.991209
0	0.986813
0	0.982418
0	0.991209
0	0.958242
0	0.982418
0	0.973626
0	0.993407


