# Persistence diagram <GML/0367.gml>
#
# Dimension   : 0
# Entries     : 267
# Betti number: 2
0	inf
0	0.91791
0	0.977612
0	0.962687
0	0.985075
0	0.813433
0	0.985075
0	0.985075
0	0.985075
0	0.940299
0	0.910448
0	0.955224
0	0.985075
0	0.962687
0	0.813433
0	0.985075
0	0.955224
0	0.858209
0	0.858209
0	0.977612
0	0.970149
0	0.970149
0	0.858209
0	0.850746
0	0.850746
0	0.910448
0	0.947761
0	0.955224
0	0.850746
0	0.977612
0	0.962687
0	0.962687
0	0.858209
0	0.850746
0	0.813433
0	0.813433
0	0.977612
0	0.940299
0	0.985075
0	0.985075
0	0.970149
0	0.962687
0	0.940299
0	0.977612
0	0.970149
0	0.910448
0	0.940299
0	0.947761
0	0.955224
0	0.947761
0	0.977612
0	0.970149
0	0.910448
0	0.813433
0	0.91791
0	0.850746
0	0.985075
0	0.977612
0	0.977612
0	0.977612
0	0.947761
0	0.962687
0	0.977612
0	0.940299
0	0.970149
0	0.858209
0	0.910448
0	0.970149
0	0.970149
0	0.947761
0	0.858209
0	0.962687
0	0.962687
0	0.813433
0	0.955224
0	0.985075
0	0.910448
0	0.970149
0	0.985075
0	0.977612
0	0.91791
0	0.940299
0	0.955224
0	0.910448
0	0.858209
0	0.977612
0	0.910448
0	0.91791
0	0.813433
0	0.955224
0	0.91791
0	0.977612
0	0.955224
0	0.947761
0	0.962687
0	0.962687
0	0.977612
0	0.955224
0	0.932836
0	0.977612
0	0.970149
0	0.858209
0	0.970149
0	0.932836
0	0.813433
0	0.932836
0	0.947761
0	0.977612
0	0.962687
0	0.813433
0	0.947761
0	0.977612
0	0.985075
0	0.850746
0	0.858209
0	0.955224
0	0.910448
0	0.970149
0	0.947761
0	0.977612
0	0.850746
0	0.910448
0	0.850746
0	0.910448
0	0.947761
0	0.962687
0	0.850746
0	0.962687
0	0.977612
0	0.985075
0	0.955224
0	0.977612
0	0.955224
0	0.910448
0	0.985075
0	0.985075
0	0.910448
0	0.858209
0	0.970149
0	0.970149
0	0.91791
0	0.970149
0	0.813433
0	0.977612
0	0.947761
0	0.947761
0	0.813433
0	0.962687
0	0.985075
0	0.91791
0	0.910448
0	0.910448
0	0.985075
0	0.977612
0	0.977612
0	0.977612
0	0.850746
0	0.813433
0	0.985075
0	0.932836
0	0.850746
0	0.910448
0	0.940299
0	0.813433
0	0.850746
0	0.932836
0	0.962687
0	0.970149
0	0.955224
0	0.813433
0	0.91791
0	0.962687
0	0.932836
0	0.985075
0	0.858209
0	0.970149
0	0.858209
0	0.910448
0	0.985075
0	0.813433
0	0.955224
0	0.970149
0	0.962687
0	0.955224
0	0.977612
0	0.970149
0	0.932836
0	0.955224
0	0.955224
0	0.985075
0	0.947761
0	0.970149
0	0.850746
0	0.932836
0	0.977612
0	0.985075
0	0.962687
0	inf
0	0.977612
0	0.977612
0	0.962687
0	0.932836
0	0.910448
0	0.962687
0	0.932836
0	0.977612
0	0.955224
0	0.947761
0	0.910448
0	0.977612
0	0.970149
0	0.985075
0	0.910448
0	0.813433
0	0.962687
0	0.910448
0	0.962687
0	0.977612
0	0.955224
0	0.813433
0	0.985075
0	0.910448
0	0.955224
0	0.962687
0	0.962687
0	0.955224
0	0.985075
0	0.955224
0	0.910448
0	0.970149
0	0.955224
0	0.977612
0	0.910448
0	0.932836
0	0.850746
0	0.985075
0	0.858209
0	0.962687
0	0.977612
0	0.932836
0	0.955224
0	0.985075
0	0.910448
0	0.91791
0	0.850746
0	0.977612
0	0.985075
0	0.970149
0	0.985075
0	0.813433
0	0.985075
0	0.962687
0	0.992537
0	0.858209
0	0.955224
0	0.977612
0	0.813433
0	0.985075
0	0.932836
0	0.850746
0	0.813433
0	0.813433
0	0.858209
0	0.91791
0	0.850746
0	0.813433
0	0.858209


