# Persistence diagram <GML/0368.gml>
#
# Dimension   : 0
# Entries     : 373
# Betti number: 3
0	inf
0	0.988506
0	0.982759
0	0.982759
0	0.95977
0	0.942529
0	0.971264
0	0.856322
0	0.942529
0	0.954023
0	0.988506
0	0.977011
0	0.844828
0	0.977011
0	0.95977
0	0.856322
0	0.988506
0	0.931034
0	0.977011
0	0.925287
0	0.977011
0	0.977011
0	0.988506
0	0.936782
0	0.885057
0	0.977011
0	0.977011
0	0.95977
0	0.982759
0	0.977011
0	0.971264
0	0.942529
0	0.965517
0	0.965517
0	0.948276
0	0.844828
0	0.936782
0	0.977011
0	0.936782
0	0.936782
0	0.977011
0	0.844828
0	0.982759
0	0.856322
0	0.977011
0	0.982759
0	0.844828
0	0.925287
0	0.936782
0	0.988506
0	0.982759
0	0.885057
0	0.965517
0	0.977011
0	0.977011
0	0.95977
0	0.885057
0	0.982759
0	0.977011
0	0.971264
0	0.95977
0	0.965517
0	0.931034
0	0.954023
0	0.936782
0	0.988506
0	0.844828
0	0.982759
0	0.885057
0	0.856322
0	0.931034
0	0.936782
0	0.885057
0	0.95977
0	0.982759
0	0.942529
0	0.954023
0	0.977011
0	0.925287
0	0.856322
0	0.971264
0	0.982759
0	0.95977
0	0.931034
0	0.988506
0	0.925287
0	0.982759
0	0.925287
0	0.982759
0	0.988506
0	0.885057
0	0.931034
0	0.885057
0	0.885057
0	0.95977
0	0.982759
0	0.931034
0	0.885057
0	0.844828
0	0.982759
0	0.936782
0	0.942529
0	0.982759
0	0.844828
0	0.977011
0	0.95977
0	0.977011
0	0.971264
0	0.977011
0	0.988506
0	0.982759
0	0.856322
0	0.977011
0	0.977011
0	0.925287
0	0.982759
0	0.844828
0	0.982759
0	0.988506
0	0.925287
0	0.856322
0	0.982759
0	0.971264
0	0.982759
0	0.988506
0	0.856322
0	0.936782
0	0.982759
0	0.936782
0	0.931034
0	0.982759
0	0.925287
0	0.988506
0	0.977011
0	0.982759
0	0.844828
0	0.988506
0	0.954023
0	0.856322
0	0.936782
0	0.982759
0	0.977011
0	0.885057
0	0.982759
0	0.936782
0	0.936782
0	0.925287
0	0.982759
0	0.95977
0	0.982759
0	0.988506
0	0.844828
0	0.95977
0	0.977011
0	0.925287
0	0.885057
0	0.965517
0	0.982759
0	0.925287
0	0.95977
0	0.856322
0	0.936782
0	0.988506
0	0.982759
0	0.982759
0	0.95977
0	0.988506
0	0.977011
0	0.977011
0	0.942529
0	0.856322
0	0.977011
0	0.977011
0	0.977011
0	0.856322
0	0.982759
0	0.977011
0	0.856322
0	0.95977
0	0.925287
0	0.977011
0	0.954023
0	0.936782
0	0.988506
0	0.982759
0	0.965517
0	0.988506
0	0.95977
0	0.988506
0	0.936782
0	0.856322
0	0.844828
0	0.982759
0	0.844828
0	0.844828
0	0.988506
0	0.965517
0	0.925287
0	0.977011
0	0.988506
0	0.988506
0	0.982759
0	0.844828
0	0.936782
0	0.971264
0	0.948276
0	0.988506
0	0.977011
0	0.971264
0	0.95977
0	0.982759
0	0.982759
0	0.971264
0	0.965517
0	0.954023
0	0.977011
0	0.988506
0	0.982759
0	0.95977
0	0.856322
0	0.977011
0	0.856322
0	0.982759
0	0.856322
0	0.965517
0	0.95977
0	0.95977
0	0.844828
0	0.977011
0	0.856322
0	0.971264
0	0.982759
0	0.988506
0	0.95977
0	0.856322
0	0.936782
0	0.988506
0	0.982759
0	0.971264
0	0.925287
0	0.971264
0	0.925287
0	0.988506
0	0.988506
0	0.988506
0	0.936782
0	0.982759
0	0.971264
0	0.977011
0	0.954023
0	0.936782
0	0.971264
0	0.95977
0	0.977011
0	0.982759
0	0.844828
0	0.954023
0	0.988506
0	0.95977
0	0.988506
0	inf
0	0.844828
0	0.988506
0	0.954023
0	0.977011
0	0.988506
0	0.977011
0	0.982759
0	0.988506
0	0.95977
0	0.95977
0	0.942529
0	0.925287
0	0.988506
0	0.988506
0	0.982759
0	0.936782
0	0.977011
0	0.954023
0	0.982759
0	0.936782
0	0.95977
0	0.95977
0	inf
0	0.988506
0	0.988506
0	0.95977
0	0.977011
0	0.988506
0	0.925287
0	0.885057
0	0.994253
0	0.936782
0	0.988506
0	0.844828
0	0.982759
0	0.977011
0	0.977011
0	0.988506
0	0.885057
0	0.936782
0	0.965517
0	0.95977
0	0.885057
0	0.885057
0	0.844828
0	0.936782
0	0.844828
0	0.925287
0	0.988506
0	0.982759
0	0.965517
0	0.948276
0	0.965517
0	0.856322
0	0.977011
0	0.925287
0	0.95977
0	0.977011
0	0.988506
0	0.954023
0	0.925287
0	0.977011
0	0.988506
0	0.977011
0	0.856322
0	0.971264
0	0.971264
0	0.988506
0	0.982759
0	0.982759
0	0.936782
0	0.988506
0	0.982759
0	0.844828
0	0.977011
0	0.885057
0	0.844828
0	0.971264
0	0.856322
0	0.948276
0	0.925287
0	0.982759
0	0.95977
0	0.982759
0	0.948276
0	0.936782
0	0.931034
0	0.988506
0	0.95977
0	0.977011
0	0.925287
0	0.965517
0	0.982759
0	0.982759
0	0.931034
0	0.982759
0	0.988506
0	0.965517
0	0.982759
0	0.925287
0	0.844828
0	0.982759
0	0.988506
0	0.95977
0	0.844828
0	0.936782
0	0.936782
0	0.977011
0	0.885057
0	0.925287
0	0.95977
0	0.936782


