# Persistence diagram <GML/0372.gml>
#
# Dimension   : 0
# Entries     : 221
# Betti number: 5
0	inf
0	0.989796
0	0.97449
0	0.984694
0	0.954082
0	0.897959
0	0.954082
0	0.984694
0	0.989796
0	0.897959
0	0.984694
0	0.943878
0	0.97449
0	0.969388
0	0.892857
0	0.897959
0	0.892857
0	0.984694
0	0.938776
0	0.97449
0	0.943878
0	0.984694
0	0.969388
0	0.97449
0	0.97449
0	0.959184
0	0.984694
0	0.984694
0	0.897959
0	0.892857
0	0.979592
0	0.943878
0	0.97449
0	0.984694
0	0.984694
0	0.97449
0	0.969388
0	0.979592
0	0.984694
0	0.933673
0	0.969388
0	0.933673
0	0.943878
0	0.969388
0	inf
0	0.943878
0	0.959184
0	0.984694
0	0.984694
0	0.979592
0	0.969388
0	0.954082
0	0.897959
0	0.97449
0	0.933673
0	0.954082
0	0.933673
0	0.959184
0	0.897959
0	0.984694
0	0.979592
0	0.969388
0	0.984694
0	0.933673
0	0.938776
0	0.989796
0	0.892857
0	0.943878
0	0.979592
0	0.897959
0	0.969388
0	0.984694
0	0.984694
0	0.989796
0	0.989796
0	0.954082
0	0.979592
0	0.984694
0	0.989796
0	0.989796
0	0.969388
0	0.97449
0	0.97449
0	0.938776
0	0.97449
0	0.97449
0	0.989796
0	0.97449
0	0.984694
0	0.897959
0	0.979592
0	inf
0	0.989796
0	0.892857
0	0.97449
0	0.979592
0	0.97449
0	0.933673
0	0.892857
0	0.938776
0	0.897959
0	0.97449
0	0.97449
0	0.897959
0	0.97449
0	0.989796
0	0.938776
0	0.969388
0	0.969388
0	0.943878
0	0.943878
0	0.892857
0	0.897959
0	inf
0	0.897959
0	0.984694
0	0.969388
0	0.969388
0	0.969388
0	0.97449
0	0.969388
0	0.989796
0	0.994898
0	0.984694
0	0.954082
0	0.897959
0	0.892857
0	0.984694
0	0.984694
0	0.989796
0	0.979592
0	0.892857
0	0.989796
0	0.979592
0	0.984694
0	0.989796
0	0.969388
0	0.892857
0	0.979592
0	0.892857
0	0.943878
0	0.959184
0	0.943878
0	0.989796
0	0.943878
0	0.938776
0	0.892857
0	inf
0	0.979592
0	0.969388
0	0.984694
0	0.897959
0	0.943878
0	0.984694
0	0.933673
0	0.969388
0	0.97449
0	0.984694
0	0.943878
0	0.97449
0	0.933673
0	0.97449
0	0.989796
0	0.892857
0	0.943878
0	0.97449
0	0.989796
0	0.989796
0	0.994898
0	0.97449
0	0.892857
0	0.897959
0	0.943878
0	0.979592
0	0.892857
0	0.943878
0	0.989796
0	0.959184
0	0.979592
0	0.969388
0	0.959184
0	0.984694
0	0.969388
0	0.97449
0	0.989796
0	0.892857
0	0.938776
0	0.97449
0	0.897959
0	0.97449
0	0.984694
0	0.897959
0	0.897959
0	0.979592
0	0.989796
0	0.892857
0	0.984694
0	0.938776
0	0.943878
0	0.938776
0	0.892857
0	0.969388
0	0.933673
0	0.989796
0	0.979592
0	0.979592
0	0.979592
0	0.989796
0	0.933673
0	0.943878
0	0.897959
0	0.989796
0	0.97449
0	0.892857
0	0.954082
0	0.892857
0	0.989796
0	0.969388
0	0.979592
0	0.933673
0	0.994898


