# Persistence diagram <GML/0373.gml>
#
# Dimension   : 0
# Entries     : 271
# Betti number: 2
0	inf
0	0.983806
0	0.902834
0	0.975709
0	0.955466
0	0.983806
0	0.874494
0	0.959514
0	0.983806
0	0.88664
0	0.874494
0	0.983806
0	0.97166
0	0.983806
0	0.979757
0	0.987854
0	0.874494
0	0.874494
0	0.979757
0	0.923077
0	0.874494
0	0.902834
0	0.955466
0	0.959514
0	0.987854
0	0.987854
0	0.902834
0	0.88664
0	0.975709
0	0.923077
0	0.963563
0	0.991903
0	0.97166
0	0.975709
0	0.959514
0	0.975709
0	0.874494
0	0.979757
0	0.975709
0	0.987854
0	0.923077
0	0.991903
0	0.874494
0	0.874494
0	0.975709
0	0.987854
0	0.983806
0	0.975709
0	0.874494
0	0.983806
0	0.979757
0	0.959514
0	0.979757
0	0.967611
0	0.97166
0	0.955466
0	0.955466
0	0.987854
0	0.959514
0	0.97166
0	0.97166
0	0.97166
0	0.902834
0	0.874494
0	0.97166
0	0.874494
0	0.97166
0	0.991903
0	0.987854
0	0.97166
0	0.979757
0	0.955466
0	0.983806
0	0.983806
0	0.959514
0	inf
0	0.955466
0	0.975709
0	0.923077
0	0.902834
0	0.979757
0	0.97166
0	0.902834
0	0.902834
0	0.97166
0	0.91498
0	0.987854
0	0.983806
0	0.983806
0	0.97166
0	0.983806
0	0.874494
0	0.963563
0	0.991903
0	0.874494
0	0.975709
0	0.902834
0	0.97166
0	0.874494
0	0.874494
0	0.975709
0	0.987854
0	0.987854
0	0.88664
0	0.963563
0	0.987854
0	0.959514
0	0.874494
0	0.874494
0	0.874494
0	0.923077
0	0.959514
0	0.979757
0	0.959514
0	0.991903
0	0.91498
0	0.963563
0	0.97166
0	0.987854
0	0.987854
0	0.97166
0	0.975709
0	0.91498
0	0.975709
0	0.902834
0	0.91498
0	0.963563
0	0.955466
0	0.923077
0	0.983806
0	0.91498
0	0.963563
0	0.97166
0	0.91498
0	0.97166
0	0.902834
0	0.987854
0	0.97166
0	0.967611
0	0.97166
0	0.902834
0	0.991903
0	0.983806
0	0.902834
0	0.923077
0	0.91498
0	0.959514
0	0.97166
0	0.979757
0	0.979757
0	0.975709
0	0.967611
0	0.991903
0	0.874494
0	0.959514
0	0.959514
0	0.874494
0	0.902834
0	0.923077
0	0.991903
0	0.983806
0	0.983806
0	0.97166
0	0.983806
0	0.923077
0	0.963563
0	0.987854
0	0.97166
0	0.902834
0	0.91498
0	0.979757
0	0.955466
0	0.955466
0	0.923077
0	0.987854
0	0.975709
0	0.987854
0	0.923077
0	0.991903
0	0.967611
0	0.991903
0	0.923077
0	0.987854
0	0.983806
0	0.97166
0	0.902834
0	0.88664
0	0.959514
0	0.902834
0	0.975709
0	0.874494
0	0.97166
0	0.975709
0	0.983806
0	0.963563
0	0.987854
0	0.959514
0	0.902834
0	0.874494
0	0.975709
0	0.955466
0	0.975709
0	0.874494
0	0.983806
0	0.979757
0	0.874494
0	0.983806
0	0.91498
0	0.983806
0	0.97166
0	0.967611
0	0.983806
0	0.979757
0	0.955466
0	0.97166
0	0.959514
0	0.983806
0	0.874494
0	0.874494
0	0.97166
0	0.902834
0	0.923077
0	0.967611
0	0.983806
0	0.987854
0	0.991903
0	0.983806
0	0.955466
0	0.959514
0	0.983806
0	0.983806
0	0.975709
0	0.91498
0	0.975709
0	0.923077
0	0.963563
0	0.874494
0	0.91498
0	0.983806
0	0.975709
0	0.902834
0	0.923077
0	0.963563
0	0.88664
0	0.987854
0	0.975709
0	0.975709
0	0.987854
0	0.97166
0	0.975709
0	0.975709
0	0.955466
0	0.97166
0	0.975709
0	0.979757
0	0.97166
0	0.923077
0	0.959514
0	0.955466
0	0.991903
0	0.983806
0	0.923077
0	0.975709
0	0.987854
0	0.97166
0	0.874494
0	0.975709
0	0.983806
0	0.983806
0	0.91498
0	0.987854


