# Persistence diagram <GML/0373.gml>
#
# Dimension   : 1
# Entries     : 112
# Betti number: 112
0.88664	inf
0.88664	inf
0.88664	inf
0.88664	inf
0.88664	inf
0.88664	inf
0.88664	inf
0.88664	inf
0.88664	inf
0.88664	inf
0.88664	inf
0.88664	inf
0.88664	inf
0.88664	inf
0.88664	inf
0.88664	inf
0.88664	inf
0.88664	inf
0.88664	inf
0.88664	inf
0.88664	inf
0.88664	inf
0.88664	inf
0.902834	inf
0.923077	inf
0.955466	inf
0.955466	inf
0.955466	inf
0.955466	inf
0.955466	inf
0.955466	inf
0.955466	inf
0.959514	inf
0.959514	inf
0.959514	inf
0.959514	inf
0.959514	inf
0.959514	inf
0.959514	inf
0.959514	inf
0.97166	inf
0.97166	inf
0.97166	inf
0.97166	inf
0.97166	inf
0.97166	inf
0.97166	inf
0.97166	inf
0.97166	inf
0.97166	inf
0.97166	inf
0.97166	inf
0.975709	inf
0.975709	inf
0.975709	inf
0.975709	inf
0.975709	inf
0.975709	inf
0.975709	inf
0.975709	inf
0.975709	inf
0.975709	inf
0.975709	inf
0.979757	inf
0.979757	inf
0.979757	inf
0.979757	inf
0.979757	inf
0.983806	inf
0.983806	inf
0.983806	inf
0.983806	inf
0.983806	inf
0.983806	inf
0.983806	inf
0.983806	inf
0.983806	inf
0.983806	inf
0.983806	inf
0.983806	inf
0.983806	inf
0.983806	inf
0.983806	inf
0.983806	inf
0.983806	inf
0.983806	inf
0.983806	inf
0.983806	inf
0.983806	inf
0.983806	inf
0.987854	inf
0.987854	inf
0.987854	inf
0.987854	inf
0.987854	inf
0.987854	inf
0.987854	inf
0.987854	inf
0.987854	inf
0.987854	inf
0.987854	inf
0.987854	inf
0.987854	inf
0.991903	inf
0.991903	inf
0.991903	inf
0.991903	inf
0.991903	inf
0.991903	inf
0.991903	inf
0.991903	inf
0.991903	inf
