# Persistence diagram <GML/0374.gml>
#
# Dimension   : 0
# Entries     : 570
# Betti number: 3
0	inf
0	0.989286
0	0.951786
0	0.951786
0	0.996429
0	0.992857
0	0.951786
0	0.991071
0	0.9875
0	0.989286
0	0.983929
0	0.964286
0	0.992857
0	0.989286
0	0.960714
0	0.951786
0	0.996429
0	0.989286
0	0.9875
0	0.960714
0	0.982143
0	0.930357
0	0.991071
0	0.9875
0	0.989286
0	0.996429
0	0.960714
0	0.975
0	0.980357
0	0.983929
0	0.975
0	0.994643
0	0.989286
0	0.985714
0	0.9875
0	0.9875
0	0.985714
0	0.994643
0	0.994643
0	0.985714
0	0.951786
0	0.996429
0	0.951786
0	0.996429
0	0.982143
0	0.996429
0	0.989286
0	0.982143
0	0.996429
0	0.983929
0	0.994643
0	0.989286
0	0.985714
0	0.964286
0	0.9875
0	0.991071
0	0.964286
0	0.996429
0	0.994643
0	0.994643
0	0.996429
0	0.991071
0	0.992857
0	0.992857
0	0.9875
0	0.992857
0	0.978571
0	0.991071
0	0.996429
0	0.976786
0	0.975
0	0.989286
0	0.994643
0	0.983929
0	0.992857
0	0.983929
0	0.992857
0	0.985714
0	0.960714
0	0.964286
0	0.989286
0	0.930357
0	0.9875
0	0.989286
0	0.985714
0	0.960714
0	0.951786
0	0.992857
0	0.985714
0	0.951786
0	0.930357
0	0.980357
0	0.9875
0	0.9875
0	0.992857
0	0.996429
0	0.930357
0	0.985714
0	0.985714
0	0.969643
0	0.989286
0	0.985714
0	0.992857
0	0.989286
0	0.967857
0	0.975
0	0.9875
0	0.985714
0	0.960714
0	0.992857
0	0.996429
0	0.991071
0	0.930357
0	0.978571
0	0.960714
0	0.992857
0	0.996429
0	0.996429
0	0.960714
0	0.964286
0	0.992857
0	0.967857
0	0.969643
0	0.930357
0	0.930357
0	0.985714
0	0.991071
0	0.9875
0	0.930357
0	0.982143
0	0.9875
0	0.996429
0	0.930357
0	0.951786
0	0.983929
0	0.991071
0	0.991071
0	0.960714
0	0.982143
0	0.989286
0	0.978571
0	0.983929
0	0.991071
0	0.960714
0	0.992857
0	0.996429
0	0.985714
0	0.983929
0	0.975
0	0.967857
0	0.964286
0	0.980357
0	0.996429
0	0.985714
0	0.996429
0	inf
0	0.996429
0	0.960714
0	0.983929
0	0.969643
0	0.983929
0	0.992857
0	0.985714
0	0.964286
0	0.980357
0	0.991071
0	0.983929
0	0.978571
0	0.930357
0	0.9875
0	0.996429
0	0.991071
0	0.978571
0	0.982143
0	0.9875
0	0.983929
0	0.983929
0	0.994643
0	0.985714
0	0.994643
0	0.996429
0	0.930357
0	0.980357
0	0.989286
0	0.982143
0	0.930357
0	0.951786
0	0.989286
0	0.989286
0	0.975
0	0.985714
0	0.996429
0	0.989286
0	0.983929
0	0.996429
0	0.994643
0	0.978571
0	0.991071
0	0.980357
0	0.978571
0	0.996429
0	0.985714
0	0.951786
0	0.930357
0	0.996429
0	0.996429
0	0.985714
0	0.989286
0	0.964286
0	0.975
0	0.992857
0	0.982143
0	0.996429
0	0.992857
0	0.985714
0	0.983929
0	0.982143
0	0.967857
0	inf
0	0.991071
0	0.992857
0	0.991071
0	0.9875
0	0.930357
0	0.983929
0	0.980357
0	0.996429
0	0.992857
0	0.989286
0	0.960714
0	0.991071
0	0.989286
0	0.991071
0	0.983929
0	0.930357
0	0.989286
0	0.969643
0	0.982143
0	0.930357
0	0.960714
0	0.985714
0	0.964286
0	0.951786
0	0.964286
0	0.992857
0	0.996429
0	0.930357
0	0.992857
0	0.975
0	0.985714
0	0.992857
0	0.978571
0	0.992857
0	0.994643
0	0.992857
0	0.930357
0	0.989286
0	0.980357
0	0.989286
0	0.985714
0	0.994643
0	0.964286
0	0.994643
0	0.9875
0	0.964286
0	0.989286
0	0.964286
0	0.985714
0	0.980357
0	0.960714
0	0.964286
0	0.989286
0	0.991071
0	0.994643
0	0.996429
0	0.985714
0	0.989286
0	0.9875
0	0.969643
0	0.998214
0	0.9875
0	0.983929
0	0.994643
0	0.996429
0	0.985714
0	0.989286
0	0.989286
0	0.930357
0	0.9875
0	0.992857
0	0.992857
0	0.994643
0	0.992857
0	0.980357
0	0.975
0	0.992857
0	0.992857
0	0.994643
0	0.994643
0	0.967857
0	0.985714
0	0.9875
0	0.951786
0	0.930357
0	0.996429
0	0.989286
0	0.992857
0	0.967857
0	0.983929
0	0.960714
0	0.996429
0	0.9875
0	0.983929
0	0.989286
0	0.930357
0	0.964286
0	0.983929
0	0.991071
0	0.992857
0	0.967857
0	0.983929
0	0.9875
0	0.992857
0	0.980357
0	0.930357
0	0.989286
0	0.996429
0	0.964286
0	0.989286
0	0.930357
0	0.989286
0	0.978571
0	0.9875
0	0.982143
0	0.975
0	0.964286
0	0.969643
0	0.992857
0	0.985714
0	0.989286
0	0.978571
0	0.980357
0	0.994643
0	0.982143
0	0.994643
0	0.960714
0	0.991071
0	0.960714
0	0.983929
0	0.992857
0	0.989286
0	0.983929
0	0.960714
0	0.960714
0	0.996429
0	0.992857
0	0.9875
0	0.994643
0	0.976786
0	0.991071
0	0.989286
0	0.989286
0	0.996429
0	0.985714
0	0.930357
0	0.992857
0	0.960714
0	0.996429
0	0.983929
0	0.9875
0	0.985714
0	0.930357
0	0.983929
0	0.994643
0	0.989286
0	0.985714
0	0.991071
0	0.964286
0	0.969643
0	0.9875
0	0.994643
0	0.991071
0	0.994643
0	0.964286
0	0.996429
0	0.994643
0	0.978571
0	0.976786
0	0.996429
0	0.985714
0	0.9875
0	0.960714
0	0.951786
0	0.982143
0	0.992857
0	0.983929
0	0.996429
0	0.994643
0	0.982143
0	0.983929
0	0.992857
0	0.985714
0	0.969643
0	0.930357
0	0.969643
0	0.960714
0	0.992857
0	0.9875
0	0.994643
0	0.951786
0	0.982143
0	0.9875
0	0.982143
0	0.992857
0	0.992857
0	0.980357
0	0.989286
0	0.960714
0	0.967857
0	0.994643
0	0.982143
0	0.982143
0	0.989286
0	0.991071
0	0.960714
0	0.996429
0	0.994643
0	0.991071
0	0.975
0	0.960714
0	0.978571
0	0.960714
0	0.985714
0	0.989286
0	0.994643
0	0.996429
0	0.991071
0	0.9875
0	0.983929
0	0.994643
0	0.996429
0	0.975
0	0.975
0	0.982143
0	0.996429
0	0.983929
0	0.994643
0	0.976786
0	0.967857
0	0.996429
0	0.992857
0	0.985714
0	0.996429
0	0.994643
0	0.982143
0	0.982143
0	0.991071
0	0.980357
0	0.951786
0	0.980357
0	0.996429
0	0.985714
0	0.985714
0	0.991071
0	0.930357
0	0.978571
0	0.983929
0	0.996429
0	0.991071
0	0.991071
0	0.989286
0	0.951786
0	0.975
0	0.982143
0	0.9875
0	0.951786
0	0.960714
0	0.964286
0	0.985714
0	0.967857
0	0.992857
0	0.951786
0	0.960714
0	0.982143
0	0.951786
0	0.960714
0	0.985714
0	0.967857
0	0.960714
0	0.978571
0	0.992857
0	0.989286
0	0.994643
0	0.992857
0	0.992857
0	0.930357
0	0.969643
0	0.9875
0	0.994643
0	0.976786
0	0.989286
0	0.983929
0	0.980357
0	0.930357
0	0.994643
0	0.951786
0	0.996429
0	0.975
0	0.983929
0	0.996429
0	0.982143
0	0.991071
0	0.975
0	0.996429
0	0.994643
0	0.989286
0	0.9875
0	0.983929
0	0.930357
0	0.985714
0	0.982143
0	0.991071
0	0.969643
0	0.976786
0	0.998214
0	0.983929
0	0.983929
0	0.9875
0	0.980357
0	0.982143
0	0.980357
0	0.992857
0	0.992857
0	0.975
0	0.996429
0	0.992857
0	0.978571
0	0.992857
0	0.976786
0	0.967857
0	0.930357
0	0.960714
0	0.994643
0	0.985714
0	0.996429
0	0.930357
0	0.951786
0	0.991071
0	0.994643
0	0.985714
0	0.985714
0	0.989286
0	0.989286
0	0.930357
0	0.969643
0	0.975
0	0.992857
0	0.996429
0	0.991071
0	0.985714
0	0.983929
0	0.975
0	0.9875
0	0.978571
0	0.983929
0	0.9875
0	0.9875
0	0.992857
0	0.989286
0	0.983929


