# Persistence diagram <GML/0379.gml>
#
# Dimension   : 0
# Entries     : 109
# Betti number: 3
0	inf
0	0.857143
0	0.873016
0	0.904762
0	0.936508
0	0.873016
0	0.904762
0	0.952381
0	0.968254
0	0.904762
0	0.873016
0	0.857143
0	0.746032
0	0.904762
0	0.904762
0	0.920635
0	0.857143
0	0.746032
0	0.746032
0	0.904762
0	0.920635
0	0.952381
0	0.746032
0	0.873016
0	inf
0	0.952381
0	0.936508
0	0.952381
0	0.920635
0	0.857143
0	0.873016
0	0.904762
0	0.873016
0	0.857143
0	0.952381
0	0.857143
0	0.746032
0	0.904762
0	0.952381
0	0.920635
0	0.904762
0	0.857143
0	0.873016
0	inf
0	0.873016
0	0.936508
0	0.904762
0	0.920635
0	0.857143
0	0.904762
0	0.968254
0	0.746032
0	0.936508
0	0.952381
0	0.936508
0	0.968254
0	0.873016
0	0.857143
0	0.952381
0	0.952381
0	0.920635
0	0.968254
0	0.984127
0	0.873016
0	0.873016
0	0.873016
0	0.904762
0	0.873016
0	0.857143
0	0.952381
0	0.952381
0	0.904762
0	0.952381
0	0.904762
0	0.968254
0	0.952381
0	0.873016
0	0.746032
0	0.873016
0	0.746032
0	0.968254
0	0.873016
0	0.968254
0	0.746032
0	0.746032
0	0.968254
0	0.857143
0	0.936508
0	0.746032
0	0.904762
0	0.857143
0	0.904762
0	0.920635
0	0.952381
0	0.857143
0	0.952381
0	0.857143
0	0.857143
0	0.904762
0	0.952381
0	0.857143
0	0.936508
0	0.968254
0	0.746032
0	0.873016
0	0.968254
0	0.968254
0	0.746032
0	0.936508


