# Persistence diagram <GML/0386.gml>
#
# Dimension   : 1
# Entries     : 52
# Betti number: 52
0.933333	inf
0.933333	inf
0.938889	inf
0.944444	inf
0.944444	inf
0.961111	inf
0.961111	inf
0.961111	inf
0.961111	inf
0.961111	inf
0.961111	inf
0.966667	inf
0.966667	inf
0.966667	inf
0.966667	inf
0.966667	inf
0.966667	inf
0.972222	inf
0.972222	inf
0.972222	inf
0.972222	inf
0.972222	inf
0.972222	inf
0.972222	inf
0.972222	inf
0.977778	inf
0.977778	inf
0.977778	inf
0.977778	inf
0.977778	inf
0.977778	inf
0.977778	inf
0.977778	inf
0.977778	inf
0.977778	inf
0.977778	inf
0.977778	inf
0.983333	inf
0.983333	inf
0.983333	inf
0.983333	inf
0.983333	inf
0.983333	inf
0.983333	inf
0.988889	inf
0.988889	inf
0.988889	inf
0.988889	inf
0.988889	inf
0.988889	inf
0.988889	inf
0.988889	inf
