# Persistence diagram <GML/0386.gml>
#
# Dimension   : 0
# Entries     : 200
# Betti number: 4
0	inf
0	0.955556
0	0.966667
0	0.888889
0	inf
0	0.972222
0	0.988889
0	0.944444
0	0.988889
0	0.977778
0	0.988889
0	0.955556
0	0.944444
0	0.961111
0	0.988889
0	0.977778
0	0.988889
0	0.961111
0	0.988889
0	0.961111
0	0.888889
0	0.888889
0	0.961111
0	0.977778
0	0.944444
0	0.955556
0	0.955556
0	0.888889
0	0.955556
0	0.983333
0	0.933333
0	0.977778
0	0.966667
0	0.988889
0	0.888889
0	0.966667
0	0.966667
0	0.988889
0	0.972222
0	0.944444
0	0.955556
0	0.955556
0	0.977778
0	inf
0	0.938889
0	0.972222
0	0.977778
0	0.972222
0	0.955556
0	0.988889
0	0.938889
0	0.961111
0	0.966667
0	0.938889
0	0.888889
0	0.961111
0	0.972222
0	0.961111
0	0.988889
0	0.988889
0	0.977778
0	0.977778
0	0.955556
0	0.888889
0	0.988889
0	0.972222
0	0.961111
0	0.983333
0	0.988889
0	0.983333
0	0.983333
0	0.977778
0	0.972222
0	0.955556
0	0.977778
0	0.977778
0	0.966667
0	0.988889
0	0.966667
0	0.955556
0	0.977778
0	0.983333
0	0.938889
0	0.961111
0	0.961111
0	0.972222
0	0.888889
0	0.955556
0	0.955556
0	0.977778
0	0.983333
0	0.972222
0	0.977778
0	0.972222
0	0.944444
0	0.955556
0	0.988889
0	0.977778
0	0.888889
0	0.977778
0	0.933333
0	0.966667
0	0.888889
0	0.972222
0	0.944444
0	0.966667
0	0.988889
0	0.944444
0	0.966667
0	0.983333
0	inf
0	0.977778
0	0.972222
0	0.988889
0	0.888889
0	0.972222
0	0.955556
0	0.972222
0	0.961111
0	0.988889
0	0.955556
0	0.977778
0	0.966667
0	0.966667
0	0.888889
0	0.966667
0	0.983333
0	0.977778
0	0.972222
0	0.983333
0	0.966667
0	0.972222
0	0.988889
0	0.966667
0	0.988889
0	0.888889
0	0.961111
0	0.972222
0	0.988889
0	0.966667
0	0.966667
0	0.966667
0	0.888889
0	0.988889
0	0.972222
0	0.977778
0	0.977778
0	0.972222
0	0.988889
0	0.977778
0	0.977778
0	0.961111
0	0.966667
0	0.955556
0	0.972222
0	0.888889
0	0.983333
0	0.988889
0	0.977778
0	0.988889
0	0.961111
0	0.988889
0	0.988889
0	0.988889
0	0.938889
0	0.977778
0	0.966667
0	0.966667
0	0.966667
0	0.966667
0	0.961111
0	0.933333
0	0.955556
0	0.933333
0	0.933333
0	0.933333
0	0.988889
0	0.933333
0	0.888889
0	0.983333
0	0.955556
0	0.966667
0	0.977778
0	0.977778
0	0.961111
0	0.966667
0	0.888889
0	0.988889
0	0.933333
0	0.977778
0	0.888889
0	0.972222
0	0.961111
0	0.933333
0	0.994444
0	0.972222
0	0.972222
0	0.972222
0	0.972222
0	0.961111


