# Persistence diagram <GML/0394.gml>
#
# Dimension   : 0
# Entries     : 251
# Betti number: 3
0	inf
0	0.992453
0	0.984906
0	0.977358
0	0.992453
0	0.988679
0	0.932075
0	inf
0	0.966038
0	0.94717
0	0.984906
0	0.966038
0	0.981132
0	0.984906
0	0.981132
0	0.966038
0	0.984906
0	0.954717
0	0.966038
0	0.950943
0	0.988679
0	0.977358
0	0.984906
0	0.977358
0	0.969811
0	0.988679
0	0.988679
0	0.992453
0	0.966038
0	0.94717
0	0.932075
0	0.992453
0	0.954717
0	0.988679
0	0.988679
0	inf
0	0.981132
0	0.958491
0	0.954717
0	0.973585
0	0.94717
0	0.984906
0	0.966038
0	0.988679
0	0.992453
0	0.94717
0	0.969811
0	0.988679
0	0.988679
0	0.984906
0	0.973585
0	0.954717
0	0.981132
0	0.950943
0	0.94717
0	0.992453
0	0.981132
0	0.973585
0	0.992453
0	0.954717
0	0.950943
0	0.984906
0	0.996226
0	0.992453
0	0.954717
0	0.992453
0	0.981132
0	0.988679
0	0.977358
0	0.950943
0	0.981132
0	0.977358
0	0.984906
0	0.954717
0	0.932075
0	0.969811
0	0.984906
0	0.932075
0	0.992453
0	0.958491
0	0.94717
0	0.992453
0	0.94717
0	0.977358
0	0.932075
0	0.954717
0	0.950943
0	0.966038
0	0.954717
0	0.992453
0	0.992453
0	0.958491
0	0.94717
0	0.969811
0	0.932075
0	0.984906
0	0.958491
0	0.958491
0	0.988679
0	0.969811
0	0.981132
0	0.932075
0	0.954717
0	0.984906
0	0.988679
0	0.973585
0	0.966038
0	0.988679
0	0.984906
0	0.988679
0	0.966038
0	0.954717
0	0.984906
0	0.988679
0	0.996226
0	0.954717
0	0.992453
0	0.992453
0	0.992453
0	0.992453
0	0.992453
0	0.988679
0	0.954717
0	0.94717
0	0.992453
0	0.988679
0	0.992453
0	0.954717
0	0.94717
0	0.969811
0	0.966038
0	0.969811
0	0.954717
0	0.973585
0	0.966038
0	0.94717
0	0.969811
0	0.954717
0	0.966038
0	0.992453
0	0.954717
0	0.950943
0	0.992453
0	0.932075
0	0.992453
0	0.94717
0	0.973585
0	0.954717
0	0.954717
0	0.954717
0	0.932075
0	0.988679
0	0.981132
0	0.981132
0	0.958491
0	0.94717
0	0.981132
0	0.94717
0	0.969811
0	0.966038
0	0.932075
0	0.984906
0	0.966038
0	0.973585
0	0.977358
0	0.992453
0	0.984906
0	0.932075
0	0.94717
0	0.973585
0	0.981132
0	0.969811
0	0.988679
0	0.984906
0	0.94717
0	0.992453
0	0.981132
0	0.94717
0	0.950943
0	0.992453
0	0.969811
0	0.981132
0	0.966038
0	0.94717
0	0.954717
0	0.992453
0	0.992453
0	0.992453
0	0.988679
0	0.988679
0	0.958491
0	0.988679
0	0.94717
0	0.966038
0	0.984906
0	0.992453
0	0.992453
0	0.973585
0	0.966038
0	0.94717
0	0.973585
0	0.973585
0	0.988679
0	0.984906
0	0.954717
0	0.977358
0	0.988679
0	0.988679
0	0.992453
0	0.94717
0	0.988679
0	0.992453
0	0.992453
0	0.992453
0	0.992453
0	0.958491
0	0.954717
0	0.992453
0	0.966038
0	0.969811
0	0.954717
0	0.932075
0	0.981132
0	0.932075
0	0.973585
0	0.984906
0	0.966038
0	0.954717
0	0.973585
0	0.958491
0	0.973585
0	0.94717
0	0.973585
0	0.992453
0	0.981132
0	0.992453
0	0.992453
0	0.988679
0	0.94717
0	0.94717
0	0.932075
0	0.981132
0	0.954717
0	0.981132
0	0.969811
0	0.954717
0	0.94717
0	0.969811
0	0.977358
0	0.932075
0	0.954717


