# Persistence diagram <GML/0399.gml>
#
# Dimension   : 0
# Entries     : 123
# Betti number: 3
0	inf
0	inf
0	0.981132
0	0.981132
0	0.962264
0	0.971698
0	0.933962
0	0.896226
0	0.981132
0	0.896226
0	0.896226
0	0.792453
0	0.95283
0	0.981132
0	0.792453
0	0.896226
0	0.90566
0	0.95283
0	0.962264
0	inf
0	0.971698
0	0.95283
0	0.933962
0	0.990566
0	0.792453
0	0.933962
0	0.95283
0	0.971698
0	0.981132
0	0.915094
0	0.971698
0	0.962264
0	0.943396
0	0.943396
0	0.95283
0	0.971698
0	0.792453
0	0.933962
0	0.981132
0	0.792453
0	0.981132
0	0.981132
0	0.981132
0	0.981132
0	0.792453
0	0.981132
0	0.792453
0	0.962264
0	0.971698
0	0.95283
0	0.971698
0	0.896226
0	0.943396
0	0.962264
0	0.792453
0	0.933962
0	0.915094
0	0.981132
0	0.792453
0	0.981132
0	0.933962
0	0.90566
0	0.971698
0	0.971698
0	0.971698
0	0.943396
0	0.943396
0	0.792453
0	0.896226
0	0.962264
0	0.943396
0	0.95283
0	0.90566
0	0.971698
0	0.971698
0	0.792453
0	0.90566
0	0.792453
0	0.943396
0	0.90566
0	0.943396
0	0.971698
0	0.90566
0	0.962264
0	0.792453
0	0.981132
0	0.943396
0	0.971698
0	0.943396
0	0.792453
0	0.792453
0	0.971698
0	0.981132
0	0.896226
0	0.90566
0	0.981132
0	0.943396
0	0.981132
0	0.915094
0	0.971698
0	0.95283
0	0.971698
0	0.981132
0	0.933962
0	0.792453
0	0.943396
0	0.981132
0	0.971698
0	0.792453
0	0.95283
0	0.933962
0	0.933962
0	0.95283
0	0.90566
0	0.792453
0	0.792453
0	0.962264
0	0.90566
0	0.95283
0	0.792453
0	0.962264
0	0.962264
0	0.915094


