# Persistence diagram <GML/0402.gml>
#
# Dimension   : 0
# Entries     : 163
# Betti number: 4
0	inf
0	0.961538
0	0.820513
0	0.935897
0	0.820513
0	0.935897
0	0.884615
0	0.961538
0	0.910256
0	0.846154
0	0.820513
0	0.923077
0	0.820513
0	0.923077
0	0.935897
0	0.820513
0	0.769231
0	0.923077
0	0.910256
0	0.820513
0	0.961538
0	0.948718
0	0.910256
0	0.820513
0	inf
0	0.820513
0	0.910256
0	0.846154
0	0.871795
0	0.833333
0	0.974359
0	0.820513
0	0.923077
0	0.871795
0	0.820513
0	0.961538
0	0.820513
0	0.769231
0	0.846154
0	0.935897
0	0.974359
0	0.846154
0	0.769231
0	0.833333
0	0.974359
0	0.833333
0	0.974359
0	0.820513
0	0.769231
0	0.833333
0	0.923077
0	0.974359
0	0.974359
0	0.948718
0	0.820513
0	0.897436
0	0.961538
0	0.974359
0	0.897436
0	0.935897
0	0.871795
0	0.961538
0	0.923077
0	0.884615
0	0.935897
0	0.910256
0	0.833333
0	0.820513
0	0.961538
0	0.769231
0	0.923077
0	0.910256
0	0.820513
0	0.820513
0	0.923077
0	0.846154
0	0.961538
0	0.846154
0	0.820513
0	0.820513
0	0.769231
0	0.961538
0	0.871795
0	0.923077
0	0.769231
0	0.923077
0	0.974359
0	0.769231
0	0.820513
0	0.948718
0	0.769231
0	0.871795
0	0.769231
0	inf
0	inf
0	0.923077
0	0.923077
0	0.910256
0	0.769231
0	0.871795
0	0.871795
0	0.961538
0	0.974359
0	0.910256
0	0.974359
0	0.846154
0	0.974359
0	0.935897
0	0.948718
0	0.974359
0	0.948718
0	0.820513
0	0.974359
0	0.833333
0	0.833333
0	0.974359
0	0.974359
0	0.910256
0	0.923077
0	0.935897
0	0.910256
0	0.833333
0	0.884615
0	0.987179
0	0.871795
0	0.974359
0	0.935897
0	0.961538
0	0.974359
0	0.961538
0	0.846154
0	0.769231
0	0.923077
0	0.974359
0	0.923077
0	0.923077
0	0.923077
0	0.833333
0	0.961538
0	0.833333
0	0.935897
0	0.974359
0	0.884615
0	0.769231
0	0.871795
0	0.935897
0	0.935897
0	0.935897
0	0.769231
0	0.961538
0	0.769231
0	0.769231
0	0.833333
0	0.884615
0	0.910256
0	0.820513
0	0.923077
0	0.910256
0	0.846154
0	0.974359
0	0.820513
0	0.846154
0	0.897436


