# Persistence diagram <GML/0404.gml>
#
# Dimension   : 1
# Entries     : 91
# Betti number: 90
0.813725	inf
0.823529	inf
0.823529	inf
0.823529	inf
0.823529	inf
0.823529	inf
0.823529	inf
0.823529	0.901961
0.823529	inf
0.823529	inf
0.872549	inf
0.872549	inf
0.882353	inf
0.892157	inf
0.892157	inf
0.901961	inf
0.901961	inf
0.921569	inf
0.921569	inf
0.921569	inf
0.921569	inf
0.921569	inf
0.931373	inf
0.931373	inf
0.931373	inf
0.931373	inf
0.931373	inf
0.941176	inf
0.941176	inf
0.941176	inf
0.941176	inf
0.941176	inf
0.941176	inf
0.941176	inf
0.941176	inf
0.941176	inf
0.941176	inf
0.941176	inf
0.941176	inf
0.95098	inf
0.95098	inf
0.95098	inf
0.95098	inf
0.95098	inf
0.95098	inf
0.95098	inf
0.95098	inf
0.95098	inf
0.95098	inf
0.95098	inf
0.95098	inf
0.95098	inf
0.95098	inf
0.960784	inf
0.960784	inf
0.960784	inf
0.960784	inf
0.960784	inf
0.960784	inf
0.960784	inf
0.960784	inf
0.960784	inf
0.960784	inf
0.960784	inf
0.960784	inf
0.960784	inf
0.970588	inf
0.970588	inf
0.970588	inf
0.970588	inf
0.970588	inf
0.970588	inf
0.970588	inf
0.970588	inf
0.970588	inf
0.970588	inf
0.970588	inf
0.970588	inf
0.970588	inf
0.970588	inf
0.970588	inf
0.970588	inf
0.970588	inf
0.970588	inf
0.970588	inf
0.970588	inf
0.970588	inf
0.980392	inf
0.980392	inf
0.980392	inf
0.980392	inf
