# Persistence diagram <GML/0405.gml>
#
# Dimension   : 0
# Entries     : 147
# Betti number: 1
0	inf
0	0.993056
0	0.895833
0	0.986111
0	0.982639
0	0.895833
0	0.993056
0	0.993056
0	0.972222
0	0.975694
0	0.993056
0	0.895833
0	0.954861
0	0.954861
0	0.993056
0	0.975694
0	0.993056
0	0.993056
0	0.993056
0	0.975694
0	0.993056
0	0.895833
0	0.986111
0	0.979167
0	0.993056
0	0.972222
0	0.972222
0	0.895833
0	0.979167
0	0.954861
0	0.989583
0	0.993056
0	0.986111
0	0.895833
0	0.986111
0	0.986111
0	0.895833
0	0.986111
0	0.975694
0	0.989583
0	0.989583
0	0.972222
0	0.986111
0	0.986111
0	0.895833
0	0.895833
0	0.982639
0	0.989583
0	0.954861
0	0.895833
0	0.982639
0	0.993056
0	0.982639
0	0.972222
0	0.989583
0	0.986111
0	0.972222
0	0.989583
0	0.975694
0	0.954861
0	0.989583
0	0.986111
0	0.993056
0	0.975694
0	0.986111
0	0.954861
0	0.954861
0	0.895833
0	0.993056
0	0.986111
0	0.993056
0	0.982639
0	0.895833
0	0.895833
0	0.895833
0	0.982639
0	0.993056
0	0.986111
0	0.993056
0	0.989583
0	0.979167
0	0.989583
0	0.989583
0	0.993056
0	0.989583
0	0.972222
0	0.989583
0	0.989583
0	0.982639
0	0.982639
0	0.895833
0	0.993056
0	0.895833
0	0.895833
0	0.975694
0	0.986111
0	0.986111
0	0.972222
0	0.895833
0	0.982639
0	0.972222
0	0.993056
0	0.975694
0	0.993056
0	0.989583
0	0.993056
0	0.993056
0	0.986111
0	0.972222
0	0.989583
0	0.989583
0	0.979167
0	0.895833
0	0.975694
0	0.982639
0	0.989583
0	0.979167
0	0.972222
0	0.954861
0	0.989583
0	0.986111
0	0.895833
0	0.993056
0	0.986111
0	0.975694
0	0.986111
0	0.954861
0	0.993056
0	0.989583
0	0.993056
0	0.975694
0	0.986111
0	0.989583
0	0.993056
0	0.895833
0	0.895833
0	0.895833
0	0.954861
0	0.895833
0	0.986111
0	0.972222
0	0.975694
0	0.993056
0	0.972222
0	0.895833
0	0.975694
0	0.989583


