# Persistence diagram <GML/0406.gml>
#
# Dimension   : 0
# Entries     : 186
# Betti number: 2
0	inf
0	0.990431
0	0.942584
0	0.942584
0	0.971292
0	inf
0	0.980861
0	0.985646
0	0.985646
0	0.990431
0	0.966507
0	0.966507
0	0.990431
0	0.980861
0	0.971292
0	0.980861
0	0.985646
0	0.899522
0	0.990431
0	0.980861
0	0.990431
0	0.976077
0	0.985646
0	0.990431
0	0.980861
0	0.985646
0	0.985646
0	0.985646
0	0.961722
0	0.976077
0	0.966507
0	0.985646
0	0.980861
0	0.966507
0	0.985646
0	0.980861
0	0.961722
0	0.942584
0	0.990431
0	0.966507
0	0.985646
0	0.976077
0	0.899522
0	0.961722
0	0.966507
0	0.985646
0	0.980861
0	0.985646
0	0.899522
0	0.985646
0	0.976077
0	0.966507
0	0.976077
0	0.990431
0	0.980861
0	0.976077
0	0.961722
0	0.990431
0	0.976077
0	0.980861
0	0.985646
0	0.976077
0	0.971292
0	0.980861
0	0.985646
0	0.976077
0	0.976077
0	0.976077
0	0.961722
0	0.961722
0	0.942584
0	0.985646
0	0.971292
0	0.976077
0	0.985646
0	0.985646
0	0.985646
0	0.942584
0	0.966507
0	0.980861
0	0.966507
0	0.961722
0	0.985646
0	0.990431
0	0.980861
0	0.990431
0	0.942584
0	0.899522
0	0.985646
0	0.966507
0	0.899522
0	0.990431
0	0.985646
0	0.899522
0	0.961722
0	0.899522
0	0.899522
0	0.961722
0	0.966507
0	0.961722
0	0.976077
0	0.976077
0	0.985646
0	0.990431
0	0.990431
0	0.966507
0	0.961722
0	0.990431
0	0.899522
0	0.985646
0	0.961722
0	0.976077
0	0.990431
0	0.976077
0	0.961722
0	0.985646
0	0.966507
0	0.976077
0	0.899522
0	0.985646
0	0.942584
0	0.990431
0	0.899522
0	0.985646
0	0.990431
0	0.985646
0	0.976077
0	0.966507
0	0.985646
0	0.966507
0	0.899522
0	0.966507
0	0.942584
0	0.899522
0	0.990431
0	0.966507
0	0.985646
0	0.985646
0	0.980861
0	0.980861
0	0.976077
0	0.985646
0	0.985646
0	0.976077
0	0.980861
0	0.971292
0	0.899522
0	0.961722
0	0.980861
0	0.990431
0	0.966507
0	0.942584
0	0.961722
0	0.899522
0	0.899522
0	0.990431
0	0.985646
0	0.985646
0	0.971292
0	0.980861
0	0.942584
0	0.990431
0	0.899522
0	0.980861
0	0.990431
0	0.966507
0	0.899522
0	0.985646
0	0.990431
0	0.985646
0	0.985646
0	0.966507
0	0.899522
0	0.966507
0	0.990431
0	0.942584
0	0.985646
0	0.985646
0	0.990431
0	0.971292
0	0.899522
0	0.966507
0	0.985646
0	0.985646
0	0.971292
0	0.980861


