# Persistence diagram <GML/0409.gml>
#
# Dimension   : 1
# Entries     : 59
# Betti number: 59
0.942982	inf
0.947368	inf
0.947368	inf
0.95614	inf
0.95614	inf
0.95614	inf
0.95614	inf
0.95614	inf
0.964912	inf
0.964912	inf
0.969298	inf
0.969298	inf
0.969298	inf
0.969298	inf
0.969298	inf
0.969298	inf
0.969298	inf
0.969298	inf
0.973684	inf
0.973684	inf
0.973684	inf
0.97807	inf
0.97807	inf
0.97807	inf
0.97807	inf
0.97807	inf
0.97807	inf
0.97807	inf
0.97807	inf
0.97807	inf
0.97807	inf
0.982456	inf
0.982456	inf
0.982456	inf
0.982456	inf
0.982456	inf
0.982456	inf
0.982456	inf
0.982456	inf
0.982456	inf
0.982456	inf
0.986842	inf
0.986842	inf
0.986842	inf
0.986842	inf
0.986842	inf
0.986842	inf
0.986842	inf
0.986842	inf
0.986842	inf
0.986842	inf
0.986842	inf
0.986842	inf
0.991228	inf
0.991228	inf
0.991228	inf
0.991228	inf
0.991228	inf
0.991228	inf
