# Persistence diagram <GML/0412.gml>
#
# Dimension   : 0
# Entries     : 536
# Betti number: 1
0	inf
0	0.988636
0	0.982955
0	0.965909
0	0.866477
0	0.866477
0	0.963068
0	0.991477
0	0.994318
0	0.991477
0	0.994318
0	0.994318
0	0.897727
0	0.866477
0	0.991477
0	0.988636
0	0.980114
0	0.9375
0	0.988636
0	0.9375
0	0.965909
0	0.951705
0	0.971591
0	0.9375
0	0.96875
0	0.9375
0	0.971591
0	0.982955
0	0.946023
0	0.951705
0	0.946023
0	0.960227
0	0.96875
0	0.977273
0	0.963068
0	0.994318
0	0.971591
0	0.991477
0	0.977273
0	0.977273
0	0.866477
0	0.96875
0	0.897727
0	0.980114
0	0.963068
0	0.9375
0	0.963068
0	0.894886
0	0.994318
0	0.982955
0	0.897727
0	0.994318
0	0.951705
0	0.980114
0	0.946023
0	0.963068
0	0.974432
0	0.980114
0	0.988636
0	0.963068
0	0.963068
0	0.994318
0	0.9375
0	0.971591
0	0.985795
0	0.988636
0	0.894886
0	0.9375
0	0.971591
0	0.96875
0	0.977273
0	0.894886
0	0.971591
0	0.866477
0	0.897727
0	0.985795
0	0.971591
0	0.951705
0	0.897727
0	0.988636
0	0.985795
0	0.894886
0	0.980114
0	0.9375
0	0.982955
0	0.894886
0	0.951705
0	0.965909
0	0.951705
0	0.985795
0	0.991477
0	0.971591
0	0.991477
0	0.991477
0	0.985795
0	0.951705
0	0.96875
0	0.985795
0	0.963068
0	0.988636
0	0.897727
0	0.974432
0	0.96875
0	0.974432
0	0.974432
0	0.951705
0	0.980114
0	0.994318
0	0.951705
0	0.866477
0	0.951705
0	0.991477
0	0.951705
0	0.866477
0	0.9375
0	0.971591
0	0.991477
0	0.960227
0	0.96875
0	0.96875
0	0.985795
0	0.977273
0	0.9375
0	0.991477
0	0.9375
0	0.988636
0	0.980114
0	0.991477
0	0.951705
0	0.946023
0	0.866477
0	0.9375
0	0.980114
0	0.991477
0	0.9375
0	0.974432
0	0.9375
0	0.946023
0	0.866477
0	0.866477
0	0.977273
0	0.994318
0	0.974432
0	0.971591
0	0.951705
0	0.991477
0	0.965909
0	0.9375
0	0.971591
0	0.963068
0	0.971591
0	0.960227
0	0.9375
0	0.988636
0	0.9375
0	0.963068
0	0.894886
0	0.963068
0	0.977273
0	0.965909
0	0.980114
0	0.971591
0	0.897727
0	0.894886
0	0.988636
0	0.963068
0	0.897727
0	0.982955
0	0.982955
0	0.982955
0	0.9375
0	0.971591
0	0.9375
0	0.951705
0	0.897727
0	0.982955
0	0.994318
0	0.960227
0	0.951705
0	0.980114
0	0.994318
0	0.985795
0	0.951705
0	0.897727
0	0.985795
0	0.982955
0	0.960227
0	0.994318
0	0.946023
0	0.988636
0	0.9375
0	0.977273
0	0.982955
0	0.963068
0	0.994318
0	0.963068
0	0.894886
0	0.96875
0	0.96875
0	0.866477
0	0.866477
0	0.866477
0	0.965909
0	0.982955
0	0.866477
0	0.988636
0	0.866477
0	0.980114
0	0.866477
0	0.963068
0	0.963068
0	0.994318
0	0.965909
0	0.977273
0	0.9375
0	0.897727
0	0.866477
0	0.971591
0	0.9375
0	0.866477
0	0.897727
0	0.988636
0	0.963068
0	0.9375
0	0.982955
0	0.96875
0	0.963068
0	0.951705
0	0.982955
0	0.951705
0	0.994318
0	0.897727
0	0.977273
0	0.96875
0	0.980114
0	0.897727
0	0.96875
0	0.994318
0	0.971591
0	0.965909
0	0.988636
0	0.994318
0	0.991477
0	0.965909
0	0.985795
0	0.974432
0	0.96875
0	0.946023
0	0.985795
0	0.963068
0	0.980114
0	0.9375
0	0.982955
0	0.897727
0	0.866477
0	0.96875
0	0.988636
0	0.9375
0	0.946023
0	0.9375
0	0.9375
0	0.894886
0	0.985795
0	0.9375
0	0.946023
0	0.994318
0	0.988636
0	0.894886
0	0.9375
0	0.974432
0	0.9375
0	0.977273
0	0.994318
0	0.994318
0	0.963068
0	0.894886
0	0.985795
0	0.974432
0	0.9375
0	0.974432
0	0.971591
0	0.866477
0	0.971591
0	0.994318
0	0.991477
0	0.946023
0	0.9375
0	0.980114
0	0.963068
0	0.991477
0	0.894886
0	0.988636
0	0.988636
0	0.982955
0	0.985795
0	0.971591
0	0.866477
0	0.866477
0	0.96875
0	0.963068
0	0.9375
0	0.866477
0	0.897727
0	0.971591
0	0.9375
0	0.9375
0	0.951705
0	0.982955
0	0.977273
0	0.9375
0	0.982955
0	0.965909
0	0.971591
0	0.894886
0	0.951705
0	0.96875
0	0.96875
0	0.977273
0	0.9375
0	0.866477
0	0.9375
0	0.951705
0	0.897727
0	0.946023
0	0.971591
0	0.9375
0	0.982955
0	0.982955
0	0.982955
0	0.982955
0	0.982955
0	0.988636
0	0.965909
0	0.946023
0	0.963068
0	0.894886
0	0.991477
0	0.991477
0	0.897727
0	0.982955
0	0.977273
0	0.963068
0	0.9375
0	0.977273
0	0.946023
0	0.9375
0	0.971591
0	0.946023
0	0.9375
0	0.971591
0	0.96875
0	0.988636
0	0.965909
0	0.894886
0	0.897727
0	0.9375
0	0.9375
0	0.971591
0	0.982955
0	0.988636
0	0.991477
0	0.946023
0	0.971591
0	0.974432
0	0.988636
0	0.985795
0	0.994318
0	0.971591
0	0.951705
0	0.985795
0	0.971591
0	0.96875
0	0.866477
0	0.951705
0	0.96875
0	0.994318
0	0.866477
0	0.991477
0	0.894886
0	0.985795
0	0.9375
0	0.982955
0	0.951705
0	0.988636
0	0.9375
0	0.985795
0	0.991477
0	0.96875
0	0.991477
0	0.982955
0	0.971591
0	0.980114
0	0.96875
0	0.963068
0	0.980114
0	0.894886
0	0.9375
0	0.866477
0	0.971591
0	0.965909
0	0.971591
0	0.982955
0	0.982955
0	0.971591
0	0.960227
0	0.96875
0	0.982955
0	0.9375
0	0.994318
0	0.985795
0	0.994318
0	0.988636
0	0.946023
0	0.946023
0	0.971591
0	0.988636
0	0.951705
0	0.951705
0	0.977273
0	0.866477
0	0.960227
0	0.971591
0	0.971591
0	0.988636
0	0.946023
0	0.988636
0	0.971591
0	0.971591
0	0.988636
0	0.9375
0	0.963068
0	0.96875
0	0.985795
0	0.9375
0	0.977273
0	0.991477
0	0.946023
0	0.951705
0	0.988636
0	0.991477
0	0.991477
0	0.9375
0	0.977273
0	0.982955
0	0.977273
0	0.980114
0	0.982955
0	0.977273
0	0.991477
0	0.963068
0	0.994318
0	0.988636
0	0.866477
0	0.977273
0	0.985795
0	0.965909
0	0.866477
0	0.974432
0	0.994318
0	0.866477
0	0.988636
0	0.963068
0	0.994318
0	0.963068
0	0.985795
0	0.951705
0	0.96875
0	0.994318
0	0.977273
0	0.96875
0	0.988636
0	0.951705
0	0.96875
0	0.988636
0	0.991477
0	0.9375
0	0.991477
0	0.894886
0	0.963068
0	0.951705
0	0.991477
0	0.985795
0	0.982955
0	0.994318
0	0.977273
0	0.951705
0	0.988636
0	0.946023
0	0.985795
0	0.991477
0	0.9375
0	0.963068
0	0.9375
0	0.994318
0	0.96875
0	0.965909
0	0.974432
0	0.866477
0	0.991477
0	0.897727
0	0.9375
0	0.963068
0	0.971591
0	0.9375
0	0.9375
0	0.971591
0	0.9375
0	0.971591
0	0.974432
0	0.971591
0	0.963068
0	0.960227
0	0.982955
0	0.974432
0	0.96875
0	0.9375
0	0.991477
0	0.951705
0	0.991477
0	0.946023
0	0.971591
0	0.897727
0	0.994318
0	0.994318
0	0.894886
0	0.866477
0	0.866477
0	0.988636
0	0.897727
0	0.866477
0	0.96875
0	0.946023
0	0.951705
0	0.977273
0	0.982955
0	0.897727


