# Persistence diagram <GML/0416.gml>
#
# Dimension   : 0
# Entries     : 173
# Betti number: 2
0	inf
0	0.885246
0	0.885246
0	0.885246
0	0.967213
0	0.967213
0	0.918033
0	0.918033
0	0.803279
0	0.819672
0	0.868852
0	0.934426
0	0.852459
0	0.934426
0	0.967213
0	0.918033
0	0.95082
0	0.803279
0	0.967213
0	0.918033
0	0.868852
0	0.967213
0	0.868852
0	0.95082
0	0.95082
0	0.918033
0	0.885246
0	0.967213
0	0.803279
0	0.868852
0	0.95082
0	0.934426
0	0.95082
0	0.967213
0	0.852459
0	0.95082
0	0.852459
0	0.852459
0	0.852459
0	0.918033
0	0.95082
0	0.852459
0	0.836066
0	0.901639
0	0.918033
0	0.967213
0	0.852459
0	0.819672
0	0.918033
0	0.819672
0	0.918033
0	0.967213
0	0.852459
0	0.967213
0	0.918033
0	0.836066
0	0.967213
0	0.819672
0	0.852459
0	0.901639
0	0.95082
0	0.836066
0	0.934426
0	0.852459
0	0.918033
0	0.967213
0	0.95082
0	0.885246
0	0.918033
0	0.95082
0	0.852459
0	0.868852
0	0.868852
0	0.885246
0	0.967213
0	0.885246
0	0.885246
0	0.852459
0	0.967213
0	0.967213
0	0.885246
0	0.819672
0	0.836066
0	0.934426
0	0.967213
0	0.852459
0	0.967213
0	0.95082
0	0.836066
0	0.868852
0	0.967213
0	0.885246
0	0.967213
0	0.868852
0	0.852459
0	0.852459
0	0.868852
0	0.967213
0	0.803279
0	0.901639
0	0.95082
0	0.967213
0	0.885246
0	0.967213
0	inf
0	0.967213
0	0.836066
0	0.95082
0	0.836066
0	0.868852
0	0.918033
0	0.95082
0	0.918033
0	0.885246
0	0.901639
0	0.95082
0	0.852459
0	0.95082
0	0.934426
0	0.95082
0	0.803279
0	0.918033
0	0.885246
0	0.983607
0	0.836066
0	0.95082
0	0.934426
0	0.803279
0	0.819672
0	0.803279
0	0.901639
0	0.901639
0	0.852459
0	0.819672
0	0.934426
0	0.95082
0	0.95082
0	0.967213
0	0.967213
0	0.901639
0	0.934426
0	0.885246
0	0.95082
0	0.836066
0	0.967213
0	0.967213
0	0.819672
0	0.868852
0	0.852459
0	0.852459
0	0.967213
0	0.885246
0	0.967213
0	0.95082
0	0.918033
0	0.95082
0	0.885246
0	0.819672
0	0.852459
0	0.852459
0	0.819672
0	0.95082
0	0.934426
0	0.819672
0	0.901639
0	0.852459
0	0.836066
0	0.967213
0	0.967213
0	0.918033
0	0.918033
0	0.934426
0	0.852459


