# Persistence diagram <GML/0417.gml>
#
# Dimension   : 0
# Entries     : 96
# Betti number: 2
0	inf
0	0.9875
0	0.9875
0	inf
0	0.991667
0	0.9875
0	0.975
0	0.983333
0	0.9875
0	0.958333
0	0.9875
0	0.9875
0	0.958333
0	0.9875
0	0.975
0	0.983333
0	0.983333
0	0.9875
0	0.9875
0	0.983333
0	0.975
0	0.9875
0	0.975
0	0.9875
0	0.9875
0	0.9875
0	0.983333
0	0.991667
0	0.991667
0	0.9875
0	0.979167
0	0.975
0	0.979167
0	0.9875
0	0.9875
0	0.958333
0	0.975
0	0.9875
0	0.958333
0	0.991667
0	0.9875
0	0.979167
0	0.979167
0	0.991667
0	0.9875
0	0.9875
0	0.983333
0	0.991667
0	0.9875
0	0.9875
0	0.958333
0	0.9875
0	0.983333
0	0.958333
0	0.991667
0	0.983333
0	0.9875
0	0.979167
0	0.983333
0	0.979167
0	0.995833
0	0.979167
0	0.991667
0	0.958333
0	0.991667
0	0.975
0	0.983333
0	0.958333
0	0.9875
0	0.991667
0	0.979167
0	0.9875
0	0.958333
0	0.983333
0	0.975
0	0.979167
0	0.983333
0	0.9875
0	0.9875
0	0.991667
0	0.991667
0	0.958333
0	0.9875
0	0.979167
0	0.991667
0	0.983333
0	0.983333
0	0.9875
0	0.9875
0	0.991667
0	0.975
0	0.975
0	0.991667
0	0.9875
0	0.991667
0	0.9875


