# Persistence diagram <GML/0418.gml>
#
# Dimension   : 1
# Entries     : 240
# Betti number: 239
0.899642	inf
0.899642	inf
0.899642	inf
0.903226	inf
0.910394	inf
0.910394	inf
0.910394	inf
0.913978	inf
0.913978	inf
0.913978	inf
0.913978	inf
0.917563	inf
0.921147	0.942652
0.928315	inf
0.928315	inf
0.928315	inf
0.928315	inf
0.928315	inf
0.928315	inf
0.928315	inf
0.928315	inf
0.939068	inf
0.939068	inf
0.939068	inf
0.939068	inf
0.939068	inf
0.939068	inf
0.939068	inf
0.939068	inf
0.939068	inf
0.942652	inf
0.942652	inf
0.942652	inf
0.946237	inf
0.946237	inf
0.946237	inf
0.949821	inf
0.949821	inf
0.949821	inf
0.949821	inf
0.949821	inf
0.949821	inf
0.949821	inf
0.949821	inf
0.949821	inf
0.953405	inf
0.953405	inf
0.953405	inf
0.953405	inf
0.953405	inf
0.953405	inf
0.953405	inf
0.953405	inf
0.953405	inf
0.953405	inf
0.960573	inf
0.960573	inf
0.960573	inf
0.960573	inf
0.960573	inf
0.960573	inf
0.960573	inf
0.960573	inf
0.960573	inf
0.960573	inf
0.960573	inf
0.960573	inf
0.960573	inf
0.960573	inf
0.960573	inf
0.960573	inf
0.960573	inf
0.960573	inf
0.960573	inf
0.964158	inf
0.964158	inf
0.964158	inf
0.964158	inf
0.964158	inf
0.964158	inf
0.964158	inf
0.964158	inf
0.964158	inf
0.964158	inf
0.964158	inf
0.964158	inf
0.964158	inf
0.964158	inf
0.964158	inf
0.964158	inf
0.964158	inf
0.967742	inf
0.967742	inf
0.967742	inf
0.967742	inf
0.967742	inf
0.967742	inf
0.967742	inf
0.967742	inf
0.967742	inf
0.967742	inf
0.967742	inf
0.967742	inf
0.967742	inf
0.967742	inf
0.967742	inf
0.967742	inf
0.971326	inf
0.971326	inf
0.971326	inf
0.971326	inf
0.971326	inf
0.971326	inf
0.971326	inf
0.971326	inf
0.971326	inf
0.971326	inf
0.971326	inf
0.971326	inf
0.971326	inf
0.971326	inf
0.971326	inf
0.971326	inf
0.97491	inf
0.97491	inf
0.97491	inf
0.97491	inf
0.97491	inf
0.97491	inf
0.97491	inf
0.97491	inf
0.978495	inf
0.978495	inf
0.978495	inf
0.978495	inf
0.978495	inf
0.978495	inf
0.978495	inf
0.978495	inf
0.978495	inf
0.978495	inf
0.978495	inf
0.978495	inf
0.978495	inf
0.978495	inf
0.978495	inf
0.978495	inf
0.978495	inf
0.978495	inf
0.978495	inf
0.978495	inf
0.978495	inf
0.978495	inf
0.978495	inf
0.978495	inf
0.982079	inf
0.982079	inf
0.982079	inf
0.982079	inf
0.982079	inf
0.982079	inf
0.982079	inf
0.982079	inf
0.982079	inf
0.982079	inf
0.982079	inf
0.985663	inf
0.985663	inf
0.985663	inf
0.985663	inf
0.985663	inf
0.985663	inf
0.985663	inf
0.985663	inf
0.985663	inf
0.985663	inf
0.985663	inf
0.985663	inf
0.985663	inf
0.985663	inf
0.985663	inf
0.985663	inf
0.985663	inf
0.985663	inf
0.985663	inf
0.985663	inf
0.985663	inf
0.985663	inf
0.985663	inf
0.985663	inf
0.985663	inf
0.989247	inf
0.989247	inf
0.989247	inf
0.989247	inf
0.989247	inf
0.989247	inf
0.989247	inf
0.989247	inf
0.989247	inf
0.989247	inf
0.989247	inf
0.989247	inf
0.989247	inf
0.989247	inf
0.989247	inf
0.989247	inf
0.989247	inf
0.989247	inf
0.989247	inf
0.989247	inf
0.989247	inf
0.989247	inf
0.989247	inf
0.989247	inf
0.989247	inf
0.989247	inf
0.989247	inf
0.989247	inf
0.989247	inf
0.989247	inf
0.989247	inf
0.989247	inf
0.989247	inf
0.989247	inf
0.992832	inf
0.992832	inf
0.992832	inf
0.992832	inf
0.992832	inf
0.992832	inf
0.992832	inf
0.992832	inf
0.992832	inf
0.992832	inf
0.992832	inf
0.992832	inf
0.992832	inf
0.992832	inf
0.992832	inf
