# Persistence diagram <GML/0422.gml>
#
# Dimension   : 0
# Entries     : 102
# Betti number: 1
0	inf
0	0.974026
0	0.909091
0	0.909091
0	0.961039
0	0.974026
0	0.974026
0	0.857143
0	0.974026
0	0.922078
0	0.831169
0	0.974026
0	0.948052
0	0.831169
0	0.948052
0	0.909091
0	0.935065
0	0.935065
0	0.922078
0	0.857143
0	0.935065
0	0.909091
0	0.831169
0	0.935065
0	0.948052
0	0.961039
0	0.974026
0	0.831169
0	0.961039
0	0.831169
0	0.974026
0	0.948052
0	0.935065
0	0.935065
0	0.909091
0	0.935065
0	0.909091
0	0.831169
0	0.961039
0	0.948052
0	0.948052
0	0.974026
0	0.948052
0	0.961039
0	0.935065
0	0.909091
0	0.961039
0	0.857143
0	0.961039
0	0.961039
0	0.948052
0	0.935065
0	0.831169
0	0.909091
0	0.948052
0	0.909091
0	0.948052
0	0.974026
0	0.935065
0	0.961039
0	0.974026
0	0.935065
0	0.935065
0	0.948052
0	0.974026
0	0.935065
0	0.831169
0	0.909091
0	0.974026
0	0.922078
0	0.961039
0	0.831169
0	0.961039
0	0.961039
0	0.948052
0	0.948052
0	0.974026
0	0.974026
0	0.909091
0	0.857143
0	0.935065
0	0.857143
0	0.922078
0	0.974026
0	0.935065
0	0.948052
0	0.922078
0	0.831169
0	0.974026
0	0.948052
0	0.961039
0	0.935065
0	0.935065
0	0.974026
0	0.935065
0	0.974026
0	0.974026
0	0.922078
0	0.974026
0	0.831169
0	0.935065
0	0.831169


