# Persistence diagram <GML/0428.gml>
#
# Dimension   : 0
# Entries     : 262
# Betti number: 3
0	inf
0	0.883268
0	0.972763
0	0.988327
0	0.968872
0	0.968872
0	0.92607
0	0.937743
0	0.976654
0	0.980545
0	0.883268
0	0.964981
0	0.980545
0	0.980545
0	0.980545
0	0.980545
0	0.992218
0	0.883268
0	0.883268
0	0.980545
0	0.988327
0	0.968872
0	0.984436
0	0.883268
0	0.988327
0	0.984436
0	0.992218
0	0.918288
0	0.988327
0	0.968872
0	0.976654
0	0.92607
0	0.918288
0	0.968872
0	0.988327
0	0.984436
0	0.918288
0	0.984436
0	0.92607
0	0.988327
0	0.992218
0	0.918288
0	0.972763
0	0.992218
0	0.988327
0	0.937743
0	0.937743
0	0.918288
0	0.92607
0	0.972763
0	0.988327
0	0.980545
0	0.92607
0	0.992218
0	0.937743
0	0.937743
0	0.988327
0	0.980545
0	0.918288
0	0.883268
0	0.980545
0	0.992218
0	0.984436
0	0.976654
0	0.984436
0	0.906615
0	0.883268
0	0.968872
0	0.883268
0	0.964981
0	0.992218
0	inf
0	0.964981
0	0.984436
0	0.883268
0	0.937743
0	0.883268
0	0.988327
0	0.937743
0	0.988327
0	0.992218
0	0.992218
0	0.906615
0	0.988327
0	0.992218
0	0.976654
0	0.92607
0	0.980545
0	0.988327
0	0.883268
0	0.992218
0	0.976654
0	0.972763
0	0.918288
0	0.988327
0	0.980545
0	0.883268
0	0.937743
0	0.984436
0	0.988327
0	0.984436
0	0.984436
0	0.92607
0	0.992218
0	0.980545
0	0.968872
0	0.984436
0	0.988327
0	0.984436
0	0.92607
0	0.992218
0	0.996109
0	0.968872
0	0.937743
0	0.992218
0	0.976654
0	0.883268
0	0.883268
0	0.984436
0	0.992218
0	0.992218
0	0.918288
0	0.968872
0	0.980545
0	0.980545
0	0.984436
0	0.980545
0	inf
0	0.883268
0	0.980545
0	0.992218
0	0.906615
0	0.980545
0	0.980545
0	0.992218
0	0.984436
0	0.984436
0	0.984436
0	0.980545
0	0.883268
0	0.992218
0	0.984436
0	0.918288
0	0.984436
0	0.980545
0	0.992218
0	0.984436
0	0.976654
0	0.883268
0	0.992218
0	0.980545
0	0.968872
0	0.968872
0	0.883268
0	0.988327
0	0.906615
0	0.964981
0	0.968872
0	0.883268
0	0.964981
0	0.92607
0	0.918288
0	0.980545
0	0.972763
0	0.968872
0	0.984436
0	0.972763
0	0.984436
0	0.968872
0	0.964981
0	0.992218
0	0.937743
0	0.984436
0	0.992218
0	0.988327
0	0.984436
0	0.984436
0	0.964981
0	0.918288
0	0.937743
0	0.984436
0	0.937743
0	0.883268
0	0.92607
0	0.92607
0	0.92607
0	0.992218
0	0.968872
0	0.972763
0	0.988327
0	0.972763
0	0.918288
0	0.976654
0	0.92607
0	0.968872
0	0.984436
0	0.980545
0	0.883268
0	0.988327
0	0.883268
0	0.906615
0	0.883268
0	0.976654
0	0.988327
0	0.972763
0	0.976654
0	0.964981
0	0.996109
0	0.984436
0	0.92607
0	0.918288
0	0.984436
0	0.980545
0	0.992218
0	0.968872
0	0.972763
0	0.883268
0	0.883268
0	0.918288
0	0.972763
0	0.972763
0	0.992218
0	0.906615
0	0.92607
0	0.92607
0	0.980545
0	0.883268
0	0.883268
0	0.972763
0	0.984436
0	0.976654
0	0.992218
0	0.906615
0	0.992218
0	0.906615
0	0.984436
0	0.980545
0	0.968872
0	0.988327
0	0.906615
0	0.988327
0	0.980545
0	0.980545
0	0.988327
0	0.992218
0	0.984436
0	0.906615
0	0.980545
0	0.984436
0	0.980545
0	0.980545
0	0.964981
0	0.988327
0	0.976654
0	0.883268
0	0.906615
0	0.918288
0	0.968872
0	0.964981
0	0.980545
0	0.972763
0	0.980545


