# Persistence diagram <GML/0429.gml>
#
# Dimension   : 1
# Entries     : 50
# Betti number: 50
0.707317	inf
0.707317	inf
0.707317	inf
0.829268	inf
0.829268	inf
0.829268	inf
0.829268	inf
0.829268	inf
0.829268	inf
0.829268	inf
0.829268	inf
0.853659	inf
0.853659	inf
0.853659	inf
0.878049	inf
0.878049	inf
0.878049	inf
0.878049	inf
0.878049	inf
0.878049	inf
0.878049	inf
0.902439	inf
0.902439	inf
0.902439	inf
0.902439	inf
0.902439	inf
0.902439	inf
0.902439	inf
0.902439	inf
0.902439	inf
0.902439	inf
0.902439	inf
0.902439	inf
0.902439	inf
0.902439	inf
0.902439	inf
0.926829	inf
0.926829	inf
0.926829	inf
0.926829	inf
0.926829	inf
0.926829	inf
0.926829	inf
0.926829	inf
0.926829	inf
0.926829	inf
0.95122	inf
0.95122	inf
0.95122	inf
0.95122	inf
