# Persistence diagram <GML/0431.gml>
#
# Dimension   : 1
# Entries     : 50
# Betti number: 50
0.916667	inf
0.921569	inf
0.921569	inf
0.936275	inf
0.936275	inf
0.936275	inf
0.936275	inf
0.936275	inf
0.941176	inf
0.941176	inf
0.941176	inf
0.95098	inf
0.95098	inf
0.95098	inf
0.955882	inf
0.965686	inf
0.965686	inf
0.965686	inf
0.965686	inf
0.965686	inf
0.965686	inf
0.965686	inf
0.970588	inf
0.970588	inf
0.970588	inf
0.97549	inf
0.97549	inf
0.97549	inf
0.980392	inf
0.980392	inf
0.980392	inf
0.980392	inf
0.985294	inf
0.985294	inf
0.985294	inf
0.985294	inf
0.985294	inf
0.985294	inf
0.985294	inf
0.985294	inf
0.985294	inf
0.985294	inf
0.985294	inf
0.985294	inf
0.990196	inf
0.990196	inf
0.990196	inf
0.990196	inf
0.990196	inf
0.990196	inf
