# Persistence diagram <GML/0435.gml>
#
# Dimension   : 0
# Entries     : 76
# Betti number: 1
0	inf
0	0.641026
0	0.846154
0	0.871795
0	0.871795
0	0.948718
0	0.923077
0	0.769231
0	0.871795
0	0.948718
0	0.948718
0	0.769231
0	0.923077
0	0.641026
0	0.871795
0	0.641026
0	0.641026
0	0.871795
0	0.846154
0	0.641026
0	0.871795
0	0.769231
0	0.871795
0	0.923077
0	0.820513
0	0.769231
0	0.871795
0	0.948718
0	0.769231
0	0.923077
0	0.923077
0	0.897436
0	0.897436
0	0.769231
0	0.769231
0	0.846154
0	0.871795
0	0.871795
0	0.846154
0	0.846154
0	0.923077
0	0.846154
0	0.948718
0	0.897436
0	0.897436
0	0.923077
0	0.897436
0	0.948718
0	0.871795
0	0.897436
0	0.948718
0	0.948718
0	0.923077
0	0.641026
0	0.641026
0	0.871795
0	0.897436
0	0.897436
0	0.641026
0	0.923077
0	0.820513
0	0.641026
0	0.923077
0	0.820513
0	0.923077
0	0.923077
0	0.846154
0	0.923077
0	0.641026
0	0.641026
0	0.923077
0	0.923077
0	0.923077
0	0.897436
0	0.641026
0	0.871795


