# Persistence diagram <GML/0439.gml>
#
# Dimension   : 1
# Entries     : 43
# Betti number: 43
0.90099	inf
0.920792	inf
0.920792	inf
0.920792	inf
0.920792	inf
0.920792	inf
0.930693	inf
0.930693	inf
0.930693	inf
0.930693	inf
0.940594	inf
0.950495	inf
0.950495	inf
0.950495	inf
0.950495	inf
0.950495	inf
0.950495	inf
0.960396	inf
0.960396	inf
0.960396	inf
0.960396	inf
0.960396	inf
0.960396	inf
0.960396	inf
0.960396	inf
0.960396	inf
0.960396	inf
0.970297	inf
0.970297	inf
0.970297	inf
0.970297	inf
0.970297	inf
0.970297	inf
0.970297	inf
0.970297	inf
0.970297	inf
0.980198	inf
0.980198	inf
0.980198	inf
0.980198	inf
0.980198	inf
0.980198	inf
0.980198	inf
