# Persistence diagram <GML/0439.gml>
#
# Dimension   : 0
# Entries     : 151
# Betti number: 2
0	inf
0	0.970297
0	0.960396
0	0.950495
0	0.90099
0	0.910891
0	0.891089
0	0.920792
0	0.930693
0	0.940594
0	0.920792
0	0.980198
0	0.970297
0	0.891089
0	0.920792
0	inf
0	0.970297
0	0.980198
0	0.930693
0	0.980198
0	0.960396
0	0.861386
0	0.940594
0	0.861386
0	0.980198
0	0.950495
0	0.960396
0	0.970297
0	0.980198
0	0.861386
0	0.930693
0	0.90099
0	0.930693
0	0.980198
0	0.950495
0	0.950495
0	0.920792
0	0.960396
0	0.980198
0	0.980198
0	0.970297
0	0.950495
0	0.891089
0	0.90099
0	0.970297
0	0.861386
0	0.861386
0	0.930693
0	0.861386
0	0.970297
0	0.920792
0	0.980198
0	0.970297
0	0.970297
0	0.940594
0	0.970297
0	0.861386
0	0.980198
0	0.970297
0	0.950495
0	0.910891
0	0.970297
0	0.970297
0	0.920792
0	0.920792
0	0.960396
0	0.980198
0	0.861386
0	0.970297
0	0.920792
0	0.891089
0	0.920792
0	0.90099
0	0.920792
0	0.960396
0	0.90099
0	0.920792
0	0.891089
0	0.960396
0	0.920792
0	0.950495
0	0.90099
0	0.950495
0	0.980198
0	0.980198
0	0.970297
0	0.861386
0	0.910891
0	0.940594
0	0.970297
0	0.970297
0	0.950495
0	0.980198
0	0.960396
0	0.950495
0	0.930693
0	0.861386
0	0.920792
0	0.970297
0	0.910891
0	0.960396
0	0.950495
0	0.950495
0	0.891089
0	0.970297
0	0.960396
0	0.960396
0	0.980198
0	0.980198
0	0.960396
0	0.960396
0	0.970297
0	0.980198
0	0.861386
0	0.960396
0	0.930693
0	0.930693
0	0.90099
0	0.980198
0	0.920792
0	0.940594
0	0.970297
0	0.920792
0	0.861386
0	0.980198
0	0.910891
0	0.861386
0	0.970297
0	0.970297
0	0.970297
0	0.920792
0	0.960396
0	0.90099
0	0.950495
0	0.891089
0	0.960396
0	0.920792
0	0.980198
0	0.970297
0	0.980198
0	0.980198
0	0.980198
0	0.970297
0	0.891089
0	0.980198
0	0.970297
0	0.970297
0	0.960396
0	0.970297
0	0.861386
0	0.980198


