# Persistence diagram <GML/0447.gml>
#
# Dimension   : 1
# Entries     : 201
# Betti number: 196
0.911765	inf
0.911765	inf
0.911765	0.947059
0.911765	0.944118
0.911765	inf
0.911765	0.947059
0.911765	inf
0.911765	inf
0.911765	inf
0.911765	inf
0.911765	inf
0.911765	0.95
0.944118	inf
0.944118	inf
0.95	inf
0.961765	inf
0.964706	inf
0.964706	inf
0.967647	inf
0.967647	inf
0.967647	inf
0.967647	inf
0.967647	inf
0.967647	inf
0.967647	inf
0.967647	inf
0.967647	inf
0.967647	inf
0.967647	inf
0.967647	inf
0.967647	inf
0.967647	inf
0.967647	inf
0.967647	inf
0.967647	inf
0.967647	0.982353
0.967647	inf
0.967647	inf
0.967647	inf
0.967647	inf
0.967647	inf
0.967647	inf
0.967647	inf
0.967647	inf
0.967647	inf
0.967647	inf
0.970588	inf
0.970588	inf
0.970588	inf
0.970588	inf
0.970588	inf
0.970588	inf
0.970588	inf
0.970588	inf
0.970588	inf
0.970588	inf
0.970588	inf
0.970588	inf
0.973529	inf
0.973529	inf
0.973529	inf
0.973529	inf
0.973529	inf
0.973529	inf
0.973529	inf
0.973529	inf
0.973529	inf
0.976471	inf
0.976471	inf
0.976471	inf
0.976471	inf
0.976471	inf
0.976471	inf
0.976471	inf
0.976471	inf
0.976471	inf
0.976471	inf
0.976471	inf
0.979412	inf
0.979412	inf
0.979412	inf
0.979412	inf
0.979412	inf
0.979412	inf
0.979412	inf
0.979412	inf
0.979412	inf
0.979412	inf
0.979412	inf
0.979412	inf
0.979412	inf
0.979412	inf
0.979412	inf
0.979412	inf
0.979412	inf
0.979412	inf
0.979412	inf
0.979412	inf
0.979412	inf
0.979412	inf
0.979412	inf
0.979412	inf
0.979412	inf
0.979412	inf
0.979412	inf
0.979412	inf
0.979412	inf
0.979412	inf
0.982353	inf
0.982353	inf
0.982353	inf
0.982353	inf
0.982353	inf
0.982353	inf
0.982353	inf
0.982353	inf
0.982353	inf
0.982353	inf
0.982353	inf
0.982353	inf
0.982353	inf
0.985294	inf
0.985294	inf
0.985294	inf
0.985294	inf
0.985294	inf
0.985294	inf
0.985294	inf
0.985294	inf
0.985294	inf
0.985294	inf
0.985294	inf
0.985294	inf
0.985294	inf
0.985294	inf
0.985294	inf
0.985294	inf
0.985294	inf
0.985294	inf
0.985294	inf
0.985294	inf
0.985294	inf
0.985294	inf
0.985294	inf
0.985294	inf
0.988235	inf
0.988235	inf
0.988235	inf
0.988235	inf
0.988235	inf
0.988235	inf
0.988235	inf
0.988235	inf
0.988235	inf
0.988235	inf
0.988235	inf
0.988235	inf
0.988235	inf
0.988235	inf
0.988235	inf
0.988235	inf
0.988235	inf
0.988235	inf
0.988235	inf
0.988235	inf
0.988235	inf
0.988235	inf
0.988235	inf
0.988235	inf
0.988235	inf
0.988235	inf
0.988235	inf
0.988235	inf
0.991176	inf
0.991176	inf
0.991176	inf
0.991176	inf
0.991176	inf
0.991176	inf
0.991176	inf
0.991176	inf
0.991176	inf
0.991176	inf
0.991176	inf
0.991176	inf
0.991176	inf
0.991176	inf
0.991176	inf
0.991176	inf
0.991176	inf
0.991176	inf
0.994118	inf
0.994118	inf
0.994118	inf
0.994118	inf
0.994118	inf
0.994118	inf
0.994118	inf
0.994118	inf
0.994118	inf
0.994118	inf
