# Persistence diagram <GML/0447.gml>
#
# Dimension   : 0
# Entries     : 492
# Betti number: 4
0	inf
0	0.961765
0	0.982353
0	0.985294
0	0.95
0	0.973529
0	0.988235
0	0.964706
0	0.947059
0	0.911765
0	0.985294
0	0.944118
0	0.985294
0	0.988235
0	0.944118
0	0.994118
0	0.967647
0	0.991176
0	0.973529
0	0.988235
0	0.964706
0	0.944118
0	0.985294
0	0.979412
0	0.970588
0	0.967647
0	0.973529
0	0.979412
0	0.947059
0	0.985294
0	0.970588
0	inf
0	0.944118
0	0.970588
0	0.911765
0	0.979412
0	0.967647
0	0.979412
0	0.911765
0	0.994118
0	0.944118
0	0.947059
0	0.944118
0	0.991176
0	0.970588
0	0.911765
0	0.994118
0	0.967647
0	0.982353
0	0.970588
0	0.985294
0	0.985294
0	0.985294
0	0.944118
0	0.911765
0	0.994118
0	0.982353
0	0.95
0	0.985294
0	0.982353
0	0.979412
0	0.967647
0	0.955882
0	0.991176
0	0.95
0	0.991176
0	0.970588
0	0.967647
0	0.947059
0	0.976471
0	0.985294
0	0.970588
0	0.991176
0	0.973529
0	0.964706
0	0.947059
0	0.947059
0	0.988235
0	0.997059
0	0.988235
0	0.988235
0	0.911765
0	0.985294
0	0.944118
0	0.994118
0	0.991176
0	0.970588
0	0.979412
0	0.970588
0	0.947059
0	0.970588
0	0.967647
0	0.979412
0	0.976471
0	0.994118
0	0.985294
0	0.947059
0	0.982353
0	0.944118
0	0.944118
0	0.988235
0	0.979412
0	0.982353
0	0.988235
0	0.979412
0	0.994118
0	0.985294
0	0.982353
0	0.973529
0	0.994118
0	0.947059
0	0.95
0	0.979412
0	0.970588
0	0.947059
0	0.967647
0	0.988235
0	0.970588
0	0.970588
0	0.985294
0	0.982353
0	0.947059
0	0.967647
0	0.985294
0	0.947059
0	0.994118
0	0.985294
0	0.994118
0	0.947059
0	0.991176
0	0.979412
0	0.970588
0	0.976471
0	0.979412
0	0.944118
0	0.976471
0	0.955882
0	0.991176
0	0.961765
0	0.991176
0	0.911765
0	0.955882
0	0.982353
0	0.964706
0	0.991176
0	0.944118
0	0.947059
0	0.988235
0	0.973529
0	0.979412
0	0.944118
0	0.994118
0	0.976471
0	0.967647
0	0.994118
0	0.944118
0	0.994118
0	0.947059
0	0.991176
0	0.988235
0	0.988235
0	0.982353
0	0.967647
0	0.944118
0	0.985294
0	0.944118
0	0.947059
0	0.979412
0	0.967647
0	0.95
0	0.994118
0	inf
0	0.967647
0	0.985294
0	0.961765
0	0.979412
0	0.911765
0	0.947059
0	0.982353
0	0.985294
0	0.944118
0	inf
0	0.988235
0	0.967647
0	0.976471
0	0.973529
0	0.982353
0	0.988235
0	0.976471
0	0.967647
0	0.997059
0	0.979412
0	0.947059
0	0.979412
0	0.967647
0	0.979412
0	0.911765
0	0.985294
0	0.944118
0	0.955882
0	0.994118
0	0.967647
0	0.970588
0	0.970588
0	0.979412
0	0.947059
0	0.985294
0	0.944118
0	0.967647
0	0.988235
0	0.944118
0	0.944118
0	0.947059
0	0.994118
0	0.979412
0	0.973529
0	0.961765
0	0.911765
0	0.955882
0	0.970588
0	0.944118
0	0.985294
0	0.970588
0	0.985294
0	0.997059
0	0.911765
0	0.947059
0	0.988235
0	0.991176
0	0.988235
0	0.991176
0	0.944118
0	0.961765
0	0.970588
0	0.973529
0	0.970588
0	0.967647
0	0.964706
0	0.973529
0	0.967647
0	0.964706
0	0.985294
0	0.947059
0	0.979412
0	0.970588
0	0.967647
0	0.976471
0	0.985294
0	0.970588
0	0.955882
0	0.947059
0	0.985294
0	0.947059
0	0.944118
0	0.976471
0	0.994118
0	0.979412
0	0.955882
0	0.961765
0	0.988235
0	0.947059
0	0.982353
0	0.985294
0	0.967647
0	0.979412
0	0.994118
0	0.979412
0	0.985294
0	0.991176
0	0.985294
0	0.944118
0	0.967647
0	0.979412
0	0.994118
0	0.973529
0	0.964706
0	0.979412
0	0.944118
0	0.979412
0	0.994118
0	0.979412
0	0.979412
0	0.988235
0	0.979412
0	0.967647
0	0.944118
0	0.944118
0	0.947059
0	0.970588
0	0.985294
0	0.985294
0	0.988235
0	0.944118
0	0.982353
0	0.967647
0	0.982353
0	0.944118
0	0.991176
0	0.991176
0	0.985294
0	0.944118
0	0.994118
0	0.944118
0	0.944118
0	0.985294
0	0.991176
0	0.979412
0	0.982353
0	0.947059
0	0.991176
0	0.994118
0	0.970588
0	0.947059
0	0.911765
0	0.988235
0	0.979412
0	0.955882
0	0.976471
0	0.967647
0	0.994118
0	0.944118
0	0.988235
0	0.95
0	0.979412
0	0.973529
0	0.985294
0	0.988235
0	0.991176
0	0.967647
0	0.979412
0	0.985294
0	0.970588
0	0.970588
0	0.967647
0	0.967647
0	0.973529
0	0.991176
0	0.979412
0	0.944118
0	0.961765
0	0.947059
0	0.979412
0	0.979412
0	0.979412
0	0.991176
0	0.979412
0	0.979412
0	0.979412
0	0.944118
0	0.991176
0	0.988235
0	0.994118
0	0.988235
0	0.982353
0	0.944118
0	0.911765
0	0.970588
0	0.979412
0	0.947059
0	0.955882
0	0.967647
0	0.967647
0	0.911765
0	0.944118
0	0.944118
0	0.973529
0	0.994118
0	0.988235
0	0.967647
0	0.985294
0	0.967647
0	0.944118
0	0.947059
0	0.944118
0	0.961765
0	0.973529
0	0.970588
0	0.982353
0	0.985294
0	0.961765
0	0.964706
0	0.985294
0	0.911765
0	0.988235
0	0.991176
0	0.985294
0	0.994118
0	0.982353
0	0.95
0	0.967647
0	0.911765
0	0.947059
0	0.976471
0	0.976471
0	0.976471
0	0.976471
0	0.95
0	0.979412
0	0.970588
0	0.961765
0	0.973529
0	0.979412
0	0.988235
0	0.970588
0	0.947059
0	0.991176
0	0.967647
0	0.947059
0	0.970588
0	0.991176
0	0.955882
0	0.973529
0	0.982353
0	0.947059
0	0.944118
0	0.991176
0	0.947059
0	0.955882
0	0.967647
0	0.985294
0	0.994118
0	0.967647
0	0.970588
0	0.944118
0	0.947059
0	0.994118
0	0.967647
0	0.947059
0	0.970588
0	0.964706
0	0.994118
0	0.970588
0	0.979412
0	0.947059
0	0.994118
0	0.985294
0	0.964706
0	0.967647
0	0.944118
0	0.985294
0	0.911765
0	0.982353
0	0.976471
0	0.985294
0	0.979412
0	0.944118
0	0.947059
0	0.95
0	0.967647
0	0.994118
0	0.961765
0	0.970588
0	0.991176
0	0.979412
0	0.95
0	0.994118
0	0.947059
0	0.947059
0	0.955882
0	0.985294
0	0.95
0	0.994118
0	0.970588
0	0.970588
0	0.947059
0	0.95
0	0.970588
0	0.988235
0	0.967647
0	0.982353
0	0.985294
0	0.991176
0	0.970588
0	0.991176
0	0.944118
0	0.95
0	0.976471
0	0.994118
0	0.967647
0	0.994118
0	0.970588
0	0.944118
0	0.991176
0	0.947059
0	0.911765
0	0.979412
0	0.967647
0	0.988235
0	0.994118
0	0.979412
0	0.973529
0	0.955882


