# Persistence diagram <GML/0453.gml>
#
# Dimension   : 0
# Entries     : 146
# Betti number: 1
0	inf
0	0.942982
0	0.960526
0	0.991228
0	0.986842
0	0.97807
0	0.942982
0	0.929825
0	0.969298
0	0.982456
0	0.97807
0	0.960526
0	0.942982
0	0.97807
0	0.929825
0	0.991228
0	0.925439
0	0.986842
0	0.982456
0	0.925439
0	0.960526
0	0.969298
0	0.986842
0	0.925439
0	0.925439
0	0.960526
0	0.991228
0	0.986842
0	0.991228
0	0.964912
0	0.925439
0	0.986842
0	0.942982
0	0.97807
0	0.925439
0	0.929825
0	0.929825
0	0.991228
0	0.97807
0	0.97807
0	0.925439
0	0.942982
0	0.969298
0	0.991228
0	0.929825
0	0.969298
0	0.960526
0	0.929825
0	0.942982
0	0.986842
0	0.986842
0	0.991228
0	0.942982
0	0.969298
0	0.97807
0	0.925439
0	0.982456
0	0.925439
0	0.97807
0	0.97807
0	0.991228
0	0.97807
0	0.986842
0	0.97807
0	0.969298
0	0.991228
0	0.969298
0	0.986842
0	0.964912
0	0.929825
0	0.969298
0	0.97807
0	0.97807
0	0.991228
0	0.942982
0	0.925439
0	0.991228
0	0.97807
0	0.973684
0	0.991228
0	0.982456
0	0.97807
0	0.97807
0	0.982456
0	0.986842
0	0.991228
0	0.925439
0	0.964912
0	0.986842
0	0.97807
0	0.97807
0	0.929825
0	0.969298
0	0.97807
0	0.969298
0	0.969298
0	0.986842
0	0.986842
0	0.929825
0	0.925439
0	0.991228
0	0.991228
0	0.986842
0	0.942982
0	0.991228
0	0.942982
0	0.925439
0	0.97807
0	0.982456
0	0.969298
0	0.97807
0	0.97807
0	0.982456
0	0.960526
0	0.925439
0	0.925439
0	0.973684
0	0.969298
0	0.969298
0	0.97807
0	0.986842
0	0.964912
0	0.982456
0	0.982456
0	0.969298
0	0.929825
0	0.969298
0	0.969298
0	0.929825
0	0.982456
0	0.929825
0	0.973684
0	0.925439
0	0.969298
0	0.982456
0	0.97807
0	0.960526
0	0.929825
0	0.969298
0	0.969298
0	0.964912
0	0.929825
0	0.991228
0	0.969298
0	0.960526
0	0.982456


