# Persistence diagram <GML/0455.gml>
#
# Dimension   : 0
# Entries     : 123
# Betti number: 4
0	inf
0	0.857143
0	0.928571
0	0.857143
0	0.428571
0	0.839286
0	0.428571
0	inf
0	0.928571
0	0.428571
0	0.428571
0	0.857143
0	0.428571
0	0.428571
0	0.839286
0	0.892857
0	0.428571
0	0.839286
0	0.928571
0	0.428571
0	0.946429
0	0.910714
0	0.821429
0	0.928571
0	inf
0	0.428571
0	0.892857
0	0.928571
0	0.821429
0	0.910714
0	0.946429
0	0.928571
0	0.428571
0	0.821429
0	0.964286
0	0.964286
0	0.928571
0	0.928571
0	inf
0	0.946429
0	0.982143
0	0.428571
0	0.946429
0	0.910714
0	0.910714
0	0.428571
0	0.964286
0	0.875
0	0.821429
0	0.821429
0	0.821429
0	0.928571
0	0.892857
0	0.875
0	0.857143
0	0.964286
0	0.928571
0	0.428571
0	0.928571
0	0.428571
0	0.964286
0	0.857143
0	0.428571
0	0.964286
0	0.946429
0	0.928571
0	0.428571
0	0.928571
0	0.964286
0	0.910714
0	0.428571
0	0.875
0	0.892857
0	0.928571
0	0.428571
0	0.821429
0	0.946429
0	0.964286
0	0.428571
0	0.428571
0	0.964286
0	0.428571
0	0.928571
0	0.928571
0	0.428571
0	0.428571
0	0.928571
0	0.892857
0	0.857143
0	0.982143
0	0.910714
0	0.928571
0	0.428571
0	0.839286
0	0.964286
0	0.839286
0	0.964286
0	0.428571
0	0.964286
0	0.964286
0	0.428571
0	0.428571
0	0.428571
0	0.892857
0	0.946429
0	0.928571
0	0.821429
0	0.892857
0	0.857143
0	0.910714
0	0.428571
0	0.928571
0	0.964286
0	0.910714
0	0.928571
0	0.982143
0	0.928571
0	0.428571
0	0.857143
0	0.839286
0	0.892857
0	0.910714
0	0.428571


