# Persistence diagram <GML/0459.gml>
#
# Dimension   : 0
# Entries     : 213
# Betti number: 1
0	inf
0	0.962264
0	0.943396
0	0.773585
0	0.773585
0	0.924528
0	0.773585
0	0.962264
0	0.915094
0	0.773585
0	0.915094
0	0.971698
0	0.773585
0	0.933962
0	0.90566
0	0.962264
0	0.773585
0	0.877358
0	0.924528
0	0.943396
0	0.933962
0	0.933962
0	0.924528
0	0.924528
0	0.943396
0	0.943396
0	0.915094
0	0.971698
0	0.981132
0	0.877358
0	0.773585
0	0.877358
0	0.943396
0	0.933962
0	0.915094
0	0.858491
0	0.981132
0	0.962264
0	0.962264
0	0.933962
0	0.915094
0	0.95283
0	0.924528
0	0.915094
0	0.924528
0	0.915094
0	0.971698
0	0.962264
0	0.773585
0	0.915094
0	0.886792
0	0.95283
0	0.924528
0	0.971698
0	0.95283
0	0.90566
0	0.877358
0	0.924528
0	0.773585
0	0.962264
0	0.943396
0	0.971698
0	0.962264
0	0.924528
0	0.933962
0	0.962264
0	0.971698
0	0.962264
0	0.90566
0	0.933962
0	0.962264
0	0.924528
0	0.915094
0	0.943396
0	0.858491
0	0.915094
0	0.943396
0	0.933962
0	0.962264
0	0.971698
0	0.962264
0	0.90566
0	0.773585
0	0.858491
0	0.981132
0	0.971698
0	0.877358
0	0.877358
0	0.981132
0	0.924528
0	0.971698
0	0.943396
0	0.943396
0	0.962264
0	0.971698
0	0.924528
0	0.981132
0	0.886792
0	0.933962
0	0.858491
0	0.971698
0	0.773585
0	0.924528
0	0.981132
0	0.981132
0	0.981132
0	0.915094
0	0.924528
0	0.962264
0	0.924528
0	0.943396
0	0.877358
0	0.90566
0	0.858491
0	0.933962
0	0.858491
0	0.858491
0	0.90566
0	0.971698
0	0.933962
0	0.886792
0	0.943396
0	0.886792
0	0.924528
0	0.981132
0	0.915094
0	0.886792
0	0.962264
0	0.773585
0	0.981132
0	0.924528
0	0.933962
0	0.773585
0	0.981132
0	0.943396
0	0.915094
0	0.962264
0	0.981132
0	0.971698
0	0.773585
0	0.943396
0	0.962264
0	0.773585
0	0.886792
0	0.858491
0	0.95283
0	0.924528
0	0.773585
0	0.90566
0	0.858491
0	0.90566
0	0.886792
0	0.971698
0	0.95283
0	0.962264
0	0.971698
0	0.915094
0	0.962264
0	0.943396
0	0.924528
0	0.773585
0	0.886792
0	0.924528
0	0.962264
0	0.971698
0	0.981132
0	0.924528
0	0.924528
0	0.971698
0	0.90566
0	0.915094
0	0.971698
0	0.971698
0	0.858491
0	0.773585
0	0.773585
0	0.943396
0	0.971698
0	0.773585
0	0.943396
0	0.915094
0	0.90566
0	0.915094
0	0.943396
0	0.943396
0	0.95283
0	0.962264
0	0.971698
0	0.971698
0	0.773585
0	0.933962
0	0.773585
0	0.915094
0	0.962264
0	0.915094
0	0.915094
0	0.924528
0	0.981132
0	0.971698
0	0.962264
0	0.981132
0	0.924528
0	0.773585
0	0.943396
0	0.971698
0	0.877358
0	0.877358
0	0.971698
0	0.924528
0	0.971698
0	0.95283
0	0.924528
0	0.962264


