# Persistence diagram <GML/0460.gml>
#
# Dimension   : 0
# Entries     : 116
# Betti number: 1
0	inf
0	0.602564
0	0.961538
0	0.602564
0	0.602564
0	0.910256
0	0.602564
0	0.602564
0	0.948718
0	0.602564
0	0.923077
0	0.948718
0	0.935897
0	0.961538
0	0.961538
0	0.602564
0	0.910256
0	0.910256
0	0.910256
0	0.846154
0	0.923077
0	0.910256
0	0.974359
0	0.974359
0	0.974359
0	0.923077
0	0.871795
0	0.948718
0	0.910256
0	0.935897
0	0.974359
0	0.974359
0	0.923077
0	0.602564
0	0.923077
0	0.910256
0	0.910256
0	0.602564
0	0.897436
0	0.935897
0	0.923077
0	0.948718
0	0.935897
0	0.910256
0	0.948718
0	0.602564
0	0.948718
0	0.910256
0	0.961538
0	0.602564
0	0.897436
0	0.602564
0	0.871795
0	0.602564
0	0.948718
0	0.923077
0	0.974359
0	0.961538
0	0.602564
0	0.948718
0	0.935897
0	0.897436
0	0.602564
0	0.602564
0	0.974359
0	0.961538
0	0.602564
0	0.602564
0	0.910256
0	0.602564
0	0.910256
0	0.897436
0	0.923077
0	0.910256
0	0.602564
0	0.602564
0	0.602564
0	0.602564
0	0.923077
0	0.910256
0	0.974359
0	0.602564
0	0.602564
0	0.974359
0	0.602564
0	0.846154
0	0.935897
0	0.961538
0	0.602564
0	0.846154
0	0.961538
0	0.846154
0	0.923077
0	0.961538
0	0.602564
0	0.897436
0	0.897436
0	0.935897
0	0.602564
0	0.846154
0	0.948718
0	0.935897
0	0.923077
0	0.923077
0	0.974359
0	0.948718
0	0.923077
0	0.961538
0	0.923077
0	0.602564
0	0.846154
0	0.948718
0	0.923077
0	0.961538
0	0.871795
0	0.974359


