# Persistence diagram <GML/0461.gml>
#
# Dimension   : 1
# Entries     : 86
# Betti number: 86
0.637363	inf
0.637363	inf
0.791209	inf
0.813187	inf
0.813187	inf
0.813187	inf
0.868132	inf
0.868132	inf
0.879121	inf
0.879121	inf
0.879121	inf
0.879121	inf
0.879121	inf
0.879121	inf
0.879121	inf
0.879121	inf
0.879121	inf
0.879121	inf
0.879121	inf
0.879121	inf
0.879121	inf
0.879121	inf
0.879121	inf
0.879121	inf
0.879121	inf
0.89011	inf
0.89011	inf
0.89011	inf
0.89011	inf
0.89011	inf
0.89011	inf
0.89011	inf
0.901099	inf
0.901099	inf
0.901099	inf
0.912088	inf
0.912088	inf
0.923077	inf
0.923077	inf
0.923077	inf
0.923077	inf
0.923077	inf
0.923077	inf
0.923077	inf
0.934066	inf
0.934066	inf
0.934066	inf
0.934066	inf
0.934066	inf
0.934066	inf
0.945055	inf
0.945055	inf
0.945055	inf
0.945055	inf
0.945055	inf
0.945055	inf
0.956044	inf
0.956044	inf
0.956044	inf
0.956044	inf
0.956044	inf
0.956044	inf
0.956044	inf
0.956044	inf
0.956044	inf
0.956044	inf
0.956044	inf
0.956044	inf
0.956044	inf
0.956044	inf
0.956044	inf
0.956044	inf
0.967033	inf
0.967033	inf
0.967033	inf
0.967033	inf
0.967033	inf
0.967033	inf
0.967033	inf
0.967033	inf
0.967033	inf
0.967033	inf
0.978022	inf
0.978022	inf
0.978022	inf
0.978022	inf
