# Persistence diagram <GML/0461.gml>
#
# Dimension   : 0
# Entries     : 202
# Betti number: 3
0	inf
0	0.978022
0	0.637363
0	0.868132
0	0.879121
0	0.813187
0	0.956044
0	0.637363
0	0.912088
0	0.879121
0	0.901099
0	0.956044
0	0.89011
0	0.945055
0	0.879121
0	0.934066
0	0.967033
0	0.901099
0	0.868132
0	0.978022
0	0.637363
0	0.945055
0	0.637363
0	0.978022
0	0.978022
0	0.901099
0	0.956044
0	0.637363
0	0.901099
0	0.934066
0	0.978022
0	0.956044
0	0.901099
0	0.637363
0	0.901099
0	0.901099
0	0.934066
0	0.879121
0	0.89011
0	0.956044
0	0.934066
0	0.637363
0	0.956044
0	0.956044
0	0.791209
0	0.879121
0	0.978022
0	0.879121
0	0.78022
0	0.901099
0	0.868132
0	0.637363
0	0.967033
0	0.879121
0	0.637363
0	0.813187
0	0.934066
0	0.89011
0	0.637363
0	0.956044
0	0.879121
0	0.901099
0	0.945055
0	0.978022
0	0.78022
0	0.923077
0	0.967033
0	0.813187
0	0.912088
0	0.978022
0	0.934066
0	0.78022
0	0.637363
0	0.901099
0	0.637363
0	0.879121
0	0.791209
0	0.901099
0	0.813187
0	0.956044
0	0.637363
0	0.934066
0	0.89011
0	0.901099
0	0.912088
0	0.967033
0	0.637363
0	0.978022
0	0.956044
0	0.967033
0	0.956044
0	0.956044
0	0.89011
0	0.78022
0	0.967033
0	0.78022
0	0.637363
0	0.637363
0	inf
0	0.901099
0	0.978022
0	0.89011
0	0.791209
0	0.956044
0	0.901099
0	0.879121
0	0.868132
0	0.791209
0	0.637363
0	0.791209
0	0.989011
0	0.923077
0	0.89011
0	0.637363
0	0.956044
0	0.78022
0	0.637363
0	0.78022
0	0.637363
0	0.813187
0	0.923077
0	0.978022
0	0.791209
0	0.89011
0	0.879121
0	0.791209
0	0.967033
0	0.901099
0	0.879121
0	inf
0	0.901099
0	0.868132
0	0.637363
0	0.978022
0	0.813187
0	0.868132
0	0.879121
0	0.879121
0	0.967033
0	0.78022
0	0.637363
0	0.934066
0	0.901099
0	0.791209
0	0.956044
0	0.637363
0	0.912088
0	0.868132
0	0.637363
0	0.989011
0	0.868132
0	0.791209
0	0.934066
0	0.879121
0	0.967033
0	0.791209
0	0.967033
0	0.967033
0	0.978022
0	0.934066
0	0.956044
0	0.791209
0	0.879121
0	0.813187
0	0.967033
0	0.637363
0	0.934066
0	0.934066
0	0.934066
0	0.945055
0	0.791209
0	0.945055
0	0.791209
0	0.813187
0	0.813187
0	0.967033
0	0.945055
0	0.791209
0	0.956044
0	0.879121
0	0.879121
0	0.637363
0	0.956044
0	0.89011
0	0.637363
0	0.868132
0	0.934066
0	0.879121
0	0.637363
0	0.813187
0	0.934066
0	0.923077
0	0.637363
0	0.637363
0	0.956044
0	0.901099
0	0.978022
0	0.637363
0	0.78022
0	0.956044
0	0.89011
0	0.791209


