# Persistence diagram <GML/0462.gml>
#
# Dimension   : 0
# Entries     : 256
# Betti number: 1
0	inf
0	0.9625
0	0.916667
0	0.916667
0	0.966667
0	0.829167
0	0.945833
0	0.991667
0	0.904167
0	0.904167
0	0.983333
0	0.991667
0	0.9125
0	0.9875
0	0.966667
0	0.916667
0	0.9625
0	0.9125
0	0.966667
0	0.983333
0	0.983333
0	0.945833
0	0.979167
0	0.945833
0	0.966667
0	0.979167
0	0.975
0	0.916667
0	0.9625
0	0.829167
0	0.829167
0	0.979167
0	0.979167
0	0.975
0	0.829167
0	0.991667
0	0.9875
0	0.904167
0	0.9125
0	0.829167
0	0.916667
0	0.991667
0	0.975
0	0.975
0	0.829167
0	0.991667
0	0.916667
0	0.983333
0	0.966667
0	0.9625
0	0.904167
0	0.9625
0	0.975
0	0.975
0	0.991667
0	0.829167
0	0.983333
0	0.970833
0	0.9875
0	0.979167
0	0.9875
0	0.983333
0	0.966667
0	0.983333
0	0.916667
0	0.829167
0	0.829167
0	0.829167
0	0.975
0	0.975
0	0.9125
0	0.970833
0	0.9125
0	0.9875
0	0.9625
0	0.904167
0	0.966667
0	0.9125
0	0.983333
0	0.9875
0	0.983333
0	0.991667
0	0.9625
0	0.979167
0	0.916667
0	0.983333
0	0.904167
0	0.966667
0	0.829167
0	0.9125
0	0.975
0	0.829167
0	0.904167
0	0.9875
0	0.829167
0	0.904167
0	0.829167
0	0.966667
0	0.979167
0	0.9875
0	0.9625
0	0.991667
0	0.9875
0	0.991667
0	0.983333
0	0.916667
0	0.829167
0	0.9625
0	0.975
0	0.9125
0	0.829167
0	0.9125
0	0.979167
0	0.9125
0	0.9125
0	0.975
0	0.9875
0	0.829167
0	0.9625
0	0.945833
0	0.991667
0	0.904167
0	0.979167
0	0.966667
0	0.9875
0	0.991667
0	0.975
0	0.966667
0	0.991667
0	0.983333
0	0.9625
0	0.9625
0	0.9875
0	0.904167
0	0.829167
0	0.916667
0	0.9125
0	0.970833
0	0.9875
0	0.970833
0	0.979167
0	0.991667
0	0.979167
0	0.9875
0	0.9125
0	0.9875
0	0.991667
0	0.9125
0	0.983333
0	0.979167
0	0.991667
0	0.991667
0	0.991667
0	0.829167
0	0.979167
0	0.829167
0	0.975
0	0.966667
0	0.9125
0	0.904167
0	0.975
0	0.9125
0	0.904167
0	0.916667
0	0.975
0	0.983333
0	0.983333
0	0.979167
0	0.829167
0	0.829167
0	0.991667
0	0.9875
0	0.975
0	0.975
0	0.991667
0	0.904167
0	0.829167
0	0.9625
0	0.904167
0	0.945833
0	0.829167
0	0.983333
0	0.829167
0	0.9125
0	0.975
0	0.829167
0	0.983333
0	0.9875
0	0.975
0	0.979167
0	0.9625
0	0.979167
0	0.829167
0	0.9875
0	0.966667
0	0.979167
0	0.9875
0	0.991667
0	0.945833
0	0.975
0	0.979167
0	0.991667
0	0.829167
0	0.829167
0	0.991667
0	0.966667
0	0.991667
0	0.966667
0	0.9875
0	0.829167
0	0.991667
0	0.904167
0	0.970833
0	0.904167
0	0.904167
0	0.916667
0	0.829167
0	0.979167
0	0.9125
0	0.970833
0	0.829167
0	0.975
0	0.979167
0	0.991667
0	0.829167
0	0.9125
0	0.945833
0	0.9875
0	0.991667
0	0.991667
0	0.975
0	0.9875
0	0.991667
0	0.983333
0	0.829167
0	0.970833
0	0.916667
0	0.991667
0	0.829167
0	0.975
0	0.904167
0	0.991667
0	0.975
0	0.829167
0	0.983333
0	0.9625
0	0.975
0	0.829167
0	0.945833
0	0.904167
0	0.9875
0	0.9125
0	0.829167
0	0.979167
0	0.829167
0	0.9875


