# Persistence diagram <GML/0463.gml>
#
# Dimension   : 0
# Entries     : 154
# Betti number: 3
0	inf
0	0.85
0	0.925
0	0.925
0	inf
0	0.825
0	0.825
0	0.85
0	0.775
0	0.75
0	0.925
0	0.9
0	0.9
0	0.8
0	0.85
0	0.875
0	0.875
0	0.95
0	0.775
0	0.95
0	0.925
0	0.8
0	0.875
0	0.95
0	0.8
0	0.925
0	0.775
0	0.8
0	0.975
0	0.95
0	0.925
0	0.925
0	0.825
0	0.9
0	0.925
0	0.8
0	0.85
0	0.875
0	0.95
0	0.8
0	0.775
0	0.85
0	0.95
0	0.925
0	0.925
0	0.925
0	0.925
0	0.8
0	0.8
0	0.925
0	0.825
0	0.925
0	0.75
0	0.825
0	0.75
0	0.9
0	0.825
0	0.925
0	0.8
0	0.925
0	0.95
0	0.85
0	0.85
0	0.95
0	0.875
0	0.95
0	0.95
0	0.875
0	0.925
0	0.925
0	0.85
0	0.8
0	0.85
0	0.925
0	0.9
0	0.8
0	0.925
0	0.925
0	0.775
0	0.825
0	0.95
0	0.8
0	0.825
0	0.825
0	0.75
0	0.875
0	0.925
0	0.9
0	0.875
0	0.85
0	0.85
0	0.85
0	0.9
0	0.9
0	0.825
0	0.875
0	0.925
0	0.75
0	0.75
0	0.8
0	inf
0	0.975
0	0.9
0	0.9
0	0.825
0	0.8
0	0.8
0	0.9
0	0.8
0	0.95
0	0.8
0	0.825
0	0.75
0	0.75
0	0.8
0	0.9
0	0.925
0	0.925
0	0.925
0	0.825
0	0.775
0	0.95
0	0.95
0	0.8
0	0.95
0	0.925
0	0.8
0	0.925
0	0.925
0	0.875
0	0.9
0	0.825
0	0.9
0	0.75
0	0.875
0	0.825
0	0.8
0	0.9
0	0.9
0	0.95
0	0.9
0	0.825
0	0.775
0	0.95
0	0.9
0	0.775
0	0.9
0	0.825
0	0.875
0	0.95
0	0.925
0	0.95
0	0.875
0	0.9


