# Persistence diagram <GML/0465.gml>
#
# Dimension   : 0
# Entries     : 232
# Betti number: 5
0	inf
0	0.973783
0	0.970037
0	0.977528
0	0.973783
0	0.988764
0	0.958801
0	0.970037
0	0.925094
0	0.962547
0	0.985019
0	inf
0	0.988764
0	0.970037
0	0.970037
0	0.970037
0	0.970037
0	0.981273
0	0.992509
0	0.992509
0	0.992509
0	0.962547
0	0.988764
0	0.985019
0	0.970037
0	0.981273
0	0.992509
0	0.958801
0	0.977528
0	0.988764
0	0.992509
0	0.973783
0	0.988764
0	0.977528
0	0.981273
0	0.925094
0	0.992509
0	0.970037
0	0.988764
0	inf
0	0.981273
0	0.925094
0	0.958801
0	0.985019
0	0.988764
0	0.992509
0	0.992509
0	0.988764
0	0.973783
0	0.925094
0	0.970037
0	0.970037
0	0.977528
0	0.970037
0	0.992509
0	0.970037
0	0.981273
0	0.958801
0	0.970037
0	0.958801
0	0.988764
0	0.988764
0	0.992509
0	0.970037
0	0.992509
0	0.973783
0	0.981273
0	0.992509
0	0.962547
0	0.992509
0	0.958801
0	0.985019
0	0.992509
0	0.962547
0	0.988764
0	0.988764
0	0.992509
0	0.977528
0	0.973783
0	inf
0	0.988764
0	0.992509
0	0.958801
0	0.981273
0	0.925094
0	0.992509
0	0.970037
0	0.970037
0	0.985019
0	0.970037
0	0.992509
0	0.962547
0	0.992509
0	0.988764
0	0.992509
0	0.981273
0	0.973783
0	0.925094
0	0.992509
0	0.985019
0	0.988764
0	0.973783
0	0.925094
0	0.973783
0	0.925094
0	0.985019
0	0.985019
0	0.973783
0	0.988764
0	0.970037
0	0.988764
0	0.985019
0	0.970037
0	0.992509
0	0.988764
0	0.992509
0	0.985019
0	0.970037
0	0.962547
0	0.962547
0	0.992509
0	0.985019
0	0.970037
0	0.981273
0	0.970037
0	0.977528
0	0.970037
0	0.970037
0	0.988764
0	0.970037
0	0.973783
0	0.981273
0	0.973783
0	0.985019
0	0.973783
0	0.996255
0	0.970037
0	0.973783
0	0.970037
0	0.981273
0	0.970037
0	0.985019
0	0.988764
0	0.981273
0	0.973783
0	0.973783
0	inf
0	0.985019
0	0.981273
0	0.988764
0	0.992509
0	0.977528
0	0.973783
0	0.981273
0	0.988764
0	0.973783
0	0.988764
0	0.981273
0	0.992509
0	0.962547
0	0.977528
0	0.973783
0	0.977528
0	0.981273
0	0.988764
0	0.992509
0	0.985019
0	0.925094
0	0.925094
0	0.981273
0	0.973783
0	0.973783
0	0.925094
0	0.985019
0	0.925094
0	0.992509
0	0.970037
0	0.977528
0	0.981273
0	0.988764
0	0.973783
0	0.981273
0	0.988764
0	0.970037
0	0.973783
0	0.988764
0	0.970037
0	0.981273
0	0.981273
0	0.970037
0	0.992509
0	0.981273
0	0.925094
0	0.985019
0	0.958801
0	0.970037
0	0.988764
0	0.992509
0	0.988764
0	0.970037
0	0.973783
0	0.925094
0	0.992509
0	0.985019
0	0.988764
0	0.977528
0	0.981273
0	0.973783
0	0.970037
0	0.925094
0	0.970037
0	0.977528
0	0.981273
0	0.970037
0	0.962547
0	0.973783
0	0.925094
0	0.977528
0	0.988764
0	0.985019
0	0.973783
0	0.988764
0	0.958801
0	0.970037
0	0.988764
0	0.925094
0	0.970037
0	0.992509
0	0.988764
0	0.958801
0	0.925094
0	0.996255


