# Persistence diagram <GML/0471.gml>
#
# Dimension   : 0
# Entries     : 88
# Betti number: 2
0	inf
0	0.948718
0	0.910256
0	0.935897
0	0.910256
0	0.897436
0	0.910256
0	0.871795
0	0.871795
0	0.897436
0	0.910256
0	0.974359
0	0.910256
0	0.871795
0	0.974359
0	0.910256
0	0.923077
0	0.974359
0	0.935897
0	0.897436
0	0.974359
0	0.923077
0	0.948718
0	0.884615
0	0.871795
0	0.897436
0	0.948718
0	0.935897
0	0.897436
0	0.974359
0	0.974359
0	0.961538
0	0.935897
0	0.974359
0	inf
0	0.884615
0	0.884615
0	0.948718
0	0.897436
0	0.910256
0	0.910256
0	0.923077
0	0.948718
0	0.884615
0	0.935897
0	0.974359
0	0.871795
0	0.935897
0	0.961538
0	0.961538
0	0.961538
0	0.897436
0	0.961538
0	0.987179
0	0.974359
0	0.910256
0	0.974359
0	0.935897
0	0.910256
0	0.884615
0	0.961538
0	0.974359
0	0.935897
0	0.923077
0	0.910256
0	0.961538
0	0.935897
0	0.974359
0	0.871795
0	0.871795
0	0.961538
0	0.910256
0	0.948718
0	0.923077
0	0.910256
0	0.910256
0	0.974359
0	0.948718
0	0.974359
0	0.974359
0	0.974359
0	0.910256
0	0.871795
0	0.884615
0	0.884615
0	0.884615
0	0.961538
0	0.923077


