# Persistence diagram <GML/0472.gml>
#
# Dimension   : 0
# Entries     : 121
# Betti number: 1
0	inf
0	0.892857
0	0.892857
0	0.946429
0	0.892857
0	0.821429
0	0.928571
0	0.964286
0	0.892857
0	0.892857
0	0.892857
0	0.964286
0	0.964286
0	0.821429
0	0.821429
0	0.892857
0	0.946429
0	0.964286
0	0.928571
0	0.803571
0	0.910714
0	0.928571
0	0.964286
0	0.875
0	0.892857
0	0.964286
0	0.821429
0	0.964286
0	0.946429
0	0.821429
0	0.892857
0	0.892857
0	0.910714
0	0.875
0	0.821429
0	0.892857
0	0.803571
0	0.892857
0	0.839286
0	0.892857
0	0.946429
0	0.892857
0	0.946429
0	0.928571
0	0.964286
0	0.875
0	0.928571
0	0.892857
0	0.946429
0	0.803571
0	0.875
0	0.964286
0	0.964286
0	0.892857
0	0.964286
0	0.892857
0	0.964286
0	0.946429
0	0.928571
0	0.946429
0	0.803571
0	0.839286
0	0.964286
0	0.928571
0	0.946429
0	0.964286
0	0.892857
0	0.821429
0	0.964286
0	0.892857
0	0.875
0	0.928571
0	0.928571
0	0.946429
0	0.839286
0	0.928571
0	0.875
0	0.803571
0	0.803571
0	0.892857
0	0.928571
0	0.928571
0	0.946429
0	0.892857
0	0.946429
0	0.803571
0	0.839286
0	0.910714
0	0.964286
0	0.946429
0	0.892857
0	0.892857
0	0.875
0	0.946429
0	0.964286
0	0.892857
0	0.875
0	0.964286
0	0.964286
0	0.910714
0	0.875
0	0.821429
0	0.892857
0	0.928571
0	0.928571
0	0.803571
0	0.803571
0	0.821429
0	0.803571
0	0.839286
0	0.928571
0	0.964286
0	0.964286
0	0.892857
0	0.964286
0	0.875
0	0.875
0	0.875
0	0.946429
0	0.892857
0	0.964286


