# Persistence diagram <GML/0475.gml>
#
# Dimension   : 1
# Entries     : 72
# Betti number: 72
0.942623	inf
0.942623	inf
0.942623	inf
0.95082	inf
0.95082	inf
0.954918	inf
0.963115	inf
0.971311	inf
0.971311	inf
0.971311	inf
0.971311	inf
0.971311	inf
0.971311	inf
0.97541	inf
0.97541	inf
0.97541	inf
0.97541	inf
0.97541	inf
0.97541	inf
0.97541	inf
0.97541	inf
0.97541	inf
0.97541	inf
0.97541	inf
0.97541	inf
0.97541	inf
0.97541	inf
0.97541	inf
0.979508	inf
0.979508	inf
0.979508	inf
0.979508	inf
0.979508	inf
0.979508	inf
0.979508	inf
0.979508	inf
0.979508	inf
0.979508	inf
0.979508	inf
0.979508	inf
0.983607	inf
0.983607	inf
0.983607	inf
0.983607	inf
0.983607	inf
0.983607	inf
0.983607	inf
0.983607	inf
0.987705	inf
0.987705	inf
0.987705	inf
0.987705	inf
0.987705	inf
0.987705	inf
0.987705	inf
0.987705	inf
0.987705	inf
0.987705	inf
0.987705	inf
0.987705	inf
0.987705	inf
0.987705	inf
0.987705	inf
0.987705	inf
0.987705	inf
0.987705	inf
0.991803	inf
0.991803	inf
0.991803	inf
0.991803	inf
0.991803	inf
0.991803	inf
