# Persistence diagram <GML/0476.gml>
#
# Dimension   : 0
# Entries     : 60
# Betti number: 2
0	inf
0	0.969231
0	0.938462
0	0.938462
0	0.953846
0	0.938462
0	0.907692
0	0.923077
0	0.846154
0	0.969231
0	0.938462
0	0.953846
0	0.969231
0	0.938462
0	0.953846
0	0.969231
0	0.846154
0	0.953846
0	0.969231
0	0.969231
0	0.953846
0	0.892308
0	0.907692
0	0.892308
0	inf
0	0.846154
0	0.846154
0	0.892308
0	0.907692
0	0.969231
0	0.969231
0	0.892308
0	0.953846
0	0.907692
0	0.892308
0	0.892308
0	0.938462
0	0.938462
0	0.969231
0	0.846154
0	0.923077
0	0.892308
0	0.846154
0	0.969231
0	0.923077
0	0.938462
0	0.953846
0	0.969231
0	0.907692
0	0.969231
0	0.969231
0	0.892308
0	0.969231
0	0.846154
0	0.892308
0	0.938462
0	0.892308
0	0.969231
0	0.969231
0	0.969231


