# Persistence diagram <GML/0484.gml>
#
# Dimension   : 0
# Entries     : 165
# Betti number: 1
0	inf
0	0.914894
0	0.93617
0	0.893617
0	0.808511
0	0.787234
0	0.87234
0	0.787234
0	0.680851
0	0.617021
0	0.617021
0	0.617021
0	0.93617
0	0.787234
0	0.617021
0	0.93617
0	0.914894
0	0.87234
0	0.617021
0	0.829787
0	0.893617
0	0.617021
0	0.93617
0	0.787234
0	0.702128
0	0.893617
0	0.617021
0	0.957447
0	0.914894
0	0.787234
0	0.702128
0	0.808511
0	0.93617
0	0.93617
0	0.93617
0	0.87234
0	0.680851
0	0.87234
0	0.893617
0	0.87234
0	0.829787
0	0.702128
0	0.93617
0	0.93617
0	0.957447
0	0.87234
0	0.914894
0	0.680851
0	0.87234
0	0.702128
0	0.787234
0	0.851064
0	0.808511
0	0.93617
0	0.957447
0	0.893617
0	0.93617
0	0.93617
0	0.617021
0	0.680851
0	0.93617
0	0.893617
0	0.702128
0	0.87234
0	0.680851
0	0.702128
0	0.680851
0	0.680851
0	0.87234
0	0.893617
0	0.702128
0	0.702128
0	0.617021
0	0.851064
0	0.808511
0	0.680851
0	0.87234
0	0.893617
0	0.87234
0	0.617021
0	0.680851
0	0.893617
0	0.87234
0	0.702128
0	0.957447
0	0.893617
0	0.829787
0	0.87234
0	0.617021
0	0.808511
0	0.787234
0	0.680851
0	0.87234
0	0.914894
0	0.893617
0	0.702128
0	0.808511
0	0.93617
0	0.787234
0	0.893617
0	0.617021
0	0.787234
0	0.851064
0	0.702128
0	0.93617
0	0.87234
0	0.93617
0	0.829787
0	0.93617
0	0.87234
0	0.702128
0	0.617021
0	0.808511
0	0.957447
0	0.957447
0	0.87234
0	0.957447
0	0.617021
0	0.93617
0	0.893617
0	0.93617
0	0.87234
0	0.93617
0	0.957447
0	0.680851
0	0.87234
0	0.680851
0	0.893617
0	0.87234
0	0.87234
0	0.680851
0	0.808511
0	0.680851
0	0.617021
0	0.93617
0	0.702128
0	0.893617
0	0.957447
0	0.787234
0	0.808511
0	0.617021
0	0.914894
0	0.617021
0	0.702128
0	0.680851
0	0.680851
0	0.914894
0	0.87234
0	0.914894
0	0.702128
0	0.680851
0	0.93617
0	0.702128
0	0.93617
0	0.93617
0	0.680851
0	0.914894
0	0.957447
0	0.957447
0	0.702128
0	0.680851
0	0.829787
0	0.93617
0	0.93617
0	0.680851


