# Persistence diagram <GML/0486.gml>
#
# Dimension   : 0
# Entries     : 172
# Betti number: 3
0	inf
0	0.973333
0	0.906667
0	0.92
0	0.973333
0	0.92
0	0.866667
0	0.906667
0	0.546667
0	0.746667
0	0.546667
0	0.92
0	0.746667
0	0.746667
0	0.893333
0	inf
0	0.546667
0	0.866667
0	0.546667
0	0.546667
0	0.893333
0	0.546667
0	0.946667
0	0.946667
0	0.92
0	0.96
0	0.92
0	0.746667
0	0.746667
0	0.546667
0	0.746667
0	0.546667
0	0.96
0	0.946667
0	0.92
0	0.746667
0	0.946667
0	0.946667
0	0.906667
0	0.546667
0	0.746667
0	0.96
0	0.746667
0	0.933333
0	inf
0	0.893333
0	0.866667
0	0.946667
0	0.546667
0	0.893333
0	0.96
0	0.933333
0	0.893333
0	0.973333
0	0.546667
0	0.546667
0	0.946667
0	0.946667
0	0.546667
0	0.92
0	0.546667
0	0.946667
0	0.546667
0	0.92
0	0.92
0	0.96
0	0.946667
0	0.546667
0	0.866667
0	0.946667
0	0.546667
0	0.96
0	0.96
0	0.96
0	0.933333
0	0.746667
0	0.92
0	0.746667
0	0.906667
0	0.933333
0	0.746667
0	0.946667
0	0.96
0	0.893333
0	0.946667
0	0.96
0	0.746667
0	0.746667
0	0.946667
0	0.96
0	0.893333
0	0.973333
0	0.546667
0	0.973333
0	0.546667
0	0.973333
0	0.96
0	0.973333
0	0.946667
0	0.973333
0	0.866667
0	0.933333
0	0.746667
0	0.946667
0	0.546667
0	0.893333
0	0.546667
0	0.893333
0	0.933333
0	0.546667
0	0.933333
0	0.946667
0	0.946667
0	0.746667
0	0.546667
0	0.546667
0	0.946667
0	0.933333
0	0.92
0	0.96
0	0.546667
0	0.893333
0	0.906667
0	0.866667
0	0.946667
0	0.946667
0	0.893333
0	0.973333
0	0.546667
0	0.893333
0	0.893333
0	0.546667
0	0.986667
0	0.973333
0	0.946667
0	0.746667
0	0.973333
0	0.546667
0	0.866667
0	0.946667
0	0.96
0	0.746667
0	0.96
0	0.746667
0	0.96
0	0.973333
0	0.973333
0	0.946667
0	0.866667
0	0.973333
0	0.746667
0	0.746667
0	0.946667
0	0.96
0	0.546667
0	0.546667
0	0.933333
0	0.746667
0	0.893333
0	0.746667
0	0.546667
0	0.893333
0	0.92
0	0.96
0	0.546667
0	0.893333
0	0.933333
0	0.96
0	0.933333
0	0.946667
0	0.546667
0	0.746667


