# Persistence diagram <GML/0487.gml>
#
# Dimension   : 1
# Entries     : 40
# Betti number: 40
0.954198	inf
0.954198	inf
0.954198	inf
0.954198	inf
0.961832	inf
0.961832	inf
0.961832	inf
0.961832	inf
0.977099	inf
0.977099	inf
0.977099	inf
0.977099	inf
0.977099	inf
0.977099	inf
0.980916	inf
0.980916	inf
0.980916	inf
0.980916	inf
0.980916	inf
0.980916	inf
0.980916	inf
0.984733	inf
0.984733	inf
0.984733	inf
0.984733	inf
0.984733	inf
0.98855	inf
0.98855	inf
0.98855	inf
0.98855	inf
0.98855	inf
0.98855	inf
0.98855	inf
0.98855	inf
0.98855	inf
0.98855	inf
0.98855	inf
0.992366	inf
0.992366	inf
0.992366	inf
