# Persistence diagram <GML/0488.gml>
#
# Dimension   : 1
# Entries     : 45
# Betti number: 45
0.857143	inf
0.869048	inf
0.869048	inf
0.869048	inf
0.869048	inf
0.869048	inf
0.869048	inf
0.869048	inf
0.869048	inf
0.880952	inf
0.880952	inf
0.892857	inf
0.892857	inf
0.892857	inf
0.904762	inf
0.904762	inf
0.904762	inf
0.904762	inf
0.928571	inf
0.928571	inf
0.940476	inf
0.940476	inf
0.940476	inf
0.940476	inf
0.940476	inf
0.952381	inf
0.952381	inf
0.952381	inf
0.952381	inf
0.952381	inf
0.952381	inf
0.952381	inf
0.964286	inf
0.964286	inf
0.964286	inf
0.964286	inf
0.964286	inf
0.964286	inf
0.964286	inf
0.964286	inf
0.964286	inf
0.97619	inf
0.97619	inf
0.97619	inf
0.97619	inf
