# Persistence diagram <GML/0489.gml>
#
# Dimension   : 0
# Entries     : 189
# Betti number: 1
0	inf
0	0.981818
0	0.918182
0	0.963636
0	0.936364
0	0.936364
0	0.909091
0	0.963636
0	0.972727
0	0.909091
0	0.981818
0	0.927273
0	0.936364
0	0.918182
0	0.936364
0	0.981818
0	0.945455
0	0.972727
0	0.909091
0	0.972727
0	0.918182
0	0.927273
0	0.909091
0	0.963636
0	0.918182
0	0.927273
0	0.954545
0	0.927273
0	0.945455
0	0.918182
0	0.972727
0	0.927273
0	0.945455
0	0.909091
0	0.981818
0	0.927273
0	0.909091
0	0.936364
0	0.927273
0	0.981818
0	0.954545
0	0.972727
0	0.927273
0	0.927273
0	0.945455
0	0.927273
0	0.972727
0	0.927273
0	0.945455
0	0.927273
0	0.936364
0	0.945455
0	0.927273
0	0.945455
0	0.927273
0	0.927273
0	0.981818
0	0.909091
0	0.936364
0	0.972727
0	0.954545
0	0.909091
0	0.945455
0	0.927273
0	0.918182
0	0.981818
0	0.927273
0	0.936364
0	0.909091
0	0.918182
0	0.909091
0	0.927273
0	0.927273
0	0.954545
0	0.972727
0	0.945455
0	0.954545
0	0.927273
0	0.918182
0	0.927273
0	0.981818
0	0.918182
0	0.927273
0	0.927273
0	0.918182
0	0.927273
0	0.972727
0	0.936364
0	0.918182
0	0.918182
0	0.927273
0	0.981818
0	0.981818
0	0.936364
0	0.972727
0	0.936364
0	0.918182
0	0.918182
0	0.981818
0	0.945455
0	0.927273
0	0.954545
0	0.927273
0	0.954545
0	0.936364
0	0.963636
0	0.963636
0	0.909091
0	0.918182
0	0.927273
0	0.963636
0	0.927273
0	0.945455
0	0.963636
0	0.909091
0	0.927273
0	0.909091
0	0.963636
0	0.918182
0	0.927273
0	0.936364
0	0.981818
0	0.927273
0	0.981818
0	0.909091
0	0.972727
0	0.909091
0	0.981818
0	0.927273
0	0.945455
0	0.945455
0	0.927273
0	0.927273
0	0.909091
0	0.981818
0	0.927273
0	0.927273
0	0.909091
0	0.972727
0	0.972727
0	0.918182
0	0.918182
0	0.963636
0	0.918182
0	0.945455
0	0.909091
0	0.945455
0	0.936364
0	0.909091
0	0.918182
0	0.927273
0	0.927273
0	0.927273
0	0.972727
0	0.981818
0	0.945455
0	0.918182
0	0.909091
0	0.927273
0	0.927273
0	0.981818
0	0.972727
0	0.927273
0	0.918182
0	0.927273
0	0.936364
0	0.972727
0	0.963636
0	0.927273
0	0.981818
0	0.972727
0	0.963636
0	0.909091
0	0.909091
0	0.972727
0	0.963636
0	0.918182
0	0.936364
0	0.909091
0	0.927273
0	0.945455
0	0.981818
0	0.918182
0	0.927273
0	0.972727
0	0.972727
0	0.981818
0	0.909091
0	0.981818


