# Persistence diagram <GML/0491.gml>
#
# Dimension   : 1
# Entries     : 96
# Betti number: 96
0.785124	inf
0.785124	inf
0.834711	inf
0.834711	inf
0.842975	inf
0.900826	inf
0.900826	inf
0.900826	inf
0.900826	inf
0.900826	inf
0.909091	inf
0.909091	inf
0.909091	inf
0.917355	inf
0.92562	inf
0.92562	inf
0.92562	inf
0.92562	inf
0.933884	inf
0.933884	inf
0.933884	inf
0.933884	inf
0.933884	inf
0.933884	inf
0.933884	inf
0.942149	inf
0.942149	inf
0.942149	inf
0.942149	inf
0.942149	inf
0.942149	inf
0.942149	inf
0.950413	inf
0.950413	inf
0.950413	inf
0.950413	inf
0.950413	inf
0.950413	inf
0.950413	inf
0.950413	inf
0.950413	inf
0.950413	inf
0.950413	inf
0.950413	inf
0.950413	inf
0.950413	inf
0.950413	inf
0.958678	inf
0.958678	inf
0.958678	inf
0.958678	inf
0.958678	inf
0.958678	inf
0.958678	inf
0.958678	inf
0.958678	inf
0.958678	inf
0.958678	inf
0.958678	inf
0.958678	inf
0.958678	inf
0.958678	inf
0.958678	inf
0.958678	inf
0.966942	inf
0.966942	inf
0.966942	inf
0.966942	inf
0.966942	inf
0.966942	inf
0.966942	inf
0.966942	inf
0.966942	inf
0.966942	inf
0.966942	inf
0.966942	inf
0.966942	inf
0.975207	inf
0.975207	inf
0.975207	inf
0.975207	inf
0.975207	inf
0.975207	inf
0.975207	inf
0.975207	inf
0.975207	inf
0.975207	inf
0.975207	inf
0.983471	inf
0.983471	inf
0.983471	inf
0.983471	inf
0.983471	inf
0.983471	inf
0.983471	inf
0.983471	inf
