# Persistence diagram <GML/0491.gml>
#
# Dimension   : 0
# Entries     : 249
# Betti number: 2
0	inf
0	0.966942
0	0.942149
0	0.950413
0	0.966942
0	0.958678
0	0.900826
0	0.917355
0	0.958678
0	0.900826
0	0.983471
0	0.842975
0	0.958678
0	0.785124
0	0.950413
0	0.842975
0	0.933884
0	0.966942
0	0.842975
0	0.966942
0	0.950413
0	inf
0	0.933884
0	0.900826
0	0.983471
0	0.785124
0	0.966942
0	0.958678
0	0.950413
0	0.917355
0	0.942149
0	0.975207
0	0.933884
0	0.785124
0	0.958678
0	0.933884
0	0.933884
0	0.909091
0	0.785124
0	0.900826
0	0.950413
0	0.975207
0	0.975207
0	0.933884
0	0.92562
0	0.785124
0	0.842975
0	0.834711
0	0.950413
0	0.834711
0	0.950413
0	0.842975
0	0.785124
0	0.983471
0	0.950413
0	0.909091
0	0.842975
0	0.834711
0	0.834711
0	0.950413
0	0.975207
0	0.958678
0	0.842975
0	0.900826
0	0.958678
0	0.950413
0	0.834711
0	0.92562
0	0.933884
0	0.785124
0	0.900826
0	0.834711
0	0.950413
0	0.900826
0	0.900826
0	0.958678
0	0.900826
0	0.975207
0	0.785124
0	0.975207
0	0.983471
0	0.975207
0	0.950413
0	0.975207
0	0.842975
0	0.983471
0	0.834711
0	0.917355
0	0.933884
0	0.950413
0	0.958678
0	0.900826
0	0.917355
0	0.785124
0	0.933884
0	0.834711
0	0.900826
0	0.785124
0	0.983471
0	0.966942
0	0.983471
0	0.92562
0	0.933884
0	0.975207
0	0.983471
0	0.942149
0	0.834711
0	0.92562
0	0.966942
0	0.842975
0	0.785124
0	0.942149
0	0.933884
0	0.950413
0	0.966942
0	0.900826
0	0.958678
0	0.785124
0	0.900826
0	0.942149
0	0.966942
0	0.975207
0	0.983471
0	0.966942
0	0.958678
0	0.966942
0	0.958678
0	0.975207
0	0.983471
0	0.933884
0	0.975207
0	0.933884
0	0.942149
0	0.900826
0	0.975207
0	0.834711
0	0.834711
0	0.933884
0	0.785124
0	0.933884
0	0.975207
0	0.785124
0	0.785124
0	0.966942
0	0.942149
0	0.909091
0	0.950413
0	0.983471
0	0.958678
0	0.785124
0	0.966942
0	0.942149
0	0.900826
0	0.966942
0	0.966942
0	0.842975
0	0.975207
0	0.92562
0	0.983471
0	0.991736
0	0.933884
0	0.834711
0	0.958678
0	0.942149
0	0.975207
0	0.950413
0	0.983471
0	0.975207
0	0.975207
0	0.975207
0	0.950413
0	0.983471
0	0.842975
0	0.900826
0	0.975207
0	0.975207
0	0.958678
0	0.842975
0	0.933884
0	0.900826
0	0.933884
0	0.834711
0	0.92562
0	0.900826
0	0.900826
0	0.983471
0	0.958678
0	0.975207
0	0.983471
0	0.966942
0	0.785124
0	0.834711
0	0.900826
0	0.900826
0	0.933884
0	0.785124
0	0.950413
0	0.785124
0	0.842975
0	0.958678
0	0.958678
0	0.975207
0	0.966942
0	0.966942
0	0.950413
0	0.983471
0	0.983471
0	0.909091
0	0.975207
0	0.950413
0	0.92562
0	0.950413
0	0.834711
0	0.958678
0	0.942149
0	0.900826
0	0.933884
0	0.917355
0	0.950413
0	0.950413
0	0.92562
0	0.900826
0	0.909091
0	0.785124
0	0.842975
0	0.92562
0	0.834711
0	0.983471
0	0.958678
0	0.933884
0	0.900826
0	0.900826
0	0.958678
0	0.983471
0	0.785124
0	0.785124
0	0.966942
0	0.983471
0	0.966942
0	0.785124
0	0.983471
0	0.958678
0	0.842975
0	0.92562
0	0.933884
0	0.958678
0	0.785124
0	0.958678
0	0.958678


