# Persistence diagram <GML/0493.gml>
#
# Dimension   : 0
# Entries     : 291
# Betti number: 2
0	inf
0	0.927184
0	0.927184
0	0.990291
0	0.839806
0	0.985437
0	0.902913
0	0.966019
0	0.990291
0	0.970874
0	0.941748
0	0.985437
0	0.839806
0	0.902913
0	0.941748
0	0.985437
0	0.980583
0	0.990291
0	0.985437
0	0.966019
0	0.902913
0	inf
0	0.839806
0	0.990291
0	0.839806
0	0.970874
0	0.898058
0	0.990291
0	0.985437
0	0.970874
0	0.990291
0	0.975728
0	0.990291
0	0.966019
0	0.970874
0	0.966019
0	0.990291
0	0.990291
0	0.970874
0	0.898058
0	0.985437
0	0.985437
0	0.927184
0	0.980583
0	0.970874
0	0.985437
0	0.966019
0	0.970874
0	0.985437
0	0.970874
0	0.966019
0	0.975728
0	0.966019
0	0.990291
0	0.990291
0	0.966019
0	0.927184
0	0.902913
0	0.990291
0	0.966019
0	0.970874
0	0.941748
0	0.985437
0	0.975728
0	0.990291
0	0.927184
0	0.990291
0	0.839806
0	0.839806
0	0.966019
0	0.966019
0	0.839806
0	0.839806
0	0.970874
0	0.975728
0	0.985437
0	0.990291
0	0.839806
0	0.990291
0	0.966019
0	0.970874
0	0.966019
0	0.990291
0	0.985437
0	0.975728
0	0.902913
0	0.980583
0	0.980583
0	0.970874
0	0.966019
0	0.941748
0	0.985437
0	0.902913
0	0.980583
0	0.898058
0	0.990291
0	0.898058
0	0.970874
0	0.839806
0	0.980583
0	0.927184
0	0.980583
0	0.985437
0	0.839806
0	0.980583
0	0.839806
0	0.985437
0	0.839806
0	0.970874
0	0.970874
0	0.941748
0	0.970874
0	0.970874
0	0.985437
0	0.966019
0	0.898058
0	0.985437
0	0.839806
0	0.898058
0	0.985437
0	0.990291
0	0.902913
0	0.970874
0	0.970874
0	0.902913
0	0.975728
0	0.970874
0	0.902913
0	0.970874
0	0.898058
0	0.990291
0	0.966019
0	0.839806
0	0.975728
0	0.975728
0	0.985437
0	0.975728
0	0.975728
0	0.898058
0	0.839806
0	0.985437
0	0.985437
0	0.966019
0	0.839806
0	0.839806
0	0.839806
0	0.956311
0	0.927184
0	0.927184
0	0.898058
0	0.970874
0	0.839806
0	0.970874
0	0.902913
0	0.839806
0	0.898058
0	0.898058
0	0.966019
0	0.902913
0	0.839806
0	0.980583
0	0.941748
0	0.980583
0	0.839806
0	0.839806
0	0.898058
0	0.975728
0	0.970874
0	0.980583
0	0.970874
0	0.980583
0	0.990291
0	0.985437
0	0.927184
0	0.970874
0	0.970874
0	0.839806
0	0.898058
0	0.970874
0	0.839806
0	0.980583
0	0.970874
0	0.898058
0	0.990291
0	0.970874
0	0.985437
0	0.898058
0	0.902913
0	0.970874
0	0.970874
0	0.970874
0	0.975728
0	0.985437
0	0.975728
0	0.980583
0	0.985437
0	0.966019
0	0.970874
0	0.839806
0	0.990291
0	0.970874
0	0.92233
0	0.941748
0	0.970874
0	0.970874
0	0.966019
0	0.985437
0	0.990291
0	0.970874
0	0.966019
0	0.902913
0	0.970874
0	0.990291
0	0.990291
0	0.970874
0	0.975728
0	0.902913
0	0.985437
0	0.927184
0	0.990291
0	0.980583
0	0.956311
0	0.985437
0	0.966019
0	0.966019
0	0.956311
0	0.898058
0	0.941748
0	0.975728
0	0.975728
0	0.975728
0	0.990291
0	0.970874
0	0.898058
0	0.980583
0	0.980583
0	0.985437
0	0.902913
0	0.970874
0	0.966019
0	0.898058
0	0.985437
0	0.966019
0	0.966019
0	0.839806
0	0.990291
0	0.839806
0	0.970874
0	0.839806
0	0.927184
0	0.966019
0	0.966019
0	0.975728
0	0.980583
0	0.966019
0	0.970874
0	0.956311
0	0.990291
0	0.985437
0	0.985437
0	0.985437
0	0.980583
0	0.970874
0	0.970874
0	0.980583
0	0.985437
0	0.927184
0	0.966019
0	0.990291
0	0.975728
0	0.898058
0	0.902913
0	0.966019
0	0.902913
0	0.970874
0	0.975728
0	0.966019
0	0.975728
0	0.970874
0	0.980583
0	0.975728
0	0.985437
0	0.898058
0	0.839806
0	0.970874
0	0.990291
0	0.898058
0	0.980583
0	0.980583
0	0.980583
0	0.985437


