# Persistence diagram <GML/0494.gml>
#
# Dimension   : 1
# Entries     : 88
# Betti number: 87
0.938182	inf
0.945455	inf
0.945455	inf
0.945455	inf
0.945455	inf
0.945455	inf
0.945455	inf
0.945455	inf
0.945455	inf
0.945455	inf
0.945455	inf
0.945455	inf
0.945455	inf
0.956364	inf
0.956364	inf
0.956364	0.974545
0.96	inf
0.96	inf
0.96	inf
0.96	inf
0.967273	inf
0.970909	inf
0.970909	inf
0.970909	inf
0.970909	inf
0.970909	inf
0.970909	inf
0.974545	inf
0.974545	inf
0.974545	inf
0.974545	inf
0.978182	inf
0.978182	inf
0.978182	inf
0.978182	inf
0.978182	inf
0.978182	inf
0.978182	inf
0.978182	inf
0.978182	inf
0.978182	inf
0.978182	inf
0.978182	inf
0.978182	inf
0.978182	inf
0.978182	inf
0.978182	inf
0.978182	inf
0.978182	inf
0.981818	inf
0.981818	inf
0.981818	inf
0.981818	inf
0.981818	inf
0.981818	inf
0.981818	inf
0.985455	inf
0.985455	inf
0.985455	inf
0.985455	inf
0.985455	inf
0.985455	inf
0.985455	inf
0.985455	inf
0.985455	inf
0.985455	inf
0.989091	inf
0.989091	inf
0.989091	inf
0.989091	inf
0.989091	inf
0.989091	inf
0.989091	inf
0.989091	inf
0.989091	inf
0.989091	inf
0.989091	inf
0.992727	inf
0.992727	inf
0.992727	inf
0.992727	inf
0.992727	inf
0.992727	inf
0.992727	inf
0.992727	inf
0.992727	inf
0.992727	inf
0.992727	inf
