# Persistence diagram <GML/0494.gml>
#
# Dimension   : 0
# Entries     : 316
# Betti number: 6
0	inf
0	0.989091
0	0.978182
0	0.970909
0	0.992727
0	0.974545
0	0.952727
0	0.967273
0	0.974545
0	0.974545
0	0.981818
0	0.92
0	0.930909
0	0.992727
0	0.978182
0	0.956364
0	0.985455
0	0.992727
0	0.967273
0	0.992727
0	inf
0	0.985455
0	0.956364
0	0.992727
0	0.970909
0	0.981818
0	0.978182
0	0.978182
0	0.978182
0	0.985455
0	inf
0	0.992727
0	0.945455
0	0.974545
0	0.981818
0	0.992727
0	0.930909
0	0.956364
0	0.978182
0	0.992727
0	0.92
0	0.989091
0	0.970909
0	0.989091
0	0.981818
0	0.992727
0	0.974545
0	0.974545
0	0.930909
0	0.981818
0	0.989091
0	0.970909
0	0.92
0	0.952727
0	0.981818
0	0.92
0	0.978182
0	0.952727
0	0.92
0	0.978182
0	0.989091
0	0.992727
0	0.970909
0	0.985455
0	0.989091
0	0.992727
0	0.945455
0	0.981818
0	0.930909
0	0.967273
0	0.92
0	0.974545
0	0.974545
0	0.992727
0	0.989091
0	0.992727
0	0.967273
0	0.956364
0	0.989091
0	0.978182
0	0.985455
0	0.956364
0	0.981818
0	0.985455
0	0.981818
0	0.978182
0	0.978182
0	0.974545
0	0.952727
0	0.989091
0	0.952727
0	0.930909
0	0.952727
0	inf
0	0.992727
0	0.985455
0	0.981818
0	0.981818
0	0.974545
0	inf
0	0.989091
0	0.981818
0	0.989091
0	0.989091
0	0.981818
0	0.985455
0	0.992727
0	0.952727
0	0.992727
0	0.992727
0	0.967273
0	0.974545
0	0.952727
0	0.92
0	0.952727
0	0.989091
0	0.981818
0	0.992727
0	0.985455
0	0.978182
0	0.989091
0	0.956364
0	0.981818
0	0.974545
0	0.981818
0	0.974545
0	0.938182
0	0.952727
0	0.956364
0	0.952727
0	0.992727
0	0.974545
0	0.967273
0	0.985455
0	0.956364
0	0.985455
0	0.974545
0	0.956364
0	0.992727
0	0.989091
0	0.967273
0	0.981818
0	0.92
0	0.985455
0	0.92
0	0.981818
0	0.985455
0	0.978182
0	0.992727
0	0.967273
0	0.981818
0	0.989091
0	0.992727
0	0.930909
0	0.989091
0	0.938182
0	0.992727
0	0.930909
0	0.989091
0	0.981818
0	0.989091
0	0.938182
0	0.978182
0	0.92
0	0.992727
0	0.92
0	0.92
0	0.992727
0	0.989091
0	0.978182
0	inf
0	0.978182
0	0.967273
0	0.981818
0	0.978182
0	0.952727
0	0.989091
0	0.992727
0	0.992727
0	0.952727
0	0.974545
0	0.974545
0	0.952727
0	0.956364
0	0.981818
0	0.978182
0	0.952727
0	0.952727
0	0.974545
0	0.967273
0	0.985455
0	0.967273
0	0.985455
0	0.992727
0	0.930909
0	0.989091
0	0.930909
0	0.992727
0	0.92
0	0.967273
0	0.985455
0	0.985455
0	0.92
0	0.992727
0	0.92
0	0.996364
0	0.992727
0	0.978182
0	0.992727
0	0.96
0	0.967273
0	0.952727
0	0.981818
0	0.952727
0	0.992727
0	0.981818
0	0.985455
0	0.985455
0	0.952727
0	0.996364
0	0.992727
0	0.952727
0	0.992727
0	0.978182
0	0.996364
0	0.945455
0	0.978182
0	0.956364
0	0.992727
0	0.974545
0	0.989091
0	0.992727
0	0.985455
0	0.992727
0	0.974545
0	0.967273
0	0.952727
0	0.978182
0	0.985455
0	0.938182
0	0.938182
0	0.956364
0	0.974545
0	0.967273
0	0.956364
0	0.989091
0	0.930909
0	0.978182
0	0.992727
0	0.989091
0	0.96
0	0.978182
0	0.992727
0	0.92
0	0.92
0	0.989091
0	0.981818
0	0.967273
0	0.952727
0	0.970909
0	0.967273
0	0.992727
0	0.989091
0	0.967273
0	0.952727
0	0.92
0	0.985455
0	0.92
0	0.930909
0	0.92
0	0.930909
0	0.989091
0	0.970909
0	0.930909
0	0.992727
0	0.989091
0	0.956364
0	0.956364
0	0.992727
0	0.967273
0	0.978182
0	0.974545
0	0.992727
0	0.970909
0	0.981818
0	0.989091
0	0.981818
0	0.985455
0	0.981818
0	0.992727
0	0.989091
0	0.978182
0	0.974545
0	0.952727
0	0.985455
0	0.978182
0	0.992727
0	0.978182
0	0.989091
0	0.992727
0	0.952727
0	0.956364
0	0.978182
0	0.992727
0	0.985455
0	0.985455
0	0.978182
0	0.992727
0	0.989091
0	0.978182
0	0.956364
0	0.96
0	0.981818
0	0.938182
0	0.992727
0	0.930909


