# Persistence diagram <GML/0496.gml>
#
# Dimension   : 0
# Entries     : 244
# Betti number: 3
0	inf
0	0.790123
0	0.987654
0	0.975309
0	0.962963
0	0.975309
0	0.981481
0	0.938272
0	0.95679
0	0.969136
0	0.95679
0	0.876543
0	0.987654
0	0.919753
0	0.919753
0	0.790123
0	0.95679
0	0.95679
0	0.919753
0	0.981481
0	0.987654
0	0.95679
0	0.975309
0	0.95679
0	0.987654
0	0.987654
0	0.938272
0	0.962963
0	0.987654
0	0.925926
0	0.981481
0	0.790123
0	0.950617
0	0.981481
0	0.981481
0	0.987654
0	0.790123
0	0.962963
0	0.876543
0	0.987654
0	0.790123
0	0.981481
0	0.981481
0	0.962963
0	0.790123
0	0.962963
0	0.981481
0	0.981481
0	0.876543
0	0.944444
0	0.95679
0	0.790123
0	0.962963
0	0.938272
0	inf
0	0.790123
0	0.987654
0	0.919753
0	0.790123
0	0.981481
0	0.987654
0	0.975309
0	0.981481
0	0.876543
0	0.987654
0	0.790123
0	0.876543
0	0.790123
0	0.969136
0	0.790123
0	0.790123
0	0.790123
0	0.969136
0	0.962963
0	0.981481
0	0.981481
0	0.981481
0	0.790123
0	0.790123
0	0.975309
0	0.919753
0	0.790123
0	0.944444
0	0.925926
0	0.938272
0	0.95679
0	0.938272
0	0.944444
0	0.876543
0	0.987654
0	0.95679
0	0.987654
0	0.981481
0	0.95679
0	0.987654
0	0.919753
0	0.962963
0	0.962963
0	0.925926
0	0.981481
0	0.987654
0	0.981481
0	inf
0	0.95679
0	0.95679
0	0.987654
0	0.925926
0	0.987654
0	0.987654
0	0.962963
0	0.981481
0	0.876543
0	0.938272
0	0.962963
0	0.95679
0	0.95679
0	0.925926
0	0.981481
0	0.981481
0	0.95679
0	0.790123
0	0.987654
0	0.790123
0	0.987654
0	0.987654
0	0.919753
0	0.975309
0	0.944444
0	0.876543
0	0.790123
0	0.95679
0	0.876543
0	0.876543
0	0.919753
0	0.790123
0	0.981481
0	0.876543
0	0.981481
0	0.95679
0	0.790123
0	0.944444
0	0.919753
0	0.975309
0	0.919753
0	0.975309
0	0.987654
0	0.987654
0	0.790123
0	0.962963
0	0.95679
0	0.981481
0	0.962963
0	0.981481
0	0.987654
0	0.969136
0	0.95679
0	0.981481
0	0.919753
0	0.919753
0	0.987654
0	0.969136
0	0.95679
0	0.950617
0	0.987654
0	0.981481
0	0.975309
0	0.919753
0	0.790123
0	0.919753
0	0.987654
0	0.962963
0	0.981481
0	0.876543
0	0.962963
0	0.790123
0	0.987654
0	0.950617
0	0.876543
0	0.987654
0	0.944444
0	0.919753
0	0.975309
0	0.919753
0	0.993827
0	0.876543
0	0.981481
0	0.95679
0	0.981481
0	0.919753
0	0.981481
0	0.987654
0	0.981481
0	0.962963
0	0.938272
0	0.95679
0	0.962963
0	0.95679
0	0.790123
0	0.975309
0	0.919753
0	0.919753
0	0.790123
0	0.962963
0	0.975309
0	0.962963
0	0.981481
0	0.981481
0	0.944444
0	0.95679
0	0.95679
0	0.95679
0	0.950617
0	0.876543
0	0.975309
0	0.95679
0	0.919753
0	0.987654
0	0.969136
0	0.938272
0	0.790123
0	0.876543
0	0.975309
0	0.987654
0	0.944444
0	0.919753
0	0.962963
0	0.981481
0	0.944444
0	0.876543
0	0.993827
0	0.925926
0	0.987654
0	0.925926
0	0.981481
0	0.981481
0	0.987654
0	0.962963
0	0.95679
0	0.944444
0	0.981481
0	0.95679
0	0.969136
0	0.790123
0	0.95679


