# Persistence diagram <GML/0497.gml>
#
# Dimension   : 0
# Entries     : 74
# Betti number: 2
0	inf
0	0.952381
0	0.928571
0	0.880952
0	0.928571
0	0.857143
0	0.904762
0	0.857143
0	0.952381
0	0.904762
0	0.928571
0	0.833333
0	0.952381
0	0.952381
0	0.857143
0	0.833333
0	0.904762
0	0.904762
0	0.952381
0	0.952381
0	0.928571
0	0.952381
0	0.952381
0	0.928571
0	0.928571
0	0.904762
0	0.904762
0	0.880952
0	0.928571
0	0.857143
0	0.928571
0	0.833333
0	0.880952
0	0.857143
0	0.928571
0	0.928571
0	0.952381
0	0.952381
0	0.857143
0	inf
0	0.857143
0	0.904762
0	0.880952
0	0.833333
0	0.952381
0	0.952381
0	0.857143
0	0.904762
0	0.833333
0	0.952381
0	0.833333
0	0.928571
0	0.952381
0	0.928571
0	0.904762
0	0.928571
0	0.904762
0	0.952381
0	0.952381
0	0.833333
0	0.952381
0	0.952381
0	0.97619
0	0.952381
0	0.857143
0	0.880952
0	0.928571
0	0.904762
0	0.952381
0	0.928571
0	0.857143
0	0.880952
0	0.904762
0	0.928571


