# Persistence diagram <GML/0499.gml>
#
# Dimension   : 0
# Entries     : 186
# Betti number: 1
0	inf
0	0.986301
0	0.972603
0	0.977169
0	0.968037
0	0.972603
0	0.977169
0	0.990868
0	0.968037
0	0.858447
0	0.968037
0	0.981735
0	0.968037
0	0.858447
0	0.968037
0	0.977169
0	0.972603
0	0.968037
0	0.986301
0	0.949772
0	0.972603
0	0.931507
0	0.986301
0	0.977169
0	0.972603
0	0.931507
0	0.977169
0	0.972603
0	0.972603
0	0.990868
0	0.981735
0	0.972603
0	0.986301
0	0.968037
0	0.858447
0	0.981735
0	0.977169
0	0.940639
0	0.990868
0	0.949772
0	0.990868
0	0.858447
0	0.858447
0	0.958904
0	0.990868
0	0.990868
0	0.981735
0	0.949772
0	0.858447
0	0.940639
0	0.949772
0	0.990868
0	0.949772
0	0.858447
0	0.858447
0	0.977169
0	0.977169
0	0.940639
0	0.972603
0	0.972603
0	0.977169
0	0.981735
0	0.940639
0	0.986301
0	0.981735
0	0.968037
0	0.968037
0	0.858447
0	0.977169
0	0.858447
0	0.981735
0	0.858447
0	0.990868
0	0.990868
0	0.990868
0	0.958904
0	0.981735
0	0.977169
0	0.940639
0	0.96347
0	0.990868
0	0.986301
0	0.977169
0	0.958904
0	0.949772
0	0.968037
0	0.96347
0	0.858447
0	0.931507
0	0.931507
0	0.858447
0	0.972603
0	0.858447
0	0.940639
0	0.986301
0	0.981735
0	0.958904
0	0.986301
0	0.949772
0	0.986301
0	0.981735
0	0.986301
0	0.972603
0	0.945205
0	0.981735
0	0.981735
0	0.958904
0	0.96347
0	0.981735
0	0.931507
0	0.977169
0	0.977169
0	0.858447
0	0.981735
0	0.986301
0	0.931507
0	0.981735
0	0.972603
0	0.96347
0	0.958904
0	0.990868
0	0.986301
0	0.858447
0	0.931507
0	0.972603
0	0.977169
0	0.858447
0	0.858447
0	0.940639
0	0.931507
0	0.858447
0	0.940639
0	0.990868
0	0.986301
0	0.931507
0	0.977169
0	0.96347
0	0.972603
0	0.858447
0	0.990868
0	0.972603
0	0.972603
0	0.858447
0	0.972603
0	0.858447
0	0.981735
0	0.981735
0	0.949772
0	0.931507
0	0.986301
0	0.972603
0	0.986301
0	0.958904
0	0.986301
0	0.968037
0	0.972603
0	0.990868
0	0.949772
0	0.990868
0	0.858447
0	0.981735
0	0.949772
0	0.977169
0	0.96347
0	0.977169
0	0.949772
0	0.858447
0	0.858447
0	0.949772
0	0.972603
0	0.949772
0	0.990868
0	0.931507
0	0.931507
0	0.968037
0	0.990868
0	0.986301
0	0.940639
0	0.949772
0	0.972603
0	0.858447
0	0.977169
0	0.949772
0	0.986301
0	0.972603
0	0.940639


