# Persistence diagram <GML/0501.gml>
#
# Dimension   : 0
# Entries     : 845
# Betti number: 11
0	inf
0	0.968553
0	0.949686
0	0.949686
0	0.886792
0	0.899371
0	0.880503
0	0.987421
0	0.811321
0	0.811321
0	0.91195
0	0.968553
0	0.987421
0	0.987421
0	0.949686
0	0.899371
0	0.949686
0	0.974843
0	0.867925
0	0.955975
0	0.955975
0	0.899371
0	0.943396
0	0.962264
0	0.886792
0	0.924528
0	0.842767
0	0.955975
0	0.880503
0	0.987421
0	0.962264
0	0.937107
0	0.880503
0	0.981132
0	0.981132
0	0.987421
0	0.968553
0	0.91195
0	0.968553
0	0.962264
0	0.930818
0	0.968553
0	0.937107
0	0.962264
0	0.91195
0	0.962264
0	0.880503
0	0.811321
0	0.91195
0	0.899371
0	0.91195
0	0.880503
0	0.930818
0	0.930818
0	0.924528
0	0.981132
0	0.811321
0	0.861635
0	0.949686
0	0.962264
0	0.91195
0	0.811321
0	0.91195
0	0.962264
0	0.867925
0	0.968553
0	0.949686
0	0.899371
0	0.987421
0	0.842767
0	0.842767
0	0.811321
0	0.974843
0	0.981132
0	0.930818
0	0.981132
0	0.930818
0	0.949686
0	0.974843
0	0.886792
0	0.955975
0	0.937107
0	0.955975
0	0.90566
0	0.874214
0	0.943396
0	0.987421
0	0.974843
0	0.842767
0	0.962264
0	0.968553
0	0.937107
0	0.91195
0	0.899371
0	0.987421
0	0.867925
0	0.968553
0	0.962264
0	0.987421
0	0.880503
0	0.962264
0	0.962264
0	0.968553
0	0.981132
0	0.955975
0	0.949686
0	0.91195
0	inf
0	0.880503
0	0.91195
0	0.886792
0	0.842767
0	0.880503
0	0.943396
0	0.981132
0	0.899371
0	0.880503
0	0.968553
0	0.880503
0	0.930818
0	0.981132
0	0.930818
0	0.962264
0	0.899371
0	0.90566
0	0.91195
0	0.899371
0	0.949686
0	0.981132
0	0.880503
0	0.842767
0	0.968553
0	0.91195
0	0.974843
0	0.962264
0	0.937107
0	0.899371
0	0.867925
0	0.949686
0	0.861635
0	0.955975
0	0.91195
0	0.962264
0	0.949686
0	0.968553
0	0.955975
0	0.968553
0	0.924528
0	0.981132
0	0.943396
0	0.974843
0	0.867925
0	0.874214
0	0.981132
0	0.968553
0	0.987421
0	0.943396
0	0.981132
0	0.811321
0	0.930818
0	0.987421
0	0.880503
0	0.974843
0	0.974843
0	0.981132
0	0.880503
0	0.880503
0	0.974843
0	0.955975
0	0.90566
0	0.899371
0	0.91195
0	0.861635
0	0.981132
0	0.880503
0	0.886792
0	0.955975
0	0.987421
0	0.811321
0	0.880503
0	0.962264
0	0.842767
0	0.861635
0	0.899371
0	0.981132
0	0.981132
0	0.962264
0	0.90566
0	0.981132
0	0.880503
0	0.974843
0	0.968553
0	0.874214
0	0.981132
0	0.974843
0	0.968553
0	0.867925
0	0.987421
0	0.974843
0	0.811321
0	0.937107
0	0.937107
0	0.987421
0	0.968553
0	0.949686
0	0.880503
0	0.968553
0	0.899371
0	0.987421
0	0.842767
0	0.874214
0	0.842767
0	0.974843
0	0.811321
0	0.981132
0	0.930818
0	0.949686
0	0.937107
0	0.899371
0	0.861635
0	0.899371
0	0.962264
0	0.968553
0	0.842767
0	0.955975
0	0.880503
0	0.930818
0	0.981132
0	0.955975
0	0.930818
0	0.949686
0	0.842767
0	0.943396
0	0.987421
0	0.886792
0	0.91195
0	0.955975
0	inf
0	0.937107
0	0.930818
0	0.968553
0	inf
0	0.968553
0	0.861635
0	0.943396
0	0.937107
0	0.937107
0	0.974843
0	0.937107
0	inf
0	0.974843
0	0.949686
0	0.949686
0	0.867925
0	0.987421
0	0.880503
0	0.962264
0	0.981132
0	0.899371
0	0.962264
0	0.955975
0	0.91195
0	0.987421
0	0.874214
0	0.937107
0	0.981132
0	0.937107
0	0.962264
0	0.987421
0	0.943396
0	0.949686
0	0.874214
0	0.981132
0	0.987421
0	0.867925
0	0.974843
0	0.91195
0	0.930818
0	0.91195
0	0.811321
0	0.968553
0	0.861635
0	0.987421
0	0.987421
0	0.968553
0	0.955975
0	0.842767
0	0.943396
0	0.90566
0	0.899371
0	0.937107
0	0.91195
0	0.987421
0	0.842767
0	0.899371
0	0.974843
0	0.955975
0	0.987421
0	0.968553
0	0.974843
0	0.968553
0	0.886792
0	0.949686
0	0.962264
0	0.949686
0	0.962264
0	0.842767
0	0.974843
0	0.987421
0	0.981132
0	0.987421
0	0.842767
0	0.987421
0	0.987421
0	0.974843
0	0.981132
0	0.842767
0	0.861635
0	0.91195
0	0.90566
0	0.937107
0	0.842767
0	0.987421
0	0.861635
0	0.899371
0	0.962264
0	0.949686
0	inf
0	0.861635
0	0.974843
0	0.899371
0	0.949686
0	0.91195
0	0.842767
0	0.955975
0	0.943396
0	0.880503
0	0.974843
0	0.861635
0	0.974843
0	0.937107
0	0.943396
0	0.91195
0	0.874214
0	0.949686
0	0.974843
0	0.930818
0	0.974843
0	0.987421
0	0.937107
0	0.968553
0	0.987421
0	inf
0	0.91195
0	0.987421
0	0.987421
0	0.91195
0	0.943396
0	0.968553
0	inf
0	0.930818
0	0.811321
0	0.968553
0	0.974843
0	0.981132
0	0.842767
0	0.993711
0	0.974843
0	0.949686
0	0.962264
0	0.962264
0	0.974843
0	0.924528
0	0.811321
0	0.987421
0	0.930818
0	0.937107
0	inf
0	0.842767
0	0.974843
0	0.974843
0	0.90566
0	0.90566
0	0.955975
0	0.968553
0	0.886792
0	0.861635
0	0.962264
0	0.842767
0	0.981132
0	0.937107
0	0.811321
0	0.842767
0	0.962264
0	0.987421
0	0.968553
0	0.974843
0	0.955975
0	0.899371
0	0.974843
0	0.899371
0	0.962264
0	0.937107
0	0.937107
0	0.867925
0	0.962264
0	0.981132
0	0.937107
0	0.943396
0	0.987421
0	0.949686
0	0.968553
0	0.968553
0	0.974843
0	0.987421
0	0.955975
0	0.987421
0	0.880503
0	0.962264
0	0.968553
0	0.842767
0	0.842767
0	0.974843
0	0.962264
0	0.955975
0	0.987421
0	0.842767
0	0.842767
0	0.861635
0	0.974843
0	0.91195
0	0.937107
0	0.981132
0	0.968553
0	0.861635
0	0.886792
0	0.937107
0	0.968553
0	0.981132
0	0.811321
0	0.90566
0	0.968553
0	0.937107
0	0.924528
0	0.899371
0	0.962264
0	0.962264
0	0.987421
0	0.974843
0	0.930818
0	0.930818
0	0.981132
0	0.91195
0	0.987421
0	0.943396
0	0.930818
0	0.968553
0	0.968553
0	0.974843
0	0.968553
0	0.811321
0	0.981132
0	0.981132
0	0.968553
0	0.949686
0	0.880503
0	0.981132
0	0.874214
0	0.962264
0	0.987421
0	0.91195
0	0.981132
0	0.811321
0	0.930818
0	0.930818
0	0.943396
0	0.874214
0	0.886792
0	0.943396
0	0.962264
0	0.880503
0	0.867925
0	0.91195
0	0.968553
0	0.968553
0	0.987421
0	0.949686
0	0.811321
0	0.937107
0	0.981132
0	0.968553
0	0.974843
0	0.930818
0	0.861635
0	0.867925
0	0.880503
0	0.981132
0	0.949686
0	0.811321
0	0.981132
0	0.993711
0	0.962264
0	0.968553
0	0.880503
0	0.968553
0	0.949686
0	0.842767
0	0.886792
0	0.981132
0	0.987421
0	0.968553
0	0.955975
0	0.968553
0	0.924528
0	0.874214
0	0.974843
0	0.861635
0	0.842767
0	0.924528
0	0.949686
0	0.955975
0	0.811321
0	0.842767
0	0.955975
0	0.937107
0	0.981132
0	0.886792
0	0.899371
0	0.880503
0	0.968553
0	0.949686
0	0.899371
0	0.955975
0	0.886792
0	0.930818
0	0.987421
0	0.874214
0	0.842767
0	0.987421
0	0.987421
0	0.91195
0	0.974843
0	0.962264
0	0.899371
0	0.91195
0	0.949686
0	0.987421
0	0.962264
0	0.91195
0	0.987421
0	0.949686
0	0.949686
0	0.968553
0	0.91195
0	0.974843
0	0.949686
0	0.981132
0	0.962264
0	0.955975
0	0.987421
0	0.987421
0	0.962264
0	0.930818
0	0.962264
0	0.811321
0	0.962264
0	0.993711
0	0.974843
0	0.968553
0	0.962264
0	0.987421
0	0.949686
0	0.91195
0	0.943396
0	inf
0	0.937107
0	0.930818
0	0.981132
0	0.924528
0	0.91195
0	0.987421
0	0.937107
0	0.993711
0	0.955975
0	0.886792
0	0.955975
0	0.91195
0	0.987421
0	0.91195
0	0.842767
0	0.987421
0	0.955975
0	0.91195
0	0.899371
0	0.842767
0	0.937107
0	0.962264
0	0.924528
0	0.943396
0	0.968553
0	0.899371
0	0.90566
0	0.962264
0	0.943396
0	0.981132
0	0.899371
0	0.974843
0	0.937107
0	0.937107
0	0.811321
0	0.949686
0	0.842767
0	0.943396
0	0.987421
0	0.943396
0	0.987421
0	0.899371
0	0.930818
0	0.861635
0	0.943396
0	0.987421
0	0.867925
0	0.842767
0	0.987421
0	0.981132
0	0.886792
0	0.981132
0	0.981132
0	0.842767
0	0.91195
0	0.811321
0	0.943396
0	0.987421
0	0.924528
0	0.981132
0	0.937107
0	0.962264
0	0.974843
0	0.949686
0	0.981132
0	0.867925
0	0.874214
0	0.937107
0	0.90566
0	0.943396
0	0.974843
0	0.955975
0	0.842767
0	0.937107
0	0.91195
0	0.962264
0	0.943396
0	0.91195
0	0.943396
0	0.987421
0	0.974843
0	0.949686
0	0.974843
0	0.861635
0	0.880503
0	0.811321
0	0.943396
0	0.937107
0	0.861635
0	0.974843
0	0.968553
0	0.962264
0	0.886792
0	0.968553
0	0.899371
0	0.968553
0	0.968553
0	0.968553
0	0.962264
0	0.842767
0	0.962264
0	0.981132
0	0.981132
0	0.974843
0	0.886792
0	0.974843
0	0.955975
0	0.91195
0	0.842767
0	0.981132
0	0.924528
0	0.981132
0	0.981132
0	0.981132
0	0.962264
0	0.962264
0	0.981132
0	0.91195
0	0.930818
0	0.962264
0	0.949686
0	0.968553
0	0.886792
0	0.968553
0	0.974843
0	0.974843
0	0.924528
0	0.90566
0	0.930818
0	0.968553
0	0.811321
0	0.981132
0	0.899371
0	0.899371
0	0.968553
0	0.974843
0	0.943396
0	0.861635
0	0.968553
0	0.974843
0	0.981132
0	0.880503
0	0.842767
0	0.880503
0	0.974843
0	0.937107
0	0.981132
0	0.880503
0	0.987421
0	0.91195
0	0.981132
0	0.930818
0	0.842767
0	0.962264
0	0.930818
0	0.962264
0	0.987421
0	0.924528
0	0.968553
0	0.930818
0	0.880503
0	0.880503
0	0.949686
0	0.981132
0	0.987421
0	0.874214
0	0.987421
0	0.968553
0	0.981132
0	0.987421
0	0.91195
0	0.981132
0	0.981132
0	0.962264
0	0.930818
0	0.880503
0	0.974843
0	0.949686
0	0.924528
0	0.880503
0	0.943396
0	0.974843
0	0.880503
0	0.981132
0	inf
0	0.993711
0	0.937107
0	0.974843
0	0.987421
0	0.974843
0	0.899371
0	0.930818
0	0.811321
0	0.987421
0	0.874214
0	0.924528
0	0.993711
0	0.937107
0	0.987421
0	0.842767
0	0.930818
0	0.987421
0	0.955975
0	0.949686
0	0.867925
0	0.987421
0	0.981132
0	0.811321
0	0.968553
0	0.867925
0	0.987421
0	0.899371
0	0.981132
0	0.949686
0	0.937107
0	0.924528
0	0.861635
0	0.867925
0	0.937107
0	0.993711
0	0.949686
0	0.981132
0	0.974843
0	0.981132
0	0.981132
0	0.867925
0	0.937107
0	0.981132
0	0.867925
0	0.981132
0	0.91195
0	0.962264
0	0.962264
0	0.968553
0	0.899371
0	0.981132
0	0.968553
0	0.842767
0	0.987421
0	0.968553
0	0.842767
0	0.949686
0	0.842767
0	0.949686
0	0.981132
0	0.981132
0	0.974843
0	0.811321
0	0.962264
0	0.987421
0	0.949686
0	0.981132
0	0.842767
0	0.91195
0	0.962264
0	0.987421
0	0.937107
0	0.981132
0	0.943396
0	0.955975
0	0.981132
0	0.974843
0	0.962264
0	0.874214
0	0.91195
0	0.874214
0	0.924528
0	0.842767
0	0.899371
0	0.981132


