# Persistence diagram <GML/0503.gml>
#
# Dimension   : 1
# Entries     : 97
# Betti number: 97
0.971332	inf
0.974705	inf
0.976391	inf
0.976391	inf
0.976391	inf
0.976391	inf
0.976391	inf
0.976391	inf
0.976391	inf
0.979764	inf
0.979764	inf
0.979764	inf
0.98145	inf
0.983137	inf
0.983137	inf
0.983137	inf
0.983137	inf
0.984823	inf
0.984823	inf
0.984823	inf
0.984823	inf
0.984823	inf
0.984823	inf
0.986509	inf
0.986509	inf
0.986509	inf
0.988196	inf
0.988196	inf
0.988196	inf
0.988196	inf
0.988196	inf
0.988196	inf
0.988196	inf
0.989882	inf
0.989882	inf
0.989882	inf
0.991568	inf
0.991568	inf
0.991568	inf
0.991568	inf
0.991568	inf
0.991568	inf
0.991568	inf
0.991568	inf
0.991568	inf
0.991568	inf
0.991568	inf
0.991568	inf
0.991568	inf
0.991568	inf
0.991568	inf
0.991568	inf
0.991568	inf
0.991568	inf
0.991568	inf
0.993255	inf
0.993255	inf
0.993255	inf
0.993255	inf
0.993255	inf
0.993255	inf
0.993255	inf
0.993255	inf
0.994941	inf
0.994941	inf
0.994941	inf
0.994941	inf
0.994941	inf
0.994941	inf
0.994941	inf
0.994941	inf
0.994941	inf
0.994941	inf
0.994941	inf
0.994941	inf
0.994941	inf
0.994941	inf
0.994941	inf
0.994941	inf
0.994941	inf
0.994941	inf
0.994941	inf
0.994941	inf
0.996627	inf
0.996627	inf
0.996627	inf
0.996627	inf
0.996627	inf
0.996627	inf
0.996627	inf
0.996627	inf
0.996627	inf
0.996627	inf
0.996627	inf
0.996627	inf
0.996627	inf
0.996627	inf
