# Persistence diagram <GML/0503.gml>
#
# Dimension   : 0
# Entries     : 713
# Betti number: 22
0	inf
0	0.98145
0	0.984823
0	0.974705
0	0.971332
0	0.988196
0	0.993255
0	0.994941
0	0.991568
0	0.98145
0	0.962901
0	inf
0	0.989882
0	0.986509
0	0.962901
0	0.994941
0	0.971332
0	0.993255
0	0.991568
0	0.984823
0	0.951096
0	inf
0	0.993255
0	0.974705
0	0.974705
0	0.994941
0	0.994941
0	0.976391
0	0.98145
0	0.996627
0	0.994941
0	0.962901
0	0.989882
0	0.984823
0	0.991568
0	0.989882
0	0.974705
0	inf
0	0.996627
0	0.994941
0	0.988196
0	0.996627
0	0.962901
0	0.983137
0	0.984823
0	0.993255
0	0.989882
0	0.986509
0	0.971332
0	0.971332
0	0.989882
0	0.974705
0	0.986509
0	0.991568
0	0.984823
0	0.976391
0	0.996627
0	0.974705
0	0.951096
0	0.996627
0	0.96796
0	0.984823
0	0.976391
0	0.984823
0	0.96796
0	0.971332
0	0.984823
0	0.991568
0	0.983137
0	0.994941
0	0.991568
0	0.996627
0	0.976391
0	0.983137
0	0.98145
0	0.984823
0	0.984823
0	0.996627
0	0.984823
0	0.988196
0	0.994941
0	0.951096
0	0.994941
0	0.988196
0	0.994941
0	0.98145
0	0.996627
0	0.994941
0	0.996627
0	0.996627
0	0.951096
0	0.98145
0	inf
0	0.991568
0	0.996627
0	0.989882
0	0.993255
0	0.976391
0	0.962901
0	0.986509
0	0.96796
0	0.993255
0	0.991568
0	0.984823
0	0.984823
0	0.993255
0	0.979764
0	0.988196
0	0.986509
0	0.993255
0	0.971332
0	0.976391
0	0.988196
0	inf
0	0.989882
0	0.976391
0	0.989882
0	0.974705
0	0.976391
0	0.971332
0	0.996627
0	0.996627
0	0.996627
0	0.996627
0	0.951096
0	0.989882
0	0.979764
0	0.993255
0	0.996627
0	0.988196
0	0.994941
0	0.986509
0	0.976391
0	inf
0	0.993255
0	0.996627
0	0.996627
0	0.991568
0	0.988196
0	0.951096
0	0.993255
0	0.996627
0	0.98145
0	0.991568
0	0.989882
0	0.991568
0	0.993255
0	0.951096
0	0.989882
0	0.994941
0	0.994941
0	0.994941
0	0.996627
0	0.989882
0	0.974705
0	0.988196
0	0.96796
0	0.989882
0	0.971332
0	0.998314
0	0.989882
0	0.989882
0	0.976391
0	0.996627
0	0.98145
0	0.994941
0	0.993255
0	0.988196
0	0.974705
0	0.976391
0	0.996627
0	0.994941
0	0.976391
0	0.996627
0	0.994941
0	0.996627
0	0.974705
0	0.974705
0	0.996627
0	0.984823
0	0.976391
0	0.976391
0	0.994941
0	0.98145
0	inf
0	0.98145
0	0.996627
0	0.996627
0	0.988196
0	0.986509
0	0.993255
0	0.984823
0	0.993255
0	0.976391
0	0.994941
0	0.971332
0	0.996627
0	0.983137
0	0.994941
0	0.993255
0	0.979764
0	0.983137
0	0.983137
0	0.986509
0	0.976391
0	0.974705
0	0.962901
0	0.994941
0	0.962901
0	0.983137
0	0.96796
0	0.996627
0	0.994941
0	0.989882
0	0.98145
0	0.994941
0	0.991568
0	0.988196
0	0.988196
0	0.986509
0	0.98145
0	0.986509
0	0.994941
0	0.962901
0	inf
0	0.988196
0	0.976391
0	0.994941
0	0.986509
0	0.976391
0	inf
0	0.991568
0	0.951096
0	0.994941
0	0.993255
0	0.993255
0	0.993255
0	0.962901
0	0.988196
0	0.994941
0	0.993255
0	0.996627
0	0.994941
0	0.996627
0	0.989882
0	0.994941
0	0.976391
0	0.984823
0	0.994941
0	0.996627
0	0.951096
0	0.996627
0	0.974705
0	0.993255
0	0.98145
0	0.988196
0	0.994941
0	0.996627
0	0.991568
0	inf
0	0.996627
0	0.98145
0	0.994941
0	0.994941
0	0.976391
0	0.988196
0	0.996627
0	0.962901
0	0.984823
0	0.951096
0	0.991568
0	0.996627
0	0.994941
0	0.951096
0	0.996627
0	0.986509
0	0.994941
0	0.98145
0	inf
0	0.996627
0	0.951096
0	0.986509
0	0.983137
0	0.994941
0	0.991568
0	0.991568
0	0.976391
0	0.971332
0	0.994941
0	0.989882
0	0.986509
0	0.976391
0	0.974705
0	0.974705
0	0.984823
0	0.971332
0	0.991568
0	0.986509
0	0.976391
0	0.991568
0	0.991568
0	0.976391
0	0.971332
0	0.996627
0	0.986509
0	inf
0	0.991568
0	0.988196
0	0.996627
0	0.994941
0	0.974705
0	0.976391
0	0.98145
0	0.989882
0	0.984823
0	0.993255
0	0.991568
0	0.976391
0	0.993255
0	0.993255
0	0.986509
0	0.996627
0	0.951096
0	0.988196
0	0.996627
0	0.974705
0	0.996627
0	0.991568
0	0.976391
0	0.988196
0	0.994941
0	0.996627
0	0.993255
0	0.986509
0	0.988196
0	0.983137
0	0.962901
0	0.976391
0	inf
0	0.993255
0	0.994941
0	0.993255
0	0.984823
0	0.976391
0	0.988196
0	0.993255
0	0.98145
0	0.984823
0	0.984823
0	0.994941
0	0.989882
0	0.994941
0	0.989882
0	0.994941
0	0.994941
0	0.993255
0	0.96796
0	0.984823
0	0.996627
0	0.994941
0	0.951096
0	0.996627
0	0.996627
0	0.989882
0	0.988196
0	0.974705
0	0.991568
0	0.996627
0	0.983137
0	0.98145
0	0.984823
0	0.951096
0	0.996627
0	0.951096
0	0.988196
0	0.989882
0	0.994941
0	0.994941
0	0.996627
0	0.96796
0	0.998314
0	0.996627
0	0.994941
0	0.991568
0	0.983137
0	0.996627
0	0.986509
0	0.974705
0	0.996627
0	0.989882
0	0.962901
0	0.994941
0	0.993255
0	0.994941
0	0.971332
0	0.984823
0	0.994941
0	0.951096
0	0.993255
0	inf
0	0.998314
0	0.98145
0	inf
0	0.96796
0	0.96796
0	0.996627
0	0.974705
0	0.991568
0	inf
0	0.986509
0	0.974705
0	0.984823
0	inf
0	0.993255
0	0.984823
0	0.994941
0	0.994941
0	0.98145
0	0.993255
0	0.996627
0	0.996627
0	0.993255
0	0.971332
0	0.994941
0	0.988196
0	0.971332
0	0.996627
0	0.994941
0	0.986509
0	0.976391
0	0.991568
0	0.96796
0	0.962901
0	0.993255
0	0.974705
0	0.993255
0	0.976391
0	0.974705
0	0.974705
0	0.98145
0	0.951096
0	0.989882
0	0.974705
0	0.996627
0	0.994941
0	0.989882
0	0.976391
0	0.996627
0	0.98145
0	0.998314
0	0.986509
0	0.983137
0	0.976391
0	0.976391
0	0.98145
0	0.994941
0	0.986509
0	0.98145
0	0.984823
0	0.974705
0	0.996627
0	0.962901
0	inf
0	0.996627
0	0.974705
0	0.994941
0	0.984823
0	0.976391
0	0.986509
0	0.988196
0	0.993255
0	0.984823
0	0.971332
0	0.989882
0	0.993255
0	0.979764
0	0.986509
0	0.996627
0	0.986509
0	0.971332
0	0.991568
0	0.951096
0	0.976391
0	0.989882
0	0.994941
0	0.983137
0	0.983137
0	0.993255
0	0.979764
0	0.994941
0	0.986509
0	0.979764
0	0.974705
0	0.98145
0	0.994941
0	0.962901
0	0.976391
0	0.994941
0	0.976391
0	0.98145
0	0.989882
0	0.993255
0	0.993255
0	0.971332
0	0.984823
0	0.971332
0	0.976391
0	0.989882
0	0.976391
0	0.991568
0	0.996627
0	0.988196
0	0.993255
0	0.993255
0	0.989882
0	0.991568
0	inf
0	0.98145
0	0.962901
0	0.991568
0	0.996627
0	0.988196
0	0.98145
0	0.993255
0	0.991568
0	0.98145
0	0.971332
0	0.991568
0	0.951096
0	0.991568
0	0.996627
0	0.996627
0	0.998314
0	0.962901
0	0.996627
0	0.996627
0	0.971332
0	0.991568
0	0.989882
0	0.971332
0	0.993255
0	0.962901
0	0.976391
0	0.983137
0	0.984823
0	0.991568
0	0.989882
0	0.989882
0	0.993255
0	0.996627
0	0.951096
0	0.993255
0	0.988196
0	0.984823
0	0.983137
0	0.991568
0	0.962901
0	0.976391
0	0.996627
0	0.988196
0	0.976391
0	0.989882
0	0.994941
0	0.984823
0	0.983137
0	0.993255
0	0.983137
0	0.986509
0	0.998314
0	0.951096
0	0.971332
0	0.996627
0	0.993255
0	0.998314
0	0.996627
0	inf
0	0.989882
0	0.98145
0	0.988196
0	0.991568
0	0.989882
0	0.994941
0	0.996627
0	0.994941
0	0.988196
0	0.96796
0	0.993255
0	0.993255
0	0.996627
0	0.991568
0	0.98145
0	0.998314
0	0.98145
0	0.98145
0	0.988196
0	0.994941
0	0.974705
0	0.976391
0	0.989882
0	0.986509
0	0.976391
0	inf
0	0.998314
0	0.971332
0	0.991568
0	0.951096
0	0.993255
0	0.996627
0	0.988196
0	0.993255
0	0.993255
0	0.98145
0	0.976391
0	0.994941
0	0.986509
0	0.974705
0	0.971332
0	0.994941
0	0.976391
0	0.996627
0	0.98145
0	0.993255
0	0.991568
0	0.996627
0	0.974705
0	0.993255
0	0.962901
0	0.984823
0	0.993255
0	0.993255
0	0.996627
0	0.989882
0	0.988196
0	0.989882
0	0.993255
0	0.988196
0	0.998314
0	0.989882
0	0.976391
0	0.993255
0	0.984823
0	0.989882
0	0.996627
0	0.976391
0	0.976391
0	0.998314
0	0.998314
0	0.976391
0	0.993255
0	0.98145
0	0.96796
0	0.991568
0	0.996627
0	0.994941
0	0.974705
0	0.996627
0	0.991568
0	0.983137
0	0.98145
0	0.971332
0	0.98145
0	0.994941
0	0.989882
0	0.994941
0	0.971332
0	0.974705
0	0.989882
0	0.994941
0	0.996627
0	0.996627
0	0.984823
0	0.962901
0	0.993255
0	0.96796
0	0.98145
0	0.994941
0	0.993255
0	0.974705
0	0.991568
0	0.993255
0	0.996627
0	0.996627
0	0.974705
0	0.984823
0	0.96796
0	0.976391
0	0.998314
0	0.993255
0	0.991568
0	0.994941
0	0.986509
0	0.998314
0	0.994941
0	0.984823
0	0.984823
0	0.993255
0	0.994941
0	0.988196
0	0.991568
0	0.991568
0	0.974705
0	0.994941
0	0.994941
0	0.993255
0	0.971332
0	0.994941
0	0.96796
0	0.974705
0	0.983137
0	0.96796
0	0.998314
0	0.993255
0	0.971332


