# Persistence diagram <GML/0504.gml>
#
# Dimension   : 1
# Entries     : 107
# Betti number: 107
0.965714	inf
0.965714	inf
0.965714	inf
0.977143	inf
0.977143	inf
0.984286	inf
0.984286	inf
0.985714	inf
0.985714	inf
0.987143	inf
0.987143	inf
0.987143	inf
0.987143	inf
0.987143	inf
0.987143	inf
0.987143	inf
0.987143	inf
0.987143	inf
0.987143	inf
0.988571	inf
0.988571	inf
0.988571	inf
0.988571	inf
0.988571	inf
0.988571	inf
0.988571	inf
0.988571	inf
0.99	inf
0.99	inf
0.99	inf
0.99	inf
0.99	inf
0.99	inf
0.99	inf
0.99	inf
0.99	inf
0.991429	inf
0.991429	inf
0.991429	inf
0.991429	inf
0.991429	inf
0.991429	inf
0.991429	inf
0.991429	inf
0.991429	inf
0.991429	inf
0.991429	inf
0.991429	inf
0.991429	inf
0.991429	inf
0.991429	inf
0.991429	inf
0.991429	inf
0.991429	inf
0.992857	inf
0.992857	inf
0.992857	inf
0.992857	inf
0.992857	inf
0.992857	inf
0.992857	inf
0.992857	inf
0.992857	inf
0.994286	inf
0.994286	inf
0.994286	inf
0.994286	inf
0.994286	inf
0.994286	inf
0.994286	inf
0.994286	inf
0.994286	inf
0.994286	inf
0.995714	inf
0.995714	inf
0.995714	inf
0.995714	inf
0.995714	inf
0.995714	inf
0.995714	inf
0.995714	inf
0.995714	inf
0.995714	inf
0.995714	inf
0.995714	inf
0.995714	inf
0.995714	inf
0.995714	inf
0.995714	inf
0.995714	inf
0.995714	inf
0.997143	inf
0.997143	inf
0.997143	inf
0.997143	inf
0.997143	inf
0.997143	inf
0.997143	inf
0.997143	inf
0.997143	inf
0.997143	inf
0.997143	inf
0.997143	inf
0.997143	inf
0.997143	inf
0.997143	inf
0.997143	inf
