# Persistence diagram <GML/0505.gml>
#
# Dimension   : 0
# Entries     : 719
# Betti number: 11
0	inf
0	0.992021
0	0.973404
0	0.980053
0	0.99734
0	0.993351
0	0.984043
0	0.99734
0	0.988032
0	0.996011
0	0.996011
0	0.994681
0	0.992021
0	0.989362
0	0.993351
0	0.988032
0	0.990691
0	0.988032
0	0.993351
0	0.994681
0	0.993351
0	0.993351
0	0.988032
0	0.988032
0	0.968085
0	0.994681
0	0.976064
0	0.996011
0	0.978723
0	0.994681
0	0.993351
0	0.990691
0	0.968085
0	0.99734
0	0.990691
0	0.968085
0	0.99734
0	0.994681
0	0.989362
0	0.984043
0	0.974734
0	0.989362
0	0.990691
0	0.99734
0	0.99734
0	0.989362
0	0.992021
0	0.989362
0	0.988032
0	inf
0	0.993351
0	0.989362
0	0.989362
0	0.985372
0	0.99734
0	0.990691
0	0.994681
0	0.974734
0	0.977394
0	0.99734
0	0.99734
0	0.977394
0	0.965426
0	0.973404
0	0.996011
0	0.99734
0	0.973404
0	0.99734
0	0.968085
0	0.993351
0	0.974734
0	0.981383
0	0.988032
0	0.993351
0	0.989362
0	0.993351
0	0.976064
0	0.996011
0	0.990691
0	inf
0	0.99734
0	0.965426
0	0.993351
0	0.989362
0	0.990691
0	0.992021
0	0.992021
0	0.978723
0	0.99734
0	0.992021
0	0.994681
0	0.993351
0	0.984043
0	0.986702
0	0.978723
0	0.973404
0	0.99734
0	0.99734
0	0.974734
0	0.99734
0	0.985372
0	0.994681
0	0.99734
0	0.990691
0	0.99734
0	0.99734
0	inf
0	0.974734
0	0.996011
0	0.99734
0	0.996011
0	0.992021
0	0.99734
0	0.993351
0	0.986702
0	0.984043
0	0.99734
0	0.996011
0	inf
0	0.994681
0	0.988032
0	0.993351
0	0.996011
0	0.993351
0	0.992021
0	0.988032
0	inf
0	0.993351
0	0.986702
0	0.993351
0	0.986702
0	0.996011
0	0.977394
0	0.996011
0	0.984043
0	0.99734
0	0.993351
0	0.984043
0	0.988032
0	0.993351
0	0.989362
0	0.99734
0	0.996011
0	inf
0	0.99734
0	0.99734
0	0.996011
0	0.990691
0	0.981383
0	0.993351
0	0.981383
0	0.99734
0	0.989362
0	0.989362
0	0.993351
0	0.988032
0	0.99734
0	0.99867
0	0.990691
0	0.996011
0	0.977394
0	0.980053
0	0.990691
0	0.974734
0	0.988032
0	0.976064
0	0.996011
0	0.968085
0	0.996011
0	0.973404
0	0.968085
0	0.968085
0	0.980053
0	0.986702
0	0.988032
0	0.968085
0	0.989362
0	0.993351
0	0.981383
0	0.99734
0	0.986702
0	0.965426
0	0.990691
0	0.993351
0	0.976064
0	0.993351
0	0.993351
0	0.99734
0	0.996011
0	0.993351
0	0.986702
0	0.986702
0	0.968085
0	0.981383
0	0.992021
0	0.981383
0	0.988032
0	0.99734
0	0.993351
0	0.994681
0	0.993351
0	0.973404
0	0.981383
0	0.992021
0	inf
0	0.988032
0	0.996011
0	0.993351
0	0.984043
0	0.965426
0	0.981383
0	0.992021
0	0.977394
0	0.988032
0	0.994681
0	0.996011
0	0.974734
0	0.981383
0	0.978723
0	0.977394
0	0.988032
0	0.996011
0	0.996011
0	0.996011
0	0.976064
0	0.977394
0	0.965426
0	0.99734
0	0.99734
0	0.974734
0	0.989362
0	0.990691
0	0.994681
0	0.965426
0	0.965426
0	0.993351
0	0.977394
0	0.993351
0	0.988032
0	0.985372
0	0.996011
0	0.978723
0	0.994681
0	0.981383
0	0.981383
0	0.978723
0	0.99734
0	0.996011
0	0.993351
0	0.981383
0	0.993351
0	0.99734
0	0.980053
0	0.99734
0	0.99734
0	0.977394
0	0.993351
0	0.977394
0	0.992021
0	0.996011
0	0.974734
0	0.992021
0	0.981383
0	0.996011
0	0.984043
0	0.978723
0	0.993351
0	0.981383
0	0.994681
0	0.988032
0	0.978723
0	0.99734
0	0.988032
0	0.993351
0	0.993351
0	0.996011
0	0.992021
0	0.989362
0	0.985372
0	0.993351
0	0.994681
0	0.978723
0	0.99734
0	0.994681
0	0.973404
0	0.99734
0	0.989362
0	0.992021
0	0.992021
0	0.980053
0	0.988032
0	0.980053
0	0.988032
0	0.974734
0	0.992021
0	0.994681
0	0.986702
0	0.99734
0	0.965426
0	0.988032
0	0.968085
0	0.976064
0	0.993351
0	inf
0	0.994681
0	0.988032
0	0.977394
0	0.965426
0	0.968085
0	0.978723
0	0.99734
0	0.978723
0	0.984043
0	0.996011
0	0.980053
0	0.992021
0	0.977394
0	0.990691
0	inf
0	0.993351
0	0.989362
0	0.993351
0	0.996011
0	0.996011
0	0.996011
0	0.989362
0	0.968085
0	0.965426
0	0.992021
0	0.993351
0	0.99734
0	0.989362
0	0.996011
0	0.978723
0	0.968085
0	0.981383
0	0.986702
0	0.993351
0	0.996011
0	0.980053
0	0.992021
0	0.986702
0	0.978723
0	0.988032
0	0.988032
0	0.986702
0	0.99734
0	0.989362
0	0.996011
0	0.99734
0	0.989362
0	0.99734
0	0.99734
0	0.981383
0	0.985372
0	0.965426
0	0.976064
0	0.996011
0	0.977394
0	0.981383
0	0.99734
0	0.968085
0	0.992021
0	0.992021
0	0.986702
0	0.988032
0	0.968085
0	0.99734
0	0.996011
0	0.996011
0	0.989362
0	0.965426
0	0.973404
0	0.968085
0	0.973404
0	0.99734
0	0.989362
0	0.989362
0	0.993351
0	0.99734
0	0.988032
0	0.984043
0	0.988032
0	0.994681
0	0.990691
0	0.978723
0	0.985372
0	0.992021
0	0.996011
0	0.996011
0	0.992021
0	0.996011
0	0.984043
0	0.99734
0	0.994681
0	0.993351
0	0.988032
0	0.974734
0	0.968085
0	0.99734
0	0.981383
0	0.992021
0	0.99734
0	0.994681
0	0.965426
0	0.988032
0	0.994681
0	0.968085
0	0.99867
0	0.99734
0	0.965426
0	0.986702
0	0.986702
0	0.986702
0	0.978723
0	0.99734
0	0.996011
0	0.988032
0	0.99734
0	0.994681
0	0.973404
0	0.988032
0	0.99734
0	0.993351
0	0.981383
0	0.976064
0	0.996011
0	0.988032
0	0.994681
0	0.984043
0	0.988032
0	0.993351
0	0.986702
0	0.99734
0	0.989362
0	0.993351
0	0.990691
0	0.996011
0	0.992021
0	0.978723
0	0.973404
0	0.981383
0	0.993351
0	0.996011
0	0.988032
0	0.993351
0	0.976064
0	0.992021
0	0.974734
0	0.988032
0	0.984043
0	0.994681
0	0.994681
0	0.984043
0	0.985372
0	0.985372
0	0.992021
0	0.989362
0	0.993351
0	0.996011
0	0.996011
0	0.988032
0	0.99734
0	0.965426
0	0.992021
0	0.990691
0	0.988032
0	0.996011
0	0.99734
0	0.977394
0	0.99734
0	0.996011
0	0.980053
0	0.990691
0	0.977394
0	0.994681
0	0.981383
0	0.996011
0	0.992021
0	0.985372
0	0.976064
0	0.984043
0	0.985372
0	0.990691
0	0.992021
0	0.996011
0	0.996011
0	0.988032
0	0.985372
0	0.996011
0	0.978723
0	0.985372
0	0.990691
0	0.973404
0	0.965426
0	inf
0	0.990691
0	0.992021
0	0.981383
0	0.988032
0	0.996011
0	0.986702
0	0.99867
0	0.99734
0	0.989362
0	0.994681
0	0.981383
0	0.99734
0	0.981383
0	0.994681
0	0.985372
0	0.99734
0	0.993351
0	0.99734
0	0.974734
0	0.965426
0	0.989362
0	0.978723
0	0.99734
0	0.984043
0	0.989362
0	0.989362
0	0.993351
0	0.990691
0	0.973404
0	0.994681
0	0.976064
0	0.986702
0	0.989362
0	0.993351
0	0.99867
0	0.990691
0	0.993351
0	0.973404
0	0.965426
0	0.989362
0	0.996011
0	0.992021
0	0.988032
0	0.977394
0	0.989362
0	0.986702
0	0.993351
0	0.965426
0	0.990691
0	0.974734
0	0.99734
0	0.985372
0	0.965426
0	0.968085
0	0.993351
0	0.978723
0	0.994681
0	0.988032
0	0.994681
0	0.986702
0	0.973404
0	0.976064
0	0.992021
0	0.996011
0	0.973404
0	0.985372
0	0.986702
0	0.980053
0	0.994681
0	0.988032
0	0.993351
0	0.992021
0	0.989362
0	0.988032
0	0.981383
0	0.994681
0	0.994681
0	0.992021
0	0.980053
0	0.989362
0	0.981383
0	0.996011
0	0.986702
0	0.992021
0	0.993351
0	0.988032
0	0.996011
0	0.988032
0	0.992021
0	0.99867
0	0.99734
0	0.99734
0	0.996011
0	0.989362
0	0.994681
0	0.99734
0	0.989362
0	0.993351
0	0.989362
0	0.984043
0	0.988032
0	0.984043
0	0.965426
0	0.986702
0	0.992021
0	0.988032
0	0.976064
0	0.993351
0	0.992021
0	0.968085
0	0.99734
0	0.993351
0	0.986702
0	0.996011
0	0.989362
0	0.992021
0	0.965426
0	0.986702
0	0.973404
0	0.978723
0	0.99734
0	0.992021
0	0.985372
0	0.965426
0	0.996011
0	0.996011
0	0.989362
0	0.976064
0	0.978723
0	0.994681
0	0.986702
0	0.994681
0	0.993351
0	0.989362
0	0.996011
0	0.985372
0	0.984043
0	0.994681
0	0.993351
0	0.993351
0	0.99734
0	0.974734
0	0.985372
0	0.99734
0	0.993351
0	0.99734
0	0.993351
0	0.99734
0	0.996011
0	0.985372
0	0.993351
0	0.993351
0	0.993351
0	0.965426
0	0.973404
0	0.993351
0	0.996011
0	0.965426
0	0.996011
0	0.99734
0	0.980053
0	0.978723
0	0.99734
0	0.989362
0	0.978723
0	0.988032
0	0.990691
0	0.976064
0	0.992021
0	0.996011
0	0.989362
0	0.980053
0	0.993351
0	0.993351
0	0.993351
0	0.99867
0	0.986702
0	0.996011
0	0.990691
0	0.99734
0	0.994681
0	0.990691
0	0.996011
0	0.978723
0	0.993351
0	0.989362
0	0.993351
0	0.992021
0	0.989362
0	0.994681
0	0.994681
0	0.99734
0	0.996011
0	0.986702
0	0.99734
0	0.99734
0	0.988032
0	0.99734
0	0.992021
0	0.968085
0	0.993351
0	0.965426
0	0.990691
0	0.994681
0	0.974734
0	0.988032
0	0.968085
0	0.996011
0	0.985372
0	0.992021
0	0.99734
0	0.968085
0	0.988032
0	0.992021
0	0.99734
0	0.99734
0	0.973404
0	0.986702
0	0.992021
0	0.988032
0	0.99734
0	0.992021
0	0.990691


