# Persistence diagram <GML/0508.gml>
#
# Dimension   : 1
# Entries     : 123
# Betti number: 123
0.962145	inf
0.9653	inf
0.9653	inf
0.970032	inf
0.971609	inf
0.971609	inf
0.971609	inf
0.971609	inf
0.973186	inf
0.973186	inf
0.974763	inf
0.977918	inf
0.977918	inf
0.977918	inf
0.977918	inf
0.977918	inf
0.977918	inf
0.977918	inf
0.979495	inf
0.979495	inf
0.979495	inf
0.981073	inf
0.981073	inf
0.981073	inf
0.981073	inf
0.98265	inf
0.98265	inf
0.98265	inf
0.98265	inf
0.98265	inf
0.98265	inf
0.984227	inf
0.984227	inf
0.985804	inf
0.985804	inf
0.985804	inf
0.985804	inf
0.985804	inf
0.987382	inf
0.987382	inf
0.987382	inf
0.987382	inf
0.987382	inf
0.988959	inf
0.988959	inf
0.988959	inf
0.988959	inf
0.988959	inf
0.988959	inf
0.988959	inf
0.990536	inf
0.990536	inf
0.990536	inf
0.990536	inf
0.990536	inf
0.990536	inf
0.990536	inf
0.990536	inf
0.992114	inf
0.992114	inf
0.992114	inf
0.992114	inf
0.992114	inf
0.992114	inf
0.992114	inf
0.992114	inf
0.992114	inf
0.992114	inf
0.992114	inf
0.992114	inf
0.992114	inf
0.992114	inf
0.992114	inf
0.992114	inf
0.992114	inf
0.992114	inf
0.992114	inf
0.993691	inf
0.993691	inf
0.993691	inf
0.993691	inf
0.993691	inf
0.993691	inf
0.993691	inf
0.993691	inf
0.993691	inf
0.993691	inf
0.993691	inf
0.993691	inf
0.993691	inf
0.993691	inf
0.993691	inf
0.993691	inf
0.993691	inf
0.993691	inf
0.993691	inf
0.993691	inf
0.993691	inf
0.993691	inf
0.995268	inf
0.995268	inf
0.995268	inf
0.995268	inf
0.995268	inf
0.995268	inf
0.995268	inf
0.995268	inf
0.995268	inf
0.995268	inf
0.995268	inf
0.995268	inf
0.995268	inf
0.995268	inf
0.996845	inf
0.996845	inf
0.996845	inf
0.996845	inf
0.996845	inf
0.996845	inf
0.996845	inf
0.996845	inf
0.996845	inf
0.996845	inf
