# Persistence diagram <GML/0514.gml>
#
# Dimension   : 0
# Entries     : 531
# Betti number: 5
0	inf
0	0.994
0	0.954
0	0.994
0	0.96
0	0.984
0	0.994
0	0.972
0	0.996
0	0.98
0	0.962
0	0.994
0	0.992
0	0.964
0	0.972
0	0.992
0	0.99
0	0.968
0	0.996
0	0.96
0	0.976
0	0.988
0	0.986
0	0.996
0	0.996
0	0.984
0	0.98
0	0.976
0	0.99
0	0.968
0	0.994
0	0.986
0	0.976
0	0.96
0	0.988
0	0.972
0	0.972
0	0.98
0	0.972
0	0.98
0	0.974
0	0.98
0	0.996
0	0.99
0	0.994
0	0.99
0	0.992
0	0.96
0	0.99
0	0.974
0	0.996
0	0.994
0	0.982
0	0.954
0	0.996
0	0.986
0	inf
0	0.996
0	0.984
0	0.986
0	0.974
0	0.99
0	0.98
0	0.96
0	0.96
0	0.996
0	0.984
0	0.972
0	0.974
0	0.96
0	0.968
0	0.996
0	0.996
0	0.98
0	0.966
0	0.962
0	0.984
0	0.976
0	0.986
0	0.96
0	0.994
0	0.99
0	0.976
0	0.994
0	0.968
0	0.986
0	0.996
0	0.99
0	0.99
0	0.976
0	0.964
0	0.996
0	0.984
0	0.988
0	0.972
0	0.992
0	0.954
0	0.966
0	0.996
0	0.986
0	0.976
0	0.972
0	0.996
0	0.988
0	0.994
0	0.972
0	0.972
0	0.972
0	0.984
0	0.99
0	0.96
0	0.98
0	0.96
0	0.96
0	0.96
0	0.974
0	0.982
0	0.996
0	0.996
0	0.968
0	0.996
0	0.986
0	0.964
0	0.982
0	0.96
0	0.966
0	0.96
0	0.954
0	0.976
0	0.994
0	0.962
0	0.98
0	0.992
0	0.962
0	0.964
0	0.966
0	0.954
0	0.996
0	0.982
0	0.986
0	0.986
0	0.96
0	0.974
0	0.96
0	0.996
0	0.99
0	0.996
0	0.994
0	0.984
0	0.992
0	0.974
0	0.96
0	0.96
0	0.986
0	0.96
0	0.986
0	0.954
0	0.99
0	0.986
0	0.988
0	0.97
0	0.996
0	0.996
0	0.972
0	0.99
0	0.968
0	0.974
0	0.954
0	0.996
0	0.986
0	0.986
0	0.974
0	0.984
0	0.96
0	0.994
0	0.96
0	0.96
0	0.984
0	0.954
0	0.97
0	0.996
0	0.954
0	0.96
0	0.996
0	0.996
0	0.986
0	0.962
0	0.964
0	0.98
0	0.96
0	inf
0	0.976
0	0.992
0	0.968
0	0.996
0	0.992
0	0.96
0	0.982
0	0.962
0	0.996
0	0.984
0	0.976
0	0.974
0	0.966
0	0.978
0	0.992
0	0.96
0	0.996
0	0.962
0	0.99
0	0.992
0	0.98
0	0.996
0	0.992
0	0.964
0	0.996
0	0.954
0	0.966
0	0.996
0	0.978
0	0.996
0	0.984
0	0.96
0	0.96
0	0.966
0	0.964
0	0.96
0	0.994
0	0.996
0	0.96
0	0.96
0	0.996
0	0.96
0	0.996
0	0.986
0	0.976
0	0.986
0	0.96
0	0.96
0	inf
0	0.996
0	0.99
0	0.99
0	0.994
0	0.99
0	0.972
0	0.976
0	0.976
0	0.954
0	0.986
0	0.96
0	0.976
0	0.988
0	0.96
0	0.972
0	0.96
0	0.994
0	0.99
0	0.97
0	0.972
0	0.996
0	0.988
0	0.96
0	0.994
0	0.974
0	0.994
0	0.98
0	0.994
0	0.96
0	0.984
0	0.994
0	0.962
0	0.976
0	inf
0	0.99
0	0.996
0	0.982
0	0.96
0	0.992
0	0.98
0	0.966
0	0.996
0	0.994
0	0.992
0	0.954
0	0.99
0	0.986
0	0.99
0	0.98
0	0.97
0	0.984
0	0.966
0	0.96
0	0.996
0	0.976
0	0.976
0	0.97
0	0.966
0	0.98
0	0.954
0	0.992
0	0.996
0	0.96
0	0.99
0	0.96
0	0.986
0	0.99
0	0.972
0	0.996
0	0.986
0	0.974
0	0.984
0	0.97
0	0.964
0	0.994
0	0.984
0	0.992
0	0.99
0	0.996
0	0.96
0	0.994
0	0.968
0	0.966
0	0.968
0	0.966
0	0.974
0	0.992
0	0.986
0	0.97
0	0.976
0	0.992
0	0.954
0	0.96
0	0.954
0	0.978
0	0.99
0	0.98
0	0.972
0	0.96
0	0.982
0	0.992
0	0.998
0	0.994
0	0.98
0	0.96
0	0.964
0	0.972
0	0.96
0	0.994
0	0.98
0	0.974
0	0.994
0	0.954
0	0.966
0	0.96
0	0.986
0	0.994
0	0.986
0	0.98
0	0.992
0	0.964
0	0.974
0	0.984
0	0.996
0	0.984
0	0.986
0	0.984
0	0.964
0	0.992
0	0.984
0	0.994
0	0.954
0	0.98
0	0.988
0	0.96
0	0.992
0	0.998
0	0.986
0	0.994
0	0.96
0	0.954
0	0.996
0	0.992
0	0.976
0	0.996
0	0.96
0	0.96
0	0.976
0	0.962
0	0.992
0	0.964
0	0.96
0	0.974
0	0.992
0	0.96
0	0.988
0	0.986
0	0.988
0	0.976
0	0.984
0	0.992
0	0.974
0	0.988
0	0.992
0	0.986
0	0.99
0	0.984
0	0.96
0	0.99
0	0.954
0	0.964
0	0.964
0	0.962
0	0.994
0	0.954
0	0.96
0	0.988
0	0.966
0	0.996
0	0.972
0	0.968
0	0.974
0	0.96
0	0.976
0	0.984
0	0.994
0	0.984
0	0.964
0	0.966
0	0.968
0	0.994
0	0.98
0	0.96
0	0.996
0	0.96
0	0.984
0	0.992
0	0.986
0	0.96
0	0.99
0	0.99
0	0.976
0	0.974
0	0.964
0	0.976
0	0.994
0	0.96
0	0.978
0	0.96
0	0.986
0	0.972
0	0.996
0	0.972
0	0.992
0	0.986
0	0.994
0	0.994
0	0.96
0	0.996
0	0.962
0	0.968
0	0.992
0	0.994
0	0.994
0	0.984
0	0.976
0	0.988
0	0.968
0	0.99
0	0.96
0	0.974
0	0.97
0	0.954
0	0.994
0	0.954
0	0.99
0	0.978
0	0.97
0	0.986
0	0.992
0	0.986
0	0.988
0	0.996
0	0.994
0	0.972
0	0.96
0	0.962
0	0.978
0	0.962
0	0.984
0	0.976
0	0.996
0	0.988
0	0.966
0	0.988
0	0.998
0	0.984
0	0.99
0	0.984
0	0.986
0	0.996
0	0.96
0	0.992
0	0.984
0	0.984
0	0.986
0	0.99
0	0.998
0	0.972
0	0.984
0	0.976
0	0.96
0	0.994
0	0.992
0	0.96
0	0.994
0	0.984
0	0.984
0	0.96
0	0.974
0	0.99
0	0.982
0	0.968
0	0.96
0	0.96
0	0.96
0	0.996
0	0.96
0	0.962
0	0.99
0	0.962


