# Persistence diagram <GML/0515.gml>
#
# Dimension   : 0
# Entries     : 902
# Betti number: 6
0	inf
0	0.970395
0	0.9375
0	0.953947
0	0.993421
0	0.957237
0	0.950658
0	0.986842
0	0.980263
0	0.993421
0	0.963816
0	0.980263
0	0.973684
0	0.990132
0	0.963816
0	inf
0	0.733553
0	0.990132
0	0.927632
0	0.976974
0	0.976974
0	0.986842
0	0.927632
0	0.733553
0	0.983553
0	0.944079
0	0.976974
0	0.986842
0	0.970395
0	0.733553
0	0.993421
0	0.733553
0	0.986842
0	0.967105
0	0.990132
0	0.917763
0	0.733553
0	0.967105
0	0.986842
0	0.960526
0	0.733553
0	0.963816
0	0.990132
0	0.986842
0	0.986842
0	0.733553
0	0.947368
0	0.960526
0	0.986842
0	0.990132
0	0.973684
0	0.927632
0	0.986842
0	0.960526
0	0.947368
0	0.990132
0	0.993421
0	0.733553
0	0.950658
0	0.993421
0	0.960526
0	0.970395
0	0.917763
0	0.944079
0	0.973684
0	0.980263
0	0.973684
0	0.986842
0	0.733553
0	0.983553
0	0.967105
0	0.944079
0	0.950658
0	0.917763
0	0.733553
0	0.967105
0	0.917763
0	inf
0	0.990132
0	0.950658
0	0.986842
0	0.993421
0	0.983553
0	0.993421
0	0.917763
0	0.980263
0	0.947368
0	0.947368
0	0.990132
0	0.960526
0	0.947368
0	0.934211
0	0.993421
0	inf
0	0.986842
0	0.953947
0	0.957237
0	0.733553
0	0.980263
0	0.980263
0	0.733553
0	0.986842
0	0.990132
0	0.976974
0	0.973684
0	0.947368
0	0.990132
0	0.980263
0	0.983553
0	0.733553
0	0.970395
0	0.990132
0	0.993421
0	0.947368
0	0.947368
0	0.967105
0	0.967105
0	0.983553
0	0.980263
0	0.957237
0	0.990132
0	0.963816
0	0.976974
0	0.990132
0	0.934211
0	0.960526
0	0.990132
0	0.983553
0	0.9375
0	0.960526
0	0.990132
0	0.990132
0	0.957237
0	0.9375
0	0.993421
0	0.960526
0	0.970395
0	0.917763
0	0.980263
0	inf
0	0.957237
0	0.957237
0	0.980263
0	0.733553
0	0.963816
0	0.993421
0	0.986842
0	0.976974
0	0.733553
0	0.990132
0	0.957237
0	0.967105
0	0.986842
0	0.733553
0	0.973684
0	0.990132
0	0.960526
0	0.944079
0	0.957237
0	0.733553
0	0.957237
0	0.976974
0	0.990132
0	0.990132
0	0.967105
0	0.967105
0	0.970395
0	0.733553
0	0.976974
0	0.986842
0	0.993421
0	0.733553
0	0.944079
0	0.986842
0	0.986842
0	0.927632
0	0.980263
0	0.917763
0	0.927632
0	0.986842
0	0.947368
0	0.967105
0	0.980263
0	0.957237
0	0.990132
0	0.976974
0	0.973684
0	inf
0	0.983553
0	0.986842
0	0.927632
0	0.993421
0	0.980263
0	0.733553
0	0.973684
0	0.963816
0	0.983553
0	0.983553
0	0.967105
0	0.983553
0	0.934211
0	0.953947
0	0.990132
0	0.980263
0	0.944079
0	0.733553
0	0.976974
0	0.963816
0	0.980263
0	0.960526
0	0.944079
0	0.980263
0	0.983553
0	0.967105
0	0.963816
0	0.953947
0	0.917763
0	0.993421
0	0.733553
0	0.983553
0	0.957237
0	0.963816
0	0.967105
0	0.980263
0	0.976974
0	0.973684
0	0.993421
0	0.993421
0	0.733553
0	0.983553
0	0.970395
0	0.944079
0	0.976974
0	0.947368
0	0.973684
0	0.990132
0	0.733553
0	0.957237
0	0.967105
0	0.986842
0	0.733553
0	0.934211
0	0.993421
0	0.9375
0	0.733553
0	0.993421
0	0.917763
0	0.973684
0	0.944079
0	0.957237
0	0.990132
0	0.944079
0	0.990132
0	0.980263
0	0.990132
0	0.990132
0	0.986842
0	0.973684
0	0.986842
0	0.944079
0	0.960526
0	0.973684
0	0.976974
0	0.957237
0	0.990132
0	0.944079
0	0.990132
0	0.967105
0	0.980263
0	0.960526
0	0.733553
0	0.983553
0	0.986842
0	0.947368
0	0.934211
0	0.960526
0	0.944079
0	0.733553
0	0.993421
0	0.993421
0	0.733553
0	0.980263
0	0.980263
0	0.963816
0	0.986842
0	0.967105
0	0.993421
0	0.733553
0	0.917763
0	0.986842
0	0.983553
0	0.963816
0	0.980263
0	0.980263
0	0.934211
0	0.967105
0	0.917763
0	0.990132
0	0.983553
0	0.993421
0	0.967105
0	0.957237
0	0.973684
0	0.947368
0	0.963816
0	0.963816
0	0.947368
0	0.986842
0	0.944079
0	0.917763
0	0.986842
0	0.980263
0	0.967105
0	0.953947
0	0.970395
0	0.980263
0	0.944079
0	0.957237
0	0.980263
0	0.963816
0	0.967105
0	0.986842
0	0.967105
0	0.980263
0	0.983553
0	0.960526
0	0.733553
0	0.733553
0	0.973684
0	0.980263
0	0.963816
0	0.973684
0	0.976974
0	0.934211
0	0.983553
0	0.963816
0	0.967105
0	0.980263
0	0.950658
0	0.733553
0	0.986842
0	0.983553
0	0.980263
0	0.993421
0	0.927632
0	0.990132
0	0.986842
0	0.960526
0	0.980263
0	0.963816
0	0.993421
0	0.980263
0	0.957237
0	0.733553
0	0.986842
0	0.9375
0	0.960526
0	0.944079
0	0.953947
0	0.990132
0	0.944079
0	0.983553
0	0.986842
0	0.980263
0	0.944079
0	0.993421
0	0.990132
0	0.950658
0	0.917763
0	0.986842
0	0.967105
0	0.963816
0	0.983553
0	0.944079
0	0.990132
0	0.944079
0	0.983553
0	0.976974
0	0.986842
0	0.990132
0	0.983553
0	0.993421
0	0.980263
0	0.733553
0	0.976974
0	0.9375
0	0.927632
0	0.9375
0	0.733553
0	0.9375
0	0.963816
0	0.9375
0	0.986842
0	0.990132
0	0.993421
0	0.980263
0	0.980263
0	0.953947
0	0.957237
0	0.934211
0	0.733553
0	0.944079
0	0.980263
0	0.960526
0	0.973684
0	0.970395
0	0.934211
0	0.963816
0	0.980263
0	0.960526
0	0.973684
0	0.917763
0	0.993421
0	0.733553
0	0.986842
0	0.970395
0	0.733553
0	0.953947
0	0.980263
0	0.967105
0	0.986842
0	0.9375
0	0.947368
0	0.976974
0	0.983553
0	0.980263
0	0.986842
0	0.973684
0	0.980263
0	0.733553
0	0.917763
0	0.944079
0	0.733553
0	0.976974
0	0.733553
0	0.993421
0	0.986842
0	0.957237
0	0.947368
0	0.967105
0	0.973684
0	0.983553
0	0.990132
0	0.983553
0	0.960526
0	0.993421
0	0.967105
0	0.990132
0	0.944079
0	0.967105
0	0.993421
0	0.927632
0	0.980263
0	0.973684
0	0.990132
0	0.990132
0	0.980263
0	0.973684
0	0.733553
0	0.953947
0	0.9375
0	0.917763
0	0.993421
0	0.993421
0	0.957237
0	0.993421
0	0.983553
0	0.980263
0	0.983553
0	0.986842
0	0.960526
0	0.980263
0	0.947368
0	0.993421
0	0.917763
0	0.967105
0	0.993421
0	0.986842
0	0.927632
0	0.9375
0	0.967105
0	0.947368
0	0.986842
0	0.9375
0	0.947368
0	0.9375
0	0.986842
0	0.993421
0	0.986842
0	0.947368
0	0.960526
0	0.980263
0	0.733553
0	0.733553
0	0.967105
0	0.733553
0	0.990132
0	0.990132
0	0.973684
0	0.9375
0	0.993421
0	0.976974
0	0.980263
0	0.947368
0	0.993421
0	0.934211
0	0.973684
0	0.983553
0	0.927632
0	0.983553
0	0.993421
0	0.986842
0	0.967105
0	0.993421
0	0.986842
0	0.947368
0	0.917763
0	0.993421
0	0.960526
0	0.967105
0	0.983553
0	0.957237
0	0.993421
0	0.927632
0	0.990132
0	0.993421
0	0.944079
0	0.947368
0	0.733553
0	0.993421
0	0.934211
0	0.980263
0	0.963816
0	0.944079
0	0.990132
0	0.976974
0	0.980263
0	0.733553
0	0.934211
0	0.976974
0	0.973684
0	0.944079
0	0.980263
0	0.973684
0	0.973684
0	0.986842
0	0.950658
0	0.973684
0	0.986842
0	0.944079
0	0.990132
0	0.953947
0	0.967105
0	0.733553
0	0.917763
0	0.980263
0	0.953947
0	0.950658
0	0.934211
0	0.733553
0	0.967105
0	0.733553
0	0.973684
0	0.996711
0	0.934211
0	0.917763
0	0.993421
0	0.983553
0	0.993421
0	0.934211
0	0.983553
0	0.986842
0	0.993421
0	0.976974
0	0.963816
0	0.976974
0	0.973684
0	0.980263
0	0.733553
0	0.967105
0	0.957237
0	0.983553
0	0.934211
0	0.963816
0	0.976974
0	0.960526
0	0.986842
0	0.947368
0	0.967105
0	0.970395
0	0.983553
0	0.986842
0	0.944079
0	0.993421
0	0.990132
0	0.986842
0	0.953947
0	0.917763
0	0.957237
0	0.970395
0	0.947368
0	0.944079
0	0.980263
0	0.733553
0	0.967105
0	0.973684
0	0.986842
0	0.983553
0	0.980263
0	0.960526
0	0.973684
0	0.927632
0	0.976974
0	0.976974
0	0.980263
0	0.980263
0	0.953947
0	0.973684
0	0.993421
0	0.980263
0	0.733553
0	0.733553
0	0.967105
0	0.960526
0	0.733553
0	0.986842
0	0.993421
0	0.990132
0	0.983553
0	0.947368
0	0.963816
0	0.957237
0	0.733553
0	0.733553
0	0.983553
0	0.934211
0	0.986842
0	0.993421
0	0.953947
0	0.953947
0	0.970395
0	0.993421
0	0.953947
0	0.967105
0	0.973684
0	0.950658
0	0.993421
0	0.990132
0	0.970395
0	0.973684
0	0.927632
0	0.967105
0	0.990132
0	0.967105
0	0.983553
0	0.993421
0	0.944079
0	0.733553
0	0.983553
0	0.993421
0	0.733553
0	0.733553
0	0.967105
0	0.983553
0	0.993421
0	0.963816
0	0.993421
0	0.976974
0	0.996711
0	0.973684
0	0.944079
0	0.993421
0	0.993421
0	0.960526
0	0.986842
0	0.947368
0	0.993421
0	0.953947
0	0.960526
0	0.986842
0	0.973684
0	0.733553
0	0.986842
0	0.950658
0	0.927632
0	0.986842
0	0.953947
0	0.986842
0	0.960526
0	0.983553
0	0.963816
0	0.976974
0	0.944079
0	0.983553
0	0.947368
0	0.934211
0	0.980263
0	0.980263
0	0.970395
0	0.986842
0	0.944079
0	0.980263
0	0.953947
0	0.980263
0	0.733553
0	0.944079
0	0.944079
0	0.973684
0	0.967105
0	0.976974
0	0.973684
0	0.947368
0	0.944079
0	0.967105
0	0.950658
0	0.976974
0	0.976974
0	0.944079
0	0.976974
0	0.947368
0	0.733553
0	0.967105
0	0.953947
0	0.963816
0	0.953947
0	0.944079
0	0.993421
0	0.983553
0	0.976974
0	0.990132
0	0.967105
0	0.927632
0	0.986842
0	0.944079
0	0.993421
0	0.733553
0	0.957237
0	0.733553
0	0.957237
0	0.917763
0	0.927632
0	0.993421
0	0.927632
0	0.970395
0	0.970395
0	0.993421
0	0.963816
0	0.983553
0	0.980263
0	0.960526
0	0.990132
0	0.967105
0	0.990132
0	0.944079
0	0.733553
0	0.993421
0	0.973684
0	0.9375
0	0.990132
0	0.967105
0	0.993421
0	0.944079
0	0.733553
0	0.983553
0	0.944079
0	0.967105
0	0.993421
0	0.973684
0	0.917763
0	0.963816
0	0.990132
0	0.993421
0	0.980263
0	0.9375
0	0.733553
0	0.973684
0	0.993421
0	0.960526
0	0.733553
0	0.983553
0	0.986842
0	0.733553
0	0.973684
0	0.993421
0	0.960526
0	0.733553
0	0.960526
0	0.990132
0	0.993421
0	0.990132
0	0.993421
0	0.990132
0	0.733553
0	0.953947
0	0.953947
0	0.980263
0	0.993421
0	0.960526
0	0.993421
0	0.953947
0	0.960526
0	0.960526
0	0.986842
0	0.963816
0	0.733553
0	0.944079
0	0.967105
0	0.970395
0	0.980263
0	0.947368
0	0.973684
0	0.990132
0	0.980263
0	0.960526
0	0.986842
0	0.970395
0	0.990132
0	0.973684
0	0.957237
0	0.917763
0	0.980263
0	0.957237
0	0.733553
0	0.944079
0	0.986842
0	0.967105
0	0.973684
0	0.927632
0	0.986842
0	0.980263
0	0.950658
0	0.983553
0	0.990132
0	0.733553
0	0.996711
0	0.980263
0	0.960526
0	0.970395
0	0.960526
0	0.970395
0	0.990132
0	0.980263
0	0.993421
0	0.986842
0	0.993421
0	0.967105
0	0.983553
0	0.967105
0	0.986842
0	0.993421
0	0.944079
0	0.944079
0	0.733553
0	0.944079
0	0.967105
0	0.957237
0	0.973684
0	0.963816
0	0.967105
0	0.970395
0	0.980263
0	0.980263
0	0.733553
0	0.983553
0	0.944079
0	0.993421
0	0.990132
0	0.944079
0	0.993421
0	0.973684
0	0.9375
0	0.980263
0	0.986842
0	0.990132
0	0.973684
0	0.934211
0	0.947368
0	0.983553
0	0.980263
0	0.973684
0	0.973684
0	0.967105
0	0.967105
0	0.993421
0	0.976974
0	0.733553
0	0.986842
0	0.967105
0	0.973684
0	0.983553
0	0.993421
0	0.980263
0	0.970395
0	0.953947
0	0.993421
0	0.953947
0	0.973684
0	0.976974
0	0.967105
0	0.973684
0	0.733553
0	0.983553


