# Persistence diagram <GML/0517.gml>
#
# Dimension   : 1
# Entries     : 171
# Betti number: 171
0.934286	inf
0.937143	inf
0.94	inf
0.954286	inf
0.954286	inf
0.954286	inf
0.954286	inf
0.954286	inf
0.954286	inf
0.954286	inf
0.96	inf
0.962857	inf
0.962857	inf
0.962857	inf
0.965714	inf
0.965714	inf
0.965714	inf
0.965714	inf
0.965714	inf
0.968571	inf
0.968571	inf
0.968571	inf
0.968571	inf
0.971429	inf
0.974286	inf
0.974286	inf
0.974286	inf
0.974286	inf
0.974286	inf
0.974286	inf
0.974286	inf
0.974286	inf
0.974286	inf
0.974286	inf
0.977143	inf
0.977143	inf
0.977143	inf
0.977143	inf
0.977143	inf
0.977143	inf
0.977143	inf
0.977143	inf
0.977143	inf
0.977143	inf
0.977143	inf
0.977143	inf
0.977143	inf
0.977143	inf
0.977143	inf
0.977143	inf
0.977143	inf
0.977143	inf
0.977143	inf
0.977143	inf
0.977143	inf
0.977143	inf
0.977143	inf
0.977143	inf
0.977143	inf
0.98	inf
0.98	inf
0.98	inf
0.98	inf
0.98	inf
0.98	inf
0.98	inf
0.98	inf
0.98	inf
0.98	inf
0.98	inf
0.98	inf
0.98	inf
0.98	inf
0.98	inf
0.98	inf
0.98	inf
0.98	inf
0.98	inf
0.98	inf
0.982857	inf
0.982857	inf
0.982857	inf
0.982857	inf
0.982857	inf
0.982857	inf
0.982857	inf
0.982857	inf
0.982857	inf
0.982857	inf
0.982857	inf
0.982857	inf
0.982857	inf
0.982857	inf
0.982857	inf
0.982857	inf
0.982857	inf
0.982857	inf
0.985714	inf
0.985714	inf
0.985714	inf
0.985714	inf
0.985714	inf
0.985714	inf
0.985714	inf
0.985714	inf
0.985714	inf
0.985714	inf
0.985714	inf
0.985714	inf
0.985714	inf
0.985714	inf
0.985714	inf
0.985714	inf
0.985714	inf
0.985714	inf
0.985714	inf
0.985714	inf
0.985714	inf
0.985714	inf
0.985714	inf
0.985714	inf
0.988571	inf
0.988571	inf
0.988571	inf
0.988571	inf
0.988571	inf
0.988571	inf
0.988571	inf
0.988571	inf
0.988571	inf
0.988571	inf
0.988571	inf
0.988571	inf
0.988571	inf
0.988571	inf
0.988571	inf
0.988571	inf
0.988571	inf
0.988571	inf
0.991429	inf
0.991429	inf
0.991429	inf
0.991429	inf
0.991429	inf
0.991429	inf
0.991429	inf
0.991429	inf
0.991429	inf
0.991429	inf
0.991429	inf
0.991429	inf
0.991429	inf
0.991429	inf
0.991429	inf
0.991429	inf
0.991429	inf
0.991429	inf
0.991429	inf
0.991429	inf
0.991429	inf
0.991429	inf
0.991429	inf
0.994286	inf
0.994286	inf
0.994286	inf
0.994286	inf
0.994286	inf
0.994286	inf
0.994286	inf
0.994286	inf
0.994286	inf
