# Persistence diagram <GML/0519.gml>
#
# Dimension   : 1
# Entries     : 145
# Betti number: 145
0.976395	inf
0.976395	inf
0.976395	inf
0.979614	inf
0.979614	inf
0.979614	inf
0.980687	inf
0.980687	inf
0.98176	inf
0.98176	inf
0.98176	inf
0.983906	inf
0.983906	inf
0.983906	inf
0.983906	inf
0.983906	inf
0.986052	inf
0.986052	inf
0.987124	inf
0.987124	inf
0.987124	inf
0.988197	inf
0.988197	inf
0.988197	inf
0.988197	inf
0.988197	inf
0.988197	inf
0.988197	inf
0.988197	inf
0.988197	inf
0.98927	inf
0.98927	inf
0.98927	inf
0.98927	inf
0.990343	inf
0.990343	inf
0.990343	inf
0.990343	inf
0.990343	inf
0.990343	inf
0.991416	inf
0.991416	inf
0.991416	inf
0.991416	inf
0.991416	inf
0.991416	inf
0.991416	inf
0.991416	inf
0.991416	inf
0.991416	inf
0.991416	inf
0.992489	inf
0.992489	inf
0.992489	inf
0.992489	inf
0.992489	inf
0.992489	inf
0.992489	inf
0.993562	inf
0.993562	inf
0.993562	inf
0.993562	inf
0.993562	inf
0.993562	inf
0.993562	inf
0.993562	inf
0.993562	inf
0.994635	inf
0.994635	inf
0.994635	inf
0.994635	inf
0.994635	inf
0.994635	inf
0.994635	inf
0.994635	inf
0.994635	inf
0.994635	inf
0.994635	inf
0.994635	inf
0.994635	inf
0.994635	inf
0.994635	inf
0.994635	inf
0.994635	inf
0.994635	inf
0.994635	inf
0.994635	inf
0.994635	inf
0.995708	inf
0.995708	inf
0.995708	inf
0.995708	inf
0.995708	inf
0.995708	inf
0.995708	inf
0.995708	inf
0.995708	inf
0.995708	inf
0.995708	inf
0.995708	inf
0.995708	inf
0.995708	inf
0.995708	inf
0.995708	inf
0.995708	inf
0.995708	inf
0.995708	inf
0.995708	inf
0.995708	inf
0.995708	inf
0.995708	inf
0.995708	inf
0.996781	inf
0.996781	inf
0.996781	inf
0.996781	inf
0.996781	inf
0.996781	inf
0.996781	inf
0.996781	inf
0.996781	inf
0.996781	inf
0.996781	inf
0.996781	inf
0.996781	inf
0.996781	inf
0.996781	inf
0.996781	inf
0.996781	inf
0.996781	inf
0.996781	inf
0.996781	inf
0.996781	inf
0.996781	inf
0.996781	inf
0.996781	inf
0.997854	inf
0.997854	inf
0.997854	inf
0.997854	inf
0.997854	inf
0.997854	inf
0.997854	inf
0.997854	inf
0.997854	inf
