# Persistence diagram <GML/0521.gml>
#
# Dimension   : 0
# Entries     : 745
# Betti number: 9
0	inf
0	0.940239
0	0.976096
0	0.988048
0	0.992032
0	0.864542
0	0.960159
0	0.916335
0	0.936255
0	0.976096
0	0.864542
0	inf
0	0.940239
0	0.916335
0	0.968127
0	0.976096
0	0.98008
0	0.964143
0	0.900398
0	0.940239
0	0.960159
0	0.880478
0	0.960159
0	0.952191
0	0.992032
0	0.864542
0	0.972112
0	0.916335
0	0.988048
0	0.916335
0	inf
0	0.936255
0	0.912351
0	0.864542
0	0.880478
0	0.932271
0	0.972112
0	0.940239
0	0.98008
0	0.952191
0	0.984064
0	0.984064
0	0.992032
0	0.900398
0	0.968127
0	inf
0	0.960159
0	0.98008
0	0.960159
0	0.940239
0	0.940239
0	0.984064
0	0.916335
0	0.89243
0	0.972112
0	0.864542
0	0.936255
0	0.940239
0	0.98008
0	0.916335
0	0.988048
0	0.972112
0	0.964143
0	0.992032
0	0.940239
0	0.864542
0	0.968127
0	0.988048
0	0.916335
0	0.864542
0	0.992032
0	0.932271
0	0.984064
0	0.960159
0	0.880478
0	0.960159
0	0.880478
0	0.972112
0	0.880478
0	0.940239
0	0.984064
0	0.992032
0	0.98008
0	0.992032
0	0.984064
0	0.960159
0	0.992032
0	0.972112
0	0.988048
0	0.996016
0	0.984064
0	0.940239
0	0.940239
0	0.992032
0	0.988048
0	0.916335
0	0.988048
0	0.960159
0	0.988048
0	0.992032
0	0.912351
0	0.972112
0	0.912351
0	0.864542
0	0.988048
0	0.992032
0	0.988048
0	0.988048
0	0.940239
0	0.988048
0	0.972112
0	0.976096
0	0.940239
0	0.960159
0	0.960159
0	0.864542
0	0.964143
0	0.900398
0	0.976096
0	0.984064
0	0.89243
0	0.916335
0	0.900398
0	0.916335
0	0.880478
0	0.976096
0	0.972112
0	0.992032
0	0.880478
0	0.984064
0	0.984064
0	0.916335
0	0.988048
0	0.992032
0	0.976096
0	0.880478
0	0.964143
0	0.984064
0	0.988048
0	0.972112
0	0.972112
0	0.900398
0	0.984064
0	0.984064
0	0.984064
0	0.984064
0	0.984064
0	0.964143
0	0.948207
0	0.984064
0	0.900398
0	0.932271
0	0.988048
0	0.992032
0	0.984064
0	0.956175
0	0.98008
0	0.976096
0	0.864542
0	0.936255
0	0.880478
0	0.984064
0	0.89243
0	0.984064
0	0.984064
0	0.988048
0	0.98008
0	0.968127
0	0.984064
0	0.864542
0	inf
0	0.984064
0	0.992032
0	0.960159
0	0.988048
0	0.972112
0	0.880478
0	0.89243
0	0.964143
0	0.916335
0	0.984064
0	0.992032
0	0.984064
0	0.940239
0	0.984064
0	0.89243
0	0.960159
0	0.932271
0	0.940239
0	0.984064
0	0.984064
0	0.900398
0	0.984064
0	0.976096
0	0.936255
0	0.992032
0	0.972112
0	0.968127
0	0.976096
0	0.992032
0	0.864542
0	0.984064
0	0.956175
0	0.932271
0	0.992032
0	0.968127
0	0.912351
0	0.984064
0	0.880478
0	0.988048
0	0.968127
0	0.912351
0	0.98008
0	0.98008
0	0.912351
0	0.988048
0	0.992032
0	0.952191
0	0.984064
0	0.984064
0	0.880478
0	0.968127
0	0.940239
0	0.972112
0	0.960159
0	0.988048
0	0.992032
0	0.968127
0	0.960159
0	0.964143
0	0.964143
0	0.972112
0	0.984064
0	0.864542
0	0.988048
0	0.880478
0	0.984064
0	0.98008
0	0.940239
0	0.912351
0	0.976096
0	0.89243
0	0.98008
0	0.936255
0	0.988048
0	0.916335
0	0.936255
0	0.952191
0	0.976096
0	0.900398
0	0.960159
0	0.988048
0	0.89243
0	0.972112
0	0.960159
0	inf
0	0.98008
0	0.968127
0	0.952191
0	0.988048
0	0.964143
0	0.936255
0	0.984064
0	0.972112
0	0.952191
0	0.992032
0	0.972112
0	0.98008
0	0.98008
0	0.864542
0	0.960159
0	0.89243
0	0.988048
0	0.988048
0	0.940239
0	0.964143
0	0.864542
0	0.968127
0	0.988048
0	0.964143
0	0.960159
0	0.880478
0	0.916335
0	0.864542
0	0.984064
0	0.992032
0	0.984064
0	inf
0	0.992032
0	0.932271
0	0.964143
0	0.864542
0	0.89243
0	0.900398
0	0.964143
0	0.984064
0	0.984064
0	0.964143
0	0.964143
0	0.98008
0	0.89243
0	0.89243
0	0.984064
0	0.940239
0	0.98008
0	0.912351
0	0.960159
0	0.972112
0	0.98008
0	0.988048
0	0.916335
0	0.864542
0	0.984064
0	0.900398
0	0.992032
0	0.864542
0	0.960159
0	0.984064
0	0.972112
0	0.964143
0	0.968127
0	0.98008
0	0.988048
0	0.988048
0	0.880478
0	0.916335
0	0.864542
0	0.984064
0	0.992032
0	0.976096
0	0.864542
0	0.98008
0	0.984064
0	0.964143
0	0.936255
0	0.940239
0	0.992032
0	0.952191
0	0.880478
0	0.972112
0	0.976096
0	0.948207
0	0.900398
0	0.988048
0	0.964143
0	0.972112
0	0.952191
0	0.992032
0	0.964143
0	0.984064
0	0.912351
0	0.984064
0	0.964143
0	0.984064
0	0.864542
0	0.98008
0	0.960159
0	0.968127
0	0.960159
0	0.972112
0	0.964143
0	0.964143
0	0.976096
0	0.968127
0	0.89243
0	0.916335
0	0.900398
0	0.960159
0	0.972112
0	0.984064
0	0.984064
0	0.98008
0	0.948207
0	0.984064
0	0.952191
0	0.940239
0	0.976096
0	0.98008
0	0.976096
0	0.976096
0	0.976096
0	0.992032
0	0.89243
0	0.864542
0	0.864542
0	0.984064
0	0.956175
0	0.89243
0	0.916335
0	0.992032
0	0.940239
0	0.968127
0	0.988048
0	0.984064
0	0.992032
0	0.968127
0	0.880478
0	0.916335
0	0.972112
0	0.89243
0	0.964143
0	0.992032
0	0.988048
0	0.900398
0	0.964143
0	0.932271
0	0.984064
0	0.940239
0	0.976096
0	0.89243
0	0.992032
0	0.976096
0	0.940239
0	0.996016
0	0.968127
0	0.864542
0	0.988048
0	0.952191
0	0.916335
0	0.988048
0	0.984064
0	0.964143
0	inf
0	0.976096
0	0.864542
0	0.98008
0	0.972112
0	0.992032
0	0.952191
0	0.988048
0	0.992032
0	0.984064
0	0.932271
0	0.912351
0	0.912351
0	0.968127
0	0.948207
0	0.880478
0	0.984064
0	0.960159
0	0.940239
0	0.89243
0	0.976096
0	0.988048
0	0.956175
0	0.984064
0	0.992032
0	0.972112
0	0.984064
0	0.968127
0	0.952191
0	0.992032
0	0.98008
0	0.940239
0	0.912351
0	0.912351
0	0.976096
0	0.864542
0	inf
0	0.956175
0	0.948207
0	0.968127
0	0.900398
0	0.98008
0	0.916335
0	0.988048
0	0.960159
0	0.984064
0	0.960159
0	0.900398
0	0.880478
0	0.900398
0	0.968127
0	0.972112
0	0.912351
0	0.960159
0	0.952191
0	0.98008
0	0.964143
0	0.880478
0	0.916335
0	0.972112
0	0.968127
0	0.940239
0	0.988048
0	0.992032
0	0.992032
0	0.992032
0	0.960159
0	0.916335
0	0.964143
0	0.960159
0	0.976096
0	0.964143
0	0.900398
0	0.960159
0	0.968127
0	0.964143
0	0.89243
0	0.984064
0	0.880478
0	0.98008
0	0.916335
0	0.916335
0	0.964143
0	0.916335
0	0.976096
0	0.984064
0	0.984064
0	0.984064
0	0.992032
0	0.880478
0	0.984064
0	0.916335
0	0.992032
0	0.988048
0	0.900398
0	0.992032
0	0.936255
0	0.984064
0	0.976096
0	0.968127
0	0.984064
0	0.992032
0	0.956175
0	0.976096
0	0.988048
0	0.992032
0	0.960159
0	0.984064
0	0.972112
0	0.992032
0	0.964143
0	0.976096
0	0.952191
0	0.984064
0	0.988048
0	0.992032
0	0.992032
0	0.964143
0	0.948207
0	0.960159
0	0.972112
0	0.916335
0	0.880478
0	0.988048
0	0.992032
0	0.932271
0	0.940239
0	0.964143
0	0.960159
0	0.976096
0	0.988048
0	0.988048
0	0.940239
0	0.98008
0	0.968127
0	0.89243
0	0.964143
0	0.916335
0	0.936255
0	0.98008
0	0.948207
0	0.992032
0	0.984064
0	0.972112
0	0.976096
0	0.976096
0	0.972112
0	0.916335
0	0.972112
0	0.98008
0	0.992032
0	0.984064
0	0.984064
0	0.988048
0	0.992032
0	0.964143
0	0.952191
0	0.992032
0	0.984064
0	0.98008
0	0.976096
0	0.988048
0	0.992032
0	0.952191
0	0.89243
0	0.984064
0	0.984064
0	0.964143
0	0.912351
0	0.89243
0	0.952191
0	0.968127
0	0.992032
0	0.952191
0	0.964143
0	0.932271
0	0.948207
0	0.984064
0	0.916335
0	0.940239
0	0.98008
0	0.976096
0	0.880478
0	0.960159
0	0.940239
0	0.960159
0	0.984064
0	0.912351
0	0.964143
0	0.98008
0	0.992032
0	0.964143
0	0.912351
0	0.988048
0	0.960159
0	0.89243
0	0.98008
0	0.996016
0	0.900398
0	0.916335
0	0.996016
0	0.968127
0	0.984064
0	0.984064
0	0.89243
0	0.98008
0	0.940239
0	0.972112
0	0.988048
0	0.880478
0	0.972112
0	0.98008
0	0.976096
0	0.89243
0	0.984064
0	0.936255
0	0.900398
0	0.940239
0	0.984064
0	0.912351
0	0.916335
0	0.932271
0	0.984064
0	0.992032
0	0.960159
0	0.988048
0	0.916335
0	0.98008
0	0.992032
0	0.98008
0	0.968127
0	0.864542
0	0.988048
0	0.984064
0	0.988048
0	0.952191
0	0.964143
0	0.940239
0	0.940239
0	0.964143
0	0.968127
0	0.984064
0	0.992032
0	0.988048
0	0.89243
0	0.98008
0	0.948207
0	0.988048
0	0.960159
0	0.952191
0	0.960159
0	0.984064
0	0.900398
0	0.992032
0	0.988048
0	0.984064
0	0.976096
0	0.948207
0	0.988048
0	0.992032
0	0.960159
0	0.992032
0	0.992032
0	0.98008
0	0.98008
0	0.948207
0	0.964143
0	0.952191
0	0.972112
0	0.992032
0	0.984064
0	0.960159
0	0.992032
0	0.912351
0	0.932271
0	0.916335
0	0.984064
0	0.98008
0	0.936255
0	0.960159
0	0.984064
0	0.988048
0	0.968127
0	0.912351
0	0.916335
0	0.960159
0	0.988048
0	0.916335
0	0.992032
0	0.960159
0	0.864542
0	0.976096
0	0.880478
0	0.916335
0	0.976096
0	0.98008
0	0.864542
0	0.976096
0	0.976096
0	0.976096
0	0.964143
0	0.964143
0	0.964143
0	0.960159
0	0.960159
0	0.964143
0	0.880478
0	0.972112
0	0.992032
0	0.984064
0	0.976096
0	0.940239
0	0.992032
0	0.864542
0	0.98008
0	0.864542
0	0.880478
0	0.976096
0	0.960159
0	0.98008
0	0.98008
0	0.932271
0	0.916335


