# Persistence diagram <GML/0522.gml>
#
# Dimension   : 1
# Entries     : 208
# Betti number: 207
0.948339	inf
0.948339	inf
0.953875	0.987085
0.953875	inf
0.95572	inf
0.95572	inf
0.95941	inf
0.961255	inf
0.961255	inf
0.961255	inf
0.961255	inf
0.961255	inf
0.9631	inf
0.9631	inf
0.9631	inf
0.9631	inf
0.9631	inf
0.9631	inf
0.964945	inf
0.964945	inf
0.964945	inf
0.964945	inf
0.964945	inf
0.964945	inf
0.96679	inf
0.96679	inf
0.97048	inf
0.97048	inf
0.97048	inf
0.97048	inf
0.97048	inf
0.97048	inf
0.97048	inf
0.97048	inf
0.972325	inf
0.97417	inf
0.97417	inf
0.97417	inf
0.97417	inf
0.976015	inf
0.976015	inf
0.976015	inf
0.97786	inf
0.97786	inf
0.97786	inf
0.97786	inf
0.97786	inf
0.97786	inf
0.97786	inf
0.979705	inf
0.979705	inf
0.979705	inf
0.979705	inf
0.979705	inf
0.979705	inf
0.979705	inf
0.979705	inf
0.979705	inf
0.979705	inf
0.98155	inf
0.98155	inf
0.98155	inf
0.98155	inf
0.98155	inf
0.98155	inf
0.98155	inf
0.98155	inf
0.98155	inf
0.98155	inf
0.98155	inf
0.983395	inf
0.983395	inf
0.983395	inf
0.983395	inf
0.983395	inf
0.983395	inf
0.983395	inf
0.983395	inf
0.983395	inf
0.983395	inf
0.983395	inf
0.98524	inf
0.98524	inf
0.98524	inf
0.98524	inf
0.98524	inf
0.98524	inf
0.98524	inf
0.98524	inf
0.98524	inf
0.98524	inf
0.98524	inf
0.98524	inf
0.98524	inf
0.987085	inf
0.987085	inf
0.987085	inf
0.987085	inf
0.987085	inf
0.987085	inf
0.987085	inf
0.987085	inf
0.987085	inf
0.987085	inf
0.987085	inf
0.987085	inf
0.987085	inf
0.987085	inf
0.987085	inf
0.987085	inf
0.987085	inf
0.987085	inf
0.987085	inf
0.987085	inf
0.987085	inf
0.987085	inf
0.98893	inf
0.98893	inf
0.98893	inf
0.98893	inf
0.98893	inf
0.98893	inf
0.98893	inf
0.98893	inf
0.98893	inf
0.98893	inf
0.98893	inf
0.98893	inf
0.98893	inf
0.98893	inf
0.990775	inf
0.990775	inf
0.990775	inf
0.990775	inf
0.990775	inf
0.990775	inf
0.990775	inf
0.990775	inf
0.990775	inf
0.990775	inf
0.990775	inf
0.990775	inf
0.990775	inf
0.990775	inf
0.990775	inf
0.990775	inf
0.990775	inf
0.990775	inf
0.990775	inf
0.990775	inf
0.990775	inf
0.990775	inf
0.990775	inf
0.990775	inf
0.990775	inf
0.990775	inf
0.990775	inf
0.990775	inf
0.990775	inf
0.99262	inf
0.99262	inf
0.99262	inf
0.99262	inf
0.99262	inf
0.99262	inf
0.99262	inf
0.99262	inf
0.99262	inf
0.99262	inf
0.99262	inf
0.99262	inf
0.99262	inf
0.99262	inf
0.99262	inf
0.99262	inf
0.99262	inf
0.99262	inf
0.99262	inf
0.99262	inf
0.994465	inf
0.994465	inf
0.994465	inf
0.994465	inf
0.994465	inf
0.994465	inf
0.994465	inf
0.994465	inf
0.994465	inf
0.994465	inf
0.994465	inf
0.994465	inf
0.994465	inf
0.994465	inf
0.994465	inf
0.99631	inf
0.99631	inf
0.99631	inf
0.99631	inf
0.99631	inf
0.99631	inf
0.99631	inf
0.99631	inf
0.99631	inf
0.99631	inf
0.99631	inf
0.99631	inf
0.99631	inf
0.99631	inf
