# Persistence diagram <GML/0522.gml>
#
# Dimension   : 0
# Entries     : 1088
# Betti number: 6
0	inf
0	0.990775
0	0.979705
0	0.935424
0	0.964945
0	0.98893
0	0.979705
0	0.987085
0	0.990775
0	0.96679
0	0.98155
0	0.953875
0	0.99631
0	0.97786
0	0.97048
0	0.97048
0	0.97048
0	0.9631
0	0.98893
0	0.987085
0	0.96679
0	0.948339
0	0.97417
0	0.983395
0	0.994465
0	0.979705
0	0.979705
0	0.97786
0	0.983395
0	0.948339
0	0.957565
0	0.97048
0	0.961255
0	0.99631
0	0.961255
0	0.990775
0	0.953875
0	0.98524
0	0.994465
0	0.98893
0	0.990775
0	0.9631
0	0.97786
0	0.953875
0	0.983395
0	0.935424
0	0.99631
0	0.98155
0	0.98893
0	0.97786
0	0.990775
0	0.990775
0	0.97786
0	0.994465
0	0.994465
0	0.98524
0	0.97786
0	0.98524
0	0.948339
0	0.990775
0	0.979705
0	0.983395
0	0.98524
0	0.935424
0	0.99262
0	0.98524
0	0.99631
0	0.987085
0	0.99631
0	0.987085
0	0.983395
0	0.99631
0	0.99631
0	0.948339
0	0.98893
0	0.987085
0	0.99631
0	0.976015
0	0.98155
0	0.99262
0	0.994465
0	0.9631
0	0.983395
0	0.961255
0	0.99631
0	0.979705
0	0.9631
0	0.98893
0	0.983395
0	0.9631
0	0.99631
0	0.99631
0	0.99262
0	0.946494
0	0.964945
0	0.994465
0	0.98893
0	0.964945
0	0.98524
0	0.98155
0	0.987085
0	0.935424
0	0.98893
0	0.97786
0	0.946494
0	0.99262
0	0.990775
0	0.98524
0	0.983395
0	0.98893
0	0.97786
0	0.990775
0	0.964945
0	0.935424
0	0.987085
0	0.95941
0	0.97786
0	0.95572
0	0.99631
0	0.97048
0	0.961255
0	0.979705
0	0.98155
0	0.97048
0	0.994465
0	0.9631
0	0.994465
0	0.979705
0	0.97048
0	0.957565
0	0.994465
0	0.9631
0	0.98524
0	0.99631
0	0.96679
0	0.990775
0	0.98893
0	0.979705
0	0.990775
0	0.98524
0	0.97786
0	0.976015
0	0.983395
0	0.994465
0	0.953875
0	0.99631
0	0.95941
0	0.979705
0	0.97048
0	0.96679
0	0.994465
0	0.99631
0	0.99631
0	0.935424
0	0.987085
0	0.98155
0	0.98893
0	0.953875
0	0.98155
0	0.957565
0	0.935424
0	0.98524
0	0.97417
0	0.95572
0	0.97048
0	0.979705
0	0.948339
0	0.948339
0	0.990775
0	0.957565
0	0.99631
0	0.97786
0	0.98155
0	0.98524
0	0.9631
0	0.95941
0	0.994465
0	0.987085
0	0.946494
0	0.948339
0	0.96679
0	0.99631
0	0.968635
0	0.97786
0	0.983395
0	0.99631
0	0.987085
0	0.98155
0	inf
0	0.98893
0	0.972325
0	0.9631
0	0.9631
0	0.99631
0	0.99631
0	0.98524
0	0.994465
0	0.99631
0	0.987085
0	0.979705
0	0.99631
0	0.99262
0	0.98524
0	0.99631
0	0.97048
0	0.98893
0	0.99262
0	0.994465
0	0.987085
0	0.97786
0	0.961255
0	0.95941
0	0.97786
0	0.99631
0	0.946494
0	0.99262
0	0.97048
0	0.987085
0	0.964945
0	0.990775
0	0.99631
0	0.95941
0	0.98893
0	0.98893
0	0.96679
0	0.983395
0	0.99631
0	0.99631
0	0.994465
0	0.953875
0	0.98155
0	0.99631
0	0.9631
0	0.9631
0	0.994465
0	0.961255
0	0.99631
0	0.97048
0	0.97786
0	0.994465
0	0.964945
0	0.9631
0	0.97786
0	0.97048
0	0.97417
0	0.98155
0	0.990775
0	0.994465
0	0.964945
0	0.953875
0	0.990775
0	0.98893
0	0.97786
0	0.97786
0	0.99631
0	0.987085
0	0.994465
0	0.953875
0	0.98524
0	0.98524
0	0.98893
0	0.98155
0	0.961255
0	0.953875
0	0.994465
0	0.97786
0	0.983395
0	0.964945
0	0.979705
0	0.994465
0	0.964945
0	0.957565
0	0.961255
0	0.97048
0	0.987085
0	0.97048
0	0.968635
0	0.994465
0	0.987085
0	0.994465
0	0.9631
0	0.98155
0	0.97048
0	0.95941
0	0.987085
0	0.95941
0	0.994465
0	0.97786
0	0.99631
0	0.968635
0	0.98893
0	0.99262
0	0.990775
0	0.990775
0	0.97786
0	0.957565
0	0.97786
0	0.994465
0	0.98524
0	0.97048
0	0.99631
0	inf
0	0.994465
0	0.99631
0	0.961255
0	0.97786
0	0.990775
0	0.994465
0	0.935424
0	0.994465
0	0.983395
0	0.983395
0	0.990775
0	0.964945
0	0.96679
0	0.994465
0	0.990775
0	0.946494
0	0.953875
0	0.964945
0	0.968635
0	0.98893
0	0.99631
0	0.994465
0	0.98155
0	0.98524
0	0.964945
0	0.95572
0	0.987085
0	0.95572
0	0.994465
0	0.946494
0	0.935424
0	0.99631
0	0.98524
0	0.99631
0	0.972325
0	0.97786
0	0.98893
0	0.97048
0	0.964945
0	0.994465
0	0.99631
0	0.935424
0	0.98155
0	0.946494
0	0.983395
0	0.994465
0	0.99631
0	0.95572
0	0.994465
0	0.957565
0	0.9631
0	0.98524
0	0.99631
0	0.983395
0	0.99262
0	0.994465
0	0.957565
0	0.97048
0	0.987085
0	0.99262
0	0.946494
0	0.983395
0	0.946494
0	0.9631
0	0.953875
0	0.9631
0	0.97786
0	0.97417
0	0.935424
0	0.99262
0	0.95572
0	0.96679
0	0.979705
0	0.957565
0	0.968635
0	0.987085
0	0.97786
0	0.935424
0	0.990775
0	0.968635
0	0.95572
0	0.99262
0	0.979705
0	0.9631
0	0.97786
0	0.983395
0	0.953875
0	0.98893
0	0.983395
0	0.97048
0	0.983395
0	0.990775
0	0.9631
0	0.994465
0	0.95941
0	0.98155
0	0.990775
0	0.983395
0	0.964945
0	0.98524
0	0.99631
0	0.994465
0	0.994465
0	0.98524
0	0.983395
0	0.953875
0	0.95941
0	0.990775
0	0.99262
0	0.97786
0	0.935424
0	0.953875
0	0.946494
0	0.994465
0	0.946494
0	0.983395
0	0.953875
0	0.97786
0	0.994465
0	0.994465
0	0.990775
0	0.98524
0	0.97048
0	0.96679
0	0.98524
0	0.961255
0	0.99262
0	0.953875
0	0.97417
0	0.95572
0	0.9631
0	0.961255
0	0.957565
0	0.990775
0	0.990775
0	0.9631
0	0.979705
0	0.946494
0	0.994465
0	0.97786
0	0.948339
0	0.98893
0	0.97786
0	0.983395
0	0.935424
0	0.964945
0	0.97048
0	0.98524
0	0.979705
0	0.987085
0	0.990775
0	0.948339
0	0.98524
0	0.95572
0	0.994465
0	0.99631
0	0.97786
0	0.983395
0	0.987085
0	0.979705
0	0.983395
0	0.97786
0	0.990775
0	0.987085
0	inf
0	0.994465
0	0.98155
0	0.961255
0	0.98893
0	0.987085
0	0.987085
0	0.99631
0	0.9631
0	0.99631
0	0.964945
0	0.983395
0	0.99262
0	0.994465
0	0.95572
0	0.983395
0	0.983395
0	0.98155
0	0.99631
0	0.97048
0	0.983395
0	0.990775
0	0.961255
0	0.98893
0	0.99631
0	0.961255
0	0.97786
0	0.98155
0	0.961255
0	0.961255
0	0.994465
0	0.983395
0	0.994465
0	0.957565
0	0.98155
0	0.98893
0	0.95572
0	0.97786
0	0.97786
0	0.98524
0	0.97786
0	0.983395
0	0.98155
0	0.99631
0	0.97048
0	0.979705
0	0.957565
0	0.976015
0	0.961255
0	0.983395
0	0.98155
0	0.979705
0	0.97786
0	0.990775
0	0.97048
0	0.990775
0	0.9631
0	0.95572
0	0.98155
0	0.990775
0	0.935424
0	0.99262
0	0.953875
0	0.979705
0	0.97786
0	0.990775
0	0.990775
0	0.97786
0	0.983395
0	0.99262
0	0.9631
0	0.99631
0	0.98524
0	0.957565
0	0.95572
0	0.990775
0	0.948339
0	0.990775
0	0.983395
0	0.97786
0	0.99631
0	0.994465
0	0.99262
0	0.987085
0	0.99262
0	0.990775
0	0.968635
0	0.987085
0	0.97786
0	0.987085
0	0.983395
0	0.961255
0	0.976015
0	0.964945
0	0.972325
0	0.994465
0	0.99262
0	0.97048
0	0.97417
0	0.935424
0	0.964945
0	0.9631
0	0.99631
0	0.979705
0	0.97786
0	0.948339
0	0.948339
0	0.983395
0	0.935424
0	0.99631
0	0.98893
0	0.99631
0	0.948339
0	0.95941
0	0.948339
0	0.96679
0	0.946494
0	0.968635
0	0.953875
0	0.97786
0	0.990775
0	0.948339
0	0.9631
0	0.97786
0	0.957565
0	0.935424
0	0.99631
0	0.97048
0	0.990775
0	0.98893
0	0.99262
0	0.97048
0	0.99262
0	0.983395
0	0.957565
0	0.9631
0	0.98524
0	0.964945
0	0.990775
0	0.994465
0	0.964945
0	0.98524
0	0.994465
0	0.976015
0	0.946494
0	0.948339
0	0.968635
0	0.946494
0	0.98155
0	0.979705
0	0.97048
0	0.983395
0	0.97417
0	0.97048
0	0.97786
0	0.964945
0	0.98155
0	0.98893
0	0.97786
0	0.987085
0	0.964945
0	0.95941
0	0.98524
0	0.935424
0	0.946494
0	0.98155
0	0.987085
0	0.976015
0	0.983395
0	0.994465
0	0.983395
0	0.957565
0	0.987085
0	0.987085
0	0.97048
0	0.948339
0	0.9631
0	0.990775
0	0.987085
0	0.97048
0	0.948339
0	0.990775
0	0.987085
0	0.972325
0	0.98524
0	0.97048
0	0.990775
0	0.98524
0	0.97786
0	0.98524
0	0.990775
0	0.987085
0	0.987085
0	0.96679
0	0.998155
0	0.98524
0	0.9631
0	0.957565
0	0.948339
0	0.957565
0	0.97786
0	0.994465
0	0.983395
0	0.935424
0	0.948339
0	0.98524
0	0.994465
0	0.946494
0	0.935424
0	0.97786
0	0.9631
0	0.95572
0	0.99631
0	0.97048
0	0.95572
0	0.98524
0	0.99631
0	0.99631
0	0.98524
0	0.9631
0	0.983395
0	0.948339
0	0.987085
0	0.935424
0	0.98524
0	0.99631
0	0.99631
0	0.9631
0	0.99262
0	0.994465
0	0.987085
0	0.961255
0	0.990775
0	0.994465
0	0.990775
0	0.935424
0	0.98155
0	0.935424
0	0.98155
0	0.987085
0	0.964945
0	0.99262
0	0.994465
0	0.964945
0	0.957565
0	0.994465
0	0.990775
0	0.972325
0	0.979705
0	0.979705
0	0.98893
0	0.964945
0	0.979705
0	inf
0	0.990775
0	0.96679
0	0.98524
0	0.9631
0	0.964945
0	0.935424
0	0.99631
0	0.987085
0	0.972325
0	0.99262
0	0.990775
0	0.961255
0	0.964945
0	0.98893
0	0.99631
0	0.994465
0	0.987085
0	0.935424
0	0.994465
0	0.935424
0	0.98893
0	0.97786
0	0.97048
0	0.961255
0	0.964945
0	0.994465
0	0.98524
0	0.964945
0	0.946494
0	0.97786
0	0.98524
0	0.968635
0	0.98524
0	0.98524
0	0.98893
0	0.99631
0	0.976015
0	0.983395
0	0.99631
0	0.994465
0	0.935424
0	0.99631
0	0.983395
0	0.95941
0	0.998155
0	0.98524
0	0.983395
0	0.97786
0	0.95572
0	0.97786
0	0.990775
0	0.964945
0	0.99631
0	0.98155
0	0.99631
0	0.987085
0	0.99631
0	0.935424
0	0.98155
0	0.98524
0	0.964945
0	0.994465
0	0.99631
0	0.994465
0	0.994465
0	0.99631
0	0.98524
0	0.935424
0	0.9631
0	0.994465
0	0.961255
0	0.976015
0	0.98155
0	0.983395
0	0.979705
0	0.987085
0	0.97786
0	0.98524
0	0.97786
0	0.97786
0	0.964945
0	0.99631
0	0.990775
0	0.946494
0	0.99631
0	0.979705
0	0.961255
0	0.98155
0	0.964945
0	0.990775
0	0.97048
0	0.994465
0	0.9631
0	0.97786
0	0.994465
0	0.983395
0	0.9631
0	0.98893
0	0.98893
0	0.979705
0	0.994465
0	0.97786
0	0.98524
0	0.99631
0	0.95941
0	0.987085
0	0.95572
0	0.9631
0	0.99262
0	0.964945
0	0.972325
0	0.990775
0	0.987085
0	0.979705
0	0.964945
0	0.99631
0	0.990775
0	0.98155
0	0.987085
0	0.953875
0	0.990775
0	0.99262
0	0.98893
0	0.97786
0	0.990775
0	0.98524
0	0.935424
0	0.95941
0	0.946494
0	0.98524
0	0.95941
0	0.953875
0	0.990775
0	0.964945
0	0.987085
0	0.979705
0	0.98893
0	0.97786
0	0.99262
0	0.983395
0	0.987085
0	0.961255
0	inf
0	0.957565
0	0.979705
0	0.9631
0	0.957565
0	0.990775
0	0.990775
0	0.97048
0	0.961255
0	0.983395
0	0.990775
0	0.96679
0	0.9631
0	0.953875
0	0.98155
0	0.987085
0	0.935424
0	0.99631
0	0.953875
0	0.9631
0	0.98155
0	0.990775
0	0.98893
0	0.95941
0	0.99631
0	0.964945
0	0.994465
0	0.994465
0	0.990775
0	0.97048
0	0.99631
0	0.97417
0	0.9631
0	0.97786
0	0.979705
0	0.98893
0	0.953875
0	0.97048
0	0.97786
0	0.99631
0	0.983395
0	0.983395
0	0.99631
0	0.97786
0	0.994465
0	0.97048
0	0.96679
0	0.98893
0	0.98893
0	0.964945
0	0.964945
0	0.98893
0	0.990775
0	0.98524
0	0.935424
0	0.97786
0	0.99262
0	0.9631
0	0.990775
0	0.98155
0	0.961255
0	0.97048
0	0.983395
0	0.99631
0	0.964945
0	0.9631
0	0.98893
0	0.976015
0	0.99262
0	0.990775
0	0.99631
0	0.994465
0	0.98524
0	0.95941
0	0.994465
0	0.98155
0	0.987085
0	0.946494
0	0.998155
0	0.990775
0	0.99262
0	0.97786
0	0.99262
0	0.994465
0	0.976015
0	0.994465
0	0.998155
0	0.964945
0	0.9631
0	0.994465
0	0.99262
0	0.98155
0	0.97786
0	0.987085
0	0.972325
0	0.97786
0	0.948339
0	0.98524
0	0.994465
0	0.9631
0	0.968635
0	0.964945
0	0.946494
0	0.98155
0	0.98155
0	0.990775
0	0.98155
0	0.98893
0	0.948339
0	0.990775
0	0.99262
0	0.98893
0	0.961255
0	0.98893
0	0.99262
0	0.998155
0	0.990775
0	0.97048
0	0.994465
0	0.987085
0	0.98524
0	0.99631
0	0.957565
0	0.97786
0	0.983395
0	0.97048
0	0.994465
0	0.98893
0	0.983395
0	0.983395
0	0.979705
0	0.957565
0	0.98524
0	0.99631
0	0.968635
0	0.97786
0	0.961255
0	0.983395
0	0.990775
0	0.98893
0	0.9631
0	0.98893
0	0.97786
0	0.948339
0	0.95941
0	0.935424
0	0.990775
0	0.98524
0	0.99631
0	0.964945
0	0.97048
0	0.987085
0	0.97786
0	0.95572
0	0.97048
0	0.97048
0	0.990775
0	0.990775
0	0.964945
0	0.99631
0	0.9631
0	0.994465
0	0.983395
0	0.979705
0	0.99631
0	0.99631
0	0.987085
0	0.983395
0	0.9631
0	0.987085
0	0.946494
0	0.97048
0	0.97786
0	0.946494
0	0.979705
0	0.97786
0	0.97048
0	0.97786
0	0.987085
0	0.990775
0	0.98524
0	0.987085
0	0.994465
0	0.994465
0	0.98155
0	0.97048
0	0.983395
0	0.99262
0	0.979705
0	0.9631
0	0.99631
0	0.994465
0	0.994465
0	0.990775
0	0.994465
0	0.98893
0	0.99631
0	0.979705
0	0.95572
0	0.97048
0	0.95572
0	0.990775
0	0.994465
0	0.990775
0	0.98155
0	0.994465
0	0.964945
0	0.97048
0	0.972325
0	0.946494
0	0.97786
0	0.95572
0	0.98524
0	0.97417
0	0.95941
0	0.98893
0	0.990775
0	0.990775
0	0.97786
0	0.979705
0	0.97786
0	0.972325
0	0.98893
0	0.98524
0	0.99631
0	0.946494


