# Persistence diagram <GML/0523.gml>
#
# Dimension   : 0
# Entries     : 593
# Betti number: 8
0	inf
0	0.990991
0	0.972973
0	0.959459
0	0.945946
0	0.927928
0	0.963964
0	0.977477
0	0.986486
0	0.873874
0	0.90991
0	0.981982
0	0.977477
0	0.95045
0	0.873874
0	0.932432
0	0.941441
0	0.900901
0	0.900901
0	0.990991
0	0.990991
0	0.900901
0	0.963964
0	0.972973
0	0.977477
0	0.977477
0	inf
0	0.900901
0	0.873874
0	0.927928
0	0.945946
0	0.963964
0	0.932432
0	0.927928
0	0.981982
0	0.945946
0	0.977477
0	0.927928
0	0.905405
0	0.873874
0	0.905405
0	0.90991
0	0.873874
0	0.90991
0	0.981982
0	0.990991
0	0.963964
0	0.900901
0	0.932432
0	0.968468
0	0.972973
0	0.981982
0	0.981982
0	0.963964
0	0.959459
0	0.986486
0	0.945946
0	0.972973
0	0.954955
0	0.945946
0	inf
0	0.963964
0	0.972973
0	inf
0	0.977477
0	0.95045
0	0.972973
0	0.900901
0	0.990991
0	0.990991
0	0.945946
0	0.990991
0	0.990991
0	0.900901
0	0.986486
0	0.986486
0	0.963964
0	0.945946
0	0.977477
0	0.981982
0	0.90991
0	0.990991
0	0.990991
0	inf
0	0.986486
0	0.990991
0	0.972973
0	0.900901
0	0.873874
0	0.927928
0	0.972973
0	0.990991
0	0.90991
0	0.900901
0	0.900901
0	0.990991
0	0.981982
0	0.900901
0	0.977477
0	0.905405
0	0.972973
0	0.977477
0	0.959459
0	0.959459
0	0.981982
0	0.900901
0	0.873874
0	0.981982
0	0.927928
0	0.941441
0	0.873874
0	0.968468
0	0.977477
0	0.981982
0	0.972973
0	0.963964
0	0.941441
0	inf
0	0.977477
0	0.981982
0	0.900901
0	0.981982
0	0.981982
0	0.977477
0	0.977477
0	0.990991
0	0.900901
0	0.873874
0	0.959459
0	0.990991
0	0.95045
0	0.990991
0	0.981982
0	0.936937
0	0.873874
0	0.945946
0	0.932432
0	0.981982
0	0.963964
0	0.963964
0	0.986486
0	0.905405
0	inf
0	0.900901
0	0.905405
0	0.977477
0	0.986486
0	0.945946
0	0.873874
0	0.981982
0	0.990991
0	0.963964
0	0.972973
0	0.977477
0	0.959459
0	0.990991
0	0.959459
0	0.927928
0	0.963964
0	0.932432
0	0.905405
0	0.941441
0	0.990991
0	0.927928
0	0.873874
0	0.927928
0	0.981982
0	0.959459
0	0.981982
0	0.941441
0	0.972973
0	0.990991
0	0.945946
0	0.932432
0	0.941441
0	0.959459
0	0.954955
0	0.959459
0	0.977477
0	0.977477
0	0.986486
0	0.90991
0	0.986486
0	0.981982
0	0.959459
0	0.945946
0	0.873874
0	0.954955
0	0.968468
0	0.873874
0	0.981982
0	0.927928
0	0.959459
0	0.963964
0	0.959459
0	0.977477
0	0.986486
0	0.977477
0	0.986486
0	0.981982
0	0.936937
0	0.972973
0	0.968468
0	0.945946
0	0.990991
0	0.959459
0	0.977477
0	0.977477
0	0.945946
0	0.990991
0	0.968468
0	0.990991
0	0.959459
0	0.900901
0	0.959459
0	0.981982
0	0.941441
0	0.941441
0	0.905405
0	0.963964
0	0.945946
0	0.932432
0	0.972973
0	0.927928
0	0.959459
0	0.90991
0	0.954955
0	0.95045
0	0.900901
0	0.963964
0	0.959459
0	0.990991
0	0.873874
0	0.986486
0	0.905405
0	0.945946
0	0.990991
0	0.941441
0	0.905405
0	0.927928
0	0.900901
0	0.990991
0	0.990991
0	0.981982
0	0.873874
0	0.941441
0	0.977477
0	0.990991
0	0.981982
0	0.977477
0	0.986486
0	0.905405
0	0.981982
0	0.977477
0	0.927928
0	0.972973
0	0.945946
0	0.945946
0	0.90991
0	0.977477
0	0.900901
0	0.990991
0	0.905405
0	0.927928
0	0.959459
0	0.873874
0	0.963964
0	0.90991
0	0.900901
0	0.995495
0	0.95045
0	0.990991
0	0.972973
0	0.954955
0	0.990991
0	0.977477
0	0.954955
0	0.990991
0	0.977477
0	0.941441
0	0.977477
0	0.900901
0	0.990991
0	0.959459
0	0.981982
0	0.90991
0	0.905405
0	0.927928
0	0.936937
0	0.873874
0	0.990991
0	0.873874
0	0.873874
0	0.959459
0	0.990991
0	0.963964
0	0.945946
0	0.963964
0	0.963964
0	0.945946
0	0.959459
0	0.936937
0	0.990991
0	inf
0	0.959459
0	0.873874
0	0.977477
0	0.873874
0	0.905405
0	0.977477
0	0.981982
0	0.981982
0	0.990991
0	0.972973
0	0.990991
0	0.972973
0	0.981982
0	0.968468
0	0.986486
0	0.945946
0	0.986486
0	0.927928
0	0.986486
0	0.963964
0	0.986486
0	0.990991
0	0.90991
0	0.945946
0	0.945946
0	0.990991
0	0.981982
0	0.981982
0	0.90991
0	0.981982
0	0.977477
0	0.972973
0	0.945946
0	0.990991
0	0.977477
0	0.977477
0	0.959459
0	0.990991
0	0.963964
0	0.900901
0	0.986486
0	0.90991
0	0.873874
0	0.873874
0	0.900901
0	0.990991
0	0.945946
0	0.945946
0	0.990991
0	0.954955
0	0.945946
0	0.972973
0	0.972973
0	0.927928
0	0.873874
0	0.995495
0	0.981982
0	0.986486
0	0.945946
0	0.954955
0	0.945946
0	0.977477
0	0.927928
0	0.945946
0	0.990991
0	0.873874
0	0.986486
0	0.873874
0	0.945946
0	0.981982
0	0.900901
0	0.95045
0	0.900901
0	0.990991
0	0.963964
0	0.977477
0	0.963964
0	0.977477
0	0.945946
0	0.995495
0	0.873874
0	0.990991
0	0.945946
0	0.995495
0	0.873874
0	0.959459
0	0.972973
0	0.977477
0	0.972973
0	0.941441
0	0.981982
0	0.977477
0	0.90991
0	0.900901
0	0.945946
0	0.927928
0	0.900901
0	0.990991
0	0.990991
0	0.986486
0	0.873874
0	0.981982
0	0.873874
0	0.927928
0	0.945946
0	0.873874
0	0.990991
0	0.990991
0	0.900901
0	0.986486
0	0.968468
0	0.990991
0	0.941441
0	0.981982
0	0.95045
0	0.95045
0	0.945946
0	0.981982
0	0.963964
0	0.95045
0	0.972973
0	0.968468
0	0.990991
0	0.963964
0	0.873874
0	0.981982
0	0.941441
0	0.95045
0	0.977477
0	0.963964
0	0.941441
0	0.963964
0	0.90991
0	0.900901
0	0.90991
0	0.986486
0	0.945946
0	0.990991
0	0.927928
0	0.927928
0	0.977477
0	0.977477
0	0.954955
0	0.873874
0	0.932432
0	0.954955
0	0.927928
0	0.873874
0	0.968468
0	0.945946
0	0.981982
0	0.977477
0	0.945946
0	0.981982
0	0.873874
0	0.990991
0	0.905405
0	0.981982
0	0.900901
0	0.873874
0	0.981982
0	0.905405
0	0.900901
0	0.977477
0	0.990991
0	0.986486
0	0.90991
0	0.927928
0	0.963964
0	0.873874
0	0.990991
0	0.941441
0	0.900901
0	0.963964
0	0.986486
0	0.963964
0	0.977477
0	0.981982
0	0.963964
0	0.945946
0	0.990991
0	0.873874
0	0.905405
0	0.986486
0	0.990991
0	0.873874
0	0.927928
0	0.945946
0	0.936937
0	0.900901
0	0.95045
0	0.963964
0	0.990991
0	0.972973
0	0.873874
0	0.977477
0	0.873874
0	0.945946
0	0.977477
0	0.900901
0	0.986486
0	0.981982
0	0.963964
0	0.941441
0	0.873874
0	0.945946
0	0.977477
0	0.977477
0	0.972973
0	0.900901
0	0.900901
0	0.968468
0	0.927928
0	0.981982
0	0.990991
0	0.873874
0	0.900901
0	0.936937
0	0.900901
0	0.959459
0	0.981982
0	0.959459
0	0.90991
0	0.990991
0	0.945946
0	0.936937
0	0.945946
0	0.873874
0	0.905405
0	0.873874
0	0.873874
0	0.945946
0	0.941441
0	0.977477
0	0.990991
0	0.972973
0	0.981982
0	0.873874
0	0.990991
0	0.873874
0	0.990991
0	0.932432
0	0.981982
0	0.873874
0	0.990991
0	0.945946
0	0.977477
0	0.905405
0	0.945946
0	0.945946
0	0.972973
0	0.977477
0	0.927928
0	0.905405
0	0.959459
0	0.927928
0	0.945946
0	0.990991
0	0.972973
0	0.900901
0	0.990991
0	0.986486
0	0.945946
0	0.990991
0	0.905405
0	0.981982
0	0.972973
0	0.900901
0	0.990991
0	0.873874
0	0.990991
0	0.981982
0	0.941441
0	0.936937
0	0.959459
0	0.945946
0	0.936937
0	0.873874
0	0.981982
0	0.963964
0	0.990991
0	0.986486
0	0.972973
0	0.990991
0	0.873874
0	0.990991
0	0.990991
0	0.963964
0	0.977477


