# Persistence diagram <GML/0524.gml>
#
# Dimension   : 1
# Entries     : 241
# Betti number: 237
0.939103	0.945513
0.939103	0.945513
0.961538	inf
0.961538	inf
0.961538	inf
0.966346	inf
0.966346	inf
0.966346	inf
0.969551	inf
0.969551	inf
0.971154	inf
0.971154	inf
0.971154	inf
0.971154	inf
0.972756	inf
0.972756	inf
0.972756	inf
0.972756	inf
0.972756	inf
0.972756	0.99359
0.972756	inf
0.972756	inf
0.974359	inf
0.974359	inf
0.974359	inf
0.975962	inf
0.975962	inf
0.975962	inf
0.975962	inf
0.975962	inf
0.975962	inf
0.977564	inf
0.977564	inf
0.977564	inf
0.977564	inf
0.977564	inf
0.979167	inf
0.979167	inf
0.979167	inf
0.980769	inf
0.980769	inf
0.980769	inf
0.980769	inf
0.980769	inf
0.980769	inf
0.980769	inf
0.980769	inf
0.980769	inf
0.980769	inf
0.980769	inf
0.980769	inf
0.980769	inf
0.980769	inf
0.980769	inf
0.980769	inf
0.980769	inf
0.982372	inf
0.982372	inf
0.982372	inf
0.982372	inf
0.982372	inf
0.982372	inf
0.982372	inf
0.982372	inf
0.982372	inf
0.982372	inf
0.982372	inf
0.982372	inf
0.982372	inf
0.983974	inf
0.983974	inf
0.983974	inf
0.983974	inf
0.983974	inf
0.983974	inf
0.983974	inf
0.983974	inf
0.983974	inf
0.983974	inf
0.983974	inf
0.983974	inf
0.983974	inf
0.985577	inf
0.985577	inf
0.985577	inf
0.985577	inf
0.985577	inf
0.985577	0.987179
0.985577	inf
0.985577	inf
0.985577	inf
0.985577	inf
0.985577	inf
0.987179	inf
0.987179	inf
0.987179	inf
0.987179	inf
0.987179	inf
0.987179	inf
0.987179	inf
0.987179	inf
0.987179	inf
0.987179	inf
0.987179	inf
0.987179	inf
0.987179	inf
0.987179	inf
0.987179	inf
0.987179	inf
0.987179	inf
0.987179	inf
0.987179	inf
0.988782	inf
0.988782	inf
0.988782	inf
0.988782	inf
0.988782	inf
0.988782	inf
0.988782	inf
0.988782	inf
0.988782	inf
0.988782	inf
0.988782	inf
0.988782	inf
0.988782	inf
0.988782	inf
0.988782	inf
0.988782	inf
0.988782	inf
0.988782	inf
0.990385	inf
0.990385	inf
0.990385	inf
0.990385	inf
0.990385	inf
0.990385	inf
0.990385	inf
0.990385	inf
0.990385	inf
0.990385	inf
0.990385	inf
0.990385	inf
0.990385	inf
0.990385	inf
0.990385	inf
0.990385	inf
0.990385	inf
0.990385	inf
0.990385	inf
0.990385	inf
0.990385	inf
0.990385	inf
0.990385	inf
0.990385	inf
0.991987	inf
0.991987	inf
0.991987	inf
0.991987	inf
0.991987	inf
0.991987	inf
0.991987	inf
0.991987	inf
0.991987	inf
0.991987	inf
0.991987	inf
0.991987	inf
0.991987	inf
0.991987	inf
0.991987	inf
0.991987	inf
0.991987	inf
0.991987	inf
0.99359	inf
0.99359	inf
0.99359	inf
0.99359	inf
0.99359	inf
0.99359	inf
0.99359	inf
0.99359	inf
0.99359	inf
0.99359	inf
0.99359	inf
0.99359	inf
0.99359	inf
0.99359	inf
0.99359	inf
0.99359	inf
0.99359	inf
0.99359	inf
0.99359	inf
0.99359	inf
0.99359	inf
0.99359	inf
0.99359	inf
0.99359	inf
0.99359	inf
0.995192	inf
0.995192	inf
0.995192	inf
0.995192	inf
0.995192	inf
0.995192	inf
0.995192	inf
0.995192	inf
0.995192	inf
0.995192	inf
0.995192	inf
0.995192	inf
0.995192	inf
0.995192	inf
0.995192	inf
0.995192	inf
0.995192	inf
0.995192	inf
0.995192	inf
0.995192	inf
0.995192	inf
0.995192	inf
0.995192	inf
0.995192	inf
0.996795	inf
0.996795	inf
0.996795	inf
0.996795	inf
0.996795	inf
0.996795	inf
0.996795	inf
0.996795	inf
0.996795	inf
0.996795	inf
0.996795	inf
0.996795	inf
0.996795	inf
0.996795	inf
0.996795	inf
0.996795	inf
0.996795	inf
0.996795	inf
0.996795	inf
0.996795	inf
