# Persistence diagram <GML/0525.gml>
#
# Dimension   : 1
# Entries     : 98
# Betti number: 98
0.726667	inf
0.893333	inf
0.893333	inf
0.913333	inf
0.92	inf
0.92	inf
0.92	inf
0.92	inf
0.926667	inf
0.926667	inf
0.933333	inf
0.933333	inf
0.933333	inf
0.933333	inf
0.94	inf
0.946667	inf
0.946667	inf
0.946667	inf
0.953333	inf
0.953333	inf
0.953333	inf
0.953333	inf
0.953333	inf
0.953333	inf
0.953333	inf
0.953333	inf
0.953333	inf
0.953333	inf
0.953333	inf
0.953333	inf
0.953333	inf
0.96	inf
0.96	inf
0.96	inf
0.96	inf
0.96	inf
0.966667	inf
0.966667	inf
0.966667	inf
0.966667	inf
0.966667	inf
0.966667	inf
0.966667	inf
0.966667	inf
0.966667	inf
0.966667	inf
0.966667	inf
0.966667	inf
0.966667	inf
0.966667	inf
0.966667	inf
0.966667	inf
0.973333	inf
0.973333	inf
0.973333	inf
0.973333	inf
0.973333	inf
0.973333	inf
0.973333	inf
0.973333	inf
0.98	inf
0.98	inf
0.98	inf
0.98	inf
0.98	inf
0.98	inf
0.98	inf
0.98	inf
0.98	inf
0.98	inf
0.98	inf
0.98	inf
0.98	inf
0.98	inf
0.98	inf
0.98	inf
0.98	inf
0.98	inf
0.98	inf
0.98	inf
0.98	inf
0.986667	inf
0.986667	inf
0.986667	inf
0.986667	inf
0.986667	inf
0.986667	inf
0.986667	inf
0.986667	inf
0.986667	inf
0.986667	inf
0.986667	inf
0.986667	inf
0.986667	inf
0.986667	inf
0.986667	inf
0.986667	inf
0.986667	inf
