# Persistence diagram <GML/0526.gml>
#
# Dimension   : 0
# Entries     : 857
# Betti number: 4
0	inf
0	0.994123
0	0.982368
0	0.996641
0	0.991604
0	0.984887
0	0.993283
0	0.992443
0	0.984047
0	0.991604
0	0.948783
0	0.962217
0	0.998321
0	0.991604
0	0.973132
0	0.984047
0	0.982368
0	0.988245
0	0.996641
0	0.988245
0	0.997481
0	0.998321
0	0.994123
0	0.994962
0	0.984047
0	0.996641
0	0.994123
0	0.996641
0	0.990764
0	0.997481
0	0.995802
0	0.9555
0	0.948783
0	0.994962
0	0.996641
0	0.990764
0	0.994962
0	0.962217
0	0.984047
0	0.996641
0	0.998321
0	0.962217
0	0.994962
0	0.992443
0	0.998321
0	0.997481
0	0.973132
0	0.984047
0	0.998321
0	0.987406
0	0.991604
0	0.987406
0	0.994962
0	0.993283
0	0.962217
0	0.994962
0	0.982368
0	0.993283
0	0.948783
0	0.994962
0	0.990764
0	0.993283
0	0.987406
0	0.990764
0	inf
0	0.991604
0	0.990764
0	0.994123
0	0.962217
0	0.991604
0	0.997481
0	0.998321
0	0.9555
0	0.962217
0	0.991604
0	0.994962
0	0.996641
0	0.992443
0	0.992443
0	0.994123
0	0.996641
0	0.990764
0	0.987406
0	0.995802
0	0.994962
0	0.990764
0	0.993283
0	0.997481
0	0.990764
0	0.998321
0	0.9555
0	0.998321
0	0.97817
0	0.998321
0	0.995802
0	0.993283
0	0.990764
0	0.995802
0	0.991604
0	0.998321
0	0.990764
0	0.990764
0	0.990764
0	0.984047
0	0.994123
0	0.973132
0	0.998321
0	0.997481
0	0.991604
0	0.998321
0	0.994962
0	0.997481
0	0.997481
0	0.992443
0	0.9555
0	0.998321
0	0.9555
0	0.993283
0	0.992443
0	0.995802
0	0.992443
0	0.948783
0	0.993283
0	0.992443
0	0.998321
0	0.997481
0	0.997481
0	0.991604
0	0.948783
0	0.994123
0	0.948783
0	0.998321
0	0.962217
0	0.991604
0	0.948783
0	0.991604
0	0.948783
0	0.998321
0	0.990764
0	0.998321
0	0.997481
0	0.994962
0	0.962217
0	0.994123
0	0.998321
0	0.993283
0	0.998321
0	0.990764
0	0.991604
0	0.989085
0	0.97817
0	0.990764
0	0.998321
0	0.962217
0	0.962217
0	0.995802
0	0.962217
0	0.994123
0	0.948783
0	0.962217
0	0.996641
0	0.988245
0	0.9555
0	0.995802
0	0.973132
0	0.97817
0	0.998321
0	0.990764
0	0.990764
0	0.994123
0	0.948783
0	0.990764
0	0.996641
0	0.996641
0	0.994123
0	0.994123
0	0.998321
0	0.998321
0	0.997481
0	0.990764
0	0.987406
0	0.995802
0	0.998321
0	0.997481
0	0.982368
0	0.988245
0	0.9555
0	0.994123
0	0.973132
0	0.948783
0	0.996641
0	0.982368
0	0.997481
0	0.998321
0	0.973132
0	0.998321
0	0.97817
0	0.962217
0	0.992443
0	0.990764
0	0.992443
0	0.995802
0	0.948783
0	0.998321
0	inf
0	0.97817
0	0.962217
0	0.990764
0	0.97817
0	0.990764
0	0.997481
0	0.994123
0	0.994123
0	0.987406
0	0.973132
0	0.995802
0	0.962217
0	0.948783
0	0.987406
0	0.998321
0	0.996641
0	0.990764
0	0.997481
0	0.998321
0	0.982368
0	0.990764
0	0.990764
0	0.994962
0	0.995802
0	0.998321
0	0.996641
0	0.997481
0	0.996641
0	0.998321
0	0.994962
0	0.948783
0	0.962217
0	0.996641
0	0.994962
0	0.97817
0	0.997481
0	0.998321
0	0.948783
0	0.994962
0	0.993283
0	0.991604
0	0.992443
0	0.996641
0	0.987406
0	0.948783
0	0.994962
0	0.97817
0	0.990764
0	0.997481
0	0.995802
0	0.995802
0	0.994962
0	0.994123
0	0.994123
0	0.948783
0	0.996641
0	0.984047
0	0.998321
0	0.995802
0	0.996641
0	0.948783
0	0.97817
0	0.998321
0	0.998321
0	0.997481
0	0.994123
0	0.993283
0	0.992443
0	0.994962
0	0.992443
0	0.998321
0	0.995802
0	0.998321
0	0.962217
0	0.984047
0	0.997481
0	0.991604
0	0.948783
0	0.998321
0	0.962217
0	0.987406
0	0.97817
0	0.984887
0	0.997481
0	0.994962
0	0.995802
0	0.996641
0	0.987406
0	0.948783
0	0.987406
0	0.990764
0	0.990764
0	0.990764
0	0.9555
0	0.9555
0	0.973132
0	0.962217
0	0.998321
0	0.994962
0	0.9555
0	0.987406
0	0.995802
0	0.996641
0	0.982368
0	0.984887
0	0.997481
0	0.962217
0	0.993283
0	0.990764
0	0.997481
0	0.987406
0	0.997481
0	0.996641
0	0.996641
0	0.962217
0	0.994962
0	0.989085
0	0.948783
0	0.994962
0	0.973132
0	0.997481
0	0.994962
0	0.973132
0	0.990764
0	0.996641
0	0.993283
0	0.997481
0	0.994962
0	0.996641
0	0.998321
0	0.993283
0	0.994962
0	0.992443
0	0.948783
0	0.994962
0	0.984887
0	0.973132
0	0.991604
0	0.984887
0	0.992443
0	0.984047
0	0.994962
0	0.948783
0	0.962217
0	0.992443
0	0.997481
0	0.996641
0	0.948783
0	0.996641
0	0.994962
0	0.994962
0	0.973132
0	0.948783
0	0.97817
0	0.996641
0	0.948783
0	0.962217
0	0.995802
0	0.996641
0	0.994962
0	0.994123
0	0.97817
0	0.9555
0	0.996641
0	0.994962
0	0.996641
0	0.992443
0	0.994962
0	0.973132
0	0.997481
0	0.948783
0	0.994962
0	0.948783
0	0.9555
0	0.998321
0	0.987406
0	0.996641
0	0.998321
0	0.994962
0	0.998321
0	0.994962
0	0.990764
0	0.994962
0	0.984887
0	0.987406
0	0.994123
0	0.996641
0	0.97817
0	0.993283
0	0.993283
0	0.984887
0	0.996641
0	0.984047
0	0.994962
0	0.97817
0	0.962217
0	0.984887
0	0.997481
0	0.984887
0	0.987406
0	0.948783
0	0.988245
0	0.998321
0	0.973132
0	0.962217
0	0.9555
0	0.990764
0	0.996641
0	0.988245
0	0.995802
0	0.994123
0	0.987406
0	0.995802
0	0.997481
0	0.990764
0	0.991604
0	0.993283
0	0.998321
0	0.994123
0	0.994962
0	0.948783
0	0.988245
0	0.998321
0	0.990764
0	0.997481
0	0.993283
0	0.994962
0	0.994123
0	0.97817
0	0.989085
0	0.998321
0	0.984887
0	0.990764
0	0.987406
0	0.962217
0	0.997481
0	0.984887
0	0.998321
0	0.989085
0	0.998321
0	0.994123
0	0.9555
0	0.996641
0	0.992443
0	0.996641
0	0.996641
0	0.998321
0	0.9555
0	0.991604
0	0.994123
0	0.994123
0	0.993283
0	0.962217
0	0.973132
0	0.998321
0	0.998321
0	0.993283
0	0.97817
0	0.984047
0	0.994123
0	0.994962
0	0.996641
0	0.992443
0	0.995802
0	0.993283
0	0.997481
0	0.948783
0	0.996641
0	0.997481
0	0.994123
0	0.984047
0	0.995802
0	0.962217
0	0.994123
0	0.996641
0	0.996641
0	0.990764
0	0.993283
0	0.995802
0	0.982368
0	0.982368
0	0.996641
0	0.991604
0	0.9555
0	0.998321
0	0.993283
0	0.97817
0	0.973132
0	0.996641
0	0.998321
0	0.994962
0	0.97817
0	0.948783
0	0.996641
0	0.993283
0	0.982368
0	0.996641
0	0.994962
0	0.995802
0	0.998321
0	0.990764
0	0.994123
0	0.97817
0	0.984887
0	0.962217
0	0.991604
0	0.995802
0	0.948783
0	0.997481
0	0.992443
0	0.97817
0	0.973132
0	0.984047
0	0.994123
0	0.993283
0	0.962217
0	0.948783
0	0.948783
0	0.998321
0	0.996641
0	0.997481
0	0.997481
0	0.997481
0	0.962217
0	0.9555
0	0.997481
0	0.982368
0	0.996641
0	0.996641
0	0.995802
0	0.982368
0	0.996641
0	0.97817
0	0.97817
0	0.989085
0	0.991604
0	0.948783
0	0.994123
0	0.997481
0	0.9555
0	0.997481
0	0.993283
0	0.998321
0	0.9555
0	0.962217
0	0.990764
0	0.997481
0	0.9555
0	0.997481
0	0.987406
0	0.998321
0	0.948783
0	0.998321
0	0.998321
0	0.993283
0	0.998321
0	0.994962
0	0.994123
0	0.995802
0	0.996641
0	0.97817
0	0.9555
0	0.994962
0	0.997481
0	0.984047
0	0.984047
0	0.998321
0	0.992443
0	0.991604
0	0.990764
0	0.994962
0	0.97817
0	0.997481
0	0.994962
0	0.984047
0	0.997481
0	0.998321
0	0.9555
0	0.995802
0	0.990764
0	0.984047
0	0.991604
0	0.973132
0	0.97817
0	0.97817
0	inf
0	0.997481
0	0.9555
0	0.990764
0	0.984887
0	0.948783
0	0.994123
0	0.997481
0	0.948783
0	0.996641
0	0.992443
0	0.998321
0	0.996641
0	0.987406
0	0.990764
0	0.994962
0	0.9555
0	0.99916
0	0.962217
0	0.994962
0	0.984047
0	0.97817
0	0.990764
0	0.997481
0	0.984887
0	0.996641
0	0.992443
0	0.993283
0	0.994123
0	0.998321
0	0.973132
0	0.973132
0	0.993283
0	0.97817
0	0.962217
0	0.990764
0	0.998321
0	0.948783
0	0.995802
0	0.991604
0	0.994123
0	0.990764
0	0.993283
0	0.973132
0	0.995802
0	0.984047
0	0.97817
0	0.994962
0	0.989085
0	0.97817
0	0.990764
0	0.973132
0	0.995802
0	0.990764
0	0.996641
0	0.995802
0	0.948783
0	0.990764
0	0.97817
0	0.998321
0	0.990764
0	0.987406
0	0.948783
0	0.984047
0	0.948783
0	0.992443
0	0.997481
0	0.997481
0	0.994962
0	0.998321
0	0.994123
0	0.995802
0	0.994962
0	0.948783
0	0.996641
0	0.991604
0	0.948783
0	0.990764
0	0.993283
0	0.996641
0	0.984047
0	0.9555
0	0.993283
0	0.9555
0	0.97817
0	0.998321
0	0.97817
0	0.973132
0	0.998321
0	0.998321
0	0.982368
0	0.998321
0	0.973132
0	0.990764
0	0.984047
0	0.990764
0	0.991604
0	0.994962
0	0.994123
0	0.984047
0	0.994962
0	0.989085
0	0.990764
0	0.987406
0	0.9555
0	0.994962
0	0.998321
0	0.994123
0	0.994123
0	0.990764
0	0.994962
0	0.987406
0	0.9555
0	0.998321
0	0.984047
0	0.993283
0	0.998321
0	0.948783
0	0.990764
0	0.992443
0	0.948783
0	0.994123
0	0.9555
0	0.998321
0	0.995802
0	0.993283
0	0.996641
0	0.993283
0	0.948783
0	0.982368
0	0.948783
0	0.998321
0	0.984887
0	0.948783
0	0.995802
0	0.994962
0	0.994962
0	0.996641
0	0.994123
0	0.962217
0	0.998321
0	0.990764
0	0.988245
0	0.948783
0	0.97817
0	0.998321
0	0.984047
0	0.990764
0	0.996641
0	0.994962
0	0.990764
0	0.982368
0	0.97817
0	0.994123
0	0.989085
0	0.995802
0	0.948783
0	0.997481
0	0.962217
0	0.990764
0	0.984047
0	0.991604
0	0.995802
0	0.990764
0	0.962217
0	0.990764
0	0.997481
0	0.997481
0	0.982368
0	0.988245
0	0.996641
0	0.998321
0	0.9555
0	0.998321
0	0.991604
0	0.97817
0	0.97817
0	0.994123
0	0.994962
0	0.973132
0	0.993283
0	0.987406
0	0.997481
0	0.996641
0	0.99916
0	0.994123
0	0.998321
0	0.990764
0	0.9555
0	0.998321
0	0.991604
0	0.982368
0	0.9555
0	0.997481
0	0.9555
0	0.998321
0	0.989085
0	0.973132
0	0.962217
0	0.996641
0	0.994123
0	0.982368
0	0.998321
0	0.996641
0	0.998321
0	0.993283
0	0.997481
0	0.990764
0	0.997481
0	0.996641
0	0.993283
0	0.988245
0	0.992443
0	0.994123
0	0.997481
0	0.990764
0	0.995802
0	0.97817
0	0.9555
0	0.990764
0	0.997481
0	0.990764
0	0.97817
0	0.994962
0	0.994123
0	0.990764
0	0.984047
0	0.97817
0	0.984887
0	0.962217
0	0.992443
0	0.997481
0	0.994962
0	0.962217
0	0.997481
0	0.990764
0	0.992443
0	0.991604
0	0.997481
0	0.994123
0	0.97817
0	0.998321
0	0.994123
0	0.990764
0	0.997481
0	0.992443
0	0.997481
0	0.998321
0	0.995802
0	0.997481
0	0.996641
0	0.990764
0	0.994962
0	0.996641
0	0.993283
0	0.992443
0	0.997481
0	0.996641
0	0.997481
0	0.984047
0	0.97817
0	0.948783
0	0.993283
0	0.992443
0	0.994962
0	0.996641
0	0.997481


