# Persistence diagram <GML/0527.gml>
#
# Dimension   : 1
# Entries     : 158
# Betti number: 158
0.964778	inf
0.964778	inf
0.970904	inf
0.972435	inf
0.972435	inf
0.972435	inf
0.972435	inf
0.977029	inf
0.977029	inf
0.977029	inf
0.977029	inf
0.977029	inf
0.977029	inf
0.97856	inf
0.980092	inf
0.980092	inf
0.980092	inf
0.980092	inf
0.980092	inf
0.980092	inf
0.981623	inf
0.981623	inf
0.981623	inf
0.983155	inf
0.983155	inf
0.983155	inf
0.984686	inf
0.984686	inf
0.984686	inf
0.984686	inf
0.984686	inf
0.984686	inf
0.984686	inf
0.986217	inf
0.986217	inf
0.986217	inf
0.986217	inf
0.987749	inf
0.987749	inf
0.987749	inf
0.987749	inf
0.987749	inf
0.987749	inf
0.987749	inf
0.987749	inf
0.98928	inf
0.98928	inf
0.98928	inf
0.990812	inf
0.990812	inf
0.990812	inf
0.990812	inf
0.990812	inf
0.990812	inf
0.990812	inf
0.990812	inf
0.990812	inf
0.990812	inf
0.990812	inf
0.990812	inf
0.990812	inf
0.990812	inf
0.990812	inf
0.990812	inf
0.992343	inf
0.992343	inf
0.992343	inf
0.992343	inf
0.992343	inf
0.992343	inf
0.992343	inf
0.992343	inf
0.992343	inf
0.992343	inf
0.992343	inf
0.992343	inf
0.992343	inf
0.992343	inf
0.992343	inf
0.992343	inf
0.993874	inf
0.993874	inf
0.993874	inf
0.993874	inf
0.993874	inf
0.993874	inf
0.993874	inf
0.993874	inf
0.993874	inf
0.993874	inf
0.993874	inf
0.993874	inf
0.993874	inf
0.993874	inf
0.993874	inf
0.993874	inf
0.993874	inf
0.993874	inf
0.993874	inf
0.993874	inf
0.993874	inf
0.993874	inf
0.993874	inf
0.993874	inf
0.993874	inf
0.995406	inf
0.995406	inf
0.995406	inf
0.995406	inf
0.995406	inf
0.995406	inf
0.995406	inf
0.995406	inf
0.995406	inf
0.995406	inf
0.995406	inf
0.995406	inf
0.995406	inf
0.995406	inf
0.995406	inf
0.995406	inf
0.995406	inf
0.995406	inf
0.995406	inf
0.995406	inf
0.995406	inf
0.995406	inf
0.995406	inf
0.995406	inf
0.995406	inf
0.995406	inf
0.995406	inf
0.995406	inf
0.995406	inf
0.995406	inf
0.996937	inf
0.996937	inf
0.996937	inf
0.996937	inf
0.996937	inf
0.996937	inf
0.996937	inf
0.996937	inf
0.996937	inf
0.996937	inf
0.996937	inf
0.996937	inf
0.996937	inf
0.996937	inf
0.996937	inf
0.996937	inf
0.996937	inf
0.996937	inf
0.996937	inf
0.996937	inf
0.996937	inf
0.996937	inf
0.996937	inf
