# Persistence diagram <GML/0529.gml>
#
# Dimension   : 0
# Entries     : 872
# Betti number: 14
0	inf
0	0.958955
0	0.975746
0	0.972015
0	0.979478
0	0.992537
0	inf
0	0.968284
0	0.966418
0	inf
0	0.972015
0	0.996269
0	0.973881
0	0.996269
0	0.990672
0	0.973881
0	0.972015
0	0.981343
0	0.968284
0	0.981343
0	0.990672
0	0.994403
0	inf
0	0.968284
0	0.992537
0	0.996269
0	0.973881
0	0.988806
0	0.977612
0	0.98694
0	0.981343
0	0.923507
0	0.968284
0	0.958955
0	0.966418
0	0.972015
0	0.981343
0	0.975746
0	0.992537
0	0.996269
0	0.975746
0	0.992537
0	0.975746
0	0.949627
0	0.923507
0	0.983209
0	0.985075
0	0.953358
0	0.964552
0	0.981343
0	0.975746
0	0.953358
0	0.973881
0	0.979478
0	0.960821
0	0.949627
0	0.949627
0	0.975746
0	0.983209
0	inf
0	inf
0	0.960821
0	0.958955
0	0.983209
0	0.923507
0	0.975746
0	0.996269
0	0.994403
0	0.973881
0	0.994403
0	0.983209
0	0.981343
0	0.996269
0	0.923507
0	0.958955
0	0.994403
0	0.994403
0	0.996269
0	0.973881
0	0.973881
0	inf
0	0.975746
0	0.988806
0	0.983209
0	0.973881
0	0.990672
0	0.983209
0	0.972015
0	0.994403
0	0.985075
0	0.923507
0	0.968284
0	0.994403
0	0.985075
0	0.983209
0	0.968284
0	0.988806
0	0.994403
0	0.968284
0	0.975746
0	0.985075
0	0.960821
0	0.975746
0	0.966418
0	0.966418
0	0.983209
0	0.983209
0	0.992537
0	0.966418
0	0.985075
0	0.958955
0	0.958955
0	0.994403
0	0.958955
0	0.992537
0	0.996269
0	0.975746
0	0.973881
0	0.996269
0	0.973881
0	0.992537
0	0.990672
0	0.985075
0	0.981343
0	0.949627
0	0.953358
0	0.968284
0	0.985075
0	0.983209
0	0.972015
0	0.923507
0	0.975746
0	0.996269
0	0.992537
0	0.996269
0	0.990672
0	0.990672
0	0.990672
0	0.964552
0	0.98694
0	0.983209
0	0.975746
0	0.992537
0	0.983209
0	0.973881
0	0.923507
0	0.994403
0	0.981343
0	0.990672
0	0.975746
0	0.973881
0	0.98694
0	0.973881
0	0.968284
0	0.966418
0	0.923507
0	0.977612
0	0.994403
0	0.996269
0	0.994403
0	0.990672
0	0.985075
0	0.949627
0	0.996269
0	0.973881
0	0.985075
0	0.98694
0	0.985075
0	0.992537
0	0.949627
0	0.923507
0	0.977612
0	0.983209
0	0.990672
0	0.992537
0	0.996269
0	0.953358
0	0.994403
0	0.981343
0	0.992537
0	0.953358
0	0.966418
0	0.964552
0	0.990672
0	0.981343
0	0.977612
0	0.923507
0	0.981343
0	0.960821
0	0.98694
0	0.972015
0	0.973881
0	0.958955
0	0.953358
0	0.994403
0	0.983209
0	0.990672
0	0.992537
0	0.975746
0	0.977612
0	0.992537
0	0.996269
0	0.981343
0	0.958955
0	0.958955
0	0.992537
0	0.923507
0	0.949627
0	0.975746
0	0.996269
0	0.992537
0	0.979478
0	0.958955
0	0.975746
0	0.977612
0	0.953358
0	0.979478
0	0.953358
0	0.958955
0	0.979478
0	0.992537
0	0.973881
0	0.981343
0	0.994403
0	0.992537
0	0.990672
0	0.994403
0	0.994403
0	0.981343
0	0.966418
0	0.975746
0	0.994403
0	0.983209
0	0.983209
0	0.985075
0	0.985075
0	0.983209
0	0.981343
0	0.996269
0	0.973881
0	0.968284
0	0.966418
0	0.992537
0	0.988806
0	0.985075
0	0.983209
0	0.985075
0	0.994403
0	0.972015
0	0.983209
0	0.979478
0	0.977612
0	0.973881
0	0.98694
0	0.960821
0	0.994403
0	0.960821
0	0.996269
0	0.985075
0	inf
0	0.975746
0	0.98694
0	0.994403
0	0.983209
0	0.975746
0	0.977612
0	0.972015
0	0.996269
0	0.923507
0	0.975746
0	0.923507
0	0.996269
0	0.975746
0	0.996269
0	0.996269
0	0.994403
0	0.992537
0	0.992537
0	0.923507
0	0.977612
0	0.981343
0	0.988806
0	0.953358
0	0.958955
0	0.983209
0	0.949627
0	inf
0	0.968284
0	0.972015
0	0.98694
0	0.992537
0	0.994403
0	0.985075
0	0.977612
0	0.981343
0	0.994403
0	0.992537
0	0.949627
0	0.990672
0	0.988806
0	0.964552
0	0.988806
0	0.990672
0	0.981343
0	0.979478
0	0.994403
0	0.981343
0	0.994403
0	0.992537
0	0.994403
0	0.981343
0	0.981343
0	0.973881
0	0.983209
0	0.983209
0	0.992537
0	0.994403
0	0.996269
0	0.996269
0	0.983209
0	0.990672
0	0.975746
0	0.977612
0	0.990672
0	0.988806
0	0.992537
0	0.994403
0	0.990672
0	0.992537
0	0.996269
0	0.953358
0	0.981343
0	0.979478
0	0.975746
0	0.949627
0	0.98694
0	0.992537
0	0.992537
0	0.988806
0	0.923507
0	0.958955
0	0.992537
0	0.98694
0	0.960821
0	0.98694
0	0.975746
0	0.975746
0	0.960821
0	0.985075
0	0.990672
0	0.983209
0	0.983209
0	0.990672
0	0.990672
0	0.990672
0	0.985075
0	0.985075
0	0.981343
0	0.981343
0	0.983209
0	0.979478
0	0.983209
0	0.960821
0	0.968284
0	0.994403
0	0.964552
0	0.983209
0	0.958955
0	0.994403
0	0.988806
0	0.972015
0	0.992537
0	0.958955
0	0.979478
0	0.949627
0	0.968284
0	0.981343
0	0.981343
0	0.923507
0	0.981343
0	0.994403
0	0.98694
0	0.953358
0	0.960821
0	0.996269
0	0.996269
0	0.923507
0	0.990672
0	0.964552
0	0.949627
0	0.98694
0	0.990672
0	0.949627
0	0.977612
0	0.994403
0	0.992537
0	0.990672
0	0.994403
0	0.958955
0	0.958955
0	inf
0	0.968284
0	0.990672
0	0.996269
0	0.966418
0	0.973881
0	0.996269
0	0.923507
0	0.990672
0	0.923507
0	0.994403
0	0.992537
0	0.981343
0	0.975746
0	0.996269
0	0.988806
0	0.958955
0	0.983209
0	0.966418
0	0.975746
0	0.960821
0	0.996269
0	0.958955
0	0.953358
0	0.985075
0	0.985075
0	0.992537
0	0.923507
0	0.988806
0	0.985075
0	0.973881
0	0.960821
0	0.981343
0	0.975746
0	0.923507
0	0.996269
0	0.996269
0	0.996269
0	inf
0	0.968284
0	0.992537
0	0.953358
0	0.958955
0	0.975746
0	0.992537
0	0.985075
0	0.977612
0	0.975746
0	0.985075
0	0.975746
0	0.958955
0	0.953358
0	0.994403
0	0.988806
0	0.992537
0	0.990672
0	0.949627
0	0.994403
0	0.994403
0	0.985075
0	0.996269
0	0.994403
0	0.983209
0	0.981343
0	0.996269
0	0.949627
0	0.990672
0	0.972015
0	0.949627
0	0.98694
0	0.985075
0	0.968284
0	0.98694
0	0.996269
0	0.981343
0	0.964552
0	0.98694
0	0.977612
0	0.953358
0	0.973881
0	0.949627
0	0.958955
0	0.981343
0	0.990672
0	0.994403
0	0.973881
0	0.98694
0	0.988806
0	0.996269
0	0.953358
0	0.923507
0	0.977612
0	0.988806
0	0.958955
0	0.968284
0	0.998134
0	0.98694
0	0.990672
0	0.958955
0	0.973881
0	0.996269
0	0.981343
0	0.975746
0	0.983209
0	0.988806
0	0.985075
0	0.990672
0	0.994403
0	0.988806
0	0.968284
0	0.958955
0	0.958955
0	0.949627
0	0.973881
0	0.990672
0	0.973881
0	0.990672
0	0.968284
0	0.983209
0	0.973881
0	0.990672
0	0.958955
0	0.958955
0	0.990672
0	0.953358
0	0.994403
0	0.996269
0	0.985075
0	0.981343
0	0.98694
0	0.983209
0	0.992537
0	0.992537
0	0.996269
0	0.923507
0	0.996269
0	0.966418
0	0.923507
0	0.977612
0	0.994403
0	0.988806
0	0.992537
0	0.996269
0	0.990672
0	0.992537
0	0.981343
0	0.975746
0	0.981343
0	0.958955
0	0.998134
0	0.996269
0	0.985075
0	0.966418
0	0.994403
0	0.988806
0	0.981343
0	0.994403
0	0.981343
0	0.949627
0	0.983209
0	0.992537
0	0.953358
0	0.994403
0	0.994403
0	0.949627
0	0.966418
0	0.972015
0	0.996269
0	0.923507
0	0.981343
0	0.994403
0	0.990672
0	0.983209
0	0.990672
0	0.958955
0	0.983209
0	0.994403
0	0.953358
0	0.994403
0	0.992537
0	0.977612
0	0.972015
0	0.964552
0	0.994403
0	0.975746
0	0.994403
0	0.975746
0	0.992537
0	inf
0	0.966418
0	0.998134
0	0.990672
0	0.972015
0	0.983209
0	0.975746
0	0.998134
0	0.996269
0	0.996269
0	0.992537
0	0.981343
0	0.992537
0	0.990672
0	0.964552
0	0.972015
0	0.960821
0	0.964552
0	0.958955
0	0.990672
0	0.98694
0	0.975746
0	0.994403
0	0.988806
0	0.979478
0	0.98694
0	0.990672
0	inf
0	0.996269
0	0.923507
0	0.985075
0	0.958955
0	0.990672
0	0.988806
0	0.98694
0	0.960821
0	0.996269
0	0.996269
0	0.979478
0	0.983209
0	0.990672
0	0.968284
0	0.964552
0	0.983209
0	0.990672
0	0.949627
0	0.985075
0	0.981343
0	0.98694
0	0.972015
0	0.992537
0	0.985075
0	0.983209
0	0.996269
0	0.996269
0	0.958955
0	0.983209
0	0.979478
0	0.975746
0	0.985075
0	0.964552
0	0.975746
0	0.983209
0	0.985075
0	0.988806
0	0.972015
0	0.990672
0	0.979478
0	0.975746
0	0.981343
0	0.98694
0	0.988806
0	0.994403
0	0.983209
0	0.988806
0	0.992537
0	0.992537
0	0.983209
0	0.981343
0	0.981343
0	0.988806
0	0.981343
0	0.973881
0	0.981343
0	0.981343
0	0.981343
0	0.975746
0	0.973881
0	0.994403
0	0.992537
0	0.98694
0	0.981343
0	0.977612
0	0.990672
0	0.985075
0	0.994403
0	0.981343
0	0.964552
0	0.988806
0	0.992537
0	0.981343
0	0.979478
0	0.983209
0	0.981343
0	0.981343
0	0.994403
0	0.990672
0	0.983209
0	0.973881
0	0.981343
0	0.960821
0	0.983209
0	0.998134
0	0.992537
0	0.994403
0	0.985075
0	0.923507
0	0.949627
0	0.968284
0	0.923507
0	0.958955
0	0.975746
0	0.994403
0	inf
0	0.973881
0	0.983209
0	0.923507
0	0.994403
0	0.964552
0	0.983209
0	0.996269
0	0.964552
0	0.992537
0	0.981343
0	0.964552
0	0.990672
0	0.977612
0	0.994403
0	0.975746
0	0.992537
0	0.972015
0	0.992537
0	0.994403
0	0.996269
0	0.981343
0	0.996269
0	0.953358
0	0.975746
0	0.994403
0	0.996269
0	0.994403
0	0.98694
0	0.981343
0	0.998134
0	0.972015
0	0.98694
0	0.968284
0	0.981343
0	0.923507
0	0.985075
0	0.973881
0	0.973881
0	0.953358
0	0.992537
0	0.988806
0	0.949627
0	0.983209
0	0.958955
0	0.996269
0	0.996269
0	0.994403
0	0.958955
0	0.985075
0	0.975746
0	0.923507
0	0.992537
0	0.981343
0	0.975746
0	0.972015
0	0.992537
0	0.964552
0	0.953358
0	0.994403
0	0.988806
0	0.992537
0	0.973881
0	0.994403
0	0.972015
0	0.990672
0	0.953358
0	0.923507
0	0.958955
0	0.998134
0	0.975746
0	0.994403
0	0.981343
0	0.981343
0	0.983209
0	0.968284
0	0.994403
0	0.994403
0	0.990672
0	0.923507
0	0.977612
0	0.996269
0	0.975746
0	0.992537
0	0.983209
0	0.981343
0	0.994403
0	0.983209
0	0.973881
0	0.992537
0	0.968284
0	0.981343
0	0.988806
0	0.992537
0	0.988806
0	0.985075
0	0.996269
0	0.981343
0	0.985075
0	0.981343
0	0.994403
0	0.975746
0	0.992537
0	0.988806
0	0.923507
0	0.981343
0	0.988806
0	0.972015
0	0.98694
0	0.992537
0	0.98694
0	0.977612
0	0.958955
0	0.923507
0	0.988806
0	0.998134
0	0.960821
0	0.990672
0	0.994403
0	0.996269
0	0.994403
0	0.994403
0	0.983209
0	0.979478
0	0.958955
0	0.996269
0	0.992537
0	0.966418
0	0.994403
0	0.923507
0	0.994403
0	0.975746
0	0.981343
0	0.992537
0	0.992537
0	0.960821
0	0.977612
0	0.992537
0	0.983209
0	0.990672
0	0.990672
0	0.985075
0	0.981343
0	0.949627
0	0.981343
0	0.983209
0	0.996269
0	0.966418
0	0.960821
0	0.992537
0	0.975746
0	0.949627
0	0.994403
0	0.973881
0	0.992537
0	0.996269
0	0.923507
0	0.981343
0	0.949627
0	0.960821
0	0.958955


