# Persistence diagram <GML/0533.gml>
#
# Dimension   : 0
# Entries     : 801
# Betti number: 9
0	inf
0	0.971576
0	0.994832
0	0.992248
0	0.994832
0	0.98708
0	0.989664
0	0.98708
0	0.919897
0	0.992248
0	0.927649
0	0.984496
0	0.945736
0	0.981912
0	0.98708
0	0.971576
0	0.994832
0	0.992248
0	0.966408
0	0.994832
0	0.945736
0	0.994832
0	0.971576
0	0.992248
0	0.979328
0	0.914729
0	0.956072
0	0.984496
0	0.927649
0	0.979328
0	0.927649
0	0.940568
0	0.937984
0	0.984496
0	0.966408
0	0.981912
0	0.968992
0	0.919897
0	0.994832
0	0.976744
0	0.98708
0	0.984496
0	0.992248
0	0.994832
0	0.984496
0	0.971576
0	0.981912
0	0.984496
0	0.963824
0	0.984496
0	0.989664
0	0.96124
0	0.914729
0	inf
0	0.950904
0	0.979328
0	0.914729
0	0.989664
0	0.927649
0	0.992248
0	0.981912
0	0.992248
0	0.968992
0	0.963824
0	0.992248
0	0.927649
0	0.956072
0	0.97416
0	0.937984
0	0.989664
0	0.98708
0	0.919897
0	0.98708
0	0.966408
0	0.992248
0	0.97416
0	0.981912
0	0.971576
0	0.914729
0	inf
0	0.966408
0	0.984496
0	0.994832
0	0.96124
0	0.96124
0	0.968992
0	0.968992
0	0.914729
0	0.992248
0	0.979328
0	0.919897
0	0.97416
0	0.963824
0	0.966408
0	0.966408
0	0.945736
0	0.98708
0	0.963824
0	0.976744
0	0.98708
0	0.96124
0	0.979328
0	0.98708
0	0.994832
0	0.956072
0	0.950904
0	0.971576
0	0.956072
0	0.981912
0	0.994832
0	0.989664
0	0.976744
0	0.984496
0	0.966408
0	0.919897
0	0.966408
0	0.992248
0	0.940568
0	0.919897
0	0.984496
0	0.989664
0	0.989664
0	0.992248
0	0.968992
0	0.96124
0	0.979328
0	0.984496
0	0.96124
0	0.96124
0	0.976744
0	0.950904
0	0.994832
0	0.945736
0	0.971576
0	0.98708
0	0.984496
0	0.979328
0	0.979328
0	0.914729
0	0.919897
0	0.968992
0	0.98708
0	0.984496
0	0.919897
0	0.966408
0	0.992248
0	0.994832
0	0.98708
0	0.994832
0	0.937984
0	0.971576
0	0.971576
0	0.940568
0	0.950904
0	0.968992
0	0.971576
0	0.994832
0	0.919897
0	0.968992
0	0.981912
0	0.981912
0	0.971576
0	0.98708
0	0.96124
0	0.914729
0	0.919897
0	0.96124
0	0.937984
0	0.96124
0	0.981912
0	0.937984
0	0.950904
0	0.992248
0	0.976744
0	0.979328
0	0.919897
0	0.968992
0	0.992248
0	0.966408
0	0.919897
0	0.96124
0	0.992248
0	0.950904
0	0.945736
0	0.937984
0	0.979328
0	0.992248
0	0.919897
0	0.968992
0	0.984496
0	0.994832
0	0.98708
0	0.992248
0	inf
0	0.927649
0	0.98708
0	0.992248
0	0.914729
0	0.98708
0	0.914729
0	0.994832
0	0.994832
0	0.994832
0	0.914729
0	0.98708
0	0.979328
0	0.914729
0	0.940568
0	0.96124
0	0.950904
0	0.981912
0	0.963824
0	0.97416
0	0.98708
0	0.971576
0	0.979328
0	0.968992
0	0.981912
0	0.96124
0	0.979328
0	0.968992
0	0.963824
0	0.919897
0	0.966408
0	0.979328
0	0.96124
0	0.956072
0	0.945736
0	0.992248
0	0.979328
0	0.966408
0	0.963824
0	0.966408
0	0.919897
0	0.968992
0	0.994832
0	0.98708
0	0.98708
0	0.927649
0	0.96124
0	0.989664
0	0.914729
0	0.976744
0	0.963824
0	0.98708
0	0.992248
0	0.98708
0	0.989664
0	0.966408
0	0.966408
0	0.979328
0	0.971576
0	0.989664
0	0.966408
0	0.919897
0	0.945736
0	0.994832
0	0.98708
0	0.945736
0	0.994832
0	0.927649
0	0.966408
0	0.956072
0	0.963824
0	0.956072
0	0.994832
0	0.98708
0	0.989664
0	0.992248
0	0.927649
0	0.937984
0	0.98708
0	0.963824
0	0.994832
0	0.981912
0	0.927649
0	0.981912
0	inf
0	0.968992
0	0.979328
0	0.940568
0	inf
0	0.994832
0	0.968992
0	0.979328
0	0.97416
0	0.937984
0	0.963824
0	0.956072
0	0.937984
0	0.96124
0	0.981912
0	0.914729
0	0.927649
0	0.96124
0	0.994832
0	0.919897
0	0.97416
0	0.992248
0	0.989664
0	0.919897
0	0.989664
0	0.968992
0	0.971576
0	0.994832
0	0.989664
0	0.96124
0	0.96124
0	0.940568
0	0.927649
0	0.979328
0	0.940568
0	0.98708
0	0.914729
0	0.981912
0	0.950904
0	0.984496
0	0.984496
0	0.97416
0	0.966408
0	0.966408
0	0.984496
0	0.937984
0	0.979328
0	0.971576
0	0.994832
0	0.963824
0	0.994832
0	0.994832
0	0.994832
0	0.971576
0	0.976744
0	0.945736
0	0.994832
0	0.976744
0	0.979328
0	0.919897
0	0.98708
0	0.976744
0	0.968992
0	0.992248
0	0.966408
0	0.989664
0	0.994832
0	inf
0	0.989664
0	0.992248
0	0.98708
0	0.992248
0	0.96124
0	0.994832
0	0.98708
0	inf
0	0.956072
0	0.914729
0	0.96124
0	0.963824
0	0.963824
0	0.992248
0	0.966408
0	0.927649
0	0.992248
0	0.994832
0	0.971576
0	0.96124
0	0.96124
0	0.984496
0	0.989664
0	0.981912
0	0.914729
0	0.966408
0	0.989664
0	0.979328
0	0.994832
0	0.994832
0	0.994832
0	0.937984
0	0.927649
0	0.981912
0	0.919897
0	0.919897
0	0.979328
0	0.966408
0	0.937984
0	0.945736
0	0.914729
0	0.994832
0	0.97416
0	0.984496
0	0.979328
0	0.919897
0	0.927649
0	0.919897
0	0.989664
0	0.994832
0	0.98708
0	0.984496
0	0.992248
0	0.984496
0	0.937984
0	0.98708
0	0.956072
0	0.940568
0	0.963824
0	0.976744
0	0.989664
0	0.979328
0	0.994832
0	0.981912
0	0.984496
0	0.971576
0	0.96124
0	0.950904
0	0.956072
0	0.994832
0	0.992248
0	0.940568
0	0.96124
0	0.981912
0	0.963824
0	0.98708
0	0.984496
0	0.966408
0	0.994832
0	0.914729
0	0.976744
0	0.994832
0	0.979328
0	0.994832
0	0.992248
0	0.968992
0	0.956072
0	0.966408
0	0.950904
0	0.989664
0	0.98708
0	0.963824
0	0.937984
0	0.966408
0	0.950904
0	0.984496
0	0.992248
0	0.96124
0	0.937984
0	0.979328
0	0.992248
0	0.950904
0	0.981912
0	0.997416
0	0.997416
0	0.992248
0	0.994832
0	0.963824
0	0.98708
0	0.992248
0	0.989664
0	0.914729
0	0.968992
0	0.968992
0	0.979328
0	0.968992
0	0.981912
0	0.96124
0	0.994832
0	0.927649
0	0.971576
0	0.989664
0	0.984496
0	0.971576
0	0.994832
0	0.968992
0	0.984496
0	0.984496
0	0.992248
0	0.994832
0	0.945736
0	0.994832
0	0.994832
0	0.971576
0	0.994832
0	0.984496
0	0.927649
0	0.992248
0	0.989664
0	0.992248
0	0.992248
0	0.994832
0	0.992248
0	0.989664
0	0.984496
0	0.992248
0	0.981912
0	0.914729
0	0.96124
0	0.989664
0	0.919897
0	0.992248
0	0.994832
0	0.984496
0	0.994832
0	0.994832
0	0.96124
0	0.994832
0	0.956072
0	0.989664
0	0.966408
0	0.971576
0	0.940568
0	0.937984
0	0.989664
0	0.940568
0	0.96124
0	0.981912
0	0.976744
0	0.966408
0	0.919897
0	0.966408
0	0.994832
0	0.963824
0	0.966408
0	0.968992
0	0.96124
0	0.96124
0	0.989664
0	0.937984
0	0.968992
0	0.945736
0	0.950904
0	0.950904
0	0.940568
0	0.968992
0	0.927649
0	0.98708
0	inf
0	0.968992
0	0.992248
0	0.994832
0	0.98708
0	0.997416
0	0.950904
0	0.971576
0	0.994832
0	0.992248
0	0.96124
0	0.994832
0	0.994832
0	0.981912
0	0.98708
0	0.98708
0	0.950904
0	0.992248
0	0.950904
0	0.98708
0	0.992248
0	0.98708
0	0.927649
0	0.992248
0	0.914729
0	0.97416
0	0.950904
0	0.98708
0	0.98708
0	0.968992
0	0.97416
0	0.950904
0	0.992248
0	0.98708
0	0.966408
0	0.919897
0	0.994832
0	0.979328
0	0.979328
0	0.976744
0	0.966408
0	0.992248
0	0.966408
0	0.945736
0	0.937984
0	0.963824
0	0.966408
0	0.984496
0	0.945736
0	0.971576
0	0.940568
0	0.994832
0	0.919897
0	0.989664
0	0.981912
0	0.989664
0	0.914729
0	0.956072
0	0.914729
0	0.937984
0	0.981912
0	0.966408
0	0.98708
0	0.976744
0	0.963824
0	0.96124
0	0.968992
0	0.979328
0	0.914729
0	0.96124
0	0.981912
0	0.976744
0	0.971576
0	0.992248
0	0.989664
0	0.984496
0	0.992248
0	0.984496
0	0.976744
0	0.981912
0	0.98708
0	0.976744
0	0.981912
0	0.992248
0	0.950904
0	0.963824
0	0.963824
0	0.956072
0	0.950904
0	0.963824
0	0.950904
0	0.976744
0	0.919897
0	0.98708
0	0.994832
0	0.976744
0	0.945736
0	0.992248
0	0.994832
0	0.981912
0	0.98708
0	0.927649
0	0.994832
0	0.98708
0	0.98708
0	0.984496
0	0.979328
0	0.98708
0	0.984496
0	0.966408
0	0.96124
0	0.966408
0	0.984496
0	0.927649
0	0.945736
0	0.966408
0	0.966408
0	0.940568
0	0.981912
0	0.97416
0	0.966408
0	0.950904
0	0.981912
0	0.97416
0	0.927649
0	0.984496
0	0.937984
0	0.971576
0	0.997416
0	0.971576
0	0.981912
0	0.950904
0	0.976744
0	0.981912
0	0.919897
0	0.966408
0	0.989664
0	0.981912
0	0.994832
0	0.950904
0	0.976744
0	0.96124
0	0.976744
0	0.997416
0	0.992248
0	0.96124
0	0.989664
0	0.976744
0	0.919897
0	0.963824
0	0.981912
0	0.963824
0	0.979328
0	0.97416
0	0.992248
0	0.992248
0	0.989664
0	0.968992
0	0.994832
0	0.98708
0	0.914729
0	0.927649
0	0.966408
0	0.968992
0	0.966408
0	0.914729
0	0.992248
0	0.981912
0	0.989664
0	0.963824
0	0.96124
0	0.97416
0	0.992248
0	0.989664
0	0.97416
0	0.968992
0	0.937984
0	0.966408
0	0.984496
0	0.937984
0	0.914729
0	0.984496
0	0.979328
0	0.992248
0	0.950904
0	0.945736
0	0.997416
0	0.968992
0	0.98708
0	0.994832
0	0.927649
0	0.97416
0	0.976744
0	0.966408
0	0.992248
0	0.984496
0	0.992248
0	0.971576
0	0.945736
0	0.98708
0	0.994832
0	0.98708
0	0.966408
0	0.963824
0	0.98708
0	0.919897
0	0.945736
0	0.992248
0	0.992248
0	0.963824
0	0.994832
0	0.945736
0	0.968992
0	0.968992
0	0.963824
0	0.914729
0	0.994832
0	0.992248
0	0.971576
0	0.992248
0	0.994832
0	0.989664
0	0.979328
0	0.992248
0	0.976744
0	0.98708
0	0.96124
0	0.914729
0	0.927649
0	0.989664
0	0.989664
0	0.994832
0	0.963824
0	0.963824
0	0.914729
0	0.994832
0	0.979328
0	0.968992
0	0.992248
0	0.989664
0	0.963824
0	0.966408
0	0.989664
0	0.989664
0	0.966408
0	0.989664
0	0.914729
0	0.992248
0	0.940568
0	0.971576
0	0.994832
0	0.992248
0	0.963824
0	0.963824
0	0.968992
0	0.994832
0	0.966408
0	0.989664
0	0.989664
0	0.97416
0	0.98708
0	0.994832
0	0.979328
0	0.968992
0	0.940568
0	0.989664
0	0.97416
0	0.979328


