# Persistence diagram <GML/0538.gml>
#
# Dimension   : 0
# Entries     : 614
# Betti number: 4
0	inf
0	0.987013
0	0.984416
0	0.987013
0	0.971429
0	inf
0	0.987013
0	0.98961
0	0.994805
0	0.981818
0	0.984416
0	0.932468
0	0.98961
0	0.94026
0	0.966234
0	0.994805
0	0.984416
0	0.968831
0	0.994805
0	0.992208
0	0.981818
0	0.98961
0	0.979221
0	0.953247
0	0.979221
0	0.94026
0	0.971429
0	0.992208
0	0.976623
0	0.94026
0	0.974026
0	0.987013
0	0.979221
0	0.932468
0	0.974026
0	0.992208
0	0.994805
0	0.98961
0	0.953247
0	0.979221
0	0.987013
0	0.98961
0	0.976623
0	0.994805
0	0.950649
0	0.987013
0	0.966234
0	0.98961
0	0.966234
0	0.992208
0	0.966234
0	0.974026
0	0.966234
0	0.994805
0	0.98961
0	0.963636
0	0.976623
0	0.984416
0	0.958442
0	0.98961
0	0.98961
0	0.98961
0	0.992208
0	0.976623
0	0.953247
0	0.981818
0	0.987013
0	0.994805
0	0.994805
0	0.98961
0	0.932468
0	0.979221
0	0.992208
0	0.98961
0	0.987013
0	0.987013
0	0.992208
0	0.98961
0	0.984416
0	0.974026
0	0.948052
0	0.948052
0	0.94026
0	0.950649
0	0.987013
0	0.955844
0	0.987013
0	0.974026
0	0.987013
0	0.974026
0	0.974026
0	0.987013
0	0.974026
0	0.948052
0	0.979221
0	0.979221
0	0.955844
0	0.958442
0	0.958442
0	0.974026
0	0.955844
0	0.992208
0	0.979221
0	0.979221
0	0.958442
0	0.968831
0	0.953247
0	0.992208
0	0.953247
0	0.98961
0	0.992208
0	0.987013
0	0.992208
0	0.981818
0	0.979221
0	0.966234
0	0.94026
0	0.953247
0	0.987013
0	0.963636
0	0.932468
0	0.963636
0	0.994805
0	0.94026
0	0.958442
0	0.976623
0	0.966234
0	0.984416
0	inf
0	0.979221
0	0.974026
0	0.953247
0	0.953247
0	0.992208
0	0.963636
0	0.950649
0	0.971429
0	0.994805
0	0.984416
0	0.98961
0	0.958442
0	0.955844
0	0.979221
0	0.987013
0	0.932468
0	0.963636
0	0.948052
0	0.932468
0	0.987013
0	0.98961
0	0.987013
0	0.987013
0	0.958442
0	0.976623
0	0.976623
0	0.963636
0	0.974026
0	0.974026
0	0.984416
0	0.950649
0	0.932468
0	0.994805
0	0.994805
0	0.984416
0	0.958442
0	0.98961
0	0.98961
0	0.950649
0	0.987013
0	0.958442
0	0.968831
0	0.994805
0	0.987013
0	0.974026
0	0.979221
0	0.984416
0	0.992208
0	0.992208
0	0.950649
0	0.984416
0	0.958442
0	0.953247
0	0.994805
0	0.963636
0	0.979221
0	0.958442
0	0.94026
0	0.971429
0	0.992208
0	0.974026
0	0.974026
0	0.992208
0	0.958442
0	0.968831
0	0.968831
0	0.958442
0	0.994805
0	0.950649
0	0.976623
0	0.974026
0	0.948052
0	0.984416
0	0.932468
0	0.987013
0	0.976623
0	0.981818
0	0.971429
0	0.992208
0	0.994805
0	0.953247
0	0.987013
0	0.981818
0	0.966234
0	0.98961
0	0.953247
0	0.963636
0	inf
0	0.994805
0	0.98961
0	0.984416
0	0.98961
0	0.948052
0	0.955844
0	0.979221
0	0.984416
0	0.932468
0	0.992208
0	0.984416
0	0.979221
0	0.98961
0	0.955844
0	0.987013
0	0.932468
0	0.955844
0	0.953247
0	0.971429
0	0.994805
0	0.987013
0	0.992208
0	0.948052
0	0.992208
0	0.987013
0	0.984416
0	0.987013
0	0.932468
0	0.987013
0	0.979221
0	0.987013
0	0.966234
0	0.987013
0	0.953247
0	0.994805
0	0.979221
0	0.994805
0	0.953247
0	0.968831
0	0.981818
0	0.992208
0	0.953247
0	0.94026
0	0.984416
0	0.932468
0	0.953247
0	0.974026
0	0.966234
0	0.994805
0	0.994805
0	0.979221
0	0.984416
0	0.968831
0	0.979221
0	0.948052
0	0.948052
0	0.971429
0	0.94026
0	0.98961
0	0.948052
0	0.979221
0	0.992208
0	0.981818
0	0.994805
0	0.992208
0	0.974026
0	0.984416
0	0.953247
0	0.98961
0	0.958442
0	0.950649
0	0.958442
0	0.981818
0	0.984416
0	0.966234
0	0.987013
0	0.98961
0	0.971429
0	0.98961
0	0.976623
0	0.979221
0	0.984416
0	0.994805
0	0.981818
0	0.987013
0	0.98961
0	0.953247
0	0.948052
0	0.987013
0	0.968831
0	0.966234
0	0.984416
0	0.974026
0	0.984416
0	0.974026
0	0.992208
0	0.992208
0	0.98961
0	0.994805
0	0.98961
0	0.994805
0	0.958442
0	0.979221
0	0.950649
0	0.987013
0	0.987013
0	0.994805
0	0.948052
0	0.932468
0	0.966234
0	0.987013
0	0.968831
0	0.984416
0	0.981818
0	0.971429
0	0.932468
0	0.979221
0	0.958442
0	0.94026
0	0.950649
0	0.958442
0	0.981818
0	0.94026
0	0.953247
0	0.958442
0	0.953247
0	0.979221
0	0.992208
0	0.984416
0	0.987013
0	0.997403
0	0.950649
0	0.994805
0	0.974026
0	0.94026
0	0.953247
0	0.987013
0	0.979221
0	0.994805
0	0.992208
0	0.984416
0	0.950649
0	0.984416
0	0.948052
0	0.994805
0	0.94026
0	0.932468
0	0.987013
0	0.976623
0	0.953247
0	0.971429
0	0.987013
0	0.94026
0	0.98961
0	0.955844
0	0.987013
0	0.984416
0	0.979221
0	0.966234
0	0.974026
0	0.994805
0	0.953247
0	0.953247
0	0.98961
0	0.987013
0	0.98961
0	0.984416
0	0.971429
0	0.932468
0	0.984416
0	0.971429
0	0.963636
0	0.984416
0	0.981818
0	0.994805
0	0.979221
0	0.979221
0	0.974026
0	0.953247
0	0.979221
0	0.994805
0	0.984416
0	0.953247
0	0.981818
0	0.981818
0	0.981818
0	0.966234
0	0.932468
0	0.981818
0	0.932468
0	0.98961
0	0.958442
0	0.932468
0	0.984416
0	0.992208
0	0.953247
0	0.994805
0	0.992208
0	0.987013
0	0.994805
0	0.987013
0	0.94026
0	0.98961
0	0.950649
0	0.950649
0	0.976623
0	0.976623
0	0.987013
0	0.994805
0	0.979221
0	0.994805
0	0.948052
0	0.981818
0	0.932468
0	0.994805
0	0.994805
0	0.992208
0	0.981818
0	0.994805
0	0.932468
0	0.979221
0	0.984416
0	0.98961
0	0.948052
0	0.976623
0	0.984416
0	0.958442
0	0.966234
0	0.987013
0	0.976623
0	0.955844
0	0.992208
0	0.992208
0	0.98961
0	0.955844
0	0.992208
0	0.98961
0	0.94026
0	0.987013
0	0.955844
0	0.987013
0	0.971429
0	0.966234
0	0.992208
0	0.958442
0	0.932468
0	0.994805
0	0.966234
0	0.979221
0	0.968831
0	0.981818
0	0.984416
0	0.971429
0	0.950649
0	0.98961
0	0.984416
0	0.948052
0	0.994805
0	0.968831
0	0.98961
0	0.953247
0	0.979221
0	0.992208
0	0.98961
0	0.971429
0	0.987013
0	0.98961
0	0.955844
0	0.98961
0	0.958442
0	0.98961
0	0.994805
0	0.98961
0	0.992208
0	0.987013
0	0.976623
0	0.98961
0	0.987013
0	0.994805
0	0.966234
0	0.948052
0	0.979221
0	0.992208
0	0.971429
0	0.94026
0	0.992208
0	0.98961
0	0.994805
0	0.984416
0	0.984416
0	0.987013
0	0.992208
0	0.963636
0	0.94026
0	0.979221
0	0.994805
0	0.953247
0	0.955844
0	0.994805
0	0.98961
0	0.958442
0	0.994805
0	0.994805
0	0.98961
0	0.994805
0	0.981818
0	0.979221
0	0.932468
0	0.98961
0	0.987013
0	0.966234
0	0.984416
0	0.976623
0	0.974026
0	0.994805
0	0.966234
0	0.974026
0	0.958442
0	0.953247
0	0.994805
0	0.98961
0	0.994805
0	0.994805
0	0.948052
0	0.981818
0	0.98961
0	0.950649
0	0.994805
0	0.976623
0	0.987013
0	0.981818
0	0.98961
0	0.966234
0	0.974026
0	0.974026
0	0.994805
0	0.98961
0	0.98961
0	0.994805
0	0.974026
0	0.950649
0	0.987013
0	0.997403
0	0.979221
0	0.979221
0	0.992208
0	0.987013
0	0.994805
0	0.992208
0	0.984416
0	0.98961
0	0.979221
0	0.953247
0	0.984416
0	0.963636
0	0.955844
0	0.994805
0	0.994805
0	0.987013
0	0.994805
0	0.971429
0	0.958442
0	0.98961
0	0.953247
0	0.994805
0	0.953247
0	0.992208
0	0.974026
0	0.963636
0	0.984416
0	0.94026
0	0.979221
0	0.987013
0	0.987013
0	0.98961
0	0.992208
0	0.984416
0	0.98961
0	0.994805
0	0.992208
0	0.992208
0	0.992208
0	0.950649
0	0.994805
0	0.94026
0	0.974026
0	0.987013
0	0.979221
0	0.98961
0	0.994805
0	0.98961
0	0.987013
0	0.974026
0	0.994805
0	0.997403
0	0.987013
0	0.958442


