# Persistence diagram <GML/0539.gml>
#
# Dimension   : 1
# Entries     : 121
# Betti number: 121
0.392405	inf
0.392405	inf
0.392405	inf
0.392405	inf
0.481013	inf
0.481013	inf
0.481013	inf
0.481013	inf
0.582278	inf
0.607595	inf
0.746835	inf
0.746835	inf
0.746835	inf
0.746835	inf
0.746835	inf
0.746835	inf
0.78481	inf
0.78481	inf
0.78481	inf
0.797468	inf
0.810127	inf
0.810127	inf
0.835443	inf
0.835443	inf
0.835443	inf
0.848101	inf
0.848101	inf
0.860759	inf
0.860759	inf
0.886076	inf
0.886076	inf
0.886076	inf
0.886076	inf
0.886076	inf
0.886076	inf
0.886076	inf
0.886076	inf
0.886076	inf
0.886076	inf
0.898734	inf
0.898734	inf
0.898734	inf
0.898734	inf
0.898734	inf
0.898734	inf
0.911392	inf
0.911392	inf
0.911392	inf
0.911392	inf
0.911392	inf
0.911392	inf
0.911392	inf
0.911392	inf
0.924051	inf
0.924051	inf
0.924051	inf
0.924051	inf
0.924051	inf
0.924051	inf
0.924051	inf
0.924051	inf
0.924051	inf
0.924051	inf
0.924051	inf
0.924051	inf
0.924051	inf
0.924051	inf
0.924051	inf
0.936709	inf
0.936709	inf
0.936709	inf
0.936709	inf
0.936709	inf
0.936709	inf
0.936709	inf
0.936709	inf
0.936709	inf
0.936709	inf
0.936709	inf
0.936709	inf
0.949367	inf
0.949367	inf
0.949367	inf
0.949367	inf
0.949367	inf
0.949367	inf
0.949367	inf
0.949367	inf
0.949367	inf
0.949367	inf
0.949367	inf
0.949367	inf
0.949367	inf
0.949367	inf
0.949367	inf
0.949367	inf
0.962025	inf
0.962025	inf
0.962025	inf
0.962025	inf
0.962025	inf
0.962025	inf
0.962025	inf
0.962025	inf
0.962025	inf
0.962025	inf
0.962025	inf
0.962025	inf
0.962025	inf
0.962025	inf
0.962025	inf
0.962025	inf
0.962025	inf
0.962025	inf
0.962025	inf
0.974684	inf
0.974684	inf
0.974684	inf
0.974684	inf
0.974684	inf
0.974684	inf
