# Persistence diagram <GML/0545.gml>
#
# Dimension   : 1
# Entries     : 140
# Betti number: 140
0.785714	inf
0.785714	inf
0.785714	inf
0.785714	inf
0.785714	inf
0.785714	inf
0.785714	inf
0.904762	inf
0.904762	inf
0.918367	inf
0.918367	inf
0.918367	inf
0.92517	inf
0.92517	inf
0.92517	inf
0.935374	inf
0.945578	inf
0.94898	inf
0.94898	inf
0.94898	inf
0.94898	inf
0.94898	inf
0.952381	inf
0.952381	inf
0.952381	inf
0.959184	inf
0.959184	inf
0.959184	inf
0.962585	inf
0.965986	inf
0.965986	inf
0.965986	inf
0.965986	inf
0.965986	inf
0.965986	inf
0.965986	inf
0.965986	inf
0.965986	inf
0.965986	inf
0.969388	inf
0.969388	inf
0.969388	inf
0.969388	inf
0.969388	inf
0.969388	inf
0.969388	inf
0.969388	inf
0.969388	inf
0.969388	inf
0.969388	inf
0.972789	inf
0.972789	inf
0.972789	inf
0.972789	inf
0.972789	inf
0.972789	inf
0.972789	inf
0.972789	inf
0.97619	inf
0.97619	inf
0.97619	inf
0.97619	inf
0.97619	inf
0.97619	inf
0.979592	inf
0.979592	inf
0.979592	inf
0.979592	inf
0.979592	inf
0.979592	inf
0.979592	inf
0.979592	inf
0.979592	inf
0.979592	inf
0.979592	inf
0.979592	inf
0.979592	inf
0.982993	inf
0.982993	inf
0.982993	inf
0.982993	inf
0.982993	inf
0.982993	inf
0.982993	inf
0.982993	inf
0.982993	inf
0.982993	inf
0.982993	inf
0.982993	inf
0.982993	inf
0.982993	inf
0.982993	inf
0.986395	inf
0.986395	inf
0.986395	inf
0.986395	inf
0.986395	inf
0.986395	inf
0.986395	inf
0.986395	inf
0.986395	inf
0.986395	inf
0.986395	inf
0.986395	inf
0.986395	inf
0.986395	inf
0.986395	inf
0.986395	inf
0.986395	inf
0.986395	inf
0.989796	inf
0.989796	inf
0.989796	inf
0.989796	inf
0.989796	inf
0.989796	inf
0.989796	inf
0.989796	inf
0.989796	inf
0.989796	inf
0.989796	inf
0.989796	inf
0.989796	inf
0.989796	inf
0.989796	inf
0.989796	inf
0.989796	inf
0.989796	inf
0.989796	inf
0.989796	inf
0.993197	inf
0.993197	inf
0.993197	inf
0.993197	inf
0.993197	inf
0.993197	inf
0.993197	inf
0.993197	inf
0.993197	inf
0.993197	inf
