# Persistence diagram <GML/0545.gml>
#
# Dimension   : 0
# Entries     : 697
# Betti number: 4
0	inf
0	0.982993
0	0.785714
0	0.738095
0	0.738095
0	0.969388
0	0.986395
0	0.986395
0	0.904762
0	0.962585
0	0.986395
0	0.904762
0	0.785714
0	0.962585
0	0.92517
0	0.972789
0	0.989796
0	0.738095
0	0.94898
0	0.738095
0	0.785714
0	0.986395
0	0.738095
0	0.993197
0	0.918367
0	0.972789
0	0.942177
0	0.993197
0	0.92517
0	0.993197
0	0.785714
0	0.979592
0	0.738095
0	0.993197
0	0.972789
0	0.904762
0	0.97619
0	0.979592
0	0.959184
0	0.942177
0	0.982993
0	0.904762
0	0.785714
0	0.969388
0	0.97619
0	0.972789
0	0.965986
0	0.962585
0	0.738095
0	0.785714
0	0.965986
0	0.738095
0	0.982993
0	0.989796
0	0.986395
0	0.785714
0	0.993197
0	0.785714
0	0.935374
0	0.982993
0	0.918367
0	0.993197
0	0.993197
0	0.92517
0	0.965986
0	inf
0	0.785714
0	0.993197
0	0.97619
0	0.785714
0	0.738095
0	0.986395
0	0.738095
0	0.94898
0	0.989796
0	0.945578
0	0.972789
0	0.972789
0	0.945578
0	0.982993
0	0.993197
0	0.959184
0	0.92517
0	0.904762
0	0.965986
0	0.904762
0	0.972789
0	0.986395
0	0.918367
0	0.738095
0	0.942177
0	0.986395
0	0.989796
0	0.94898
0	0.989796
0	0.982993
0	0.989796
0	0.965986
0	0.965986
0	0.94898
0	0.993197
0	0.972789
0	0.969388
0	0.959184
0	0.989796
0	0.935374
0	0.965986
0	0.962585
0	0.986395
0	0.945578
0	0.972789
0	0.918367
0	0.952381
0	0.972789
0	0.738095
0	0.92517
0	0.738095
0	0.97619
0	0.989796
0	0.904762
0	0.986395
0	0.738095
0	0.989796
0	0.979592
0	0.993197
0	0.738095
0	0.97619
0	0.952381
0	0.935374
0	0.979592
0	0.92517
0	0.986395
0	0.738095
0	0.785714
0	0.738095
0	0.959184
0	0.92517
0	0.989796
0	0.986395
0	0.972789
0	0.965986
0	0.738095
0	0.993197
0	0.952381
0	0.969388
0	0.904762
0	0.982993
0	0.97619
0	0.945578
0	0.94898
0	0.962585
0	0.918367
0	0.965986
0	0.993197
0	0.989796
0	0.993197
0	0.979592
0	0.738095
0	0.918367
0	0.989796
0	0.738095
0	0.97619
0	0.92517
0	0.738095
0	0.738095
0	0.959184
0	0.785714
0	0.986395
0	0.94898
0	0.94898
0	0.965986
0	0.904762
0	0.952381
0	0.993197
0	0.972789
0	0.904762
0	0.738095
0	0.982993
0	0.94898
0	0.986395
0	0.94898
0	0.986395
0	0.993197
0	0.97619
0	0.962585
0	0.738095
0	0.993197
0	0.942177
0	0.935374
0	0.972789
0	0.945578
0	0.986395
0	0.969388
0	0.738095
0	0.959184
0	0.979592
0	0.918367
0	0.738095
0	0.993197
0	0.97619
0	0.94898
0	0.993197
0	0.97619
0	0.738095
0	0.972789
0	0.965986
0	0.738095
0	0.965986
0	0.785714
0	0.989796
0	0.738095
0	0.952381
0	0.965986
0	0.986395
0	0.904762
0	0.92517
0	0.959184
0	0.989796
0	0.738095
0	0.979592
0	0.959184
0	0.986395
0	0.918367
0	0.972789
0	0.986395
0	0.738095
0	0.918367
0	0.986395
0	0.965986
0	inf
0	0.945578
0	0.993197
0	0.993197
0	0.935374
0	0.993197
0	0.738095
0	0.942177
0	0.94898
0	0.952381
0	0.989796
0	0.965986
0	0.993197
0	0.738095
0	0.92517
0	0.785714
0	0.989796
0	0.97619
0	0.969388
0	0.918367
0	0.965986
0	0.952381
0	0.979592
0	0.959184
0	0.952381
0	0.993197
0	0.92517
0	0.918367
0	0.993197
0	0.945578
0	0.993197
0	0.989796
0	0.904762
0	0.904762
0	0.92517
0	0.952381
0	0.738095
0	0.97619
0	0.97619
0	0.969388
0	0.965986
0	0.918367
0	0.952381
0	0.738095
0	0.92517
0	0.918367
0	0.972789
0	0.97619
0	0.935374
0	0.918367
0	0.993197
0	0.785714
0	0.97619
0	0.904762
0	0.94898
0	0.993197
0	0.993197
0	0.94898
0	0.982993
0	0.979592
0	0.989796
0	0.785714
0	0.918367
0	0.785714
0	0.952381
0	0.993197
0	0.979592
0	0.982993
0	0.989796
0	0.972789
0	0.738095
0	0.959184
0	0.993197
0	0.986395
0	0.989796
0	0.785714
0	0.97619
0	0.965986
0	0.989796
0	0.94898
0	0.904762
0	0.952381
0	0.952381
0	0.738095
0	0.969388
0	0.979592
0	0.92517
0	0.92517
0	0.969388
0	0.738095
0	0.952381
0	0.94898
0	0.982993
0	0.935374
0	0.738095
0	0.982993
0	0.935374
0	0.979592
0	0.92517
0	0.952381
0	0.972789
0	0.972789
0	0.959184
0	0.904762
0	0.952381
0	0.904762
0	0.972789
0	0.989796
0	0.972789
0	0.989796
0	0.738095
0	0.92517
0	0.969388
0	0.959184
0	0.965986
0	0.969388
0	0.738095
0	0.904762
0	0.785714
0	0.993197
0	0.982993
0	0.92517
0	0.979592
0	0.945578
0	0.918367
0	0.738095
0	0.904762
0	0.989796
0	0.738095
0	0.972789
0	0.738095
0	0.904762
0	0.969388
0	0.972789
0	0.92517
0	0.982993
0	0.92517
0	0.982993
0	0.979592
0	0.738095
0	0.969388
0	0.972789
0	0.935374
0	0.986395
0	0.972789
0	0.965986
0	0.952381
0	0.904762
0	0.738095
0	0.982993
0	0.979592
0	0.979592
0	0.969388
0	0.97619
0	0.952381
0	0.785714
0	0.986395
0	0.986395
0	0.952381
0	0.986395
0	0.785714
0	0.94898
0	0.738095
0	0.942177
0	0.982993
0	0.904762
0	0.738095
0	0.92517
0	0.97619
0	0.986395
0	0.92517
0	0.969388
0	0.945578
0	0.989796
0	0.904762
0	0.972789
0	0.972789
0	0.904762
0	0.986395
0	0.92517
0	0.986395
0	0.97619
0	0.952381
0	0.92517
0	0.904762
0	0.94898
0	0.952381
0	0.738095
0	0.989796
0	0.904762
0	0.738095
0	0.92517
0	0.904762
0	0.969388
0	0.993197
0	inf
0	0.993197
0	0.738095
0	0.993197
0	0.785714
0	0.952381
0	0.986395
0	0.738095
0	0.785714
0	0.945578
0	0.979592
0	0.969388
0	0.785714
0	0.94898
0	0.952381
0	0.982993
0	0.982993
0	0.785714
0	0.952381
0	0.92517
0	0.785714
0	0.993197
0	0.969388
0	0.92517
0	0.959184
0	0.962585
0	0.993197
0	0.986395
0	0.785714
0	0.92517
0	0.972789
0	0.986395
0	0.935374
0	0.962585
0	0.993197
0	0.918367
0	0.904762
0	0.785714
0	0.982993
0	0.993197
0	0.738095
0	0.989796
0	0.965986
0	0.962585
0	0.738095
0	0.904762
0	0.738095
0	0.989796
0	0.97619
0	0.92517
0	0.993197
0	0.969388
0	0.962585
0	0.92517
0	0.97619
0	0.989796
0	0.942177
0	0.986395
0	0.738095
0	0.904762
0	0.969388
0	0.904762
0	0.993197
0	0.94898
0	0.952381
0	0.785714
0	0.972789
0	0.982993
0	0.952381
0	0.965986
0	0.979592
0	0.989796
0	0.785714
0	0.982993
0	0.785714
0	0.952381
0	0.989796
0	0.989796
0	0.738095
0	0.738095
0	0.965986
0	0.785714
0	0.904762
0	0.989796
0	0.965986
0	0.904762
0	0.969388
0	0.989796
0	0.904762
0	0.979592
0	0.979592
0	0.935374
0	0.738095
0	0.97619
0	0.986395
0	0.986395
0	0.785714
0	0.993197
0	0.979592
0	0.969388
0	0.904762
0	0.986395
0	0.979592
0	0.993197
0	0.738095
0	0.962585
0	0.942177
0	0.965986
0	0.904762
0	0.904762
0	0.965986
0	0.972789
0	0.965986
0	0.979592
0	0.979592
0	0.993197
0	0.942177
0	0.989796
0	0.904762
0	0.904762
0	0.738095
0	0.989796
0	0.959184
0	0.942177
0	0.785714
0	0.97619
0	0.962585
0	0.989796
0	0.785714
0	0.97619
0	0.965986
0	0.952381
0	0.986395
0	0.972789
0	0.993197
0	0.993197
0	0.989796
0	0.952381
0	0.904762
0	0.935374
0	0.979592
0	0.993197
0	0.969388
0	0.738095
0	0.993197
0	0.969388
0	0.935374
0	0.94898
0	0.972789
0	0.982993
0	0.785714
0	0.945578
0	0.738095
0	0.989796
0	0.94898
0	0.942177
0	0.738095
0	0.738095
0	0.986395
0	0.904762
0	0.986395
0	0.904762
0	0.989796
0	0.94898
0	0.738095
0	0.92517
0	0.965986
0	0.952381
0	0.993197
0	0.962585
0	0.738095
0	0.972789
0	0.993197
0	0.979592
0	0.92517
0	0.904762
0	0.738095
0	0.904762
0	0.993197
0	0.996599
0	0.945578
0	0.986395
0	0.785714
0	0.989796
0	0.962585
0	0.92517
0	0.986395
0	0.918367
0	0.904762
0	0.993197
0	0.952381
0	0.969388
0	0.993197
0	0.986395
0	0.785714
0	0.986395
0	0.94898
0	0.962585
0	0.965986
0	0.97619
0	0.918367
0	0.993197
0	0.965986
0	0.785714
0	0.982993
0	0.962585
0	0.942177
0	0.972789
0	0.738095
0	0.979592
0	0.982993
0	0.785714
0	0.738095
0	0.989796
0	0.92517
0	0.986395
0	0.982993
0	0.785714
0	0.979592
0	0.785714
0	0.942177
0	0.979592
0	0.993197
0	0.972789
0	0.972789
0	0.993197
0	0.965986
0	0.904762
0	0.952381
0	0.785714
0	0.982993
0	0.986395
0	0.979592
0	0.993197
0	0.986395
0	0.959184
0	0.979592
0	0.785714
0	0.92517
0	0.94898
0	0.979592
0	0.982993
0	0.904762
0	0.94898
0	0.979592
0	0.97619
0	0.738095
0	0.945578
0	0.979592
0	0.94898
0	0.959184
0	0.97619
0	0.738095
0	0.738095
0	0.993197
0	0.993197
0	0.965986
0	0.979592
0	0.979592
0	0.965986
0	0.979592
0	0.979592
0	0.904762
0	0.904762
0	0.94898
0	0.785714
0	0.738095
0	0.972789
0	0.986395
0	0.965986
0	0.918367
0	0.979592
0	0.904762


