# Persistence diagram <GML/0549.gml>
#
# Dimension   : 0
# Entries     : 1198
# Betti number: 2
0	inf
0	0.952646
0	0.994429
0	0.955432
0	0.969359
0	0.983287
0	0.949861
0	0.983287
0	0.966574
0	0.994429
0	0.947075
0	0.994429
0	0.991643
0	0.963788
0	0.991643
0	0.963788
0	0.958217
0	0.988858
0	0.991643
0	0.994429
0	0.977716
0	0.969359
0	0.986072
0	0.983287
0	0.958217
0	0.986072
0	0.97493
0	0.980501
0	0.986072
0	0.941504
0	0.972145
0	0.986072
0	0.994429
0	0.988858
0	0.994429
0	0.97493
0	0.983287
0	0.972145
0	0.991643
0	0.986072
0	0.949861
0	0.991643
0	0.941504
0	0.986072
0	0.963788
0	0.969359
0	0.994429
0	0.955432
0	0.972145
0	0.983287
0	0.991643
0	0.986072
0	0.947075
0	0.986072
0	0.958217
0	0.988858
0	0.991643
0	0.949861
0	0.980501
0	0.955432
0	0.977716
0	0.955432
0	0.969359
0	0.983287
0	0.980501
0	0.966574
0	0.983287
0	0.941504
0	0.972145
0	0.988858
0	0.986072
0	0.972145
0	0.927577
0	0.949861
0	0.955432
0	0.980501
0	0.994429
0	0.949861
0	0.986072
0	0.994429
0	0.988858
0	0.952646
0	0.986072
0	0.949861
0	0.980501
0	0.980501
0	0.972145
0	0.994429
0	0.983287
0	0.966574
0	0.986072
0	0.980501
0	0.966574
0	0.994429
0	0.988858
0	0.97493
0	0.902507
0	0.969359
0	0.991643
0	0.947075
0	0.902507
0	0.969359
0	0.955432
0	0.902507
0	0.986072
0	0.963788
0	0.988858
0	0.977716
0	0.969359
0	0.994429
0	0.958217
0	0.994429
0	0.97493
0	0.977716
0	0.972145
0	0.988858
0	0.97493
0	0.958217
0	0.988858
0	0.933148
0	0.902507
0	0.994429
0	0.991643
0	0.952646
0	0.994429
0	0.94429
0	0.969359
0	0.966574
0	0.947075
0	0.991643
0	0.949861
0	0.969359
0	0.994429
0	0.947075
0	0.966574
0	0.986072
0	0.955432
0	0.966574
0	0.986072
0	0.994429
0	0.977716
0	0.927577
0	0.902507
0	0.969359
0	0.969359
0	0.994429
0	0.969359
0	0.980501
0	0.97493
0	0.983287
0	0.977716
0	0.97493
0	0.986072
0	0.983287
0	0.994429
0	0.986072
0	0.980501
0	0.969359
0	0.97493
0	0.980501
0	0.980501
0	0.988858
0	0.969359
0	0.988858
0	0.977716
0	0.991643
0	0.991643
0	0.955432
0	0.902507
0	0.947075
0	0.986072
0	0.952646
0	0.952646
0	0.994429
0	0.952646
0	0.977716
0	0.980501
0	0.980501
0	0.994429
0	0.972145
0	0.963788
0	0.994429
0	0.97493
0	0.969359
0	0.994429
0	0.994429
0	0.97493
0	0.933148
0	0.988858
0	0.980501
0	0.977716
0	0.97493
0	0.983287
0	0.991643
0	0.986072
0	0.991643
0	0.980501
0	0.983287
0	0.966574
0	0.969359
0	0.963788
0	0.97493
0	0.972145
0	0.977716
0	0.994429
0	0.994429
0	0.949861
0	0.994429
0	0.955432
0	0.980501
0	0.994429
0	0.977716
0	0.947075
0	0.972145
0	0.972145
0	0.986072
0	0.927577
0	0.986072
0	0.952646
0	0.947075
0	0.947075
0	0.955432
0	0.952646
0	0.994429
0	0.97493
0	0.991643
0	0.983287
0	0.972145
0	0.969359
0	0.958217
0	0.966574
0	0.969359
0	0.983287
0	0.977716
0	0.991643
0	0.991643
0	0.958217
0	0.958217
0	0.963788
0	0.988858
0	0.97493
0	0.94429
0	0.980501
0	0.97493
0	0.983287
0	0.988858
0	0.991643
0	0.977716
0	0.986072
0	0.969359
0	0.955432
0	0.994429
0	0.902507
0	0.994429
0	0.927577
0	0.972145
0	0.991643
0	0.994429
0	0.991643
0	0.986072
0	0.983287
0	0.986072
0	0.980501
0	0.972145
0	0.991643
0	0.977716
0	0.902507
0	0.94429
0	0.941504
0	0.986072
0	0.902507
0	0.991643
0	inf
0	0.983287
0	0.97493
0	0.983287
0	0.947075
0	0.927577
0	0.97493
0	0.969359
0	0.986072
0	0.947075
0	0.969359
0	0.949861
0	0.986072
0	0.955432
0	0.955432
0	0.972145
0	0.994429
0	0.980501
0	0.983287
0	0.972145
0	0.983287
0	0.947075
0	0.966574
0	0.980501
0	0.980501
0	0.986072
0	0.991643
0	0.955432
0	0.983287
0	0.955432
0	0.955432
0	0.958217
0	0.994429
0	0.947075
0	0.927577
0	0.980501
0	0.969359
0	0.927577
0	0.994429
0	0.947075
0	0.966574
0	0.955432
0	0.955432
0	0.963788
0	0.949861
0	0.94429
0	0.972145
0	0.969359
0	0.902507
0	0.991643
0	0.977716
0	0.977716
0	0.952646
0	0.941504
0	0.994429
0	0.969359
0	0.955432
0	0.927577
0	0.952646
0	0.969359
0	0.966574
0	0.963788
0	0.991643
0	0.902507
0	0.991643
0	0.97493
0	0.969359
0	0.94429
0	0.988858
0	0.988858
0	0.986072
0	0.947075
0	0.941504
0	0.97493
0	0.902507
0	0.97493
0	0.947075
0	0.972145
0	0.97493
0	0.952646
0	0.983287
0	0.972145
0	0.994429
0	0.983287
0	0.991643
0	0.927577
0	0.983287
0	0.952646
0	0.972145
0	0.947075
0	0.947075
0	0.941504
0	0.994429
0	0.963788
0	0.902507
0	0.949861
0	0.977716
0	0.977716
0	0.94429
0	0.966574
0	0.986072
0	0.963788
0	0.952646
0	0.941504
0	0.955432
0	0.972145
0	0.986072
0	0.988858
0	0.963788
0	0.963788
0	0.980501
0	0.97493
0	0.972145
0	0.994429
0	0.955432
0	0.972145
0	0.969359
0	0.980501
0	0.977716
0	0.963788
0	0.927577
0	0.972145
0	0.963788
0	0.988858
0	0.977716
0	0.969359
0	0.983287
0	0.969359
0	0.988858
0	0.958217
0	0.977716
0	0.988858
0	0.933148
0	0.947075
0	0.947075
0	0.994429
0	0.994429
0	0.983287
0	0.980501
0	0.977716
0	0.991643
0	0.986072
0	0.955432
0	0.994429
0	0.941504
0	0.952646
0	0.927577
0	0.949861
0	0.980501
0	0.972145
0	0.977716
0	0.994429
0	0.955432
0	0.963788
0	0.902507
0	0.977716
0	0.947075
0	0.969359
0	0.983287
0	0.988858
0	0.977716
0	0.980501
0	0.994429
0	0.983287
0	0.983287
0	0.97493
0	0.949861
0	0.955432
0	0.994429
0	0.991643
0	0.983287
0	0.980501
0	0.991643
0	0.994429
0	0.955432
0	0.97493
0	0.977716
0	0.97493
0	0.986072
0	0.966574
0	0.977716
0	0.972145
0	0.902507
0	0.958217
0	0.902507
0	0.933148
0	0.988858
0	0.983287
0	0.97493
0	0.941504
0	0.983287
0	0.949861
0	0.97493
0	0.994429
0	0.969359
0	0.958217
0	0.994429
0	0.949861
0	0.991643
0	0.977716
0	0.991643
0	0.988858
0	0.994429
0	0.972145
0	0.933148
0	0.97493
0	0.969359
0	0.988858
0	0.97493
0	0.952646
0	0.991643
0	0.977716
0	0.902507
0	0.927577
0	0.947075
0	0.988858
0	0.966574
0	0.972145
0	0.972145
0	0.977716
0	0.994429
0	0.966574
0	0.949861
0	0.949861
0	0.991643
0	0.966574
0	0.94429
0	0.949861
0	0.986072
0	0.994429
0	0.949861
0	0.986072
0	0.977716
0	0.980501
0	0.97493
0	0.97493
0	0.994429
0	0.980501
0	0.977716
0	0.955432
0	0.986072
0	0.94429
0	0.988858
0	0.991643
0	0.994429
0	0.980501
0	0.991643
0	0.994429
0	0.972145
0	0.958217
0	0.986072
0	0.958217
0	0.991643
0	0.986072
0	0.952646
0	0.947075
0	0.980501
0	0.958217
0	0.955432
0	0.994429
0	0.969359
0	0.972145
0	0.963788
0	0.994429
0	0.991643
0	0.969359
0	0.994429
0	0.947075
0	0.980501
0	0.902507
0	0.966574
0	0.902507
0	0.991643
0	0.994429
0	0.986072
0	0.983287
0	0.97493
0	0.952646
0	0.902507
0	0.991643
0	0.980501
0	0.969359
0	0.902507
0	0.947075
0	0.97493
0	0.994429
0	0.991643
0	0.958217
0	0.972145
0	0.933148
0	0.958217
0	0.963788
0	0.986072
0	0.947075
0	0.97493
0	0.983287
0	0.963788
0	0.994429
0	0.955432
0	0.966574
0	0.97493
0	0.977716
0	0.986072
0	0.927577
0	0.966574
0	0.97493
0	0.952646
0	0.97493
0	0.947075
0	0.988858
0	0.969359
0	0.97493
0	0.980501
0	0.972145
0	0.94429
0	0.986072
0	0.947075
0	0.927577
0	0.966574
0	0.955432
0	0.969359
0	0.955432
0	0.972145
0	0.969359
0	0.947075
0	0.97493
0	0.966574
0	0.980501
0	0.966574
0	0.952646
0	0.97493
0	0.991643
0	0.991643
0	0.988858
0	0.949861
0	0.969359
0	0.949861
0	0.966574
0	0.991643
0	0.969359
0	0.952646
0	0.980501
0	0.972145
0	0.994429
0	0.983287
0	0.966574
0	0.977716
0	0.994429
0	0.986072
0	0.94429
0	0.969359
0	0.97493
0	0.966574
0	0.955432
0	0.966574
0	0.988858
0	0.949861
0	0.991643
0	0.994429
0	0.949861
0	0.952646
0	0.941504
0	0.983287
0	0.941504
0	0.952646
0	0.986072
0	0.972145
0	0.977716
0	0.991643
0	0.980501
0	0.949861
0	0.988858
0	0.966574
0	0.986072
0	0.988858
0	0.955432
0	0.969359
0	0.994429
0	0.949861
0	0.952646
0	0.966574
0	0.963788
0	0.933148
0	0.952646
0	0.991643
0	0.947075
0	0.972145
0	0.933148
0	0.980501
0	0.933148
0	0.947075
0	0.955432
0	0.963788
0	0.955432
0	0.963788
0	0.991643
0	0.966574
0	0.980501
0	0.97493
0	0.991643
0	0.927577
0	0.986072
0	0.949861
0	0.969359
0	0.986072
0	0.972145
0	0.933148
0	0.969359
0	0.972145
0	0.977716
0	0.97493
0	0.969359
0	0.969359
0	0.97493
0	0.958217
0	0.980501
0	0.991643
0	0.966574
0	0.952646
0	0.966574
0	0.955432
0	0.927577
0	0.983287
0	0.949861
0	0.986072
0	0.902507
0	0.949861
0	0.952646
0	0.980501
0	0.966574
0	0.947075
0	0.986072
0	0.986072
0	0.994429
0	0.952646
0	0.994429
0	0.977716
0	0.966574
0	0.972145
0	0.994429
0	0.977716
0	0.949861
0	0.97493
0	0.991643
0	0.933148
0	0.986072
0	0.94429
0	0.977716
0	0.988858
0	0.972145
0	0.977716
0	0.952646
0	0.952646
0	0.927577
0	0.949861
0	0.952646
0	0.969359
0	0.994429
0	0.933148
0	0.994429
0	0.97493
0	0.977716
0	0.986072
0	0.977716
0	0.955432
0	0.980501
0	0.972145
0	0.947075
0	0.986072
0	0.952646
0	0.972145
0	0.977716
0	0.986072
0	0.955432
0	0.955432
0	0.947075
0	0.977716
0	0.988858
0	0.986072
0	0.958217
0	0.988858
0	0.991643
0	0.94429
0	0.902507
0	0.933148
0	0.991643
0	0.994429
0	0.972145
0	0.972145
0	0.97493
0	0.949861
0	0.994429
0	0.994429
0	0.952646
0	0.986072
0	0.947075
0	0.902507
0	0.988858
0	0.902507
0	0.994429
0	0.977716
0	0.97493
0	0.972145
0	0.927577
0	0.977716
0	0.955432
0	0.933148
0	0.927577
0	0.966574
0	0.980501
0	0.952646
0	0.958217
0	0.955432
0	0.952646
0	0.949861
0	0.991643
0	0.980501
0	0.969359
0	0.963788
0	0.972145
0	0.966574
0	0.991643
0	0.994429
0	0.991643
0	0.947075
0	0.963788
0	0.972145
0	0.966574
0	0.933148
0	0.977716
0	0.991643
0	0.991643
0	0.983287
0	0.991643
0	0.988858
0	0.969359
0	0.958217
0	0.983287
0	0.972145
0	0.977716
0	0.952646
0	0.986072
0	0.949861
0	0.933148
0	0.977716
0	0.980501
0	0.947075
0	0.963788
0	0.972145
0	0.969359
0	0.986072
0	0.988858
0	0.97493
0	0.977716
0	0.986072
0	0.94429
0	0.902507
0	0.983287
0	0.952646
0	0.955432
0	0.994429
0	0.958217
0	0.988858
0	0.963788
0	0.97493
0	0.902507
0	0.991643
0	0.949861
0	0.972145
0	0.994429
0	0.966574
0	0.986072
0	0.966574
0	0.966574
0	0.991643
0	0.991643
0	0.949861
0	0.988858
0	0.986072
0	0.994429
0	0.97493
0	0.994429
0	0.966574
0	0.949861
0	0.94429
0	0.966574
0	0.988858
0	0.988858
0	0.997214
0	0.958217
0	0.991643
0	0.955432
0	0.983287
0	0.955432
0	0.947075
0	0.952646
0	0.97493
0	0.949861
0	0.977716
0	0.94429
0	0.980501
0	0.980501
0	0.952646
0	0.94429
0	0.966574
0	0.994429
0	0.966574
0	0.963788
0	0.986072
0	0.977716
0	0.969359
0	0.977716
0	0.991643
0	0.983287
0	0.958217
0	0.955432
0	0.966574
0	0.980501
0	0.980501
0	0.994429
0	0.952646
0	0.969359
0	0.969359
0	0.927577
0	0.958217
0	0.991643
0	0.991643
0	0.986072
0	0.969359
0	0.952646
0	0.977716
0	0.994429
0	0.994429
0	0.949861
0	0.958217
0	0.947075
0	0.902507
0	0.991643
0	0.969359
0	0.986072
0	0.955432
0	0.991643
0	0.988858
0	0.972145
0	0.991643
0	0.955432
0	0.986072
0	0.952646
0	0.955432
0	0.927577
0	0.972145
0	0.991643
0	0.966574
0	0.983287
0	0.969359
0	0.947075
0	0.97493
0	0.977716
0	0.902507
0	0.966574
0	0.988858
0	0.991643
0	0.980501
0	0.949861
0	0.955432
0	0.963788
0	0.97493
0	0.97493
0	0.977716
0	0.994429
0	0.977716
0	0.988858
0	0.947075
0	0.97493
0	0.963788
0	0.952646
0	0.97493
0	0.991643
0	0.994429
0	0.983287
0	0.986072
0	0.991643
0	0.977716
0	0.988858
0	0.958217
0	0.947075
0	0.977716
0	0.97493
0	0.94429
0	0.977716
0	0.972145
0	0.972145
0	0.988858
0	0.941504
0	0.994429
0	0.972145
0	0.983287
0	0.986072
0	0.941504
0	0.980501
0	0.977716
0	0.991643
0	0.980501
0	0.969359
0	0.947075
0	0.988858
0	0.933148
0	0.966574
0	0.983287
0	0.977716
0	0.983287
0	0.988858
0	0.966574
0	0.977716
0	0.988858
0	0.991643
0	0.958217
0	0.902507
0	0.980501
0	0.994429
0	0.977716
0	0.969359
0	0.969359
0	0.966574
0	0.972145
0	0.977716
0	0.955432
0	0.994429
0	0.958217
0	0.988858
0	0.949861
0	0.977716
0	0.949861
0	0.983287
0	0.988858
0	0.949861
0	0.972145
0	0.902507
0	0.949861
0	0.986072
0	0.952646
0	0.991643
0	0.97493
0	0.97493
0	0.994429
0	0.949861
0	0.994429
0	0.983287
0	0.966574
0	0.991643
0	0.994429
0	0.994429
0	0.966574
0	0.97493
0	0.927577
0	0.947075
0	0.955432
0	0.994429
0	0.941504
0	0.927577
0	0.969359
0	0.969359
0	0.972145
0	0.955432
0	0.97493
0	0.980501
0	0.994429
0	0.966574
0	0.902507
0	0.958217
0	0.969359
0	0.933148
0	0.988858
0	0.952646
0	0.97493
0	0.97493
0	0.994429
0	0.980501
0	0.958217
0	0.980501
0	0.983287
0	0.955432
0	0.902507
0	0.97493
0	0.958217
0	0.97493
0	0.986072
0	0.958217
0	0.952646
0	0.97493
0	0.972145
0	0.969359
0	0.952646
0	0.947075
0	0.952646
0	0.983287
0	0.991643
0	0.963788
0	0.97493
0	0.933148
0	0.994429
0	0.991643
0	0.949861
0	0.966574
0	0.988858
0	0.952646
0	0.983287
0	0.963788
0	0.991643
0	0.991643
0	0.980501
0	0.991643
0	0.980501
0	0.988858
0	0.947075
0	0.977716
0	0.966574
0	0.955432
0	0.969359
0	0.927577
0	0.952646
0	0.977716
0	0.955432
0	0.97493
0	0.927577
0	0.983287
0	0.977716
0	0.969359
0	0.977716
0	0.966574
0	0.94429
0	0.977716
0	0.991643
0	0.983287
0	0.949861
0	0.969359
0	0.969359
0	0.969359
0	0.941504
0	0.991643
0	0.972145
0	0.947075
0	0.977716
0	0.988858
0	0.977716
0	0.952646
0	0.983287
0	0.988858
0	0.994429
0	0.966574
0	0.963788
0	0.983287
0	0.986072
0	0.983287
0	0.983287
0	0.94429
0	0.969359
0	0.969359
0	0.966574
0	0.988858
0	0.988858
0	0.977716
0	0.980501
0	0.97493
0	0.955432
0	0.969359
0	0.949861
0	0.952646
0	0.969359
0	0.958217
0	0.947075
0	0.980501
0	0.947075
0	0.972145
0	0.941504
0	0.949861
0	0.988858
0	0.983287
0	0.966574
0	0.97493
0	0.986072
0	0.983287
0	0.947075
0	0.991643
0	0.958217
0	0.952646
0	0.972145
0	0.966574
0	0.994429
0	0.977716
0	0.991643
0	0.988858
0	0.933148
0	0.991643
0	0.972145
0	0.933148
0	0.966574
0	0.933148
0	0.980501
0	0.994429
0	0.947075
0	0.972145
0	0.941504
0	0.952646
0	0.988858
0	0.941504
0	0.991643
0	0.958217
0	0.958217
0	0.952646
0	0.977716
0	0.969359
0	0.952646
0	0.952646
0	0.949861
0	0.941504
0	0.980501
0	0.983287
0	0.980501
0	0.927577
0	0.980501
0	0.977716
0	0.991643
0	0.969359
0	0.969359
0	0.969359


