# Persistence diagram <GML/0549.gml>
#
# Dimension   : 1
# Entries     : 270
# Betti number: 270
0.941504	inf
0.947075	inf
0.947075	inf
0.949861	inf
0.949861	inf
0.952646	inf
0.952646	inf
0.952646	inf
0.952646	inf
0.952646	inf
0.952646	inf
0.952646	inf
0.952646	inf
0.955432	inf
0.955432	inf
0.955432	inf
0.955432	inf
0.955432	inf
0.958217	inf
0.958217	inf
0.958217	inf
0.958217	inf
0.958217	inf
0.963788	inf
0.963788	inf
0.963788	inf
0.963788	inf
0.963788	inf
0.966574	inf
0.966574	inf
0.966574	inf
0.966574	inf
0.966574	inf
0.966574	inf
0.966574	inf
0.969359	inf
0.969359	inf
0.969359	inf
0.969359	inf
0.969359	inf
0.969359	inf
0.969359	inf
0.969359	inf
0.972145	inf
0.972145	inf
0.972145	inf
0.972145	inf
0.972145	inf
0.972145	inf
0.972145	inf
0.972145	inf
0.972145	inf
0.972145	inf
0.972145	inf
0.972145	inf
0.97493	inf
0.97493	inf
0.97493	inf
0.97493	inf
0.97493	inf
0.97493	inf
0.97493	inf
0.97493	inf
0.97493	inf
0.97493	inf
0.97493	inf
0.97493	inf
0.97493	inf
0.97493	inf
0.97493	inf
0.97493	inf
0.97493	inf
0.97493	inf
0.97493	inf
0.977716	inf
0.977716	inf
0.977716	inf
0.977716	inf
0.977716	inf
0.977716	inf
0.977716	inf
0.977716	inf
0.977716	inf
0.977716	inf
0.977716	inf
0.977716	inf
0.977716	inf
0.977716	inf
0.977716	inf
0.977716	inf
0.977716	inf
0.977716	inf
0.977716	inf
0.977716	inf
0.977716	inf
0.977716	inf
0.977716	inf
0.977716	inf
0.977716	inf
0.977716	inf
0.977716	inf
0.977716	inf
0.977716	inf
0.980501	inf
0.980501	inf
0.980501	inf
0.980501	inf
0.980501	inf
0.980501	inf
0.980501	inf
0.980501	inf
0.980501	inf
0.980501	inf
0.980501	inf
0.980501	inf
0.980501	inf
0.980501	inf
0.980501	inf
0.980501	inf
0.980501	inf
0.980501	inf
0.980501	inf
0.980501	inf
0.980501	inf
0.980501	inf
0.980501	inf
0.980501	inf
0.980501	inf
0.980501	inf
0.980501	inf
0.980501	inf
0.980501	inf
0.980501	inf
0.980501	inf
0.980501	inf
0.983287	inf
0.983287	inf
0.983287	inf
0.983287	inf
0.983287	inf
0.983287	inf
0.983287	inf
0.983287	inf
0.983287	inf
0.983287	inf
0.983287	inf
0.983287	inf
0.983287	inf
0.983287	inf
0.983287	inf
0.983287	inf
0.983287	inf
0.983287	inf
0.983287	inf
0.983287	inf
0.983287	inf
0.983287	inf
0.983287	inf
0.983287	inf
0.983287	inf
0.986072	inf
0.986072	inf
0.986072	inf
0.986072	inf
0.986072	inf
0.986072	inf
0.986072	inf
0.986072	inf
0.986072	inf
0.986072	inf
0.986072	inf
0.986072	inf
0.986072	inf
0.986072	inf
0.986072	inf
0.986072	inf
0.986072	inf
0.986072	inf
0.986072	inf
0.986072	inf
0.986072	inf
0.986072	inf
0.986072	inf
0.986072	inf
0.988858	inf
0.988858	inf
0.988858	inf
0.988858	inf
0.988858	inf
0.988858	inf
0.988858	inf
0.988858	inf
0.988858	inf
0.988858	inf
0.988858	inf
0.988858	inf
0.988858	inf
0.988858	inf
0.988858	inf
0.988858	inf
0.988858	inf
0.988858	inf
0.988858	inf
0.988858	inf
0.988858	inf
0.988858	inf
0.988858	inf
0.988858	inf
0.988858	inf
0.988858	inf
0.988858	inf
0.988858	inf
0.988858	inf
0.988858	inf
0.988858	inf
0.988858	inf
0.988858	inf
0.988858	inf
0.988858	inf
0.991643	inf
0.991643	inf
0.991643	inf
0.991643	inf
0.991643	inf
0.991643	inf
0.991643	inf
0.991643	inf
0.991643	inf
0.991643	inf
0.991643	inf
0.991643	inf
0.991643	inf
0.991643	inf
0.991643	inf
0.991643	inf
0.991643	inf
0.991643	inf
0.991643	inf
0.991643	inf
0.991643	inf
0.991643	inf
0.991643	inf
0.991643	inf
0.991643	inf
0.991643	inf
0.991643	inf
0.991643	inf
0.991643	inf
0.991643	inf
0.991643	inf
0.994429	inf
0.994429	inf
0.994429	inf
0.994429	inf
0.994429	inf
0.994429	inf
0.994429	inf
0.994429	inf
0.994429	inf
0.994429	inf
0.994429	inf
0.994429	inf
0.994429	inf
0.994429	inf
0.994429	inf
0.994429	inf
0.994429	inf
0.994429	inf
0.994429	inf
0.994429	inf
