# Persistence diagram <GML/0551.gml>
#
# Dimension   : 0
# Entries     : 413
# Betti number: 4
0	inf
0	0.961686
0	0.881226
0	0.988506
0	0.888889
0	0.888889
0	0.97318
0	0.881226
0	0.980843
0	0.934866
0	inf
0	0.881226
0	0.965517
0	0.992337
0	0.984674
0	0.984674
0	0.881226
0	0.988506
0	0.980843
0	0.977011
0	0.961686
0	0.992337
0	0.954023
0	0.97318
0	0.965517
0	0.965517
0	0.980843
0	0.988506
0	0.881226
0	0.888889
0	0.988506
0	0.988506
0	0.988506
0	0.980843
0	0.957854
0	0.91954
0	0.984674
0	0.980843
0	0.97318
0	0.957854
0	0.980843
0	0.980843
0	0.91954
0	0.881226
0	0.91954
0	0.91954
0	0.988506
0	0.977011
0	0.969349
0	0.984674
0	0.977011
0	0.992337
0	0.984674
0	0.992337
0	0.934866
0	0.988506
0	0.992337
0	0.980843
0	0.988506
0	0.980843
0	0.988506
0	0.954023
0	0.977011
0	0.97318
0	0.977011
0	0.961686
0	0.961686
0	0.980843
0	0.965517
0	0.965517
0	0.984674
0	0.977011
0	0.984674
0	0.954023
0	0.977011
0	0.984674
0	0.988506
0	0.988506
0	0.992337
0	0.977011
0	0.965517
0	0.957854
0	0.977011
0	0.888889
0	0.91954
0	0.988506
0	0.977011
0	0.992337
0	0.888889
0	0.881226
0	0.980843
0	0.988506
0	0.881226
0	0.91954
0	0.980843
0	0.992337
0	0.988506
0	0.961686
0	0.881226
0	0.969349
0	0.957854
0	0.961686
0	0.992337
0	0.980843
0	0.881226
0	0.957854
0	0.934866
0	0.965517
0	0.888889
0	0.961686
0	0.97318
0	0.888889
0	0.934866
0	0.988506
0	0.984674
0	0.988506
0	inf
0	0.957854
0	0.954023
0	0.980843
0	0.888889
0	0.984674
0	inf
0	0.977011
0	0.992337
0	0.984674
0	0.965517
0	0.980843
0	0.988506
0	0.980843
0	0.984674
0	0.992337
0	0.984674
0	0.984674
0	0.965517
0	0.881226
0	0.988506
0	0.934866
0	0.888889
0	0.980843
0	0.984674
0	0.992337
0	0.980843
0	0.992337
0	0.980843
0	0.91954
0	0.91954
0	0.977011
0	0.961686
0	0.888889
0	0.881226
0	0.97318
0	0.992337
0	0.984674
0	0.980843
0	0.984674
0	0.988506
0	0.965517
0	0.980843
0	0.954023
0	0.988506
0	0.91954
0	0.984674
0	0.888889
0	0.881226
0	0.984674
0	0.965517
0	0.984674
0	0.992337
0	0.977011
0	0.961686
0	0.881226
0	0.888889
0	0.992337
0	0.980843
0	0.881226
0	0.881226
0	0.988506
0	0.881226
0	0.980843
0	0.97318
0	0.984674
0	0.957854
0	0.984674
0	0.961686
0	0.980843
0	0.984674
0	0.992337
0	0.988506
0	0.97318
0	0.965517
0	0.988506
0	0.969349
0	0.988506
0	0.992337
0	0.984674
0	0.988506
0	0.992337
0	0.954023
0	0.992337
0	0.965517
0	0.881226
0	0.984674
0	0.977011
0	0.888889
0	0.969349
0	0.980843
0	0.965517
0	0.977011
0	0.954023
0	0.881226
0	0.980843
0	0.977011
0	0.934866
0	0.992337
0	0.91954
0	0.977011
0	0.992337
0	0.969349
0	0.977011
0	0.980843
0	0.992337
0	0.961686
0	0.965517
0	0.954023
0	0.965517
0	0.91954
0	0.97318
0	0.965517
0	0.969349
0	0.881226
0	0.91954
0	0.97318
0	0.980843
0	0.996169
0	0.977011
0	0.957854
0	0.934866
0	0.934866
0	0.980843
0	0.980843
0	0.988506
0	0.977011
0	0.969349
0	0.984674
0	0.961686
0	0.977011
0	0.980843
0	0.992337
0	0.881226
0	0.934866
0	0.992337
0	0.988506
0	0.961686
0	0.980843
0	0.91954
0	0.984674
0	0.97318
0	0.988506
0	0.91954
0	0.965517
0	0.888889
0	0.992337
0	0.980843
0	0.980843
0	0.984674
0	0.977011
0	0.980843
0	0.988506
0	0.957854
0	0.992337
0	0.980843
0	0.965517
0	0.977011
0	0.977011
0	0.881226
0	0.934866
0	0.881226
0	0.984674
0	0.980843
0	0.977011
0	0.992337
0	0.97318
0	0.980843
0	0.984674
0	0.992337
0	0.977011
0	0.977011
0	0.91954
0	0.881226
0	0.984674
0	0.97318
0	0.988506
0	0.969349
0	0.954023
0	0.988506
0	0.881226
0	0.934866
0	0.980843
0	0.977011
0	0.984674
0	0.934866
0	0.888889
0	0.980843
0	0.980843
0	0.984674
0	0.888889
0	0.977011
0	0.984674
0	0.984674
0	0.992337
0	0.91954
0	0.992337
0	0.888889
0	0.988506
0	0.992337
0	0.961686
0	0.97318
0	0.992337
0	0.977011
0	0.97318
0	0.97318
0	0.969349
0	0.988506
0	0.980843
0	0.984674
0	0.969349
0	0.980843
0	0.984674
0	0.992337
0	0.980843
0	0.888889
0	0.969349
0	0.881226
0	0.980843
0	0.934866
0	0.992337
0	0.988506
0	0.992337
0	0.984674
0	0.984674
0	0.888889
0	0.977011
0	0.91954
0	0.984674
0	0.977011
0	0.984674
0	0.888889
0	0.977011
0	0.888889
0	0.888889
0	0.984674
0	0.988506
0	0.992337
0	0.961686
0	0.881226
0	0.961686
0	0.988506
0	0.97318
0	0.965517
0	0.97318
0	0.888889
0	0.980843
0	0.91954
0	0.881226
0	0.961686
0	0.965517
0	0.984674
0	0.988506
0	0.888889
0	0.992337
0	0.988506
0	0.97318
0	0.992337
0	0.980843
0	0.980843
0	0.977011
0	0.980843
0	0.988506
0	0.97318
0	0.996169
0	0.888889
0	0.980843
0	0.888889
0	0.977011
0	0.969349
0	0.992337
0	0.934866
0	0.881226
0	0.984674
0	0.888889
0	0.97318
0	0.977011
0	0.977011
0	0.977011
0	0.961686
0	0.957854
0	0.984674
0	0.961686
0	0.888889
0	0.988506
0	0.91954
0	0.961686
0	0.97318
0	0.984674
0	0.965517
0	0.977011
0	0.881226
0	0.961686
0	0.934866
0	0.980843
0	0.984674
0	0.992337


