# Persistence diagram <GML/0551.gml>
#
# Dimension   : 1
# Entries     : 63
# Betti number: 63
0.934866	inf
0.934866	inf
0.954023	inf
0.954023	inf
0.954023	inf
0.961686	inf
0.961686	inf
0.961686	inf
0.969349	inf
0.969349	inf
0.97318	inf
0.97318	inf
0.97318	inf
0.97318	inf
0.977011	inf
0.977011	inf
0.977011	inf
0.977011	inf
0.977011	inf
0.977011	inf
0.977011	inf
0.977011	inf
0.977011	inf
0.980843	inf
0.980843	inf
0.980843	inf
0.980843	inf
0.980843	inf
0.980843	inf
0.980843	inf
0.980843	inf
0.980843	inf
0.980843	inf
0.984674	inf
0.984674	inf
0.984674	inf
0.984674	inf
0.984674	inf
0.984674	inf
0.984674	inf
0.984674	inf
0.984674	inf
0.984674	inf
0.984674	inf
0.984674	inf
0.988506	inf
0.988506	inf
0.988506	inf
0.988506	inf
0.988506	inf
0.988506	inf
0.988506	inf
0.988506	inf
0.988506	inf
0.988506	inf
0.988506	inf
0.988506	inf
0.992337	inf
0.992337	inf
0.992337	inf
0.992337	inf
0.992337	inf
0.992337	inf
