# Persistence diagram <GML/0552.gml>
#
# Dimension   : 1
# Entries     : 64
# Betti number: 64
0.882353	inf
0.882353	inf
0.882353	inf
0.882353	inf
0.889706	inf
0.911765	inf
0.911765	inf
0.911765	inf
0.911765	inf
0.911765	inf
0.919118	inf
0.919118	inf
0.919118	inf
0.919118	inf
0.919118	inf
0.919118	inf
0.919118	inf
0.919118	inf
0.919118	inf
0.919118	inf
0.919118	inf
0.926471	inf
0.926471	inf
0.926471	inf
0.926471	inf
0.926471	inf
0.933824	inf
0.933824	inf
0.933824	inf
0.933824	inf
0.933824	inf
0.933824	inf
0.948529	inf
0.948529	inf
0.948529	inf
0.948529	inf
0.948529	inf
0.948529	inf
0.948529	inf
0.948529	inf
0.948529	inf
0.955882	inf
0.955882	inf
0.955882	inf
0.955882	inf
0.955882	inf
0.955882	inf
0.955882	inf
0.970588	inf
0.970588	inf
0.970588	inf
0.970588	inf
0.977941	inf
0.977941	inf
0.977941	inf
0.977941	inf
0.977941	inf
0.977941	inf
0.977941	inf
0.985294	inf
0.985294	inf
0.985294	inf
0.985294	inf
0.985294	inf
