# Persistence diagram <GML/0553.gml>
#
# Dimension   : 1
# Entries     : 419
# Betti number: 417
0.810945	inf
0.825871	inf
0.840796	inf
0.840796	inf
0.870647	inf
0.870647	inf
0.885572	inf
0.885572	inf
0.885572	inf
0.885572	inf
0.885572	inf
0.885572	inf
0.890547	inf
0.890547	inf
0.890547	inf
0.895522	inf
0.895522	inf
0.895522	inf
0.895522	inf
0.895522	inf
0.900498	inf
0.900498	inf
0.900498	inf
0.905473	inf
0.905473	inf
0.910448	inf
0.910448	inf
0.910448	inf
0.910448	inf
0.910448	inf
0.915423	inf
0.915423	inf
0.915423	inf
0.915423	inf
0.915423	inf
0.915423	inf
0.915423	inf
0.915423	inf
0.915423	inf
0.915423	inf
0.920398	inf
0.920398	inf
0.920398	inf
0.920398	inf
0.920398	inf
0.920398	inf
0.920398	inf
0.920398	inf
0.925373	inf
0.925373	inf
0.925373	inf
0.925373	inf
0.925373	inf
0.925373	inf
0.930348	inf
0.935323	inf
0.935323	inf
0.935323	inf
0.935323	inf
0.935323	inf
0.935323	inf
0.935323	inf
0.935323	inf
0.935323	inf
0.935323	inf
0.935323	inf
0.935323	inf
0.935323	inf
0.935323	inf
0.935323	inf
0.935323	inf
0.935323	inf
0.935323	inf
0.935323	inf
0.935323	inf
0.935323	inf
0.935323	inf
0.935323	inf
0.935323	inf
0.935323	inf
0.940299	inf
0.940299	inf
0.940299	inf
0.940299	inf
0.940299	inf
0.940299	inf
0.940299	inf
0.940299	inf
0.940299	inf
0.940299	inf
0.940299	0.965174
0.940299	inf
0.940299	inf
0.940299	inf
0.940299	inf
0.940299	inf
0.940299	inf
0.940299	inf
0.940299	inf
0.940299	inf
0.945274	inf
0.945274	inf
0.945274	inf
0.945274	inf
0.945274	inf
0.945274	inf
0.945274	inf
0.945274	inf
0.945274	inf
0.945274	inf
0.945274	inf
0.945274	inf
0.945274	inf
0.950249	inf
0.950249	inf
0.950249	inf
0.950249	inf
0.950249	inf
0.950249	inf
0.950249	inf
0.950249	inf
0.950249	inf
0.950249	inf
0.950249	inf
0.950249	inf
0.950249	inf
0.950249	inf
0.950249	inf
0.950249	inf
0.950249	inf
0.955224	inf
0.955224	inf
0.955224	inf
0.955224	inf
0.955224	inf
0.955224	inf
0.955224	inf
0.955224	inf
0.955224	inf
0.955224	inf
0.955224	inf
0.955224	inf
0.955224	inf
0.955224	inf
0.955224	inf
0.955224	inf
0.960199	inf
0.960199	inf
0.960199	inf
0.960199	inf
0.960199	inf
0.960199	inf
0.960199	inf
0.960199	inf
0.960199	inf
0.960199	inf
0.960199	inf
0.960199	inf
0.960199	inf
0.960199	inf
0.960199	inf
0.960199	inf
0.960199	inf
0.960199	inf
0.960199	inf
0.960199	inf
0.960199	inf
0.960199	inf
0.960199	inf
0.960199	inf
0.960199	inf
0.960199	inf
0.960199	inf
0.960199	inf
0.960199	inf
0.960199	inf
0.960199	inf
0.960199	inf
0.960199	inf
0.960199	inf
0.960199	inf
0.960199	inf
0.960199	inf
0.960199	inf
0.960199	inf
0.960199	inf
0.960199	inf
0.960199	inf
0.960199	inf
0.960199	inf
0.965174	inf
0.965174	inf
0.965174	inf
0.965174	inf
0.965174	inf
0.965174	inf
0.965174	inf
0.965174	inf
0.965174	inf
0.965174	inf
0.965174	inf
0.965174	inf
0.965174	inf
0.965174	inf
0.965174	inf
0.965174	inf
0.965174	0.970149
0.965174	inf
0.965174	inf
0.965174	inf
0.965174	inf
0.965174	inf
0.965174	inf
0.965174	inf
0.965174	inf
0.970149	inf
0.970149	inf
0.970149	inf
0.970149	inf
0.970149	inf
0.970149	inf
0.970149	inf
0.970149	inf
0.970149	inf
0.970149	inf
0.970149	inf
0.970149	inf
0.970149	inf
0.970149	inf
0.970149	inf
0.970149	inf
0.970149	inf
0.970149	inf
0.970149	inf
0.970149	inf
0.970149	inf
0.970149	inf
0.970149	inf
0.970149	inf
0.970149	inf
0.970149	inf
0.970149	inf
0.970149	inf
0.970149	inf
0.970149	inf
0.970149	inf
0.975124	inf
0.975124	inf
0.975124	inf
0.975124	inf
0.975124	inf
0.975124	inf
0.975124	inf
0.975124	inf
0.975124	inf
0.975124	inf
0.975124	inf
0.975124	inf
0.975124	inf
0.975124	inf
0.975124	inf
0.975124	inf
0.975124	inf
0.975124	inf
0.975124	inf
0.975124	inf
0.975124	inf
0.975124	inf
0.975124	inf
0.975124	inf
0.975124	inf
0.975124	inf
0.975124	inf
0.975124	inf
0.975124	inf
0.975124	inf
0.975124	inf
0.975124	inf
0.975124	inf
0.975124	inf
0.975124	inf
0.975124	inf
0.975124	inf
0.975124	inf
0.975124	inf
0.975124	inf
0.975124	inf
0.975124	inf
0.975124	inf
0.975124	inf
0.975124	inf
0.975124	inf
0.9801	inf
0.9801	inf
0.9801	inf
0.9801	inf
0.9801	inf
0.9801	inf
0.9801	inf
0.9801	inf
0.9801	inf
0.9801	inf
0.9801	inf
0.9801	inf
0.9801	inf
0.9801	inf
0.9801	inf
0.9801	inf
0.9801	inf
0.9801	inf
0.9801	inf
0.9801	inf
0.9801	inf
0.9801	inf
0.9801	inf
0.9801	inf
0.9801	inf
0.9801	inf
0.9801	inf
0.9801	inf
0.9801	inf
0.9801	inf
0.9801	inf
0.9801	inf
0.9801	inf
0.9801	inf
0.9801	inf
0.9801	inf
0.9801	inf
0.9801	inf
0.9801	inf
0.9801	inf
0.9801	inf
0.9801	inf
0.9801	inf
0.9801	inf
0.9801	inf
0.985075	inf
0.985075	inf
0.985075	inf
0.985075	inf
0.985075	inf
0.985075	inf
0.985075	inf
0.985075	inf
0.985075	inf
0.985075	inf
0.985075	inf
0.985075	inf
0.985075	inf
0.985075	inf
0.985075	inf
0.985075	inf
0.985075	inf
0.985075	inf
0.985075	inf
0.985075	inf
0.985075	inf
0.985075	inf
0.985075	inf
0.985075	inf
0.985075	inf
0.985075	inf
0.985075	inf
0.985075	inf
0.985075	inf
0.985075	inf
0.985075	inf
0.985075	inf
0.985075	inf
0.985075	inf
0.985075	inf
0.985075	inf
0.985075	inf
0.985075	inf
0.985075	inf
0.985075	inf
0.985075	inf
0.985075	inf
0.985075	inf
0.985075	inf
0.985075	inf
0.985075	inf
0.985075	inf
0.985075	inf
0.985075	inf
0.985075	inf
0.985075	inf
0.985075	inf
0.985075	inf
0.99005	inf
0.99005	inf
0.99005	inf
0.99005	inf
0.99005	inf
0.99005	inf
0.99005	inf
0.99005	inf
0.99005	inf
0.99005	inf
0.99005	inf
0.99005	inf
0.99005	inf
0.99005	inf
0.99005	inf
0.99005	inf
0.99005	inf
0.99005	inf
0.99005	inf
0.99005	inf
0.99005	inf
0.99005	inf
0.99005	inf
0.99005	inf
0.99005	inf
0.99005	inf
0.99005	inf
0.99005	inf
0.99005	inf
