# Persistence diagram <GML/0555.gml>
#
# Dimension   : 1
# Entries     : 60
# Betti number: 60
0.813187	inf
0.857143	inf
0.857143	inf
0.857143	inf
0.857143	inf
0.868132	inf
0.868132	inf
0.868132	inf
0.868132	inf
0.868132	inf
0.868132	inf
0.879121	inf
0.879121	inf
0.901099	inf
0.912088	inf
0.912088	inf
0.912088	inf
0.923077	inf
0.923077	inf
0.923077	inf
0.923077	inf
0.923077	inf
0.923077	inf
0.923077	inf
0.934066	inf
0.934066	inf
0.934066	inf
0.934066	inf
0.934066	inf
0.934066	inf
0.934066	inf
0.934066	inf
0.945055	inf
0.945055	inf
0.945055	inf
0.945055	inf
0.945055	inf
0.956044	inf
0.956044	inf
0.956044	inf
0.956044	inf
0.956044	inf
0.956044	inf
0.956044	inf
0.967033	inf
0.967033	inf
0.967033	inf
0.967033	inf
0.967033	inf
0.967033	inf
0.967033	inf
0.967033	inf
0.967033	inf
0.967033	inf
0.967033	inf
0.978022	inf
0.978022	inf
0.978022	inf
0.978022	inf
0.978022	inf
