# Persistence diagram <GML/0556.gml>
#
# Dimension   : 1
# Entries     : 350
# Betti number: 349
0.938144	inf
0.938144	inf
0.938144	inf
0.938144	inf
0.938144	inf
0.938144	inf
0.938144	inf
0.940206	inf
0.940206	inf
0.952577	inf
0.952577	inf
0.952577	inf
0.952577	inf
0.952577	inf
0.954639	inf
0.954639	inf
0.954639	inf
0.956701	inf
0.956701	inf
0.956701	inf
0.956701	inf
0.960825	inf
0.960825	inf
0.962887	inf
0.962887	inf
0.962887	inf
0.962887	inf
0.962887	inf
0.964948	inf
0.964948	inf
0.964948	inf
0.964948	inf
0.964948	inf
0.964948	inf
0.964948	inf
0.964948	inf
0.964948	inf
0.964948	inf
0.964948	inf
0.964948	inf
0.96701	inf
0.96701	inf
0.96701	inf
0.96701	inf
0.96701	inf
0.96701	inf
0.96701	inf
0.96701	inf
0.969072	inf
0.969072	inf
0.969072	inf
0.969072	inf
0.969072	inf
0.969072	inf
0.969072	inf
0.969072	inf
0.969072	inf
0.969072	inf
0.971134	inf
0.971134	inf
0.971134	inf
0.971134	inf
0.971134	inf
0.973196	inf
0.973196	inf
0.973196	inf
0.973196	inf
0.973196	inf
0.973196	inf
0.973196	inf
0.973196	inf
0.973196	inf
0.973196	inf
0.973196	inf
0.973196	inf
0.973196	inf
0.973196	inf
0.973196	inf
0.973196	inf
0.973196	inf
0.973196	inf
0.973196	inf
0.975258	inf
0.975258	inf
0.975258	inf
0.975258	inf
0.975258	inf
0.975258	inf
0.975258	inf
0.97732	inf
0.97732	inf
0.97732	inf
0.97732	inf
0.97732	inf
0.97732	inf
0.97732	inf
0.97732	inf
0.97732	inf
0.97732	inf
0.97732	inf
0.97732	inf
0.97732	0.981443
0.979381	inf
0.979381	inf
0.979381	inf
0.979381	inf
0.979381	inf
0.979381	inf
0.979381	inf
0.979381	inf
0.979381	inf
0.979381	inf
0.979381	inf
0.979381	inf
0.979381	inf
0.979381	inf
0.979381	inf
0.979381	inf
0.979381	inf
0.979381	inf
0.979381	inf
0.979381	inf
0.979381	inf
0.979381	inf
0.979381	inf
0.981443	inf
0.981443	inf
0.981443	inf
0.981443	inf
0.981443	inf
0.981443	inf
0.981443	inf
0.981443	inf
0.981443	inf
0.981443	inf
0.981443	inf
0.981443	inf
0.981443	inf
0.981443	inf
0.981443	inf
0.983505	inf
0.983505	inf
0.983505	inf
0.983505	inf
0.983505	inf
0.983505	inf
0.983505	inf
0.983505	inf
0.983505	inf
0.983505	inf
0.983505	inf
0.983505	inf
0.983505	inf
0.983505	inf
0.983505	inf
0.983505	inf
0.983505	inf
0.983505	inf
0.983505	inf
0.983505	inf
0.983505	inf
0.983505	inf
0.985567	inf
0.985567	inf
0.985567	inf
0.985567	inf
0.985567	inf
0.985567	inf
0.985567	inf
0.985567	inf
0.985567	inf
0.985567	inf
0.985567	inf
0.985567	inf
0.985567	inf
0.985567	inf
0.985567	inf
0.985567	inf
0.985567	inf
0.985567	inf
0.985567	inf
0.985567	inf
0.985567	inf
0.985567	inf
0.985567	inf
0.985567	inf
0.985567	inf
0.985567	inf
0.985567	inf
0.985567	inf
0.985567	inf
0.985567	inf
0.985567	inf
0.985567	inf
0.985567	inf
0.985567	inf
0.985567	inf
0.985567	inf
0.985567	inf
0.985567	inf
0.985567	inf
0.985567	inf
0.985567	inf
0.987629	inf
0.987629	inf
0.987629	inf
0.987629	inf
0.987629	inf
0.987629	inf
0.987629	inf
0.987629	inf
0.987629	inf
0.987629	inf
0.987629	inf
0.987629	inf
0.987629	inf
0.987629	inf
0.987629	inf
0.987629	inf
0.987629	inf
0.987629	inf
0.987629	inf
0.987629	inf
0.989691	inf
0.989691	inf
0.989691	inf
0.989691	inf
0.989691	inf
0.989691	inf
0.989691	inf
0.989691	inf
0.989691	inf
0.989691	inf
0.989691	inf
0.989691	inf
0.989691	inf
0.989691	inf
0.989691	inf
0.989691	inf
0.989691	inf
0.989691	inf
0.989691	inf
0.989691	inf
0.989691	inf
0.989691	inf
0.989691	inf
0.989691	inf
0.989691	inf
0.989691	inf
0.989691	inf
0.989691	inf
0.989691	inf
0.989691	inf
0.989691	inf
0.989691	inf
0.989691	inf
0.989691	inf
0.989691	inf
0.991753	inf
0.991753	inf
0.991753	inf
0.991753	inf
0.991753	inf
0.991753	inf
0.991753	inf
0.991753	inf
0.991753	inf
0.991753	inf
0.991753	inf
0.991753	inf
0.991753	inf
0.991753	inf
0.991753	inf
0.991753	inf
0.991753	inf
0.991753	inf
0.991753	inf
0.991753	inf
0.991753	inf
0.991753	inf
0.991753	inf
0.991753	inf
0.991753	inf
0.991753	inf
0.991753	inf
0.991753	inf
0.991753	inf
0.991753	inf
0.991753	inf
0.993814	inf
0.993814	inf
0.993814	inf
0.993814	inf
0.993814	inf
0.993814	inf
0.993814	inf
0.993814	inf
0.993814	inf
0.993814	inf
0.993814	inf
0.993814	inf
0.993814	inf
0.993814	inf
0.993814	inf
0.993814	inf
0.993814	inf
0.993814	inf
0.993814	inf
0.993814	inf
0.993814	inf
0.993814	inf
0.993814	inf
0.993814	inf
0.993814	inf
0.993814	inf
0.993814	inf
0.993814	inf
0.993814	inf
0.993814	inf
0.993814	inf
0.993814	inf
0.993814	inf
0.993814	inf
0.993814	inf
0.993814	inf
0.993814	inf
0.993814	inf
0.993814	inf
0.993814	inf
0.993814	inf
0.993814	inf
0.995876	inf
0.995876	inf
0.995876	inf
0.995876	inf
0.995876	inf
0.995876	inf
0.995876	inf
0.995876	inf
0.995876	inf
0.995876	inf
0.995876	inf
0.995876	inf
0.995876	inf
0.995876	inf
0.995876	inf
0.995876	inf
0.995876	inf
0.995876	inf
0.995876	inf
