# Persistence diagram <GML/0557.gml>
#
# Dimension   : 0
# Entries     : 911
# Betti number: 2
0	inf
0	0.980769
0	0.99359
0	0.982906
0	0.950855
0	0.974359
0	0.948718
0	0.987179
0	0.957265
0	0.99359
0	0.965812
0	0.959402
0	0.978632
0	0.982906
0	0.989316
0	0.980769
0	0.972222
0	0.991453
0	0.991453
0	0.952991
0	0.982906
0	0.987179
0	0.952991
0	0.965812
0	0.974359
0	0.957265
0	0.991453
0	0.974359
0	0.99359
0	0.972222
0	0.99359
0	0.974359
0	0.950855
0	0.987179
0	0.967949
0	0.950855
0	0.99359
0	0.948718
0	0.982906
0	0.967949
0	0.961538
0	0.948718
0	0.980769
0	0.972222
0	0.99359
0	0.978632
0	0.989316
0	0.952991
0	0.978632
0	0.967949
0	0.978632
0	0.989316
0	0.967949
0	0.952991
0	0.991453
0	0.952991
0	0.957265
0	0.978632
0	0.974359
0	0.974359
0	0.948718
0	0.99359
0	0.957265
0	0.952991
0	0.967949
0	0.995726
0	0.978632
0	0.987179
0	0.99359
0	0.99359
0	0.985043
0	0.978632
0	0.967949
0	0.995726
0	0.978632
0	0.995726
0	0.950855
0	0.995726
0	0.976496
0	0.987179
0	0.989316
0	0.959402
0	0.982906
0	0.957265
0	0.972222
0	0.991453
0	0.976496
0	0.989316
0	0.99359
0	0.952991
0	0.974359
0	0.950855
0	0.952991
0	0.978632
0	0.989316
0	0.972222
0	0.99359
0	0.957265
0	0.99359
0	0.982906
0	0.995726
0	0.991453
0	0.991453
0	0.985043
0	0.967949
0	0.991453
0	0.948718
0	0.972222
0	0.989316
0	0.967949
0	0.978632
0	0.985043
0	0.991453
0	0.99359
0	0.985043
0	0.995726
0	0.982906
0	0.991453
0	0.987179
0	0.970085
0	0.995726
0	0.995726
0	0.982906
0	0.980769
0	0.987179
0	0.972222
0	0.995726
0	0.980769
0	0.982906
0	0.967949
0	0.99359
0	0.987179
0	0.950855
0	0.950855
0	0.978632
0	0.957265
0	0.972222
0	0.99359
0	0.991453
0	0.991453
0	0.99359
0	0.995726
0	0.985043
0	0.972222
0	0.974359
0	0.989316
0	0.991453
0	0.965812
0	0.99359
0	0.972222
0	0.99359
0	0.978632
0	0.952991
0	0.985043
0	0.961538
0	0.99359
0	0.948718
0	0.99359
0	0.976496
0	0.987179
0	0.976496
0	0.987179
0	0.957265
0	0.967949
0	0.989316
0	0.948718
0	0.965812
0	0.967949
0	0.99359
0	0.991453
0	0.972222
0	0.950855
0	0.965812
0	0.974359
0	0.99359
0	0.985043
0	0.995726
0	0.980769
0	0.987179
0	0.995726
0	0.965812
0	0.995726
0	0.967949
0	0.987179
0	0.978632
0	0.99359
0	0.995726
0	0.957265
0	0.991453
0	0.987179
0	0.991453
0	0.99359
0	0.961538
0	0.950855
0	0.972222
0	0.974359
0	0.987179
0	0.967949
0	0.995726
0	0.972222
0	0.978632
0	0.978632
0	0.99359
0	0.987179
0	0.974359
0	0.985043
0	0.982906
0	0.991453
0	0.995726
0	0.972222
0	0.950855
0	0.978632
0	0.99359
0	0.974359
0	0.978632
0	0.995726
0	0.989316
0	0.950855
0	0.995726
0	0.989316
0	0.955128
0	0.989316
0	0.987179
0	0.950855
0	0.952991
0	0.950855
0	0.99359
0	0.99359
0	0.99359
0	0.950855
0	0.99359
0	0.967949
0	0.950855
0	0.982906
0	0.99359
0	0.972222
0	0.995726
0	0.989316
0	0.972222
0	0.974359
0	0.995726
0	0.989316
0	0.952991
0	0.99359
0	0.952991
0	0.978632
0	0.989316
0	0.955128
0	0.980769
0	0.972222
0	0.972222
0	0.980769
0	0.989316
0	0.995726
0	0.965812
0	0.989316
0	0.978632
0	0.957265
0	0.985043
0	0.967949
0	0.959402
0	0.950855
0	0.978632
0	0.957265
0	0.985043
0	0.980769
0	0.959402
0	0.978632
0	0.978632
0	0.995726
0	0.957265
0	0.972222
0	0.955128
0	0.99359
0	0.991453
0	0.991453
0	0.972222
0	inf
0	0.995726
0	0.955128
0	0.967949
0	0.967949
0	0.995726
0	0.961538
0	0.991453
0	0.989316
0	0.955128
0	0.995726
0	0.957265
0	0.970085
0	0.987179
0	0.995726
0	0.99359
0	0.985043
0	0.991453
0	0.991453
0	0.985043
0	0.972222
0	0.987179
0	0.967949
0	0.959402
0	0.987179
0	0.950855
0	0.987179
0	0.950855
0	0.991453
0	0.950855
0	0.950855
0	0.967949
0	0.991453
0	0.989316
0	0.99359
0	0.978632
0	0.957265
0	0.974359
0	0.995726
0	0.974359
0	0.967949
0	0.974359
0	0.955128
0	0.995726
0	0.959402
0	0.952991
0	0.978632
0	0.952991
0	0.985043
0	0.972222
0	0.978632
0	0.980769
0	0.965812
0	0.995726
0	0.995726
0	0.980769
0	0.985043
0	0.965812
0	0.972222
0	0.961538
0	0.970085
0	0.952991
0	0.991453
0	0.99359
0	0.989316
0	0.99359
0	0.965812
0	0.991453
0	0.978632
0	0.99359
0	0.976496
0	0.987179
0	0.991453
0	0.99359
0	0.989316
0	0.952991
0	0.989316
0	0.978632
0	0.967949
0	0.989316
0	0.950855
0	0.972222
0	0.989316
0	0.978632
0	0.995726
0	0.955128
0	0.952991
0	0.948718
0	0.989316
0	0.965812
0	0.980769
0	0.985043
0	0.995726
0	0.950855
0	0.99359
0	0.972222
0	0.955128
0	0.995726
0	0.967949
0	0.991453
0	0.980769
0	0.948718
0	0.987179
0	0.978632
0	0.957265
0	0.952991
0	0.99359
0	0.978632
0	0.980769
0	0.987179
0	0.980769
0	0.950855
0	0.99359
0	0.972222
0	0.985043
0	0.99359
0	0.99359
0	0.99359
0	0.948718
0	0.995726
0	0.985043
0	0.99359
0	0.974359
0	0.995726
0	0.955128
0	0.978632
0	0.972222
0	0.952991
0	0.948718
0	0.982906
0	0.985043
0	0.987179
0	0.995726
0	0.99359
0	0.995726
0	0.980769
0	0.991453
0	0.965812
0	0.99359
0	0.989316
0	0.948718
0	0.989316
0	0.985043
0	0.99359
0	0.980769
0	0.995726
0	0.99359
0	0.972222
0	0.99359
0	0.995726
0	0.959402
0	0.959402
0	0.972222
0	0.995726
0	0.957265
0	0.991453
0	0.99359
0	0.950855
0	0.99359
0	0.978632
0	0.989316
0	0.982906
0	0.99359
0	0.950855
0	0.967949
0	0.991453
0	0.995726
0	0.972222
0	0.952991
0	0.950855
0	0.991453
0	0.985043
0	0.991453
0	0.987179
0	0.982906
0	0.959402
0	0.99359
0	0.991453
0	0.987179
0	0.995726
0	0.995726
0	0.99359
0	0.989316
0	0.967949
0	0.989316
0	0.980769
0	0.995726
0	0.987179
0	0.978632
0	0.989316
0	0.991453
0	0.982906
0	0.99359
0	0.948718
0	0.965812
0	0.972222
0	0.972222
0	0.99359
0	0.972222
0	0.980769
0	0.985043
0	0.967949
0	0.976496
0	0.995726
0	0.985043
0	0.99359
0	0.970085
0	0.985043
0	0.959402
0	0.976496
0	0.976496
0	0.952991
0	0.950855
0	0.995726
0	0.991453
0	0.99359
0	0.955128
0	0.978632
0	0.995726
0	0.978632
0	0.950855
0	0.989316
0	0.978632
0	0.948718
0	0.967949
0	0.976496
0	0.991453
0	0.957265
0	0.991453
0	0.961538
0	0.967949
0	0.991453
0	0.965812
0	0.995726
0	0.987179
0	0.982906
0	0.974359
0	0.955128
0	0.972222
0	0.985043
0	0.948718
0	0.950855
0	0.978632
0	0.950855
0	0.985043
0	0.987179
0	0.987179
0	0.995726
0	0.950855
0	0.987179
0	0.948718
0	0.959402
0	0.982906
0	0.976496
0	0.989316
0	0.952991
0	0.967949
0	0.989316
0	0.967949
0	0.970085
0	0.955128
0	0.985043
0	0.991453
0	0.957265
0	0.950855
0	0.991453
0	0.99359
0	0.995726
0	0.985043
0	0.995726
0	0.987179
0	0.961538
0	0.982906
0	0.985043
0	0.974359
0	0.995726
0	0.980769
0	0.972222
0	0.99359
0	0.99359
0	0.961538
0	0.99359
0	0.955128
0	0.991453
0	0.974359
0	0.978632
0	0.995726
0	0.987179
0	0.974359
0	0.991453
0	0.955128
0	0.980769
0	0.99359
0	0.991453
0	0.980769
0	0.980769
0	0.974359
0	0.950855
0	0.972222
0	0.980769
0	0.974359
0	0.950855
0	0.978632
0	0.980769
0	0.974359
0	0.952991
0	0.980769
0	0.987179
0	0.987179
0	0.995726
0	0.989316
0	0.99359
0	0.995726
0	0.980769
0	0.99359
0	0.959402
0	0.995726
0	0.99359
0	0.967949
0	0.972222
0	0.978632
0	0.985043
0	0.99359
0	0.995726
0	0.978632
0	0.978632
0	0.967949
0	0.974359
0	0.991453
0	0.974359
0	0.991453
0	0.974359
0	0.995726
0	0.995726
0	0.976496
0	0.995726
0	0.950855
0	0.980769
0	0.950855
0	0.991453
0	0.950855
0	0.948718
0	0.991453
0	0.995726
0	0.989316
0	0.957265
0	0.970085
0	0.980769
0	0.950855
0	0.99359
0	0.989316
0	0.991453
0	0.989316
0	0.950855
0	0.982906
0	0.991453
0	0.987179
0	0.970085
0	0.980769
0	0.950855
0	0.952991
0	0.948718
0	0.965812
0	0.957265
0	0.991453
0	0.99359
0	0.989316
0	0.991453
0	0.980769
0	0.989316
0	0.985043
0	0.991453
0	0.99359
0	0.972222
0	0.965812
0	0.980769
0	0.952991
0	0.950855
0	0.99359
0	0.980769
0	0.952991
0	0.950855
0	0.950855
0	0.987179
0	0.972222
0	0.991453
0	0.987179
0	0.952991
0	0.974359
0	0.985043
0	0.957265
0	0.950855
0	0.972222
0	0.99359
0	0.991453
0	0.99359
0	0.995726
0	0.987179
0	0.987179
0	0.978632
0	0.987179
0	0.985043
0	0.989316
0	0.967949
0	0.976496
0	0.957265
0	0.985043
0	0.991453
0	0.987179
0	0.970085
0	0.989316
0	0.985043
0	0.978632
0	0.991453
0	0.961538
0	0.974359
0	0.991453
0	0.987179
0	0.987179
0	0.972222
0	0.974359
0	0.985043
0	0.974359
0	0.980769
0	0.987179
0	0.978632
0	0.978632
0	0.972222
0	0.955128
0	0.99359
0	0.989316
0	0.989316
0	0.948718
0	0.99359
0	0.99359
0	0.991453
0	0.989316
0	0.987179
0	0.980769
0	0.950855
0	0.974359
0	0.957265
0	0.991453
0	0.99359
0	0.987179
0	0.989316
0	0.967949
0	0.950855
0	0.974359
0	0.950855
0	0.957265
0	0.989316
0	0.974359
0	0.965812
0	0.995726
0	0.955128
0	0.99359
0	0.972222
0	0.997863
0	0.987179
0	0.99359
0	0.972222
0	0.985043
0	0.967949
0	0.952991
0	0.985043
0	0.989316
0	0.978632
0	0.978632
0	0.985043
0	0.991453
0	0.972222
0	0.985043
0	0.972222
0	0.982906
0	0.99359
0	0.978632
0	0.987179
0	0.991453
0	0.980769
0	0.995726
0	0.952991
0	0.952991
0	0.995726
0	0.99359
0	0.970085
0	0.995726
0	0.976496
0	0.991453
0	0.991453
0	0.976496
0	0.99359
0	0.950855
0	0.974359
0	0.982906
0	0.989316
0	0.952991
0	0.965812
0	0.974359
0	0.967949
0	0.982906
0	0.989316
0	0.959402
0	0.995726
0	0.976496
0	0.972222
0	0.957265
0	0.948718
0	0.985043
0	0.972222
0	0.950855
0	0.957265
0	0.980769
0	0.980769
0	0.965812
0	0.987179
0	0.985043
0	0.987179
0	0.987179
0	0.948718
0	0.974359
0	0.980769
0	0.99359
0	0.972222
0	0.989316
0	0.952991
0	0.980769
0	0.978632
0	0.965812
0	0.948718
0	0.950855
0	0.995726
0	0.985043
0	0.995726
0	0.957265
0	0.991453
0	0.99359
0	0.980769
0	0.952991
0	0.976496
0	0.982906
0	0.99359
0	0.970085
0	0.959402
0	0.972222
0	0.995726
0	0.995726
0	0.985043
0	0.99359
0	0.987179
0	0.982906
0	0.989316
0	0.987179
0	0.957265
0	0.982906
0	0.957265
0	0.972222
0	0.955128
0	0.972222
0	0.989316
0	0.995726
0	0.978632
0	0.99359
0	0.952991
0	0.99359
0	0.957265
0	0.980769
0	0.972222
0	0.967949
0	0.991453
0	0.987179
0	0.995726
0	0.972222
0	0.99359
0	0.952991
0	0.995726
0	0.972222
0	0.961538
0	0.991453
0	0.980769
0	0.991453
0	0.985043
0	0.957265
0	0.950855
0	0.972222
0	0.965812
0	0.985043
0	0.957265
0	0.987179
0	0.99359
0	0.961538
0	0.987179
0	0.989316
0	0.967949
0	0.948718
0	0.980769
0	0.985043
0	0.989316
0	0.991453
0	0.950855
0	0.950855
0	0.952991
0	0.995726
0	0.972222
0	0.991453
0	0.978632
0	0.991453
0	0.961538
0	0.976496
0	0.980769
0	0.99359
0	0.965812
0	0.952991
0	0.995726
0	0.99359
0	0.972222
0	0.967949
0	0.970085
0	0.950855
0	0.982906
0	0.952991
0	0.957265
0	0.987179
0	0.967949
0	0.987179
0	0.991453
0	0.965812
0	0.959402
0	0.965812
0	0.99359
0	0.980769
0	0.987179
0	0.99359
0	0.978632


