# Persistence diagram <GML/0560.gml>
#
# Dimension   : 1
# Entries     : 267
# Betti number: 267
0.897638	inf
0.897638	inf
0.925197	inf
0.925197	inf
0.925197	inf
0.929134	inf
0.929134	inf
0.929134	inf
0.940945	inf
0.940945	inf
0.944882	inf
0.944882	inf
0.944882	inf
0.944882	inf
0.944882	inf
0.948819	inf
0.948819	inf
0.948819	inf
0.948819	inf
0.948819	inf
0.948819	inf
0.948819	inf
0.948819	inf
0.952756	inf
0.952756	inf
0.952756	inf
0.952756	inf
0.952756	inf
0.952756	inf
0.952756	inf
0.952756	inf
0.952756	inf
0.952756	inf
0.952756	inf
0.956693	inf
0.956693	inf
0.956693	inf
0.956693	inf
0.956693	inf
0.956693	inf
0.956693	inf
0.956693	inf
0.956693	inf
0.956693	inf
0.956693	inf
0.956693	inf
0.956693	inf
0.956693	inf
0.96063	inf
0.96063	inf
0.96063	inf
0.96063	inf
0.964567	inf
0.964567	inf
0.964567	inf
0.964567	inf
0.964567	inf
0.964567	inf
0.964567	inf
0.964567	inf
0.964567	inf
0.964567	inf
0.964567	inf
0.964567	inf
0.964567	inf
0.968504	inf
0.968504	inf
0.968504	inf
0.968504	inf
0.968504	inf
0.968504	inf
0.968504	inf
0.968504	inf
0.968504	inf
0.968504	inf
0.968504	inf
0.968504	inf
0.968504	inf
0.968504	inf
0.968504	inf
0.968504	inf
0.972441	inf
0.972441	inf
0.972441	inf
0.972441	inf
0.972441	inf
0.972441	inf
0.972441	inf
0.972441	inf
0.972441	inf
0.972441	inf
0.972441	inf
0.972441	inf
0.972441	inf
0.972441	inf
0.972441	inf
0.972441	inf
0.972441	inf
0.972441	inf
0.972441	inf
0.972441	inf
0.972441	inf
0.972441	inf
0.972441	inf
0.972441	inf
0.972441	inf
0.976378	inf
0.976378	inf
0.976378	inf
0.976378	inf
0.976378	inf
0.976378	inf
0.976378	inf
0.976378	inf
0.976378	inf
0.976378	inf
0.976378	inf
0.976378	inf
0.976378	inf
0.976378	inf
0.976378	inf
0.976378	inf
0.976378	inf
0.976378	inf
0.976378	inf
0.976378	inf
0.976378	inf
0.980315	inf
0.980315	inf
0.980315	inf
0.980315	inf
0.980315	inf
0.980315	inf
0.980315	inf
0.980315	inf
0.980315	inf
0.980315	inf
0.980315	inf
0.980315	inf
0.980315	inf
0.980315	inf
0.980315	inf
0.980315	inf
0.980315	inf
0.980315	inf
0.980315	inf
0.980315	inf
0.980315	inf
0.980315	inf
0.980315	inf
0.980315	inf
0.980315	inf
0.980315	inf
0.980315	inf
0.980315	inf
0.980315	inf
0.980315	inf
0.980315	inf
0.980315	inf
0.980315	inf
0.984252	inf
0.984252	inf
0.984252	inf
0.984252	inf
0.984252	inf
0.984252	inf
0.984252	inf
0.984252	inf
0.984252	inf
0.984252	inf
0.984252	inf
0.984252	inf
0.984252	inf
0.984252	inf
0.984252	inf
0.984252	inf
0.984252	inf
0.984252	inf
0.984252	inf
0.984252	inf
0.984252	inf
0.984252	inf
0.984252	inf
0.984252	inf
0.984252	inf
0.984252	inf
0.984252	inf
0.984252	inf
0.984252	inf
0.984252	inf
0.984252	inf
0.984252	inf
0.984252	inf
0.984252	inf
0.984252	inf
0.984252	inf
0.984252	inf
0.984252	inf
0.984252	inf
0.988189	inf
0.988189	inf
0.988189	inf
0.988189	inf
0.988189	inf
0.988189	inf
0.988189	inf
0.988189	inf
0.988189	inf
0.988189	inf
0.988189	inf
0.988189	inf
0.988189	inf
0.988189	inf
0.988189	inf
0.988189	inf
0.988189	inf
0.988189	inf
0.988189	inf
0.988189	inf
0.988189	inf
0.988189	inf
0.988189	inf
0.988189	inf
0.988189	inf
0.988189	inf
0.988189	inf
0.988189	inf
0.988189	inf
0.988189	inf
0.988189	inf
0.992126	inf
0.992126	inf
0.992126	inf
0.992126	inf
0.992126	inf
0.992126	inf
0.992126	inf
0.992126	inf
0.992126	inf
0.992126	inf
0.992126	inf
0.992126	inf
0.992126	inf
0.992126	inf
0.992126	inf
0.992126	inf
0.992126	inf
0.992126	inf
0.992126	inf
0.992126	inf
0.992126	inf
0.992126	inf
0.992126	inf
0.992126	inf
0.992126	inf
0.992126	inf
0.992126	inf
0.992126	inf
0.992126	inf
0.992126	inf
0.992126	inf
0.992126	inf
0.992126	inf
0.992126	inf
0.992126	inf
0.992126	inf
0.992126	inf
