# Persistence diagram <GML/0572.gml>
#
# Dimension   : 0
# Entries     : 328
# Betti number: 1
0	inf
0	0.812865
0	0.988304
0	0.982456
0	0.812865
0	0.918129
0	0.818713
0	0.97076
0	0.818713
0	0.953216
0	0.982456
0	0.812865
0	0.982456
0	0.964912
0	0.888889
0	0.935673
0	0.953216
0	0.988304
0	0.964912
0	0.976608
0	0.818713
0	0.982456
0	0.953216
0	0.888889
0	0.918129
0	0.812865
0	0.812865
0	0.888889
0	0.988304
0	0.953216
0	0.812865
0	0.818713
0	0.935673
0	0.923977
0	0.976608
0	0.947368
0	0.964912
0	0.97076
0	0.988304
0	0.982456
0	0.935673
0	0.964912
0	0.918129
0	0.818713
0	0.888889
0	0.812865
0	0.976608
0	0.818713
0	0.988304
0	0.953216
0	0.988304
0	0.97076
0	0.812865
0	0.818713
0	0.982456
0	0.923977
0	0.976608
0	0.953216
0	0.964912
0	0.964912
0	0.953216
0	0.97076
0	0.888889
0	0.935673
0	0.97076
0	0.812865
0	0.818713
0	0.988304
0	0.982456
0	0.97076
0	0.988304
0	0.918129
0	0.976608
0	0.988304
0	0.888889
0	0.888889
0	0.818713
0	0.988304
0	0.97076
0	0.976608
0	0.976608
0	0.923977
0	0.964912
0	0.818713
0	0.947368
0	0.935673
0	0.935673
0	0.97076
0	0.964912
0	0.812865
0	0.947368
0	0.964912
0	0.812865
0	0.818713
0	0.976608
0	0.988304
0	0.935673
0	0.988304
0	0.964912
0	0.935673
0	0.97076
0	0.953216
0	0.976608
0	0.812865
0	0.964912
0	0.818713
0	0.947368
0	0.97076
0	0.953216
0	0.988304
0	0.988304
0	0.964912
0	0.97076
0	0.988304
0	0.923977
0	0.976608
0	0.812865
0	0.935673
0	0.976608
0	0.812865
0	0.97076
0	0.953216
0	0.982456
0	0.97076
0	0.947368
0	0.976608
0	0.818713
0	0.818713
0	0.982456
0	0.935673
0	0.964912
0	0.923977
0	0.818713
0	0.988304
0	0.976608
0	0.988304
0	0.982456
0	0.976608
0	0.818713
0	0.964912
0	0.988304
0	0.964912
0	0.988304
0	0.964912
0	0.982456
0	0.964912
0	0.988304
0	0.818713
0	0.988304
0	0.953216
0	0.982456
0	0.976608
0	0.982456
0	0.947368
0	0.97076
0	0.818713
0	0.97076
0	0.97076
0	0.888889
0	0.888889
0	0.976608
0	0.982456
0	0.818713
0	0.888889
0	0.812865
0	0.812865
0	0.947368
0	0.964912
0	0.935673
0	0.97076
0	0.918129
0	0.953216
0	0.97076
0	0.988304
0	0.947368
0	0.812865
0	0.812865
0	0.964912
0	0.888889
0	0.988304
0	0.953216
0	0.976608
0	0.964912
0	0.923977
0	0.982456
0	0.918129
0	0.812865
0	0.923977
0	0.97076
0	0.988304
0	0.947368
0	0.988304
0	0.976608
0	0.935673
0	0.976608
0	0.953216
0	0.976608
0	0.988304
0	0.976608
0	0.888889
0	0.953216
0	0.818713
0	0.953216
0	0.964912
0	0.97076
0	0.818713
0	0.964912
0	0.935673
0	0.888889
0	0.964912
0	0.812865
0	0.964912
0	0.988304
0	0.812865
0	0.964912
0	0.988304
0	0.812865
0	0.964912
0	0.812865
0	0.964912
0	0.982456
0	0.953216
0	0.97076
0	0.982456
0	0.988304
0	0.982456
0	0.982456
0	0.888889
0	0.818713
0	0.976608
0	0.953216
0	0.976608
0	0.988304
0	0.976608
0	0.935673
0	0.976608
0	0.988304
0	0.818713
0	0.964912
0	0.812865
0	0.988304
0	0.976608
0	0.923977
0	0.964912
0	0.988304
0	0.953216
0	0.959064
0	0.97076
0	0.976608
0	0.976608
0	0.918129
0	0.818713
0	0.918129
0	0.812865
0	0.976608
0	0.947368
0	0.935673
0	0.818713
0	0.953216
0	0.818713
0	0.953216
0	0.935673
0	0.97076
0	0.982456
0	0.97076
0	0.812865
0	0.964912
0	0.923977
0	0.935673
0	0.947368
0	0.976608
0	0.923977
0	0.982456
0	0.918129
0	0.988304
0	0.888889
0	0.812865
0	0.923977
0	0.97076
0	0.988304
0	0.953216
0	0.964912
0	0.888889
0	0.964912
0	0.964912
0	0.988304
0	0.988304
0	0.947368
0	0.976608
0	0.888889
0	0.988304
0	0.953216
0	0.982456
0	0.964912
0	0.976608
0	0.976608
0	0.97076
0	0.953216
0	0.976608
0	0.818713
0	0.964912
0	0.97076
0	0.988304
0	0.976608
0	0.888889
0	0.97076
0	0.97076
0	0.964912
0	0.988304
0	0.988304
0	0.976608
0	0.97076
0	0.959064
0	0.988304
0	0.918129
0	0.935673
0	0.818713
0	0.953216
0	0.964912
0	0.964912
0	0.988304
0	0.953216
0	0.976608
0	0.976608
0	0.97076
0	0.953216
0	0.976608
0	0.818713


