# Persistence diagram <GML/0573.gml>
#
# Dimension   : 0
# Entries     : 1241
# Betti number: 5
0	inf
0	0.992876
0	0.976848
0	0.987533
0	0.995548
0	0.9813
0	0.991986
0	0.996438
0	0.997329
0	0.9813
0	0.983972
0	0.977738
0	0.983081
0	0.995548
0	0.987533
0	0.986643
0	0.990205
0	0.996438
0	0.996438
0	0.992876
0	0.998219
0	0.990205
0	0.997329
0	0.977738
0	0.967053
0	0.992876
0	0.948353
0	0.994657
0	0.996438
0	0.992876
0	0.993767
0	0.984862
0	0.992876
0	0.988424
0	0.990205
0	0.985752
0	0.948353
0	0.982191
0	0.995548
0	0.998219
0	0.994657
0	0.995548
0	0.990205
0	0.996438
0	0.979519
0	0.974176
0	0.967053
0	0.995548
0	0.991986
0	0.996438
0	0.948353
0	0.977738
0	0.985752
0	0.987533
0	0.996438
0	0.990205
0	0.985752
0	0.996438
0	0.997329
0	0.994657
0	0.998219
0	0.983972
0	0.990205
0	0.988424
0	0.992876
0	0.995548
0	0.998219
0	0.994657
0	0.994657
0	0.992876
0	0.996438
0	0.998219
0	0.974176
0	0.990205
0	0.996438
0	0.995548
0	0.996438
0	0.948353
0	0.990205
0	0.991095
0	0.987533
0	0.977738
0	0.988424
0	0.993767
0	0.991986
0	0.997329
0	0.987533
0	0.997329
0	0.995548
0	0.994657
0	0.983972
0	0.992876
0	0.993767
0	0.994657
0	0.997329
0	0.998219
0	0.995548
0	0.991986
0	0.985752
0	0.994657
0	0.992876
0	0.998219
0	inf
0	0.998219
0	0.988424
0	0.993767
0	0.974176
0	0.9813
0	0.994657
0	0.9813
0	0.996438
0	0.995548
0	0.992876
0	0.995548
0	0.995548
0	0.988424
0	0.997329
0	0.994657
0	0.991986
0	0.998219
0	0.991986
0	0.983972
0	0.985752
0	0.998219
0	0.983081
0	0.996438
0	0.994657
0	0.995548
0	0.991095
0	0.982191
0	0.994657
0	0.994657
0	0.996438
0	0.992876
0	0.991986
0	0.987533
0	0.995548
0	0.976848
0	0.991095
0	0.948353
0	0.974176
0	0.998219
0	0.992876
0	0.996438
0	0.967053
0	0.995548
0	0.994657
0	0.987533
0	0.979519
0	0.991986
0	0.991986
0	0.995548
0	0.985752
0	0.983972
0	0.990205
0	0.993767
0	0.987533
0	0.995548
0	0.995548
0	0.997329
0	0.991986
0	0.986643
0	0.987533
0	0.996438
0	0.997329
0	0.991986
0	0.986643
0	0.993767
0	0.998219
0	0.987533
0	0.990205
0	0.983972
0	0.992876
0	0.996438
0	0.977738
0	0.998219
0	0.983972
0	0.967053
0	0.988424
0	0.993767
0	0.997329
0	0.985752
0	0.986643
0	0.977738
0	0.988424
0	0.996438
0	0.998219
0	0.985752
0	0.979519
0	0.997329
0	0.976848
0	0.983972
0	0.994657
0	0.974176
0	0.985752
0	0.996438
0	0.983972
0	0.992876
0	0.986643
0	0.987533
0	0.983972
0	0.998219
0	0.982191
0	0.996438
0	0.995548
0	0.996438
0	0.967053
0	0.948353
0	0.948353
0	0.986643
0	0.984862
0	0.987533
0	0.998219
0	0.998219
0	0.993767
0	0.995548
0	0.987533
0	0.987533
0	0.983081
0	0.990205
0	0.991986
0	0.983972
0	0.983081
0	0.992876
0	0.996438
0	0.983081
0	0.993767
0	0.998219
0	0.996438
0	0.996438
0	0.967053
0	0.994657
0	0.985752
0	0.9813
0	0.991095
0	0.994657
0	0.994657
0	0.987533
0	0.998219
0	0.991986
0	0.995548
0	0.987533
0	0.997329
0	0.994657
0	0.994657
0	0.987533
0	0.992876
0	0.993767
0	0.974176
0	0.994657
0	0.992876
0	0.983972
0	0.991095
0	0.994657
0	0.977738
0	0.986643
0	0.997329
0	0.991986
0	0.994657
0	0.988424
0	0.988424
0	0.987533
0	0.992876
0	0.987533
0	0.992876
0	0.992876
0	0.996438
0	0.986643
0	0.988424
0	0.996438
0	0.994657
0	0.998219
0	0.997329
0	0.974176
0	0.992876
0	0.976848
0	0.983972
0	0.997329
0	0.987533
0	0.983972
0	0.990205
0	0.984862
0	0.979519
0	inf
0	0.988424
0	0.996438
0	0.994657
0	0.997329
0	0.986643
0	0.990205
0	0.996438
0	0.997329
0	0.998219
0	0.996438
0	0.997329
0	0.987533
0	0.986643
0	0.991095
0	0.988424
0	0.992876
0	0.983081
0	0.991986
0	0.987533
0	0.988424
0	0.982191
0	0.967053
0	0.967053
0	0.986643
0	0.996438
0	0.994657
0	0.992876
0	0.982191
0	0.983972
0	0.983972
0	0.974176
0	0.979519
0	0.990205
0	0.991095
0	0.967053
0	0.996438
0	0.996438
0	0.985752
0	0.9813
0	0.990205
0	0.994657
0	0.9813
0	0.983972
0	0.995548
0	0.991986
0	0.991095
0	0.998219
0	0.995548
0	0.996438
0	0.998219
0	0.992876
0	0.997329
0	0.992876
0	0.996438
0	0.996438
0	0.992876
0	0.998219
0	0.992876
0	0.994657
0	0.986643
0	0.983972
0	0.974176
0	0.993767
0	0.976848
0	0.996438
0	0.990205
0	0.986643
0	0.991986
0	0.987533
0	0.983972
0	0.992876
0	0.982191
0	0.9813
0	0.99911
0	0.948353
0	0.994657
0	0.998219
0	0.997329
0	0.984862
0	0.996438
0	0.998219
0	0.992876
0	0.998219
0	0.998219
0	0.995548
0	0.991095
0	0.967053
0	0.998219
0	0.987533
0	0.983972
0	0.985752
0	0.987533
0	0.982191
0	0.987533
0	0.9813
0	0.992876
0	0.996438
0	0.987533
0	0.985752
0	0.998219
0	0.998219
0	0.9813
0	0.974176
0	0.998219
0	0.983972
0	0.991986
0	0.967053
0	0.967053
0	0.991986
0	0.997329
0	0.988424
0	0.997329
0	0.948353
0	0.992876
0	0.991986
0	0.994657
0	0.992876
0	0.992876
0	0.994657
0	0.998219
0	0.990205
0	0.983972
0	0.985752
0	0.998219
0	0.991095
0	0.986643
0	0.996438
0	0.988424
0	0.988424
0	0.990205
0	0.996438
0	0.997329
0	0.982191
0	0.998219
0	0.987533
0	0.987533
0	0.998219
0	0.998219
0	0.988424
0	0.998219
0	0.982191
0	0.995548
0	0.982191
0	0.994657
0	0.998219
0	0.990205
0	0.948353
0	0.993767
0	0.995548
0	0.990205
0	0.990205
0	0.991095
0	0.991986
0	0.988424
0	0.992876
0	0.997329
0	0.948353
0	0.982191
0	0.992876
0	0.9813
0	0.998219
0	0.998219
0	0.991986
0	0.982191
0	0.979519
0	0.993767
0	0.985752
0	0.996438
0	0.996438
0	0.985752
0	0.992876
0	0.996438
0	0.998219
0	0.996438
0	0.983972
0	0.987533
0	0.997329
0	0.998219
0	0.996438
0	0.994657
0	0.983081
0	0.996438
0	0.986643
0	0.997329
0	0.985752
0	0.992876
0	0.998219
0	0.996438
0	0.976848
0	0.988424
0	0.988424
0	0.991095
0	0.948353
0	0.987533
0	0.998219
0	0.987533
0	0.979519
0	0.994657
0	0.983972
0	0.974176
0	0.988424
0	0.995548
0	0.976848
0	0.986643
0	0.994657
0	0.985752
0	0.997329
0	0.987533
0	0.977738
0	0.9813
0	0.9813
0	0.991986
0	0.979519
0	0.993767
0	0.994657
0	0.967053
0	0.948353
0	0.9813
0	0.987533
0	0.991095
0	0.967053
0	0.997329
0	0.987533
0	0.996438
0	0.948353
0	0.998219
0	0.995548
0	0.987533
0	0.991986
0	0.994657
0	0.998219
0	0.992876
0	0.977738
0	0.994657
0	0.998219
0	0.9813
0	0.992876
0	0.998219
0	0.948353
0	0.996438
0	0.982191
0	0.982191
0	0.996438
0	0.993767
0	0.988424
0	0.991986
0	0.990205
0	0.987533
0	0.998219
0	0.992876
0	0.967053
0	0.976848
0	0.985752
0	0.948353
0	0.976848
0	0.990205
0	0.983972
0	0.9813
0	0.991095
0	0.987533
0	0.991986
0	0.997329
0	0.991095
0	0.990205
0	0.988424
0	0.997329
0	0.948353
0	0.988424
0	0.992876
0	0.998219
0	0.991095
0	0.992876
0	0.983972
0	0.983081
0	0.992876
0	0.991986
0	0.992876
0	0.967053
0	0.994657
0	0.979519
0	0.998219
0	0.994657
0	0.995548
0	0.992876
0	0.990205
0	0.974176
0	0.987533
0	0.9813
0	0.974176
0	0.994657
0	0.996438
0	0.982191
0	0.992876
0	0.998219
0	0.992876
0	0.987533
0	0.987533
0	0.997329
0	0.994657
0	0.983081
0	0.994657
0	0.997329
0	0.993767
0	0.997329
0	0.977738
0	0.983972
0	0.986643
0	0.986643
0	0.996438
0	0.991986
0	0.988424
0	0.992876
0	0.991986
0	0.991095
0	0.983972
0	0.991095
0	0.991095
0	0.948353
0	0.983972
0	0.998219
0	0.986643
0	0.986643
0	0.948353
0	0.994657
0	0.998219
0	0.948353
0	0.977738
0	0.985752
0	0.995548
0	0.948353
0	0.996438
0	0.994657
0	0.996438
0	0.967053
0	0.948353
0	0.997329
0	0.991986
0	0.997329
0	0.9813
0	0.995548
0	0.998219
0	0.983972
0	0.988424
0	0.996438
0	0.998219
0	0.982191
0	0.995548
0	0.976848
0	0.990205
0	0.996438
0	0.998219
0	0.948353
0	0.985752
0	0.998219
0	0.948353
0	0.991986
0	0.987533
0	0.998219
0	0.948353
0	0.991095
0	0.998219
0	0.995548
0	inf
0	0.998219
0	0.990205
0	0.982191
0	0.9813
0	0.948353
0	0.977738
0	0.987533
0	0.995548
0	0.991986
0	0.994657
0	0.994657
0	0.998219
0	0.997329
0	0.977738
0	0.9813
0	0.987533
0	0.979519
0	0.983972
0	0.967053
0	0.993767
0	0.986643
0	0.994657
0	0.994657
0	0.990205
0	0.996438
0	0.997329
0	0.974176
0	0.991986
0	0.967053
0	0.988424
0	0.991095
0	0.995548
0	0.996438
0	0.997329
0	0.997329
0	0.987533
0	0.983972
0	0.995548
0	0.995548
0	0.992876
0	0.997329
0	0.997329
0	0.948353
0	0.996438
0	0.996438
0	0.987533
0	0.986643
0	0.974176
0	0.994657
0	0.967053
0	0.996438
0	0.996438
0	0.948353
0	0.988424
0	0.988424
0	0.998219
0	0.985752
0	0.998219
0	0.986643
0	0.948353
0	0.994657
0	0.991986
0	0.998219
0	0.986643
0	inf
0	0.988424
0	0.985752
0	0.991986
0	0.997329
0	0.974176
0	0.991986
0	0.983081
0	0.983972
0	0.948353
0	0.996438
0	0.998219
0	0.948353
0	0.994657
0	0.995548
0	0.997329
0	0.996438
0	0.986643
0	0.982191
0	0.997329
0	0.998219
0	0.991986
0	0.991986
0	0.983972
0	0.988424
0	0.990205
0	0.997329
0	0.991095
0	0.994657
0	0.987533
0	0.983972
0	0.995548
0	0.991095
0	0.992876
0	0.995548
0	0.996438
0	0.991095
0	0.991986
0	0.991986
0	0.979519
0	0.996438
0	0.985752
0	0.997329
0	0.993767
0	0.992876
0	0.996438
0	0.983972
0	0.994657
0	0.988424
0	0.967053
0	0.998219
0	0.976848
0	0.991986
0	0.998219
0	0.997329
0	0.986643
0	0.990205
0	0.995548
0	0.992876
0	0.990205
0	0.987533
0	0.988424
0	0.983081
0	0.974176
0	0.996438
0	0.996438
0	0.948353
0	0.991095
0	0.983972
0	0.983972
0	0.982191
0	0.987533
0	0.993767
0	0.990205
0	0.985752
0	0.985752
0	0.987533
0	0.986643
0	0.967053
0	0.996438
0	0.997329
0	0.996438
0	0.987533
0	0.996438
0	0.995548
0	0.979519
0	0.985752
0	0.991095
0	0.990205
0	0.979519
0	0.995548
0	0.987533
0	0.988424
0	0.967053
0	0.990205
0	0.993767
0	0.997329
0	0.997329
0	0.992876
0	0.990205
0	0.991986
0	0.991095
0	0.984862
0	0.986643
0	0.996438
0	0.986643
0	0.977738
0	0.998219
0	0.996438
0	0.988424
0	0.995548
0	0.991986
0	0.992876
0	0.976848
0	0.995548
0	0.985752
0	0.983081
0	0.984862
0	0.996438
0	0.987533
0	0.994657
0	0.991095
0	0.983972
0	0.948353
0	0.997329
0	0.987533
0	0.987533
0	0.996438
0	0.988424
0	0.985752
0	0.998219
0	0.992876
0	0.997329
0	0.976848
0	0.995548
0	0.948353
0	0.984862
0	0.992876
0	0.987533
0	0.948353
0	0.992876
0	0.997329
0	0.983972
0	0.991986
0	0.986643
0	0.987533
0	0.995548
0	0.995548
0	0.997329
0	0.998219
0	0.991986
0	0.998219
0	0.985752
0	0.985752
0	0.991095
0	0.974176
0	0.991095
0	0.994657
0	0.948353
0	0.996438
0	0.998219
0	0.979519
0	0.998219
0	0.990205
0	0.986643
0	0.991986
0	0.996438
0	0.998219
0	0.991986
0	0.988424
0	0.998219
0	0.998219
0	0.979519
0	0.988424
0	0.994657
0	0.983972
0	0.995548
0	0.994657
0	0.990205
0	0.987533
0	0.994657
0	0.967053
0	0.976848
0	0.995548
0	0.986643
0	0.948353
0	0.991986
0	0.994657
0	0.991986
0	0.982191
0	0.998219
0	0.996438
0	0.9813
0	0.984862
0	0.987533
0	0.994657
0	0.986643
0	0.979519
0	0.967053
0	0.948353
0	0.985752
0	0.998219
0	0.991986
0	0.991986
0	0.988424
0	0.983972
0	0.986643
0	0.948353
0	0.994657
0	0.987533
0	0.986643
0	0.977738
0	0.997329
0	0.948353
0	0.948353
0	0.995548
0	0.990205
0	0.985752
0	0.982191
0	0.991986
0	0.985752
0	0.988424
0	0.995548
0	0.986643
0	0.9813
0	0.983972
0	0.974176
0	0.997329
0	0.974176
0	0.988424
0	0.995548
0	0.991095
0	0.986643
0	0.997329
0	0.991986
0	0.991986
0	0.987533
0	0.967053
0	0.998219
0	0.985752
0	0.982191
0	0.990205
0	0.995548
0	0.985752
0	0.974176
0	0.994657
0	0.985752
0	0.990205
0	0.991986
0	0.997329
0	0.987533
0	0.998219
0	0.987533
0	0.995548
0	0.990205
0	0.998219
0	0.991095
0	0.997329
0	0.983972
0	0.982191
0	0.983972
0	0.977738
0	0.991986
0	0.987533
0	0.995548
0	0.992876
0	0.985752
0	0.996438
0	0.982191
0	0.990205
0	0.983972
0	0.996438
0	0.995548
0	0.982191
0	0.994657
0	0.991986
0	0.994657
0	0.998219
0	0.995548
0	0.991095
0	0.991095
0	0.987533
0	0.994657
0	0.948353
0	0.9813
0	0.984862
0	0.9813
0	0.991095
0	0.986643
0	0.988424
0	0.998219
0	0.998219
0	0.996438
0	0.998219
0	0.976848
0	0.9813
0	0.976848
0	0.982191
0	0.9813
0	0.998219
0	0.991095
0	0.991095
0	0.988424
0	0.948353
0	0.996438
0	0.997329
0	0.9813
0	0.948353
0	0.983972
0	0.986643
0	0.987533
0	0.990205
0	0.948353
0	0.991095
0	0.994657
0	0.977738
0	0.994657
0	0.983972
0	0.998219
0	0.991095
0	0.997329
0	0.991095
0	0.976848
0	0.994657
0	0.986643
0	0.992876
0	0.998219
0	0.995548
0	0.986643
0	0.986643
0	0.991986
0	0.994657
0	0.986643
0	0.998219
0	0.988424
0	0.993767
0	0.988424
0	0.976848
0	0.983972
0	0.977738
0	0.983972
0	0.991986
0	0.982191
0	0.991986
0	0.986643
0	0.996438
0	0.994657
0	0.995548
0	0.982191
0	0.983972
0	0.996438
0	0.948353
0	0.992876
0	0.997329
0	0.9813
0	0.979519
0	0.998219
0	0.9813
0	0.990205
0	0.948353
0	0.998219
0	0.986643
0	0.992876
0	0.986643
0	0.994657
0	0.996438
0	0.998219
0	0.967053
0	0.991986
0	0.976848
0	0.990205
0	0.988424
0	0.983972
0	0.982191
0	0.990205
0	0.987533
0	0.992876
0	0.982191
0	0.992876
0	0.987533
0	0.997329
0	0.991986
0	0.997329
0	0.982191
0	0.992876
0	0.994657
0	0.987533
0	0.992876
0	0.996438
0	0.998219
0	0.988424
0	0.948353
0	0.988424
0	0.995548
0	0.985752
0	0.948353
0	0.996438
0	0.988424
0	0.991986
0	0.985752
0	0.987533
0	0.992876
0	0.948353
0	0.948353
0	0.996438
0	0.983972
0	0.976848
0	0.974176
0	0.991986
0	0.993767
0	0.967053
0	0.996438
0	0.986643
0	0.983972
0	0.991986
0	0.992876
0	0.997329
0	0.9813
0	0.948353
0	0.991986
0	0.984862
0	0.991095
0	0.967053
0	0.987533
0	0.987533
0	0.994657
0	0.992876
0	0.991095
0	0.994657
0	0.987533
0	0.997329
0	0.984862
0	0.996438
0	0.984862
0	0.991095
0	0.992876
0	0.995548
0	0.988424
0	0.982191
0	0.948353
0	0.987533
0	0.996438
0	0.967053
0	0.994657
0	0.997329
0	0.985752
0	0.991095
0	0.988424
0	0.948353
0	0.998219
0	0.967053
0	0.990205
0	0.986643
0	0.998219
0	0.987533
0	0.988424
0	0.998219
0	0.976848
0	0.977738
0	0.988424
0	0.987533
0	0.996438
0	0.982191
0	0.982191
0	0.996438
0	0.996438
0	0.998219
0	0.998219
0	0.9813
0	0.967053
0	0.998219
0	0.948353
0	0.998219
0	0.948353
0	0.996438
0	0.974176
0	0.987533
0	0.991986
0	0.99911
0	0.986643
0	0.991986
0	0.998219
0	0.997329
0	0.998219
0	0.998219
0	0.983972
0	0.995548
0	0.998219
0	0.997329
0	0.997329
0	0.997329
0	0.987533
0	0.991095
0	0.998219
0	0.998219
0	0.994657
0	0.976848
0	0.995548
0	0.984862
0	0.983081
0	0.992876
0	0.998219
0	0.994657
0	0.998219
0	0.995548
0	0.974176
0	0.992876
0	0.986643
0	0.988424
0	0.987533
0	0.990205
0	0.987533
0	0.995548
0	0.998219
0	0.993767
0	0.982191
0	0.991095
0	0.995548
0	0.991986
0	0.990205
0	0.995548
0	0.948353
0	0.948353
0	0.982191
0	0.997329
0	0.985752
0	0.984862
0	0.991986
0	0.987533
0	0.995548


