# Persistence diagram <GML/0574.gml>
#
# Dimension   : 0
# Entries     : 196
# Betti number: 5
0	inf
0	0.973597
0	0.980198
0	inf
0	0.973597
0	0.874587
0	0.907591
0	0.986799
0	0.957096
0	0.874587
0	0.973597
0	0.993399
0	0.907591
0	0.973597
0	0.973597
0	0.993399
0	0.990099
0	0.980198
0	0.980198
0	0.973597
0	0.993399
0	0.993399
0	0.848185
0	0.891089
0	0.993399
0	0.874587
0	0.990099
0	0.983498
0	0.891089
0	0.990099
0	0.983498
0	0.933993
0	0.907591
0	0.907591
0	0.957096
0	0.874587
0	0.993399
0	0.957096
0	0.986799
0	0.953795
0	0.993399
0	0.933993
0	0.973597
0	inf
0	0.848185
0	0.990099
0	0.970297
0	0.933993
0	0.907591
0	0.990099
0	0.990099
0	0.933993
0	0.973597
0	0.848185
0	0.874587
0	0.907591
0	0.986799
0	0.980198
0	0.973597
0	0.990099
0	0.874587
0	0.993399
0	inf
0	0.983498
0	0.874587
0	0.848185
0	0.990099
0	0.990099
0	0.976898
0	0.907591
0	0.891089
0	0.891089
0	0.970297
0	0.891089
0	0.986799
0	0.957096
0	0.953795
0	0.986799
0	0.933993
0	0.957096
0	0.848185
0	0.957096
0	0.973597
0	0.983498
0	0.907591
0	0.976898
0	0.970297
0	0.993399
0	0.874587
0	0.907591
0	0.933993
0	0.907591
0	0.973597
0	0.891089
0	0.891089
0	0.874587
0	0.957096
0	0.973597
0	0.907591
0	0.990099
0	0.993399
0	0.933993
0	0.993399
0	0.848185
0	0.874587
0	0.907591
0	0.9967
0	0.990099
0	0.891089
0	0.993399
0	0.993399
0	0.973597
0	0.973597
0	0.907591
0	0.986799
0	0.990099
0	0.970297
0	0.990099
0	0.874587
0	0.848185
0	0.874587
0	0.9967
0	0.990099
0	0.874587
0	0.953795
0	0.874587
0	0.953795
0	0.976898
0	0.957096
0	0.990099
0	0.957096
0	0.990099
0	0.980198
0	0.874587
0	inf
0	0.874587
0	0.957096
0	0.907591
0	0.907591
0	0.907591
0	0.976898
0	0.993399
0	0.907591
0	0.986799
0	0.993399
0	0.891089
0	0.9967
0	0.990099
0	0.907591
0	0.986799
0	0.983498
0	0.990099
0	0.874587
0	0.874587
0	0.980198
0	0.848185
0	0.933993
0	0.976898
0	0.990099
0	0.993399
0	0.891089
0	0.990099
0	0.993399
0	0.986799
0	0.874587
0	0.973597
0	0.993399
0	0.993399
0	0.973597
0	0.874587
0	0.986799
0	0.874587
0	0.993399
0	0.907591
0	0.990099
0	0.953795
0	0.980198
0	0.933993
0	0.874587
0	0.993399
0	0.973597
0	0.907591
0	0.990099
0	0.907591
0	0.986799
0	0.933993
0	0.983498
0	0.891089
0	0.973597
0	0.983498
0	0.973597
0	0.976898
0	0.907591
0	0.986799
0	0.953795
0	0.993399


