# Persistence diagram <GML/0575.gml>
#
# Dimension   : 1
# Entries     : 166
# Betti number: 166
0.981033	inf
0.981033	inf
0.981033	inf
0.981033	inf
0.981033	inf
0.982995	inf
0.982995	inf
0.982995	inf
0.984957	inf
0.984957	inf
0.987574	inf
0.987574	inf
0.988882	inf
0.988882	inf
0.989536	inf
0.990844	inf
0.990844	inf
0.990844	inf
0.990844	inf
0.990844	inf
0.991498	inf
0.991498	inf
0.991498	inf
0.991498	inf
0.992152	inf
0.992152	inf
0.992152	inf
0.992152	inf
0.992806	inf
0.992806	inf
0.992806	inf
0.992806	inf
0.99346	inf
0.99346	inf
0.99346	inf
0.99346	inf
0.99346	inf
0.99346	inf
0.99346	inf
0.99346	inf
0.99346	inf
0.99346	inf
0.99346	inf
0.994114	inf
0.994768	inf
0.994768	inf
0.994768	inf
0.994768	inf
0.994768	inf
0.994768	inf
0.994768	inf
0.994768	inf
0.994768	inf
0.994768	inf
0.994768	inf
0.995422	inf
0.995422	inf
0.995422	inf
0.995422	inf
0.995422	inf
0.995422	inf
0.995422	inf
0.995422	inf
0.995422	inf
0.995422	inf
0.995422	inf
0.995422	inf
0.995422	inf
0.996076	inf
0.996076	inf
0.996076	inf
0.996076	inf
0.996076	inf
0.996076	inf
0.996076	inf
0.996076	inf
0.996076	inf
0.996076	inf
0.996076	inf
0.996076	inf
0.99673	inf
0.99673	inf
0.99673	inf
0.99673	inf
0.99673	inf
0.99673	inf
0.99673	inf
0.99673	inf
0.99673	inf
0.99673	inf
0.99673	inf
0.99673	inf
0.99673	inf
0.99673	inf
0.99673	inf
0.99673	inf
0.99673	inf
0.99673	inf
0.99673	inf
0.99673	inf
0.99673	inf
0.99673	inf
0.99673	inf
0.99673	inf
0.997384	inf
0.997384	inf
0.997384	inf
0.997384	inf
0.997384	inf
0.997384	inf
0.997384	inf
0.997384	inf
0.997384	inf
0.997384	inf
0.997384	inf
0.997384	inf
0.997384	inf
0.997384	inf
0.997384	inf
0.997384	inf
0.997384	inf
0.997384	inf
0.997384	inf
0.997384	inf
0.997384	inf
0.997384	inf
0.997384	inf
0.997384	inf
0.997384	inf
0.997384	inf
0.998038	inf
0.998038	inf
0.998038	inf
0.998038	inf
0.998038	inf
0.998038	inf
0.998038	inf
0.998038	inf
0.998038	inf
0.998038	inf
0.998038	inf
0.998038	inf
0.998038	inf
0.998038	inf
0.998038	inf
0.998038	inf
0.998038	inf
0.998038	inf
0.998038	inf
0.998038	inf
0.998038	inf
0.998038	inf
0.998038	inf
0.998038	inf
0.998038	inf
0.998038	inf
0.998038	inf
0.998692	inf
0.998692	inf
0.998692	inf
0.998692	inf
0.998692	inf
0.998692	inf
0.998692	inf
0.998692	inf
0.998692	inf
