# Persistence diagram <GML/0576.gml>
#
# Dimension   : 0
# Entries     : 1345
# Betti number: 4
0	inf
0	0.987189
0	0.991459
0	0.997153
0	0.997865
0	0.989324
0	0.998577
0	0.987189
0	0.994306
0	0.998577
0	0.9879
0	0.998577
0	0.997865
0	0.997153
0	0.988612
0	0.997865
0	0.996441
0	0.994306
0	0.987189
0	0.987189
0	0.987189
0	0.992171
0	0.997153
0	0.996441
0	0.998577
0	0.997153
0	0.998577
0	0.987189
0	0.998577
0	0.997153
0	0.998577
0	0.998577
0	0.995018
0	0.997865
0	0.997865
0	0.988612
0	0.989324
0	0.990747
0	0.995018
0	0.961566
0	0.992171
0	0.990036
0	0.998577
0	inf
0	0.9879
0	0.993594
0	0.994306
0	0.982206
0	0.9879
0	0.993594
0	0.994306
0	0.989324
0	0.994306
0	0.990036
0	0.992883
0	0.996441
0	0.997865
0	0.980071
0	0.990036
0	0.997153
0	0.998577
0	0.992883
0	0.990747
0	0.997153
0	0.990036
0	0.961566
0	0.997153
0	0.982206
0	0.998577
0	0.992883
0	0.989324
0	0.988612
0	0.998577
0	0.997865
0	0.9879
0	0.982206
0	0.992171
0	0.985765
0	0.988612
0	0.993594
0	0.985053
0	0.961566
0	0.980071
0	0.995018
0	0.990036
0	0.988612
0	0.989324
0	0.98363
0	0.997153
0	0.997153
0	0.992883
0	0.985765
0	0.961566
0	0.992883
0	0.990036
0	0.997153
0	0.987189
0	0.998577
0	0.998577
0	0.991459
0	0.987189
0	0.994306
0	0.990036
0	0.9879
0	0.997865
0	0.992883
0	0.987189
0	0.987189
0	0.997153
0	0.9879
0	0.997865
0	0.997153
0	0.98363
0	0.993594
0	0.990036
0	0.996441
0	0.997153
0	0.961566
0	0.995018
0	0.993594
0	0.998577
0	0.994306
0	0.987189
0	0.99573
0	0.990036
0	0.988612
0	0.982206
0	0.993594
0	0.992171
0	0.992171
0	0.982206
0	0.980071
0	0.998577
0	0.992171
0	0.990036
0	0.992171
0	0.99573
0	0.996441
0	0.992883
0	0.994306
0	0.995018
0	0.987189
0	0.992883
0	0.992171
0	0.997865
0	0.998577
0	0.990747
0	0.99573
0	0.991459
0	0.990036
0	0.997153
0	0.992171
0	0.998577
0	0.992171
0	0.9879
0	0.99573
0	0.998577
0	0.987189
0	0.995018
0	0.998577
0	0.99573
0	0.994306
0	0.987189
0	0.961566
0	0.990036
0	0.998577
0	0.982206
0	0.997153
0	0.992171
0	0.992171
0	0.980071
0	0.987189
0	0.994306
0	0.987189
0	0.997153
0	0.998577
0	0.987189
0	0.992171
0	0.993594
0	0.997153
0	0.99573
0	0.993594
0	0.998577
0	0.989324
0	0.9879
0	0.990747
0	0.997865
0	0.992171
0	0.997153
0	0.996441
0	0.991459
0	0.994306
0	0.985053
0	0.998577
0	0.99573
0	0.988612
0	0.997153
0	0.992171
0	0.995018
0	0.997865
0	0.985053
0	0.990036
0	0.99573
0	0.990036
0	0.990036
0	0.995018
0	0.995018
0	0.993594
0	0.998577
0	0.990747
0	0.990036
0	0.994306
0	0.980071
0	0.990747
0	0.988612
0	0.987189
0	0.988612
0	0.988612
0	0.990036
0	0.997865
0	0.9879
0	0.997865
0	0.985765
0	0.991459
0	0.982206
0	0.996441
0	0.995018
0	0.982206
0	0.993594
0	0.997153
0	0.999288
0	0.987189
0	0.9879
0	0.997865
0	0.993594
0	0.997153
0	0.987189
0	0.985765
0	0.961566
0	0.995018
0	0.997865
0	0.998577
0	0.998577
0	0.998577
0	0.998577
0	0.985765
0	0.990036
0	0.987189
0	0.993594
0	0.997865
0	0.987189
0	0.991459
0	0.993594
0	0.997153
0	0.995018
0	0.988612
0	0.990747
0	0.991459
0	0.991459
0	0.997153
0	0.992171
0	inf
0	0.995018
0	0.982206
0	0.990036
0	0.993594
0	0.9879
0	0.988612
0	0.99573
0	0.990036
0	0.99573
0	0.9879
0	0.997153
0	0.995018
0	0.997153
0	0.961566
0	0.992171
0	0.985053
0	0.997153
0	0.985765
0	0.992171
0	0.996441
0	0.991459
0	0.987189
0	0.997865
0	0.992883
0	0.998577
0	0.98363
0	0.9879
0	0.961566
0	0.988612
0	0.997865
0	0.988612
0	0.994306
0	0.994306
0	0.99573
0	0.995018
0	0.987189
0	0.988612
0	0.990036
0	0.998577
0	0.997153
0	0.992171
0	0.99573
0	0.998577
0	0.994306
0	0.994306
0	0.994306
0	0.985765
0	0.9879
0	0.961566
0	0.994306
0	0.991459
0	0.992171
0	0.991459
0	0.989324
0	0.988612
0	0.997153
0	0.997865
0	0.997865
0	0.998577
0	0.990036
0	0.992883
0	0.998577
0	0.988612
0	0.99573
0	0.993594
0	0.985765
0	0.988612
0	0.980071
0	0.996441
0	0.992883
0	0.993594
0	0.961566
0	0.99573
0	0.998577
0	0.992883
0	0.988612
0	0.991459
0	0.985053
0	0.995018
0	0.961566
0	0.997865
0	0.961566
0	0.99573
0	0.994306
0	0.998577
0	0.99573
0	0.980071
0	0.9879
0	0.997153
0	0.993594
0	0.993594
0	0.99573
0	0.997865
0	0.9879
0	0.996441
0	0.985765
0	0.995018
0	0.998577
0	0.99573
0	0.997865
0	0.994306
0	0.992883
0	0.993594
0	0.987189
0	0.99573
0	0.994306
0	0.995018
0	0.99573
0	0.990036
0	0.988612
0	0.992883
0	0.997153
0	0.998577
0	0.995018
0	0.992171
0	0.985765
0	0.994306
0	0.994306
0	0.987189
0	0.993594
0	0.990747
0	0.987189
0	0.995018
0	0.990036
0	0.99573
0	0.99573
0	0.995018
0	0.98363
0	0.982206
0	0.990036
0	0.990036
0	0.992883
0	0.990036
0	0.998577
0	0.980071
0	0.987189
0	0.995018
0	0.997153
0	0.990036
0	0.997865
0	0.988612
0	0.993594
0	0.994306
0	0.985765
0	0.985765
0	0.999288
0	0.98363
0	0.993594
0	0.980071
0	0.990747
0	0.987189
0	0.989324
0	0.994306
0	0.994306
0	0.995018
0	0.998577
0	0.997153
0	0.990747
0	0.987189
0	0.997865
0	0.998577
0	0.995018
0	0.998577
0	0.992171
0	0.994306
0	0.994306
0	0.961566
0	0.9879
0	0.985765
0	0.992171
0	0.987189
0	0.995018
0	0.995018
0	0.997153
0	0.992883
0	0.990036
0	0.99573
0	0.997153
0	0.995018
0	0.991459
0	0.989324
0	0.990036
0	0.985765
0	0.992883
0	0.992883
0	0.990747
0	0.998577
0	0.997865
0	0.989324
0	0.99573
0	0.985053
0	0.99573
0	0.990036
0	0.985053
0	0.997865
0	0.993594
0	0.996441
0	0.997153
0	0.9879
0	0.996441
0	0.996441
0	0.993594
0	0.994306
0	0.985765
0	0.993594
0	0.997153
0	0.985765
0	0.99573
0	0.990036
0	0.998577
0	0.997865
0	0.994306
0	0.992883
0	0.982206
0	0.99573
0	0.992171
0	0.985765
0	0.998577
0	0.994306
0	0.988612
0	0.998577
0	0.985765
0	0.996441
0	0.961566
0	0.997865
0	0.993594
0	0.997865
0	0.997153
0	0.991459
0	0.988612
0	0.987189
0	0.997153
0	0.989324
0	0.990036
0	0.992883
0	0.982206
0	0.982206
0	0.9879
0	0.987189
0	0.988612
0	0.997153
0	0.990036
0	0.982206
0	0.997865
0	0.987189
0	0.997865
0	0.990036
0	0.993594
0	0.982206
0	0.988612
0	0.994306
0	0.992883
0	0.9879
0	0.988612
0	0.994306
0	0.995018
0	0.99573
0	0.998577
0	0.998577
0	0.992883
0	0.997865
0	0.9879
0	0.994306
0	0.982206
0	0.990036
0	0.988612
0	0.992883
0	0.980071
0	0.995018
0	0.987189
0	0.9879
0	0.998577
0	0.990036
0	0.995018
0	0.989324
0	0.98363
0	0.997153
0	0.994306
0	0.989324
0	0.99573
0	0.993594
0	0.998577
0	0.997865
0	0.994306
0	inf
0	0.998577
0	0.980071
0	0.998577
0	0.982206
0	0.961566
0	0.98363
0	0.992883
0	0.988612
0	0.987189
0	0.991459
0	0.9879
0	0.9879
0	0.99573
0	0.99573
0	0.988612
0	0.994306
0	0.987189
0	0.980071
0	0.991459
0	0.994306
0	0.997865
0	0.992883
0	0.992883
0	0.993594
0	0.992883
0	0.9879
0	0.990747
0	0.961566
0	0.994306
0	0.982206
0	0.995018
0	0.980071
0	0.99573
0	0.992883
0	0.990036
0	0.995018
0	0.992171
0	0.987189
0	0.961566
0	0.961566
0	0.99573
0	0.998577
0	0.987189
0	0.9879
0	0.985053
0	0.993594
0	0.988612
0	0.995018
0	0.980071
0	0.998577
0	0.985053
0	0.99573
0	0.993594
0	0.987189
0	0.997865
0	0.985765
0	0.993594
0	0.994306
0	0.987189
0	0.994306
0	0.982206
0	0.989324
0	0.990747
0	0.994306
0	0.9879
0	0.997865
0	0.995018
0	0.995018
0	0.997865
0	0.990036
0	0.996441
0	0.991459
0	0.9879
0	0.998577
0	0.961566
0	0.982206
0	0.997153
0	0.991459
0	0.990036
0	0.987189
0	0.961566
0	0.998577
0	0.993594
0	0.990747
0	0.997865
0	0.994306
0	0.992883
0	0.995018
0	0.997865
0	0.987189
0	0.997865
0	0.998577
0	0.993594
0	0.992883
0	0.998577
0	0.987189
0	0.9879
0	0.996441
0	0.998577
0	0.99573
0	0.992883
0	0.997865
0	0.997865
0	0.982206
0	0.99573
0	0.989324
0	0.992171
0	0.998577
0	0.961566
0	0.98363
0	0.992171
0	0.994306
0	0.998577
0	0.997153
0	0.990747
0	0.997865
0	0.99573
0	0.990036
0	0.996441
0	0.982206
0	0.992883
0	0.9879
0	0.961566
0	0.988612
0	0.997153
0	0.995018
0	0.961566
0	0.990036
0	0.997865
0	0.99573
0	0.992171
0	0.985053
0	0.993594
0	0.991459
0	0.994306
0	0.997865
0	0.99573
0	0.997865
0	0.992171
0	0.998577
0	0.99573
0	0.987189
0	0.982206
0	0.9879
0	0.989324
0	0.993594
0	0.992171
0	0.9879
0	0.9879
0	0.985765
0	0.992171
0	0.997865
0	0.9879
0	0.997865
0	0.995018
0	0.988612
0	0.998577
0	0.992883
0	0.9879
0	0.997865
0	0.992883
0	0.993594
0	0.987189
0	0.998577
0	0.988612
0	0.9879
0	0.990036
0	0.992171
0	0.993594
0	0.987189
0	0.994306
0	0.998577
0	0.993594
0	0.988612
0	0.996441
0	0.987189
0	0.990036
0	0.990747
0	0.961566
0	0.995018
0	0.990747
0	0.987189
0	0.994306
0	0.997153
0	0.993594
0	0.989324
0	0.99573
0	0.985765
0	0.992171
0	0.994306
0	0.987189
0	0.982206
0	0.99573
0	0.988612
0	0.996441
0	0.980071
0	0.993594
0	0.985765
0	0.99573
0	0.985765
0	0.998577
0	0.995018
0	0.9879
0	0.99573
0	0.992171
0	0.997153
0	0.993594
0	0.996441
0	0.9879
0	0.997865
0	0.995018
0	0.997153
0	0.997865
0	0.993594
0	0.990036
0	0.990747
0	0.998577
0	0.998577
0	0.991459
0	0.997865
0	0.961566
0	0.992171
0	0.987189
0	0.995018
0	0.992171
0	0.997865
0	0.998577
0	0.987189
0	0.997865
0	0.988612
0	0.961566
0	0.980071
0	0.996441
0	0.993594
0	0.997153
0	0.997865
0	0.989324
0	0.980071
0	0.9879
0	0.998577
0	0.988612
0	0.985765
0	0.9879
0	0.994306
0	0.992171
0	0.991459
0	0.995018
0	0.994306
0	0.988612
0	0.961566
0	0.997865
0	0.998577
0	0.998577
0	0.961566
0	0.961566
0	0.9879
0	0.982206
0	0.997865
0	0.961566
0	0.997865
0	0.991459
0	0.997153
0	0.988612
0	0.982206
0	0.992171
0	0.997865
0	0.992171
0	0.997865
0	0.990036
0	0.987189
0	0.992171
0	0.995018
0	0.996441
0	0.992171
0	0.99573
0	0.996441
0	0.998577
0	0.997153
0	0.9879
0	0.985765
0	0.991459
0	0.991459
0	0.99573
0	0.9879
0	0.985765
0	0.997153
0	0.995018
0	0.99573
0	0.990036
0	0.994306
0	0.99573
0	0.995018
0	0.998577
0	0.998577
0	0.993594
0	0.991459
0	0.961566
0	0.993594
0	0.991459
0	0.990747
0	0.99573
0	0.997865
0	0.994306
0	0.9879
0	0.99573
0	0.991459
0	0.998577
0	0.994306
0	0.9879
0	0.995018
0	0.992171
0	0.997153
0	0.992171
0	0.995018
0	0.985053
0	0.997865
0	0.99573
0	0.99573
0	0.9879
0	0.985765
0	0.961566
0	0.988612
0	0.985765
0	0.991459
0	0.98363
0	0.999288
0	0.980071
0	0.993594
0	0.991459
0	0.995018
0	0.995018
0	0.995018
0	0.992883
0	0.997865
0	0.990747
0	0.98363
0	0.985765
0	0.993594
0	0.99573
0	0.998577
0	0.99573
0	0.961566
0	0.990747
0	0.991459
0	0.993594
0	0.993594
0	0.980071
0	0.98363
0	0.980071
0	0.998577
0	0.961566
0	0.988612
0	0.990036
0	0.982206
0	0.994306
0	0.9879
0	0.997153
0	0.995018
0	0.990036
0	0.997865
0	0.990036
0	0.998577
0	0.991459
0	0.993594
0	0.993594
0	0.996441
0	0.991459
0	0.993594
0	0.992883
0	0.980071
0	0.992171
0	0.9879
0	0.988612
0	0.997153
0	0.992883
0	0.988612
0	0.996441
0	0.997153
0	0.99573
0	0.990036
0	0.991459
0	0.993594
0	0.994306
0	0.995018
0	0.995018
0	0.995018
0	0.995018
0	0.990036
0	0.990036
0	0.990036
0	0.998577
0	0.995018
0	0.997153
0	0.987189
0	0.997865
0	0.99573
0	0.990036
0	0.982206
0	0.997865
0	0.99573
0	0.988612
0	0.982206
0	0.994306
0	0.998577
0	0.99573
0	0.992883
0	0.987189
0	0.998577
0	0.9879
0	0.998577
0	0.998577
0	0.997865
0	0.997153
0	0.99573
0	0.992171
0	0.990747
0	0.998577
0	0.990036
0	0.9879
0	0.98363
0	0.9879
0	0.995018
0	0.992171
0	0.994306
0	0.987189
0	0.99573
0	0.996441
0	0.990036
0	0.985765
0	0.997153
0	0.991459
0	0.989324
0	0.993594
0	0.995018
0	0.994306
0	0.995018
0	0.99573
0	0.987189
0	0.997153
0	0.989324
0	0.997865
0	0.998577
0	0.994306
0	0.998577
0	0.991459
0	0.997865
0	0.998577
0	0.9879
0	0.992883
0	0.990747
0	0.989324
0	0.995018
0	0.9879
0	0.997865
0	0.992171
0	0.987189
0	0.9879
0	0.985053
0	0.992171
0	0.993594
0	0.995018
0	0.994306
0	0.99573
0	0.985765
0	0.994306
0	0.990036
0	0.997153
0	0.991459
0	0.994306
0	0.992883
0	0.99573
0	0.998577
0	0.997865
0	0.991459
0	0.990036
0	0.992883
0	0.991459
0	0.992883
0	0.990036
0	0.99573
0	0.990036
0	0.987189
0	0.985765
0	0.997153
0	0.992171
0	0.991459
0	0.997865
0	0.995018
0	0.995018
0	0.998577
0	0.961566
0	0.992171
0	0.988612
0	0.991459
0	0.988612
0	0.992883
0	0.991459
0	0.9879
0	0.997865
0	0.989324
0	0.997153
0	0.961566
0	0.998577
0	0.997153
0	0.997865
0	0.988612
0	0.988612
0	0.997153
0	0.997865
0	0.996441
0	0.99573
0	0.997865
0	0.988612
0	0.98363
0	0.992171
0	0.997153
0	0.997865
0	0.997865
0	0.998577
0	0.997153
0	0.99573
0	0.994306
0	0.98363
0	0.994306
0	0.990036
0	0.998577
0	0.997153
0	0.982206
0	0.990747
0	0.99573
0	0.998577
0	0.996441
0	0.997153
0	0.990747
0	0.994306
0	0.995018
0	0.996441
0	0.992171
0	0.991459
0	0.994306
0	0.997865
0	0.993594
0	0.995018
0	0.993594
0	0.998577
0	0.992883
0	0.980071
0	0.992171
0	0.992171
0	0.994306
0	0.992171
0	0.998577
0	0.987189
0	0.997865
0	0.997153
0	0.99573
0	0.997865
0	0.997865
0	0.992171
0	0.997865
0	0.995018
0	0.987189
0	0.989324
0	0.988612
0	0.993594
0	0.995018
0	0.991459
0	0.990036
0	0.998577
0	0.993594
0	0.961566
0	0.989324
0	0.992171
0	0.992171
0	0.992883
0	0.997153
0	0.99573
0	0.998577
0	0.99573
0	0.980071
0	0.998577
0	0.9879
0	0.985765
0	0.9879
0	0.990036
0	0.991459
0	0.992883
0	0.995018
0	0.995018
0	0.985765
0	0.982206
0	0.988612
0	0.988612
0	0.993594
0	0.992883
0	0.990036
0	0.997865
0	0.990036
0	0.982206
0	0.961566
0	0.994306
0	0.994306
0	0.997865
0	0.992171
0	0.988612
0	0.997153
0	0.992171
0	0.992883
0	0.982206
0	0.993594
0	0.998577
0	0.985765
0	0.988612
0	0.993594
0	0.994306
0	0.991459
0	0.992171
0	0.994306
0	0.98363
0	0.992171
0	0.994306
0	0.997865
0	0.99573
0	0.992883
0	0.992171
0	0.997865
0	0.992171
0	0.993594
0	0.994306
0	0.997153
0	0.994306
0	0.991459
0	0.995018
0	0.99573
0	0.99573
0	0.997153
0	0.961566
0	0.989324
0	0.987189
0	0.996441
0	0.990036
0	0.992883
0	0.987189
0	0.988612
0	0.991459
0	0.997865
0	0.998577
0	0.998577
0	0.98363
0	0.985765
0	0.99573
0	0.997153
0	0.993594
0	0.987189
0	0.992883
0	0.998577
0	0.982206
0	0.996441
0	0.991459
0	0.9879
0	0.998577
0	0.991459
0	0.987189
0	0.991459
0	0.997153
0	0.995018
0	0.992171
0	0.990036
0	0.961566
0	0.998577
0	0.997153
0	0.993594
0	0.9879
0	0.991459
0	0.991459
0	0.985053
0	0.985765
0	0.990747
0	0.998577
0	0.997865
0	0.997865
0	0.997153
0	0.992883
0	0.990036
0	0.997865
0	0.982206
0	0.995018
0	0.982206
0	0.985765
0	0.99573
0	0.993594
0	0.992171
0	0.961566
0	0.987189
0	0.997865
0	0.99573
0	0.990747
0	0.995018
0	0.9879
0	0.991459
0	0.993594
0	0.98363
0	0.991459
0	0.997153
0	0.99573
0	0.985765
0	0.990036
0	0.9879
0	0.990036
0	0.992171
0	0.997153
0	0.998577
0	0.992883
0	0.995018
0	0.980071
0	0.993594
0	0.982206
0	0.9879
0	0.994306
0	0.9879
0	0.997153
0	0.994306
0	0.997865
0	0.994306
0	0.997153
0	0.961566
0	0.993594
0	0.9879
0	0.995018
0	0.99573
0	0.991459
0	0.997153
0	0.997865
0	0.993594
0	0.994306
0	0.99573
0	0.992883
0	0.961566
0	0.985053
0	0.990036
0	0.998577
0	0.987189
0	0.982206
0	0.985765
0	0.988612
0	0.991459
0	0.992883
0	0.998577
0	0.996441
0	0.987189
0	0.997153
0	0.961566
0	0.99573
0	0.988612
0	0.9879
0	0.993594
0	0.961566
0	0.988612
0	0.987189
0	0.988612
0	0.982206
0	0.998577
0	0.992171
0	0.993594
0	0.9879
0	0.992171
0	0.9879
0	0.99573
0	0.992883
0	0.961566
0	0.99573
0	0.997153
0	0.995018
0	0.987189
0	0.998577
0	0.997865
0	0.991459
0	0.990036
0	0.987189
0	0.998577
0	0.995018
0	0.992171
0	0.993594
0	0.987189
0	0.99573
0	0.992171
0	0.990747
0	0.99573
0	0.987189
0	0.992171
0	0.998577
0	0.998577
0	0.990036
0	0.997153
0	0.9879
0	0.995018
0	0.993594
0	0.987189


