# Persistence diagram <GML/0576.gml>
#
# Dimension   : 1
# Entries     : 332
# Betti number: 332
0.980071	inf
0.980071	inf
0.980071	inf
0.980071	inf
0.982206	inf
0.982206	inf
0.982206	inf
0.982206	inf
0.982206	inf
0.982206	inf
0.982206	inf
0.982206	inf
0.98363	inf
0.98363	inf
0.98363	inf
0.98363	inf
0.98363	inf
0.98363	inf
0.985053	inf
0.985053	inf
0.987189	inf
0.987189	inf
0.987189	inf
0.987189	inf
0.987189	inf
0.987189	inf
0.987189	inf
0.9879	inf
0.9879	inf
0.9879	inf
0.9879	inf
0.9879	inf
0.9879	inf
0.9879	inf
0.9879	inf
0.9879	inf
0.9879	inf
0.988612	inf
0.988612	inf
0.988612	inf
0.988612	inf
0.989324	inf
0.989324	inf
0.990036	inf
0.990036	inf
0.990036	inf
0.990036	inf
0.990036	inf
0.990036	inf
0.990036	inf
0.990036	inf
0.990036	inf
0.990036	inf
0.990036	inf
0.990747	inf
0.990747	inf
0.990747	inf
0.990747	inf
0.990747	inf
0.990747	inf
0.990747	inf
0.990747	inf
0.990747	inf
0.990747	inf
0.990747	inf
0.990747	inf
0.990747	inf
0.990747	inf
0.990747	inf
0.991459	inf
0.991459	inf
0.991459	inf
0.991459	inf
0.991459	inf
0.991459	inf
0.991459	inf
0.991459	inf
0.991459	inf
0.991459	inf
0.991459	inf
0.991459	inf
0.991459	inf
0.991459	inf
0.991459	inf
0.992171	inf
0.992171	inf
0.992171	inf
0.992171	inf
0.992171	inf
0.992171	inf
0.992171	inf
0.992171	inf
0.992171	inf
0.992171	inf
0.992883	inf
0.992883	inf
0.992883	inf
0.992883	inf
0.992883	inf
0.992883	inf
0.992883	inf
0.992883	inf
0.992883	inf
0.992883	inf
0.992883	inf
0.992883	inf
0.992883	inf
0.992883	inf
0.992883	inf
0.992883	inf
0.992883	inf
0.992883	inf
0.992883	inf
0.992883	inf
0.993594	inf
0.993594	inf
0.993594	inf
0.993594	inf
0.993594	inf
0.993594	inf
0.993594	inf
0.993594	inf
0.993594	inf
0.993594	inf
0.993594	inf
0.993594	inf
0.993594	inf
0.993594	inf
0.993594	inf
0.993594	inf
0.993594	inf
0.993594	inf
0.993594	inf
0.994306	inf
0.994306	inf
0.994306	inf
0.994306	inf
0.994306	inf
0.994306	inf
0.994306	inf
0.994306	inf
0.994306	inf
0.994306	inf
0.994306	inf
0.994306	inf
0.994306	inf
0.994306	inf
0.994306	inf
0.994306	inf
0.994306	inf
0.994306	inf
0.994306	inf
0.994306	inf
0.994306	inf
0.994306	inf
0.995018	inf
0.995018	inf
0.995018	inf
0.995018	inf
0.995018	inf
0.995018	inf
0.995018	inf
0.995018	inf
0.995018	inf
0.995018	inf
0.995018	inf
0.995018	inf
0.995018	inf
0.995018	inf
0.995018	inf
0.995018	inf
0.995018	inf
0.995018	inf
0.995018	inf
0.995018	inf
0.995018	inf
0.995018	inf
0.995018	inf
0.995018	inf
0.995018	inf
0.995018	inf
0.995018	inf
0.995018	inf
0.99573	inf
0.99573	inf
0.99573	inf
0.99573	inf
0.99573	inf
0.99573	inf
0.99573	inf
0.99573	inf
0.99573	inf
0.99573	inf
0.99573	inf
0.99573	inf
0.99573	inf
0.99573	inf
0.99573	inf
0.99573	inf
0.99573	inf
0.99573	inf
0.99573	inf
0.99573	inf
0.99573	inf
0.99573	inf
0.99573	inf
0.99573	inf
0.996441	inf
0.996441	inf
0.996441	inf
0.996441	inf
0.996441	inf
0.996441	inf
0.996441	inf
0.996441	inf
0.996441	inf
0.996441	inf
0.996441	inf
0.996441	inf
0.996441	inf
0.996441	inf
0.996441	inf
0.996441	inf
0.996441	inf
0.996441	inf
0.996441	inf
0.996441	inf
0.996441	inf
0.996441	inf
0.996441	inf
0.996441	inf
0.996441	inf
0.996441	inf
0.996441	inf
0.996441	inf
0.997153	inf
0.997153	inf
0.997153	inf
0.997153	inf
0.997153	inf
0.997153	inf
0.997153	inf
0.997153	inf
0.997153	inf
0.997153	inf
0.997153	inf
0.997153	inf
0.997153	inf
0.997153	inf
0.997153	inf
0.997153	inf
0.997153	inf
0.997153	inf
0.997153	inf
0.997153	inf
0.997153	inf
0.997153	inf
0.997153	inf
0.997153	inf
0.997153	inf
0.997153	inf
0.997153	inf
0.997153	inf
0.997153	inf
0.997153	inf
0.997153	inf
0.997153	inf
0.997153	inf
0.997153	inf
0.997153	inf
0.997153	inf
0.997153	inf
0.997153	inf
0.997153	inf
0.997153	inf
0.997153	inf
0.997153	inf
0.997153	inf
0.997153	inf
0.997153	inf
0.997153	inf
0.997865	inf
0.997865	inf
0.997865	inf
0.997865	inf
0.997865	inf
0.997865	inf
0.997865	inf
0.997865	inf
0.997865	inf
0.997865	inf
0.997865	inf
0.997865	inf
0.997865	inf
0.997865	inf
0.997865	inf
0.997865	inf
0.997865	inf
0.997865	inf
0.997865	inf
0.997865	inf
0.997865	inf
0.997865	inf
0.997865	inf
0.997865	inf
0.997865	inf
0.997865	inf
0.997865	inf
0.997865	inf
0.998577	inf
0.998577	inf
0.998577	inf
0.998577	inf
0.998577	inf
0.998577	inf
0.998577	inf
0.998577	inf
0.998577	inf
0.998577	inf
0.998577	inf
0.998577	inf
0.998577	inf
0.998577	inf
0.998577	inf
0.998577	inf
0.998577	inf
0.998577	inf
0.998577	inf
0.998577	inf
0.998577	inf
0.998577	inf
0.998577	inf
