# Persistence diagram <GML/0577.gml>
#
# Dimension   : 0
# Entries     : 1359
# Betti number: 6
0	inf
0	0.932406
0	0.934394
0	0.982107
0	0.986083
0	0.996024
0	0.974155
0	0.996024
0	0.992048
0	0.982107
0	0.982107
0	0.928429
0	0.978131
0	0.994036
0	0.972167
0	0.974155
0	0.982107
0	0.982107
0	0.974155
0	0.964215
0	0.994036
0	0.982107
0	0.988072
0	0.829026
0	0.906561
0	0.974155
0	0.964215
0	0.954274
0	0.984095
0	0.962227
0	0.994036
0	0.978131
0	0.994036
0	0.954274
0	0.984095
0	0.996024
0	0.986083
0	0.906561
0	0.954274
0	0.829026
0	0.932406
0	0.994036
0	0.992048
0	0.986083
0	0.984095
0	0.964215
0	0.94831
0	0.984095
0	0.882704
0	0.962227
0	0.99006
0	0.986083
0	0.970179
0	0.906561
0	0.984095
0	0.829026
0	0.954274
0	0.829026
0	0.978131
0	0.994036
0	0.94831
0	0.962227
0	0.992048
0	0.928429
0	0.984095
0	0.882704
0	0.882704
0	0.964215
0	0.994036
0	0.994036
0	0.986083
0	0.954274
0	0.994036
0	0.994036
0	0.988072
0	0.988072
0	0.954274
0	0.994036
0	0.994036
0	0.829026
0	0.882704
0	0.99006
0	0.99006
0	0.992048
0	0.829026
0	0.99006
0	0.932406
0	0.984095
0	0.95825
0	0.982107
0	0.992048
0	0.984095
0	0.980119
0	0.992048
0	0.984095
0	0.962227
0	0.996024
0	0.954274
0	0.996024
0	0.988072
0	0.992048
0	inf
0	0.934394
0	0.992048
0	0.99006
0	0.996024
0	0.996024
0	0.970179
0	0.994036
0	0.928429
0	0.934394
0	0.932406
0	0.99006
0	0.988072
0	0.976143
0	0.882704
0	0.882704
0	0.994036
0	0.954274
0	0.970179
0	0.984095
0	0.928429
0	0.996024
0	0.982107
0	0.992048
0	0.970179
0	0.996024
0	0.986083
0	0.934394
0	0.984095
0	0.99006
0	0.986083
0	0.964215
0	0.906561
0	0.954274
0	0.996024
0	0.982107
0	0.934394
0	0.964215
0	0.994036
0	0.996024
0	0.994036
0	0.984095
0	0.984095
0	0.964215
0	0.978131
0	0.984095
0	0.974155
0	0.954274
0	0.882704
0	0.962227
0	0.974155
0	0.829026
0	0.970179
0	0.986083
0	0.99006
0	0.996024
0	0.994036
0	0.962227
0	0.994036
0	0.928429
0	0.984095
0	0.986083
0	0.932406
0	0.934394
0	0.934394
0	0.970179
0	0.992048
0	0.829026
0	0.996024
0	0.974155
0	0.99006
0	0.992048
0	0.994036
0	0.928429
0	0.982107
0	0.976143
0	0.954274
0	0.994036
0	0.986083
0	0.982107
0	0.980119
0	0.994036
0	0.982107
0	0.882704
0	0.962227
0	0.994036
0	0.99006
0	0.994036
0	0.829026
0	0.988072
0	0.968191
0	0.982107
0	0.982107
0	0.994036
0	0.976143
0	0.954274
0	0.99006
0	0.95825
0	0.996024
0	0.932406
0	0.94831
0	0.982107
0	0.988072
0	0.986083
0	0.928429
0	0.962227
0	0.882704
0	0.928429
0	0.978131
0	0.954274
0	0.986083
0	0.964215
0	0.992048
0	0.882704
0	0.996024
0	0.976143
0	0.829026
0	0.94831
0	0.986083
0	0.980119
0	0.954274
0	0.976143
0	0.928429
0	0.962227
0	0.996024
0	0.992048
0	0.994036
0	0.984095
0	0.964215
0	0.972167
0	0.984095
0	0.982107
0	0.996024
0	0.994036
0	0.956262
0	0.906561
0	0.962227
0	0.962227
0	0.994036
0	0.928429
0	0.984095
0	0.982107
0	0.932406
0	inf
0	0.970179
0	0.986083
0	0.962227
0	0.988072
0	0.992048
0	0.980119
0	0.988072
0	0.94831
0	0.882704
0	0.829026
0	0.978131
0	0.954274
0	0.994036
0	0.996024
0	0.982107
0	0.964215
0	0.994036
0	0.996024
0	0.829026
0	0.956262
0	0.928429
0	0.984095
0	0.829026
0	0.956262
0	0.954274
0	0.974155
0	0.954274
0	0.996024
0	0.996024
0	0.980119
0	0.974155
0	0.906561
0	0.986083
0	0.956262
0	0.99006
0	0.996024
0	0.906561
0	0.978131
0	0.974155
0	0.972167
0	0.988072
0	0.882704
0	0.964215
0	0.962227
0	0.956262
0	0.954274
0	0.956262
0	0.932406
0	0.934394
0	0.986083
0	0.996024
0	0.928429
0	0.982107
0	0.984095
0	0.882704
0	0.976143
0	0.829026
0	0.934394
0	0.829026
0	0.982107
0	0.934394
0	0.954274
0	0.829026
0	0.829026
0	0.988072
0	0.976143
0	0.982107
0	0.829026
0	0.974155
0	0.974155
0	0.980119
0	0.906561
0	0.954274
0	0.932406
0	0.994036
0	0.986083
0	0.996024
0	0.984095
0	0.998012
0	0.954274
0	0.954274
0	0.992048
0	0.99006
0	0.932406
0	0.988072
0	0.934394
0	0.996024
0	0.954274
0	0.982107
0	0.992048
0	0.906561
0	0.934394
0	0.982107
0	0.994036
0	0.986083
0	0.980119
0	0.99006
0	0.95825
0	0.994036
0	0.970179
0	0.956262
0	0.986083
0	0.829026
0	0.978131
0	0.974155
0	0.928429
0	0.99006
0	0.992048
0	0.829026
0	0.932406
0	0.996024
0	0.829026
0	0.974155
0	0.934394
0	0.992048
0	0.992048
0	0.978131
0	0.956262
0	0.994036
0	0.974155
0	0.99006
0	0.988072
0	0.984095
0	0.986083
0	0.978131
0	0.970179
0	0.934394
0	0.829026
0	0.964215
0	0.94831
0	0.984095
0	0.964215
0	0.964215
0	0.984095
0	0.964215
0	0.954274
0	0.992048
0	0.829026
0	0.829026
0	0.984095
0	0.928429
0	0.964215
0	0.928429
0	0.99006
0	0.994036
0	0.99006
0	0.954274
0	0.954274
0	0.986083
0	0.954274
0	0.994036
0	0.954274
0	0.954274
0	0.988072
0	0.996024
0	0.99006
0	0.994036
0	0.974155
0	0.974155
0	0.976143
0	0.954274
0	0.906561
0	0.982107
0	0.968191
0	0.829026
0	0.99006
0	0.996024
0	0.829026
0	0.954274
0	0.906561
0	0.982107
0	0.982107
0	0.882704
0	0.986083
0	0.994036
0	0.996024
0	0.980119
0	0.829026
0	0.988072
0	0.964215
0	0.982107
0	0.978131
0	0.978131
0	0.956262
0	0.962227
0	0.956262
0	0.978131
0	0.996024
0	0.829026
0	0.954274
0	0.964215
0	0.978131
0	0.932406
0	0.994036
0	0.99006
0	0.974155
0	0.980119
0	0.882704
0	0.992048
0	0.984095
0	0.984095
0	0.829026
0	0.99006
0	0.964215
0	0.982107
0	0.829026
0	0.954274
0	0.994036
0	0.829026
0	0.984095
0	0.99006
0	0.99006
0	0.95825
0	0.996024
0	0.988072
0	0.928429
0	0.934394
0	0.996024
0	0.970179
0	0.906561
0	0.996024
0	0.992048
0	0.980119
0	0.882704
0	0.986083
0	0.954274
0	0.984095
0	0.956262
0	0.932406
0	0.994036
0	0.906561
0	0.986083
0	0.882704
0	0.996024
0	0.964215
0	0.829026
0	0.882704
0	0.954274
0	0.984095
0	0.994036
0	0.956262
0	0.994036
0	0.986083
0	0.934394
0	0.928429
0	0.970179
0	0.988072
0	0.996024
0	0.986083
0	0.906561
0	0.956262
0	0.986083
0	0.992048
0	0.882704
0	0.984095
0	0.996024
0	0.906561
0	0.982107
0	0.956262
0	0.970179
0	0.982107
0	0.992048
0	0.954274
0	0.956262
0	0.829026
0	0.982107
0	0.974155
0	0.994036
0	0.906561
0	0.95825
0	0.996024
0	0.986083
0	0.996024
0	0.994036
0	inf
0	0.99006
0	0.954274
0	0.996024
0	0.996024
0	0.992048
0	0.988072
0	0.970179
0	0.99006
0	0.829026
0	0.954274
0	0.964215
0	0.994036
0	0.978131
0	0.972167
0	0.94831
0	0.974155
0	0.928429
0	0.974155
0	0.928429
0	0.970179
0	0.994036
0	0.882704
0	0.994036
0	0.974155
0	0.962227
0	0.986083
0	0.829026
0	0.964215
0	0.980119
0	0.99006
0	0.986083
0	0.980119
0	0.994036
0	0.932406
0	0.992048
0	0.982107
0	0.829026
0	0.882704
0	0.934394
0	0.906561
0	0.994036
0	0.996024
0	0.94831
0	0.996024
0	0.99006
0	0.988072
0	0.99006
0	0.954274
0	0.996024
0	0.964215
0	0.978131
0	0.994036
0	0.980119
0	0.978131
0	0.986083
0	0.964215
0	0.984095
0	0.829026
0	0.976143
0	0.974155
0	0.994036
0	0.986083
0	0.972167
0	0.982107
0	0.972167
0	0.974155
0	0.974155
0	0.968191
0	0.954274
0	0.954274
0	0.934394
0	0.932406
0	0.980119
0	0.982107
0	0.996024
0	0.964215
0	0.954274
0	0.906561
0	0.974155
0	0.986083
0	0.94831
0	0.954274
0	0.988072
0	0.928429
0	0.996024
0	0.984095
0	0.906561
0	inf
0	0.976143
0	0.99006
0	0.934394
0	0.988072
0	0.882704
0	0.988072
0	0.980119
0	0.956262
0	0.964215
0	0.968191
0	0.994036
0	0.95825
0	0.986083
0	0.984095
0	0.956262
0	0.829026
0	0.986083
0	0.996024
0	0.954274
0	0.974155
0	0.99006
0	0.954274
0	0.964215
0	0.99006
0	0.986083
0	0.962227
0	0.992048
0	0.994036
0	0.829026
0	0.954274
0	0.974155
0	0.970179
0	0.988072
0	0.980119
0	0.932406
0	0.954274
0	0.996024
0	0.95825
0	0.962227
0	0.992048
0	0.968191
0	0.968191
0	0.986083
0	0.934394
0	0.970179
0	0.988072
0	0.994036
0	0.970179
0	0.928429
0	0.954274
0	0.906561
0	0.976143
0	0.996024
0	0.882704
0	0.980119
0	0.906561
0	0.976143
0	0.996024
0	0.964215
0	0.934394
0	0.94831
0	0.954274
0	0.829026
0	0.932406
0	0.829026
0	0.992048
0	0.932406
0	0.994036
0	0.962227
0	0.99006
0	0.988072
0	0.974155
0	0.956262
0	0.956262
0	0.954274
0	0.986083
0	0.982107
0	0.984095
0	0.992048
0	0.829026
0	0.954274
0	0.992048
0	0.996024
0	0.928429
0	0.829026
0	0.986083
0	0.964215
0	0.994036
0	inf
0	0.994036
0	0.829026
0	0.974155
0	0.986083
0	0.982107
0	0.970179
0	0.974155
0	0.962227
0	0.984095
0	0.882704
0	0.934394
0	0.996024
0	0.99006
0	0.962227
0	0.996024
0	0.954274
0	0.996024
0	0.994036
0	0.996024
0	0.934394
0	0.956262
0	0.99006
0	0.99006
0	0.956262
0	0.882704
0	0.99006
0	0.980119
0	0.964215
0	0.996024
0	0.962227
0	0.996024
0	0.970179
0	0.906561
0	0.996024
0	0.954274
0	0.829026
0	0.94831
0	0.94831
0	0.992048
0	0.974155
0	0.978131
0	0.996024
0	0.992048
0	0.994036
0	0.978131
0	0.964215
0	0.962227
0	0.882704
0	0.956262
0	0.964215
0	0.962227
0	0.99006
0	0.956262
0	0.994036
0	0.94831
0	0.954274
0	0.954274
0	0.992048
0	0.998012
0	0.996024
0	0.829026
0	0.829026
0	0.994036
0	0.986083
0	0.994036
0	0.970179
0	0.964215
0	0.954274
0	0.829026
0	0.984095
0	0.982107
0	0.994036
0	0.934394
0	0.954274
0	0.970179
0	0.934394
0	0.99006
0	0.986083
0	0.954274
0	0.956262
0	0.986083
0	0.982107
0	0.962227
0	0.970179
0	0.956262
0	0.970179
0	0.906561
0	0.970179
0	0.928429
0	0.984095
0	0.978131
0	0.882704
0	0.964215
0	0.976143
0	0.998012
0	0.99006
0	0.932406
0	0.986083
0	0.984095
0	0.986083
0	0.986083
0	0.984095
0	0.974155
0	0.906561
0	0.956262
0	0.984095
0	0.99006
0	0.99006
0	0.996024
0	0.882704
0	0.906561
0	0.984095
0	0.954274
0	0.906561
0	0.986083
0	0.928429
0	0.986083
0	0.986083
0	0.956262
0	0.970179
0	0.986083
0	0.982107
0	0.982107
0	0.994036
0	0.992048
0	0.954274
0	0.996024
0	0.956262
0	0.974155
0	0.994036
0	0.882704
0	0.994036
0	0.934394
0	0.984095
0	0.986083
0	0.968191
0	0.994036
0	0.978131
0	0.882704
0	0.954274
0	0.956262
0	0.974155
0	0.964215
0	0.972167
0	0.984095
0	0.99006
0	0.986083
0	0.994036
0	0.996024
0	0.996024
0	0.986083
0	0.962227
0	0.968191
0	0.829026
0	0.954274
0	0.962227
0	0.994036
0	0.988072
0	0.996024
0	0.882704
0	0.996024
0	0.882704
0	0.99006
0	0.906561
0	0.99006
0	0.964215
0	0.954274
0	0.956262
0	0.906561
0	0.976143
0	0.996024
0	0.984095
0	0.964215
0	0.982107
0	0.956262
0	0.964215
0	0.970179
0	0.94831
0	0.984095
0	0.934394
0	0.99006
0	0.976143
0	0.986083
0	0.984095
0	0.980119
0	0.984095
0	0.882704
0	0.984095
0	0.980119
0	0.984095
0	0.954274
0	0.994036
0	0.932406
0	0.982107
0	0.964215
0	0.928429
0	0.974155
0	0.954274
0	0.992048
0	0.988072
0	0.94831
0	0.829026
0	0.978131
0	0.829026
0	0.934394
0	0.882704
0	0.996024
0	0.992048
0	0.996024
0	0.996024
0	0.954274
0	0.964215
0	0.976143
0	0.99006
0	0.982107
0	0.984095
0	0.998012
0	0.99006
0	0.964215
0	0.982107
0	0.982107
0	0.964215
0	0.982107
0	0.974155
0	0.988072
0	0.829026
0	0.934394
0	0.972167
0	0.986083
0	0.928429
0	0.829026
0	0.964215
0	0.984095
0	0.970179
0	0.99006
0	0.986083
0	0.996024
0	0.954274
0	0.982107
0	0.984095
0	0.996024
0	0.988072
0	0.992048
0	0.964215
0	0.986083
0	0.982107
0	0.988072
0	0.954274
0	0.882704
0	0.986083
0	0.882704
0	0.986083
0	0.95825
0	0.962227
0	0.829026
0	0.962227
0	0.972167
0	0.954274
0	0.94831
0	0.984095
0	0.986083
0	0.954274
0	0.974155
0	0.882704
0	0.954274
0	0.829026
0	0.996024
0	0.980119
0	0.984095
0	0.994036
0	0.934394
0	0.954274
0	0.956262
0	0.986083
0	0.976143
0	0.994036
0	0.934394
0	0.962227
0	0.986083
0	0.978131
0	0.94831
0	0.934394
0	0.996024
0	0.968191
0	0.996024
0	0.996024
0	0.974155
0	0.99006
0	0.906561
0	0.882704
0	0.992048
0	0.988072
0	0.962227
0	0.99006
0	0.94831
0	0.94831
0	0.954274
0	0.986083
0	0.988072
0	0.829026
0	0.986083
0	0.882704
0	0.882704
0	0.964215
0	0.994036
0	0.986083
0	0.996024
0	0.996024
0	0.974155
0	0.99006
0	0.978131
0	0.94831
0	0.994036
0	0.964215
0	0.978131
0	0.984095
0	0.996024
0	0.986083
0	0.962227
0	0.976143
0	0.964215
0	0.882704
0	0.984095
0	0.954274
0	0.984095
0	0.928429
0	0.982107
0	0.962227
0	0.968191
0	0.986083
0	0.829026
0	0.982107
0	0.996024
0	0.978131
0	0.970179
0	0.972167
0	0.882704
0	0.982107
0	0.980119
0	0.94831
0	0.970179
0	0.954274
0	0.992048
0	0.978131
0	0.978131
0	0.934394
0	0.986083
0	0.964215
0	0.994036
0	0.934394
0	0.994036
0	0.906561
0	0.934394
0	0.99006
0	0.994036
0	0.934394
0	0.970179
0	0.982107
0	0.986083
0	0.982107
0	0.974155
0	0.996024
0	0.934394
0	0.934394
0	0.829026
0	0.984095
0	0.95825
0	0.976143
0	0.980119
0	0.984095
0	0.994036
0	0.996024
0	0.996024
0	0.978131
0	0.996024
0	0.974155
0	0.976143
0	0.968191
0	0.994036
0	0.984095
0	0.996024
0	0.934394
0	0.964215
0	0.982107
0	0.994036
0	0.996024
0	0.982107
0	0.984095
0	0.994036
0	0.982107
0	0.994036
0	0.980119
0	0.94831
0	0.984095
0	0.988072
0	0.996024
0	0.986083
0	0.906561
0	0.984095
0	0.99006
0	0.992048
0	0.94831
0	0.986083
0	0.992048
0	0.982107
0	0.996024
0	0.906561
0	0.964215
0	0.956262
0	0.972167
0	0.992048
0	0.829026
0	0.99006
0	0.964215
0	0.954274
0	0.95825
0	0.964215
0	0.994036
0	0.988072
0	0.829026
0	0.996024
0	0.994036
0	0.982107
0	0.99006
0	0.978131
0	0.934394
0	0.996024
0	0.994036
0	0.996024
0	0.99006
0	0.964215
0	0.984095
0	0.984095
0	0.984095
0	0.829026
0	0.980119
0	0.988072
0	0.829026
0	0.986083
0	0.934394
0	0.984095
0	0.984095
0	0.829026
0	0.95825
0	0.978131
0	0.882704
0	0.934394
0	0.972167
0	0.982107
0	0.964215
0	0.932406
0	0.906561
0	0.982107
0	0.932406
0	0.974155
0	0.99006
0	0.994036
0	0.988072
0	0.994036
0	0.982107
0	0.994036
0	0.934394
0	0.984095
0	0.970179
0	0.982107
0	0.986083
0	0.988072
0	0.992048
0	0.984095
0	0.962227
0	0.986083
0	0.954274
0	0.982107
0	0.996024
0	0.976143
0	0.99006
0	0.829026
0	0.992048
0	0.829026
0	0.934394
0	0.99006
0	0.99006
0	0.986083
0	0.934394
0	0.964215
0	0.829026
0	0.984095
0	0.984095
0	0.996024
0	0.994036
0	0.988072
0	0.986083
0	0.986083
0	0.994036
0	0.932406
0	0.934394
0	0.974155
0	0.984095
0	0.996024
0	0.928429
0	0.982107
0	0.978131
0	0.972167
0	0.996024
0	0.934394
0	0.906561
0	0.962227
0	0.954274
0	0.994036
0	0.988072
0	0.974155
0	0.972167
0	0.934394
0	0.996024
0	0.934394
0	0.829026
0	0.954274
0	0.906561
0	0.974155
0	0.986083
0	0.994036
0	0.978131
0	0.95825
0	0.984095
0	0.982107
0	0.994036
0	0.95825
0	0.970179
0	0.992048
0	0.954274
0	0.962227
0	0.95825
0	0.934394
0	0.964215
0	0.882704
0	0.94831
0	0.829026
0	0.906561
0	0.984095
0	0.956262
0	0.986083
0	0.978131
0	0.994036
0	0.962227
0	0.95825
0	0.882704
0	0.829026
0	0.996024
0	0.962227
0	0.882704
0	0.962227
0	0.970179
0	0.994036
0	0.932406
0	0.954274
0	0.882704
0	0.972167
0	0.984095
0	0.962227
0	0.982107
0	0.954274
0	0.988072
0	0.970179
0	0.968191
0	0.974155
0	0.994036
0	0.964215
0	0.978131
0	0.988072
0	0.906561
0	0.986083
0	0.976143
0	0.986083
0	0.99006
0	0.954274
0	0.934394
0	0.99006
0	0.992048
0	0.962227
0	0.882704
0	0.984095
0	0.99006
0	0.982107
0	0.99006
0	0.934394
0	0.934394
0	0.934394
0	0.934394
0	0.99006
0	0.99006
0	0.95825
0	0.984095
0	0.932406
0	0.962227
0	0.928429
0	0.996024
0	0.956262
0	0.980119
0	0.934394
0	0.970179
0	0.992048
0	0.986083
0	0.978131
0	0.988072
0	0.992048
0	0.954274
0	0.932406
0	0.986083
0	0.974155
0	0.996024
0	0.980119
0	0.829026
0	0.882704
0	0.974155
0	0.974155
0	0.934394
0	0.974155
0	0.994036
0	0.99006
0	0.956262
0	0.992048
0	0.954274
0	0.954274
0	0.980119
0	0.974155
0	0.882704
0	0.996024
0	0.99006
0	0.996024
0	0.934394
0	0.962227
0	0.882704
0	0.994036
0	0.829026
0	0.978131
0	0.980119
0	0.978131
0	0.964215
0	0.988072
0	0.986083
0	0.982107
0	0.932406
0	0.982107
0	0.934394
0	0.988072
0	0.934394
0	0.954274
0	0.934394
0	0.829026
0	0.982107
0	0.974155
0	0.986083
0	0.934394
0	0.996024
0	0.829026
0	0.986083
0	0.992048
0	0.882704
0	0.954274
0	0.906561
0	0.934394
0	0.829026


