# Persistence diagram <GML/0579.gml>
#
# Dimension   : 0
# Entries     : 1364
# Betti number: 15
0	inf
0	0.985591
0	0.991354
0	0.994236
0	0.985591
0	0.979827
0	0.971182
0	0.982709
0	0.988473
0	0.979827
0	0.988473
0	0.985591
0	0.979827
0	0.959654
0	0.945245
0	0.945245
0	0.971182
0	0.95389
0	0.878963
0	0.985591
0	0.878963
0	0.962536
0	0.979827
0	0.933718
0	0.994236
0	0.962536
0	0.988473
0	0.962536
0	0.994236
0	0.902017
0	0.902017
0	0.994236
0	0.945245
0	0.982709
0	0.971182
0	0.902017
0	0.919308
0	0.979827
0	0.985591
0	0.971182
0	0.945245
0	0.939481
0	0.979827
0	0.959654
0	0.985591
0	0.881844
0	0.994236
0	0.974063
0	0.994236
0	0.971182
0	0.982709
0	0.959654
0	0.95389
0	0.976945
0	0.979827
0	0.962536
0	0.982709
0	0.976945
0	0.991354
0	inf
0	0.965418
0	0.991354
0	0.991354
0	0.962536
0	0.982709
0	0.985591
0	0.933718
0	0.988473
0	0.982709
0	0.982709
0	0.991354
0	0.965418
0	0.976945
0	0.991354
0	0.933718
0	0.976945
0	inf
0	0.991354
0	0.95389
0	0.962536
0	0.945245
0	0.991354
0	0.881844
0	0.974063
0	0.95389
0	0.945245
0	0.971182
0	0.976945
0	0.945245
0	0.982709
0	0.959654
0	0.991354
0	0.994236
0	0.988473
0	0.962536
0	0.994236
0	0.994236
0	0.974063
0	0.881844
0	0.994236
0	0.988473
0	0.881844
0	0.89049
0	0.881844
0	0.936599
0	0.979827
0	0.959654
0	0.991354
0	0.945245
0	0.948127
0	0.965418
0	0.988473
0	0.994236
0	0.979827
0	0.994236
0	0.976945
0	0.988473
0	0.962536
0	0.936599
0	0.982709
0	0.982709
0	0.933718
0	0.9683
0	0.945245
0	0.965418
0	0.92219
0	0.988473
0	0.985591
0	0.933718
0	0.979827
0	0.95389
0	0.991354
0	0.991354
0	0.927954
0	0.92219
0	0.965418
0	0.965418
0	inf
0	0.979827
0	inf
0	0.919308
0	0.974063
0	0.985591
0	0.959654
0	0.927954
0	0.959654
0	0.979827
0	0.948127
0	0.933718
0	0.95389
0	0.965418
0	0.945245
0	0.982709
0	0.976945
0	0.92219
0	0.962536
0	0.948127
0	0.89049
0	0.988473
0	0.965418
0	0.971182
0	0.991354
0	0.945245
0	0.965418
0	0.979827
0	0.971182
0	0.971182
0	0.962536
0	0.982709
0	0.976945
0	0.965418
0	0.982709
0	0.92219
0	0.979827
0	0.991354
0	0.976945
0	0.902017
0	0.919308
0	0.962536
0	0.92219
0	0.881844
0	0.991354
0	0.982709
0	0.965418
0	0.971182
0	0.945245
0	0.982709
0	0.962536
0	0.982709
0	0.988473
0	0.971182
0	0.948127
0	0.933718
0	0.927954
0	0.89049
0	inf
0	0.971182
0	0.982709
0	0.994236
0	0.982709
0	0.991354
0	0.902017
0	0.991354
0	0.988473
0	0.988473
0	0.89049
0	0.979827
0	0.965418
0	0.962536
0	0.971182
0	0.988473
0	0.89049
0	0.927954
0	0.971182
0	0.965418
0	0.994236
0	0.878963
0	0.985591
0	0.92219
0	0.979827
0	0.974063
0	0.939481
0	0.994236
0	0.971182
0	0.988473
0	0.942363
0	0.948127
0	0.985591
0	0.902017
0	0.976945
0	0.979827
0	0.994236
0	0.988473
0	0.976945
0	0.948127
0	0.988473
0	0.89049
0	0.974063
0	0.994236
0	0.979827
0	0.994236
0	0.974063
0	0.994236
0	0.991354
0	0.988473
0	0.982709
0	0.936599
0	0.991354
0	0.994236
0	0.971182
0	0.982709
0	0.971182
0	0.974063
0	0.92219
0	0.965418
0	0.959654
0	0.991354
0	0.982709
0	0.985591
0	0.939481
0	0.991354
0	0.974063
0	0.965418
0	0.945245
0	0.971182
0	0.988473
0	0.95389
0	0.991354
0	0.991354
0	0.962536
0	0.962536
0	0.974063
0	0.979827
0	0.988473
0	0.927954
0	0.945245
0	0.945245
0	0.951009
0	0.979827
0	0.927954
0	0.982709
0	0.965418
0	0.994236
0	0.89049
0	0.976945
0	0.919308
0	0.985591
0	0.988473
0	0.942363
0	0.994236
0	0.971182
0	0.902017
0	0.962536
0	0.971182
0	0.878963
0	0.994236
0	0.988473
0	0.994236
0	0.945245
0	0.991354
0	0.945245
0	inf
0	0.994236
0	inf
0	0.979827
0	0.974063
0	0.919308
0	0.927954
0	0.878963
0	0.945245
0	0.991354
0	0.974063
0	0.976945
0	0.988473
0	0.988473
0	0.974063
0	0.902017
0	0.982709
0	0.933718
0	0.982709
0	0.988473
0	0.927954
0	0.962536
0	0.985591
0	0.951009
0	0.945245
0	0.988473
0	0.959654
0	0.936599
0	0.936599
0	0.974063
0	0.974063
0	0.965418
0	0.974063
0	0.962536
0	0.982709
0	0.942363
0	0.881844
0	0.976945
0	0.991354
0	0.959654
0	0.994236
0	0.965418
0	0.994236
0	0.95389
0	0.942363
0	0.985591
0	0.959654
0	0.988473
0	0.988473
0	0.994236
0	0.965418
0	0.979827
0	0.933718
0	0.927954
0	0.92219
0	0.994236
0	0.878963
0	0.971182
0	0.965418
0	0.994236
0	0.951009
0	0.92219
0	0.948127
0	0.962536
0	0.988473
0	0.902017
0	0.965418
0	0.991354
0	0.959654
0	0.971182
0	0.902017
0	0.971182
0	0.979827
0	0.991354
0	0.962536
0	0.985591
0	0.965418
0	0.982709
0	0.985591
0	0.991354
0	0.982709
0	0.971182
0	0.945245
0	0.971182
0	0.902017
0	0.933718
0	0.988473
0	0.974063
0	0.945245
0	0.878963
0	0.878963
0	0.979827
0	0.976945
0	0.982709
0	0.979827
0	0.985591
0	0.89049
0	0.976945
0	0.942363
0	0.991354
0	0.974063
0	0.948127
0	0.979827
0	0.92219
0	0.991354
0	0.982709
0	0.991354
0	0.971182
0	0.95389
0	0.959654
0	0.936599
0	0.942363
0	0.988473
0	0.994236
0	0.948127
0	0.933718
0	0.945245
0	0.881844
0	0.945245
0	0.988473
0	0.939481
0	0.982709
0	0.948127
0	0.878963
0	0.994236
0	0.974063
0	0.991354
0	0.933718
0	0.982709
0	0.965418
0	0.971182
0	0.985591
0	0.902017
0	0.982709
0	0.991354
0	0.878963
0	0.976945
0	inf
0	0.919308
0	0.933718
0	0.994236
0	0.979827
0	0.881844
0	0.919308
0	0.982709
0	0.991354
0	0.959654
0	0.962536
0	0.976945
0	0.881844
0	0.974063
0	0.997118
0	0.962536
0	0.881844
0	0.994236
0	0.982709
0	0.985591
0	0.982709
0	0.991354
0	0.991354
0	0.985591
0	0.933718
0	0.982709
0	0.982709
0	0.982709
0	0.962536
0	0.991354
0	0.962536
0	0.948127
0	0.988473
0	0.979827
0	0.994236
0	0.945245
0	0.962536
0	0.945245
0	0.962536
0	0.962536
0	0.979827
0	0.994236
0	0.979827
0	0.933718
0	0.991354
0	inf
0	0.945245
0	0.985591
0	0.942363
0	0.965418
0	0.89049
0	0.951009
0	0.971182
0	0.92219
0	0.982709
0	0.89049
0	0.945245
0	0.936599
0	0.976945
0	0.971182
0	0.965418
0	0.945245
0	0.991354
0	0.902017
0	0.927954
0	0.979827
0	0.959654
0	0.991354
0	0.878963
0	0.974063
0	0.991354
0	0.991354
0	0.982709
0	0.9683
0	0.962536
0	inf
0	0.985591
0	0.959654
0	0.959654
0	0.936599
0	0.962536
0	0.962536
0	0.959654
0	0.962536
0	0.9683
0	0.9683
0	0.979827
0	0.991354
0	0.985591
0	0.982709
0	0.991354
0	0.939481
0	0.948127
0	0.945245
0	inf
0	0.962536
0	0.991354
0	0.991354
0	0.976945
0	0.9683
0	0.878963
0	0.974063
0	0.965418
0	0.962536
0	0.902017
0	0.942363
0	0.976945
0	0.89049
0	0.959654
0	0.945245
0	0.982709
0	0.971182
0	0.985591
0	0.902017
0	0.976945
0	0.936599
0	0.959654
0	0.965418
0	0.878963
0	0.965418
0	0.991354
0	0.971182
0	0.933718
0	0.902017
0	0.997118
0	0.89049
0	0.974063
0	0.945245
0	0.951009
0	0.991354
0	inf
0	0.979827
0	0.976945
0	0.985591
0	0.991354
0	0.945245
0	0.974063
0	0.945245
0	0.979827
0	0.881844
0	0.974063
0	0.982709
0	0.965418
0	0.985591
0	0.979827
0	0.979827
0	0.991354
0	0.959654
0	0.962536
0	0.965418
0	0.95389
0	0.982709
0	0.971182
0	0.991354
0	0.988473
0	0.991354
0	0.974063
0	0.994236
0	0.994236
0	0.976945
0	0.991354
0	0.959654
0	0.991354
0	0.942363
0	0.976945
0	0.988473
0	0.982709
0	0.982709
0	0.976945
0	0.994236
0	0.89049
0	0.994236
0	0.982709
0	0.9683
0	0.994236
0	0.985591
0	0.976945
0	0.881844
0	0.878963
0	0.936599
0	0.962536
0	0.942363
0	0.945245
0	0.982709
0	0.962536
0	0.988473
0	0.976945
0	0.959654
0	0.927954
0	0.95389
0	0.982709
0	0.976945
0	0.974063
0	0.881844
0	0.962536
0	0.881844
0	0.9683
0	0.881844
0	0.976945
0	0.959654
0	0.945245
0	0.939481
0	0.974063
0	0.994236
0	0.976945
0	0.959654
0	0.965418
0	0.994236
0	0.948127
0	0.962536
0	0.933718
0	0.9683
0	0.979827
0	0.89049
0	0.974063
0	0.991354
0	0.927954
0	0.994236
0	0.988473
0	0.991354
0	0.994236
0	0.942363
0	0.878963
0	0.982709
0	0.994236
0	0.982709
0	0.979827
0	0.974063
0	0.945245
0	0.982709
0	0.89049
0	0.991354
0	0.979827
0	0.919308
0	0.971182
0	0.982709
0	0.982709
0	0.982709
0	0.979827
0	0.936599
0	0.95389
0	0.988473
0	0.89049
0	0.979827
0	0.997118
0	0.881844
0	0.991354
0	0.982709
0	0.991354
0	0.962536
0	0.962536
0	0.878963
0	0.9683
0	0.994236
0	0.878963
0	0.994236
0	0.945245
0	0.985591
0	0.988473
0	0.976945
0	0.988473
0	0.936599
0	0.991354
0	0.988473
0	0.994236
0	0.927954
0	0.979827
0	0.965418
0	0.881844
0	0.974063
0	0.976945
0	0.985591
0	0.974063
0	0.982709
0	0.933718
0	0.982709
0	0.997118
0	0.976945
0	0.933718
0	0.959654
0	0.971182
0	0.982709
0	0.976945
0	0.971182
0	0.994236
0	0.985591
0	0.976945
0	0.988473
0	0.881844
0	0.881844
0	0.936599
0	0.994236
0	0.979827
0	0.974063
0	0.9683
0	0.936599
0	0.994236
0	0.988473
0	0.878963
0	0.994236
0	0.945245
0	0.991354
0	0.89049
0	0.945245
0	0.971182
0	0.945245
0	0.971182
0	0.976945
0	0.982709
0	0.881844
0	0.985591
0	0.982709
0	0.919308
0	0.95389
0	0.994236
0	0.994236
0	0.939481
0	0.971182
0	0.959654
0	0.948127
0	0.979827
0	0.948127
0	0.988473
0	0.976945
0	0.988473
0	0.933718
0	0.988473
0	0.971182
0	0.919308
0	0.95389
0	0.971182
0	0.962536
0	0.994236
0	0.991354
0	0.959654
0	0.92219
0	0.976945
0	0.991354
0	0.962536
0	0.988473
0	0.962536
0	0.933718
0	0.89049
0	0.881844
0	0.92219
0	0.974063
0	0.982709
0	0.948127
0	0.976945
0	0.976945
0	0.965418
0	0.89049
0	0.919308
0	0.919308
0	0.942363
0	0.971182
0	0.965418
0	0.985591
0	0.959654
0	0.994236
0	0.994236
0	0.919308
0	0.991354
0	0.942363
0	0.976945
0	0.976945
0	0.994236
0	0.951009
0	0.982709
0	0.979827
0	0.962536
0	0.988473
0	0.927954
0	0.878963
0	0.962536
0	0.982709
0	0.936599
0	0.988473
0	0.988473
0	0.971182
0	0.985591
0	0.988473
0	0.994236
0	0.962536
0	0.979827
0	0.982709
0	0.979827
0	0.991354
0	0.988473
0	inf
0	0.988473
0	0.948127
0	0.962536
0	0.985591
0	0.948127
0	0.95389
0	0.92219
0	0.933718
0	0.951009
0	0.979827
0	0.878963
0	0.976945
0	0.92219
0	0.991354
0	0.881844
0	0.994236
0	0.933718
0	0.997118
0	0.982709
0	0.982709
0	0.945245
0	0.945245
0	0.982709
0	0.971182
0	0.974063
0	0.994236
0	0.979827
0	0.878963
0	0.933718
0	0.878963
0	0.991354
0	0.994236
0	0.9683
0	0.959654
0	0.979827
0	0.9683
0	0.965418
0	0.994236
0	0.974063
0	0.991354
0	0.9683
0	0.979827
0	0.965418
0	0.988473
0	0.919308
0	0.982709
0	0.994236
0	0.945245
0	0.979827
0	0.991354
0	0.878963
0	0.985591
0	0.982709
0	0.979827
0	0.982709
0	0.881844
0	0.971182
0	0.9683
0	0.985591
0	0.994236
0	0.962536
0	0.933718
0	0.985591
0	0.988473
0	0.988473
0	0.976945
0	0.965418
0	0.982709
0	0.92219
0	0.959654
0	0.878963
0	0.979827
0	0.994236
0	0.948127
0	0.976945
0	0.962536
0	0.965418
0	0.974063
0	0.982709
0	0.971182
0	0.985591
0	0.902017
0	0.95389
0	0.976945
0	0.959654
0	0.988473
0	0.994236
0	0.971182
0	0.942363
0	0.9683
0	0.979827
0	0.878963
0	0.948127
0	0.988473
0	0.919308
0	0.936599
0	0.965418
0	0.945245
0	0.988473
0	0.988473
0	0.991354
0	0.89049
0	0.991354
0	0.982709
0	0.878963
0	0.881844
0	0.979827
0	0.982709
0	0.933718
0	0.933718
0	0.976945
0	0.991354
0	0.976945
0	0.936599
0	0.982709
0	0.994236
0	0.982709
0	0.991354
0	0.994236
0	0.982709
0	0.951009
0	0.878963
0	0.965418
0	0.92219
0	0.988473
0	0.982709
0	0.979827
0	0.881844
0	0.948127
0	0.933718
0	0.95389
0	0.945245
0	0.9683
0	0.982709
0	0.92219
0	0.994236
0	0.991354
0	0.976945
0	0.89049
0	0.959654
0	0.991354
0	0.971182
0	0.9683
0	0.994236
0	0.974063
0	0.994236
0	0.933718
0	0.948127
0	0.994236
0	0.979827
0	0.988473
0	0.988473
0	0.979827
0	0.979827
0	0.974063
0	0.9683
0	0.945245
0	0.878963
0	0.976945
0	0.942363
0	0.988473
0	0.976945
0	0.945245
0	0.994236
0	0.991354
0	0.945245
0	0.939481
0	0.965418
0	0.982709
0	0.962536
0	0.974063
0	0.945245
0	0.945245
0	0.971182
0	0.982709
0	0.965418
0	0.948127
0	0.976945
0	0.979827
0	0.988473
0	0.936599
0	0.976945
0	0.971182
0	0.976945
0	0.988473
0	0.959654
0	0.919308
0	0.979827
0	0.979827
0	0.985591
0	0.985591
0	0.933718
0	0.991354
0	0.991354
0	0.991354
0	0.976945
0	0.974063
0	0.962536
0	0.976945
0	0.988473
0	0.991354
0	0.971182
0	0.902017
0	0.985591
0	0.881844
0	0.991354
0	0.982709
0	0.982709
0	0.965418
0	inf
0	0.979827
0	0.89049
0	0.89049
0	0.951009
0	0.936599
0	0.971182
0	0.997118
0	0.982709
0	0.974063
0	0.982709
0	0.985591
0	0.9683
0	0.991354
0	0.988473
0	0.994236
0	0.971182
0	0.942363
0	0.881844
0	0.881844
0	0.974063
0	0.962536
0	0.881844
0	0.959654
0	0.974063
0	0.982709
0	0.927954
0	0.988473
0	0.878963
0	0.988473
0	0.965418
0	0.881844
0	0.9683
0	0.982709
0	0.945245
0	0.991354
0	0.945245
0	0.965418
0	0.933718
0	0.936599
0	0.982709
0	0.988473
0	0.988473
0	0.942363
0	0.985591
0	0.988473
0	0.962536
0	0.971182
0	0.974063
0	0.994236
0	0.985591
0	0.994236
0	0.982709
0	0.985591
0	0.962536
0	0.962536
0	0.962536
0	0.933718
0	0.988473
0	0.878963
0	0.991354
0	0.945245
0	0.991354
0	0.971182
0	0.976945
0	0.9683
0	0.951009
0	0.994236
0	0.878963
0	0.948127
0	0.962536
0	0.994236
0	0.945245
0	0.974063
0	0.982709
0	0.974063
0	0.994236
0	0.933718
0	0.959654
0	0.988473
0	0.991354
0	0.991354
0	0.971182
0	0.994236
0	0.945245
0	0.919308
0	0.919308
0	0.881844
0	0.991354
0	0.962536
0	0.979827
0	0.994236
0	0.991354
0	0.988473
0	0.991354
0	0.942363
0	0.951009
0	0.982709
0	0.92219
0	0.881844
0	0.982709
0	0.994236
0	0.959654
0	0.881844
0	0.939481
0	0.991354
0	0.878963
0	0.95389
0	0.991354
0	0.95389
0	0.962536
0	0.965418
0	0.881844
0	0.919308
0	0.881844
0	0.936599
0	0.974063
0	0.878963
0	0.982709
0	0.919308
0	0.881844
0	0.982709
0	0.997118
0	0.919308
0	0.991354
0	0.878963
0	0.933718
0	0.939481
0	0.948127
0	0.991354
0	0.945245
0	0.991354
0	0.974063
0	0.945245
0	0.919308
0	0.985591
0	0.962536
0	0.902017
0	0.92219
0	0.878963
0	0.95389
0	0.994236
0	0.994236
0	0.976945
0	0.974063
0	0.982709
0	0.92219
0	0.945245
0	0.994236
0	0.962536
0	0.997118
0	0.985591
0	0.927954
0	0.994236
0	0.976945
0	0.974063
0	0.919308
0	0.881844
0	0.979827
0	0.974063
0	0.92219
0	0.979827
0	0.991354
0	0.965418
0	0.982709
0	0.988473
0	0.979827
0	0.988473
0	0.945245
0	0.988473
0	0.991354
0	0.974063
0	0.89049
0	0.988473
0	0.948127
0	0.965418
0	0.89049
0	0.92219
0	0.982709
0	0.988473
0	0.962536
0	0.878963
0	0.965418
0	0.988473
0	0.994236
0	0.933718
0	0.965418
0	0.994236
0	0.979827
0	0.994236
0	0.962536
0	0.902017
0	0.939481
0	0.982709
0	0.933718
0	0.939481
0	0.979827
0	0.971182
0	0.965418
0	0.959654
0	0.902017
0	0.988473
0	0.878963
0	0.95389
0	0.988473
0	0.982709
0	0.881844
0	0.991354
0	0.976945
0	0.979827
0	0.988473
0	0.982709
0	0.982709
0	0.991354
0	0.982709
0	0.991354
0	0.988473
0	0.927954
0	0.92219
0	0.994236
0	0.982709
0	0.976945
0	0.982709
0	0.979827
0	0.979827
0	0.971182
0	0.927954
0	0.959654
0	0.965418
0	0.979827
0	0.965418
0	0.919308
0	0.994236
0	0.979827
0	0.965418
0	0.933718
0	0.985591
0	0.959654
0	0.945245
0	0.979827
0	0.994236
0	0.971182
0	0.881844
0	0.959654
0	0.994236
0	0.9683
0	0.979827
0	0.985591
0	0.92219
0	0.974063
0	0.945245
0	0.962536
0	0.991354
0	0.959654
0	0.991354
0	0.979827
0	0.991354
0	0.974063
0	0.997118
0	0.997118
0	0.979827
0	0.933718
0	0.982709
0	0.9683
0	0.976945
0	0.991354
0	0.991354
0	0.945245
0	0.994236
0	0.976945
0	0.92219
0	0.985591
0	0.979827
0	0.89049
0	0.985591
0	0.962536
0	0.945245
0	0.982709
0	0.965418
0	0.9683
0	0.994236
0	0.991354
0	0.919308
0	0.965418
0	0.991354
0	0.951009
0	0.962536
0	0.945245
0	0.965418
0	0.979827
0	0.936599
0	0.965418
0	0.974063
0	0.979827
0	0.959654
0	0.933718
0	0.982709
0	0.976945
0	0.881844
0	0.962536
0	0.92219
0	0.994236
0	0.89049
0	0.994236
0	0.988473
0	0.962536
0	0.927954
0	0.945245
0	0.971182
0	0.974063
0	0.979827
0	0.988473
0	0.985591
0	0.991354
0	0.982709
0	0.965418
0	0.994236
0	0.962536
0	0.979827
0	0.959654
0	0.982709
0	0.994236
0	0.976945
0	0.994236
0	0.982709
0	0.991354
0	0.988473


