# Persistence diagram <GML/0582.gml>
#
# Dimension   : 1
# Entries     : 458
# Betti number: 458
0.760135	inf
0.760135	inf
0.908784	inf
0.908784	inf
0.908784	inf
0.915541	inf
0.915541	inf
0.918919	inf
0.929054	inf
0.929054	inf
0.929054	inf
0.929054	inf
0.929054	inf
0.929054	inf
0.932432	inf
0.932432	inf
0.932432	inf
0.935811	inf
0.935811	inf
0.935811	inf
0.935811	inf
0.939189	inf
0.939189	inf
0.939189	inf
0.939189	inf
0.939189	inf
0.939189	inf
0.939189	inf
0.939189	inf
0.939189	inf
0.939189	inf
0.939189	inf
0.939189	inf
0.942568	inf
0.942568	inf
0.942568	inf
0.942568	inf
0.942568	inf
0.942568	inf
0.942568	inf
0.942568	inf
0.942568	inf
0.942568	inf
0.942568	inf
0.945946	inf
0.945946	inf
0.945946	inf
0.945946	inf
0.945946	inf
0.945946	inf
0.945946	inf
0.945946	inf
0.945946	inf
0.945946	inf
0.945946	inf
0.945946	inf
0.949324	inf
0.949324	inf
0.949324	inf
0.949324	inf
0.949324	inf
0.949324	inf
0.949324	inf
0.949324	inf
0.949324	inf
0.949324	inf
0.949324	inf
0.949324	inf
0.949324	inf
0.949324	inf
0.949324	inf
0.949324	inf
0.949324	inf
0.949324	inf
0.949324	inf
0.949324	inf
0.949324	inf
0.949324	inf
0.949324	inf
0.949324	inf
0.952703	inf
0.952703	inf
0.952703	inf
0.952703	inf
0.952703	inf
0.952703	inf
0.952703	inf
0.952703	inf
0.952703	inf
0.952703	inf
0.952703	inf
0.952703	inf
0.952703	inf
0.952703	inf
0.952703	inf
0.952703	inf
0.952703	inf
0.956081	inf
0.959459	inf
0.959459	inf
0.959459	inf
0.959459	inf
0.959459	inf
0.959459	inf
0.959459	inf
0.959459	inf
0.959459	inf
0.959459	inf
0.959459	inf
0.959459	inf
0.959459	inf
0.959459	inf
0.959459	inf
0.962838	inf
0.962838	inf
0.962838	inf
0.962838	inf
0.962838	inf
0.962838	inf
0.962838	inf
0.962838	inf
0.962838	inf
0.962838	inf
0.962838	inf
0.962838	inf
0.962838	inf
0.962838	inf
0.962838	inf
0.962838	inf
0.962838	inf
0.962838	inf
0.962838	inf
0.962838	inf
0.966216	inf
0.966216	inf
0.966216	inf
0.966216	inf
0.966216	inf
0.966216	inf
0.966216	inf
0.966216	inf
0.966216	inf
0.966216	inf
0.966216	inf
0.966216	inf
0.966216	inf
0.966216	inf
0.966216	inf
0.966216	inf
0.966216	inf
0.966216	inf
0.966216	inf
0.966216	inf
0.966216	inf
0.966216	inf
0.966216	inf
0.966216	inf
0.966216	inf
0.966216	inf
0.966216	inf
0.966216	inf
0.966216	inf
0.966216	inf
0.966216	inf
0.966216	inf
0.969595	inf
0.969595	inf
0.969595	inf
0.969595	inf
0.969595	inf
0.969595	inf
0.969595	inf
0.969595	inf
0.969595	inf
0.969595	inf
0.969595	inf
0.969595	inf
0.969595	inf
0.969595	inf
0.969595	inf
0.969595	inf
0.969595	inf
0.969595	inf
0.969595	inf
0.969595	inf
0.969595	inf
0.969595	inf
0.969595	inf
0.969595	inf
0.969595	inf
0.969595	inf
0.969595	inf
0.969595	inf
0.969595	inf
0.969595	inf
0.969595	inf
0.969595	inf
0.969595	inf
0.969595	inf
0.969595	inf
0.969595	inf
0.969595	inf
0.969595	inf
0.972973	inf
0.972973	inf
0.972973	inf
0.972973	inf
0.972973	inf
0.972973	inf
0.972973	inf
0.972973	inf
0.972973	inf
0.972973	inf
0.972973	inf
0.972973	inf
0.972973	inf
0.972973	inf
0.972973	inf
0.972973	inf
0.972973	inf
0.972973	inf
0.972973	inf
0.972973	inf
0.972973	inf
0.972973	inf
0.972973	inf
0.972973	inf
0.972973	inf
0.972973	inf
0.972973	inf
0.972973	inf
0.972973	inf
0.972973	inf
0.972973	inf
0.972973	inf
0.972973	inf
0.972973	inf
0.972973	inf
0.972973	inf
0.972973	inf
0.972973	inf
0.972973	inf
0.976351	inf
0.976351	inf
0.976351	inf
0.976351	inf
0.976351	inf
0.976351	inf
0.976351	inf
0.976351	inf
0.976351	inf
0.976351	inf
0.976351	inf
0.976351	inf
0.976351	inf
0.976351	inf
0.976351	inf
0.976351	inf
0.976351	inf
0.976351	inf
0.976351	inf
0.976351	inf
0.976351	inf
0.976351	inf
0.976351	inf
0.976351	inf
0.976351	inf
0.976351	inf
0.976351	inf
0.976351	inf
0.976351	inf
0.976351	inf
0.976351	inf
0.976351	inf
0.976351	inf
0.976351	inf
0.97973	inf
0.97973	inf
0.97973	inf
0.97973	inf
0.97973	inf
0.97973	inf
0.97973	inf
0.97973	inf
0.97973	inf
0.97973	inf
0.97973	inf
0.97973	inf
0.97973	inf
0.97973	inf
0.97973	inf
0.97973	inf
0.97973	inf
0.97973	inf
0.97973	inf
0.97973	inf
0.97973	inf
0.97973	inf
0.97973	inf
0.97973	inf
0.97973	inf
0.97973	inf
0.97973	inf
0.97973	inf
0.97973	inf
0.97973	inf
0.97973	inf
0.983108	inf
0.983108	inf
0.983108	inf
0.983108	inf
0.983108	inf
0.983108	inf
0.983108	inf
0.983108	inf
0.983108	inf
0.983108	inf
0.983108	inf
0.983108	inf
0.983108	inf
0.983108	inf
0.983108	inf
0.983108	inf
0.983108	inf
0.983108	inf
0.983108	inf
0.983108	inf
0.983108	inf
0.983108	inf
0.983108	inf
0.983108	inf
0.983108	inf
0.983108	inf
0.983108	inf
0.983108	inf
0.983108	inf
0.983108	inf
0.983108	inf
0.983108	inf
0.983108	inf
0.983108	inf
0.983108	inf
0.983108	inf
0.983108	inf
0.986486	inf
0.986486	inf
0.986486	inf
0.986486	inf
0.986486	inf
0.986486	inf
0.986486	inf
0.986486	inf
0.986486	inf
0.986486	inf
0.986486	inf
0.986486	inf
0.986486	inf
0.986486	inf
0.986486	inf
0.986486	inf
0.986486	inf
0.986486	inf
0.986486	inf
0.986486	inf
0.986486	inf
0.986486	inf
0.986486	inf
0.986486	inf
0.986486	inf
0.986486	inf
0.986486	inf
0.986486	inf
0.986486	inf
0.986486	inf
0.986486	inf
0.986486	inf
0.986486	inf
0.986486	inf
0.986486	inf
0.986486	inf
0.986486	inf
0.986486	inf
0.986486	inf
0.986486	inf
0.986486	inf
0.989865	inf
0.989865	inf
0.989865	inf
0.989865	inf
0.989865	inf
0.989865	inf
0.989865	inf
0.989865	inf
0.989865	inf
0.989865	inf
0.989865	inf
0.989865	inf
0.989865	inf
0.989865	inf
0.989865	inf
0.989865	inf
0.989865	inf
0.989865	inf
0.989865	inf
0.989865	inf
0.989865	inf
0.989865	inf
0.989865	inf
0.989865	inf
0.989865	inf
0.989865	inf
0.989865	inf
0.989865	inf
0.989865	inf
0.989865	inf
0.989865	inf
0.989865	inf
0.989865	inf
0.989865	inf
0.989865	inf
0.989865	inf
0.989865	inf
0.989865	inf
0.989865	inf
0.989865	inf
0.989865	inf
0.993243	inf
0.993243	inf
0.993243	inf
0.993243	inf
0.993243	inf
0.993243	inf
0.993243	inf
0.993243	inf
0.993243	inf
0.993243	inf
0.993243	inf
0.993243	inf
0.993243	inf
0.993243	inf
0.993243	inf
0.993243	inf
0.993243	inf
0.993243	inf
0.993243	inf
0.993243	inf
0.993243	inf
0.993243	inf
0.993243	inf
0.993243	inf
0.993243	inf
0.993243	inf
0.993243	inf
0.993243	inf
0.993243	inf
0.993243	inf
0.993243	inf
0.993243	inf
