# Persistence diagram <GML/0583.gml>
#
# Dimension   : 1
# Entries     : 254
# Betti number: 254
0.983976	inf
0.98648	inf
0.98648	inf
0.98648	inf
0.987481	inf
0.987481	inf
0.987481	inf
0.987481	inf
0.987481	inf
0.987481	inf
0.987481	inf
0.988983	inf
0.988983	inf
0.988983	inf
0.988983	inf
0.988983	inf
0.988983	inf
0.988983	inf
0.989484	inf
0.989985	inf
0.989985	inf
0.989985	inf
0.990986	inf
0.990986	inf
0.991487	inf
0.991487	inf
0.991487	inf
0.991988	inf
0.991988	inf
0.991988	inf
0.992489	inf
0.992489	inf
0.992489	inf
0.992489	inf
0.992489	inf
0.992489	inf
0.992489	inf
0.99349	inf
0.99349	inf
0.99349	inf
0.99349	inf
0.99349	inf
0.99349	inf
0.99349	inf
0.99349	inf
0.99349	inf
0.99349	inf
0.99349	inf
0.993991	inf
0.993991	inf
0.993991	inf
0.993991	inf
0.993991	inf
0.993991	inf
0.993991	inf
0.994492	inf
0.994492	inf
0.994492	inf
0.994492	inf
0.994492	inf
0.994492	inf
0.994492	inf
0.994492	inf
0.994992	inf
0.994992	inf
0.994992	inf
0.994992	inf
0.994992	inf
0.994992	inf
0.994992	inf
0.995493	inf
0.995493	inf
0.995493	inf
0.995493	inf
0.995493	inf
0.995493	inf
0.995493	inf
0.995493	inf
0.995493	inf
0.995493	inf
0.995493	inf
0.995493	inf
0.995493	inf
0.995493	inf
0.995493	inf
0.995493	inf
0.995493	inf
0.995493	inf
0.995493	inf
0.995994	inf
0.995994	inf
0.995994	inf
0.995994	inf
0.995994	inf
0.995994	inf
0.995994	inf
0.995994	inf
0.995994	inf
0.995994	inf
0.995994	inf
0.995994	inf
0.995994	inf
0.995994	inf
0.995994	inf
0.995994	inf
0.995994	inf
0.995994	inf
0.995994	inf
0.995994	inf
0.995994	inf
0.995994	inf
0.995994	inf
0.995994	inf
0.995994	inf
0.996495	inf
0.996495	inf
0.996495	inf
0.996495	inf
0.996495	inf
0.996495	inf
0.996495	inf
0.996495	inf
0.996495	inf
0.996495	inf
0.996495	inf
0.996495	inf
0.996495	inf
0.996495	inf
0.996495	inf
0.996495	inf
0.996495	inf
0.996495	inf
0.996495	inf
0.996495	inf
0.996495	inf
0.996495	inf
0.996495	inf
0.996495	inf
0.996995	inf
0.996995	inf
0.996995	inf
0.996995	inf
0.996995	inf
0.996995	inf
0.996995	inf
0.996995	inf
0.996995	inf
0.996995	inf
0.996995	inf
0.996995	inf
0.996995	inf
0.996995	inf
0.996995	inf
0.996995	inf
0.996995	inf
0.996995	inf
0.996995	inf
0.997496	inf
0.997496	inf
0.997496	inf
0.997496	inf
0.997496	inf
0.997496	inf
0.997496	inf
0.997496	inf
0.997496	inf
0.997496	inf
0.997496	inf
0.997496	inf
0.997496	inf
0.997496	inf
0.997496	inf
0.997496	inf
0.997496	inf
0.997496	inf
0.997496	inf
0.997496	inf
0.997997	inf
0.997997	inf
0.997997	inf
0.997997	inf
0.997997	inf
0.997997	inf
0.997997	inf
0.997997	inf
0.997997	inf
0.997997	inf
0.997997	inf
0.997997	inf
0.997997	inf
0.997997	inf
0.997997	inf
0.997997	inf
0.997997	inf
0.997997	inf
0.997997	inf
0.997997	inf
0.997997	inf
0.998498	inf
0.998498	inf
0.998498	inf
0.998498	inf
0.998498	inf
0.998498	inf
0.998498	inf
0.998498	inf
0.998498	inf
0.998498	inf
0.998498	inf
0.998498	inf
0.998498	inf
0.998498	inf
0.998498	inf
0.998498	inf
0.998498	inf
0.998498	inf
0.998498	inf
0.998498	inf
0.998498	inf
0.998498	inf
0.998498	inf
0.998498	inf
0.998498	inf
0.998498	inf
0.998498	inf
0.998498	inf
0.998498	inf
0.998498	inf
0.998498	inf
0.998498	inf
0.998498	inf
0.998498	inf
0.998498	inf
0.998498	inf
0.998498	inf
0.998498	inf
0.998998	inf
0.998998	inf
0.998998	inf
0.998998	inf
0.998998	inf
0.998998	inf
0.998998	inf
0.998998	inf
0.998998	inf
0.998998	inf
0.998998	inf
0.998998	inf
0.998998	inf
0.998998	inf
0.998998	inf
0.998998	inf
0.998998	inf
0.998998	inf
