# Persistence diagram <GML/0585.gml>
#
# Dimension   : 1
# Entries     : 154
# Betti number: 153
0.838298	inf
0.838298	inf
0.838298	inf
0.838298	0.948936
0.838298	inf
0.846809	inf
0.846809	inf
0.846809	inf
0.846809	inf
0.846809	inf
0.846809	inf
0.906383	inf
0.906383	inf
0.906383	inf
0.906383	inf
0.906383	inf
0.906383	inf
0.906383	inf
0.906383	inf
0.906383	inf
0.914894	inf
0.92766	inf
0.93617	inf
0.93617	inf
0.93617	inf
0.93617	inf
0.93617	inf
0.93617	inf
0.93617	inf
0.944681	inf
0.944681	inf
0.944681	inf
0.944681	inf
0.944681	inf
0.944681	inf
0.944681	inf
0.948936	inf
0.953191	inf
0.953191	inf
0.953191	inf
0.957447	inf
0.957447	inf
0.957447	inf
0.957447	inf
0.957447	inf
0.957447	inf
0.965957	inf
0.965957	inf
0.965957	inf
0.965957	inf
0.965957	inf
0.965957	inf
0.965957	inf
0.970213	inf
0.970213	inf
0.970213	inf
0.970213	inf
0.970213	inf
0.970213	inf
0.970213	inf
0.970213	inf
0.970213	inf
0.970213	inf
0.970213	inf
0.974468	inf
0.974468	inf
0.974468	inf
0.974468	inf
0.974468	inf
0.974468	inf
0.974468	inf
0.974468	inf
0.974468	inf
0.974468	inf
0.974468	inf
0.974468	inf
0.974468	inf
0.974468	inf
0.974468	inf
0.974468	inf
0.974468	inf
0.974468	inf
0.974468	inf
0.978723	inf
0.978723	inf
0.978723	inf
0.978723	inf
0.978723	inf
0.978723	inf
0.978723	inf
0.978723	inf
0.978723	inf
0.978723	inf
0.978723	inf
0.978723	inf
0.978723	inf
0.978723	inf
0.978723	inf
0.978723	inf
0.978723	inf
0.978723	inf
0.978723	inf
0.978723	inf
0.978723	inf
0.978723	inf
0.978723	inf
0.978723	inf
0.978723	inf
0.978723	inf
0.978723	inf
0.982979	inf
0.982979	inf
0.982979	inf
0.982979	inf
0.982979	inf
0.982979	inf
0.982979	inf
0.982979	inf
0.982979	inf
0.982979	inf
0.982979	inf
0.982979	inf
0.982979	inf
0.982979	inf
0.987234	inf
0.987234	inf
0.987234	inf
0.987234	inf
0.987234	inf
0.987234	inf
0.987234	inf
0.987234	inf
0.987234	inf
0.987234	inf
0.987234	inf
0.987234	inf
0.991489	inf
0.991489	inf
0.991489	inf
0.991489	inf
0.991489	inf
0.991489	inf
0.991489	inf
0.991489	inf
0.991489	inf
0.991489	inf
0.991489	inf
0.991489	inf
0.991489	inf
0.991489	inf
0.991489	inf
0.991489	inf
0.991489	inf
0.991489	inf
