# Persistence diagram <GML/0587.gml>
#
# Dimension   : 0
# Entries     : 1690
# Betti number: 6
0	inf
0	0.983026
0	0.997048
0	0.993358
0	0.998524
0	0.997786
0	0.993358
0	0.991144
0	0.984502
0	0.998524
0	0.99262
0	0.95941
0	0.988192
0	0.997048
0	0.989668
0	0.983026
0	0.988192
0	0.987454
0	0.98893
0	0.997048
0	0.991882
0	0.997048
0	0.979336
0	0.998524
0	0.982288
0	0.995572
0	0.98893
0	0.97048
0	0.997786
0	0.990406
0	0.987454
0	0.95941
0	0.994834
0	0.988192
0	0.98893
0	0.991144
0	0.998524
0	0.998524
0	0.991144
0	0.995572
0	0.99262
0	0.994096
0	0.991882
0	0.998524
0	0.991882
0	0.998524
0	0.986716
0	0.987454
0	0.995572
0	0.991144
0	0.988192
0	0.998524
0	0.97048
0	0.997048
0	0.997048
0	0.997786
0	0.989668
0	0.994096
0	0.987454
0	0.988192
0	0.989668
0	0.989668
0	0.991882
0	0.991882
0	0.998524
0	0.997786
0	0.989668
0	0.994834
0	0.985978
0	0.993358
0	0.997048
0	0.99262
0	0.995572
0	0.984502
0	0.980812
0	0.97786
0	0.995572
0	0.985978
0	0.984502
0	0.99631
0	0.991144
0	0.99262
0	0.998524
0	0.994096
0	0.991882
0	0.998524
0	0.990406
0	0.990406
0	0.991882
0	0.997048
0	0.998524
0	0.97048
0	0.988192
0	0.987454
0	0.982288
0	0.997786
0	0.994834
0	0.993358
0	0.98524
0	0.98893
0	0.998524
0	0.997786
0	0.984502
0	0.989668
0	0.982288
0	0.95941
0	0.983764
0	0.993358
0	0.997786
0	0.984502
0	0.994834
0	0.997048
0	0.987454
0	0.983026
0	0.988192
0	0.991144
0	0.99262
0	0.995572
0	0.986716
0	0.989668
0	0.997786
0	0.97048
0	0.991882
0	0.997048
0	0.98893
0	0.991144
0	0.983764
0	0.98524
0	0.994096
0	0.991882
0	0.98893
0	0.984502
0	0.983026
0	0.998524
0	0.98893
0	0.990406
0	0.982288
0	0.997786
0	0.997786
0	0.95941
0	0.98893
0	0.978598
0	0.997786
0	0.985978
0	0.99631
0	0.997786
0	0.97048
0	0.98893
0	0.980812
0	0.988192
0	0.993358
0	0.99631
0	0.987454
0	0.988192
0	0.997786
0	0.998524
0	0.99631
0	0.989668
0	0.98524
0	0.997786
0	0.980812
0	0.997786
0	0.989668
0	0.987454
0	0.986716
0	0.995572
0	0.982288
0	0.98893
0	0.986716
0	0.983026
0	0.95941
0	0.995572
0	0.988192
0	0.991144
0	0.983026
0	0.987454
0	0.986716
0	0.988192
0	0.994096
0	inf
0	0.997786
0	0.991144
0	0.978598
0	0.994096
0	0.984502
0	0.99262
0	0.997786
0	0.98893
0	0.997048
0	0.995572
0	0.982288
0	0.995572
0	0.99631
0	0.997048
0	0.997786
0	0.978598
0	0.998524
0	0.979336
0	0.991144
0	0.983764
0	0.997786
0	0.99262
0	0.998524
0	0.989668
0	0.989668
0	0.998524
0	0.98893
0	0.984502
0	0.998524
0	0.997786
0	0.98893
0	0.99631
0	0.988192
0	0.978598
0	0.988192
0	0.986716
0	0.994096
0	0.98524
0	0.991144
0	0.997786
0	0.991144
0	0.978598
0	0.995572
0	0.97048
0	0.990406
0	0.991144
0	0.98524
0	0.983764
0	0.991144
0	0.99262
0	0.95941
0	0.95941
0	0.991144
0	0.982288
0	0.994834
0	0.982288
0	0.989668
0	0.990406
0	0.990406
0	0.991144
0	0.998524
0	0.989668
0	0.979336
0	0.982288
0	0.979336
0	0.991144
0	0.989668
0	0.994834
0	0.997048
0	0.997786
0	0.997786
0	0.998524
0	0.982288
0	0.990406
0	0.991144
0	0.989668
0	0.998524
0	0.998524
0	0.993358
0	0.991882
0	0.990406
0	0.998524
0	0.98893
0	0.986716
0	0.988192
0	0.995572
0	0.978598
0	0.994834
0	0.990406
0	0.983026
0	0.984502
0	0.997048
0	0.983026
0	0.99262
0	0.97048
0	0.991882
0	0.984502
0	0.991882
0	0.991144
0	0.989668
0	0.997786
0	0.97786
0	0.997048
0	0.99631
0	0.994096
0	0.984502
0	0.99262
0	0.99262
0	0.997786
0	0.984502
0	0.99631
0	0.994834
0	0.986716
0	0.997786
0	0.989668
0	0.994096
0	0.989668
0	0.97048
0	0.998524
0	0.97048
0	0.997048
0	0.997786
0	0.998524
0	0.991882
0	0.997786
0	0.991882
0	0.997048
0	0.989668
0	0.983026
0	0.978598
0	0.978598
0	0.997786
0	0.988192
0	0.987454
0	0.988192
0	0.995572
0	0.998524
0	0.99631
0	0.986716
0	0.982288
0	0.991144
0	0.986716
0	0.997048
0	0.987454
0	0.978598
0	0.99262
0	0.99262
0	0.99631
0	0.988192
0	0.998524
0	0.95941
0	0.998524
0	0.97048
0	0.98893
0	0.987454
0	0.983026
0	0.998524
0	0.97786
0	0.997048
0	0.99262
0	0.99262
0	0.997786
0	0.988192
0	0.979336
0	0.997786
0	0.99262
0	0.990406
0	0.95941
0	0.987454
0	0.988192
0	0.988192
0	0.994096
0	inf
0	0.987454
0	0.991144
0	0.95941
0	0.99631
0	0.988192
0	0.997048
0	0.994096
0	0.99262
0	0.984502
0	0.997786
0	0.991882
0	0.978598
0	0.993358
0	0.997786
0	0.99631
0	0.990406
0	0.997048
0	0.993358
0	0.95941
0	0.998524
0	0.97786
0	0.988192
0	0.984502
0	0.994834
0	0.991882
0	0.990406
0	0.99262
0	0.987454
0	0.991144
0	0.998524
0	0.98524
0	0.997786
0	0.998524
0	0.986716
0	0.994096
0	0.990406
0	0.983026
0	0.983764
0	0.99262
0	0.990406
0	0.994834
0	0.97048
0	0.95941
0	0.991144
0	0.994834
0	0.993358
0	0.984502
0	0.979336
0	0.98893
0	0.989668
0	0.97048
0	0.998524
0	0.984502
0	0.983026
0	0.95941
0	0.95941
0	0.99631
0	0.99262
0	0.989668
0	0.997048
0	0.982288
0	0.990406
0	0.991144
0	0.990406
0	0.989668
0	0.998524
0	0.984502
0	0.984502
0	0.997048
0	0.98893
0	0.989668
0	0.993358
0	0.998524
0	0.989668
0	0.998524
0	0.997048
0	0.979336
0	0.993358
0	0.990406
0	0.991882
0	0.987454
0	0.991882
0	0.99631
0	0.988192
0	0.994096
0	0.99631
0	0.993358
0	0.991144
0	0.998524
0	0.989668
0	0.982288
0	0.994096
0	0.991144
0	0.985978
0	0.997786
0	0.997048
0	0.991144
0	0.97786
0	0.983026
0	0.990406
0	0.991882
0	0.998524
0	0.97048
0	0.998524
0	0.983026
0	0.991144
0	0.994834
0	0.99262
0	0.997786
0	0.95941
0	0.995572
0	0.99631
0	0.978598
0	0.990406
0	0.998524
0	0.980812
0	0.983026
0	0.986716
0	0.983026
0	0.991144
0	0.994834
0	0.97786
0	0.989668
0	0.991882
0	0.985978
0	0.99262
0	0.991144
0	0.997786
0	0.989668
0	0.998524
0	0.99631
0	0.97786
0	0.98893
0	0.995572
0	0.98893
0	0.997048
0	0.97048
0	0.995572
0	0.982288
0	0.997786
0	0.991882
0	0.998524
0	0.980812
0	0.993358
0	0.986716
0	0.979336
0	0.97048
0	0.991144
0	0.97786
0	0.982288
0	0.994834
0	0.95941
0	0.991144
0	0.991144
0	0.998524
0	0.998524
0	0.995572
0	0.99631
0	0.989668
0	0.98893
0	0.997048
0	0.98893
0	0.978598
0	0.988192
0	0.986716
0	0.998524
0	0.97786
0	0.988192
0	0.990406
0	0.99631
0	0.994096
0	0.994834
0	0.988192
0	0.998524
0	0.998524
0	0.988192
0	0.991882
0	0.99631
0	0.997786
0	0.97048
0	0.998524
0	0.984502
0	0.991882
0	0.991882
0	0.998524
0	0.97048
0	0.989668
0	0.98524
0	0.988192
0	0.989668
0	0.995572
0	0.98893
0	0.95941
0	0.991882
0	0.988192
0	0.991144
0	0.991882
0	0.997786
0	0.99631
0	0.97048
0	0.991144
0	0.998524
0	0.982288
0	0.99262
0	0.991882
0	0.993358
0	0.991882
0	0.991144
0	0.988192
0	0.989668
0	0.980812
0	0.998524
0	0.988192
0	0.99631
0	0.991144
0	0.979336
0	0.99262
0	0.982288
0	0.993358
0	0.997786
0	0.97048
0	0.982288
0	0.994834
0	0.984502
0	0.99631
0	0.982288
0	0.99262
0	0.95941
0	0.978598
0	0.985978
0	0.95941
0	0.99631
0	0.97048
0	0.991144
0	0.986716
0	0.994096
0	0.99262
0	0.990406
0	0.998524
0	0.95941
0	0.98893
0	0.989668
0	0.97786
0	0.987454
0	0.986716
0	0.982288
0	0.95941
0	0.983026
0	0.998524
0	0.99262
0	0.993358
0	0.989668
0	0.991144
0	0.983026
0	0.997048
0	0.993358
0	0.98524
0	0.991144
0	0.99262
0	0.997048
0	0.99631
0	0.983026
0	0.990406
0	0.989668
0	0.99262
0	0.983026
0	0.997048
0	0.987454
0	0.983764
0	0.998524
0	0.997786
0	0.997048
0	0.994096
0	0.99631
0	0.982288
0	0.990406
0	0.990406
0	0.997786
0	0.997786
0	0.989668
0	0.989668
0	0.991144
0	0.998524
0	0.988192
0	0.989668
0	0.995572
0	0.990406
0	0.994834
0	0.994096
0	0.989668
0	0.999262
0	0.990406
0	0.997786
0	0.989668
0	0.994096
0	0.988192
0	0.991144
0	0.994834
0	0.97048
0	0.989668
0	0.989668
0	0.988192
0	0.95941
0	0.989668
0	0.998524
0	0.997786
0	0.997786
0	0.982288
0	0.998524
0	0.95941
0	0.993358
0	0.984502
0	0.95941
0	0.998524
0	0.988192
0	0.99631
0	0.997786
0	0.98893
0	0.991144
0	0.99262
0	0.97048
0	0.95941
0	0.997048
0	0.98893
0	0.991144
0	0.988192
0	0.98524
0	0.985978
0	0.989668
0	0.991144
0	0.97048
0	0.997786
0	0.982288
0	0.994834
0	0.987454
0	0.95941
0	0.998524
0	0.998524
0	0.991144
0	0.993358
0	0.991882
0	0.97048
0	0.997786
0	0.99262
0	0.95941
0	0.995572
0	0.97786
0	0.997048
0	0.99262
0	0.991144
0	0.97048
0	0.994096
0	0.997786
0	0.997786
0	0.997786
0	0.983026
0	0.994834
0	0.998524
0	0.983764
0	0.995572
0	0.99262
0	0.988192
0	0.997048
0	0.998524
0	0.97048
0	0.99262
0	0.983026
0	0.986716
0	0.99631
0	0.95941
0	0.998524
0	0.995572
0	0.991144
0	0.980812
0	0.994096
0	0.989668
0	0.99631
0	0.97048
0	0.991144
0	0.991144
0	0.985978
0	0.988192
0	0.997048
0	0.99262
0	0.984502
0	0.986716
0	0.988192
0	0.99262
0	0.988192
0	0.989668
0	0.988192
0	0.984502
0	0.990406
0	0.989668
0	0.99631
0	0.991144
0	0.997048
0	0.997786
0	0.983026
0	0.990406
0	0.997048
0	0.995572
0	0.997786
0	0.993358
0	0.99262
0	0.997786
0	0.991144
0	0.97048
0	0.998524
0	0.988192
0	0.980812
0	0.980812
0	0.979336
0	0.98893
0	inf
0	0.998524
0	0.997786
0	0.997786
0	0.997048
0	0.998524
0	0.991144
0	0.995572
0	0.98893
0	0.997048
0	0.988192
0	0.979336
0	0.989668
0	0.986716
0	0.997786
0	0.985978
0	0.991144
0	0.989668
0	0.989668
0	0.991144
0	0.995572
0	0.989668
0	0.984502
0	0.978598
0	0.97786
0	0.99631
0	0.997048
0	0.990406
0	0.98893
0	0.99631
0	0.994834
0	0.984502
0	0.997786
0	0.991144
0	0.991882
0	0.986716
0	0.988192
0	0.983764
0	0.997786
0	0.99631
0	0.990406
0	0.989668
0	0.989668
0	0.989668
0	0.988192
0	0.984502
0	0.993358
0	0.989668
0	0.984502
0	0.97048
0	0.982288
0	0.991144
0	0.991144
0	0.997048
0	0.994096
0	0.99262
0	0.982288
0	0.993358
0	0.991144
0	0.997786
0	0.995572
0	0.983764
0	0.97048
0	0.989668
0	0.99631
0	0.998524
0	0.995572
0	0.988192
0	0.997786
0	0.986716
0	0.991144
0	0.979336
0	0.98524
0	0.99262
0	0.988192
0	0.95941
0	0.99631
0	0.99262
0	0.990406
0	0.987454
0	0.99262
0	0.993358
0	0.993358
0	0.99262
0	0.979336
0	0.99631
0	0.997786
0	0.997048
0	inf
0	0.991144
0	0.986716
0	0.95941
0	0.984502
0	0.986716
0	0.986716
0	0.986716
0	0.995572
0	0.998524
0	0.989668
0	0.98893
0	0.987454
0	0.994834
0	0.991144
0	0.989668
0	0.993358
0	0.997786
0	0.983026
0	0.994096
0	0.988192
0	0.983026
0	0.991144
0	0.988192
0	0.983764
0	0.985978
0	0.98893
0	0.99262
0	0.990406
0	0.984502
0	0.998524
0	0.99262
0	0.988192
0	0.989668
0	0.993358
0	0.998524
0	0.997786
0	0.997786
0	0.95941
0	0.997786
0	0.988192
0	0.991144
0	0.99262
0	0.993358
0	0.988192
0	0.991144
0	0.997048
0	0.994834
0	0.984502
0	0.997786
0	0.997786
0	0.979336
0	0.988192
0	0.988192
0	0.994834
0	0.997786
0	0.991144
0	0.97048
0	0.97048
0	0.984502
0	0.990406
0	0.989668
0	0.993358
0	0.998524
0	0.997786
0	0.979336
0	0.99262
0	0.994096
0	0.997048
0	0.997786
0	0.997786
0	0.98524
0	0.97048
0	0.97048
0	0.989668
0	0.991144
0	0.99631
0	0.991144
0	0.991144
0	0.998524
0	0.997048
0	0.991882
0	0.988192
0	0.994096
0	0.997786
0	0.999262
0	0.984502
0	0.997048
0	0.991882
0	0.997786
0	0.990406
0	0.98893
0	0.991144
0	0.991144
0	0.988192
0	0.984502
0	0.98893
0	0.997048
0	0.991144
0	0.979336
0	0.97048
0	0.998524
0	0.999262
0	0.997786
0	0.998524
0	0.989668
0	0.994834
0	0.97048
0	0.990406
0	0.99262
0	0.998524
0	0.983026
0	0.99262
0	0.997048
0	0.998524
0	0.95941
0	0.984502
0	0.988192
0	0.998524
0	0.995572
0	0.988192
0	0.99262
0	0.98893
0	0.991144
0	0.989668
0	0.988192
0	0.997048
0	0.983026
0	0.983026
0	0.998524
0	0.99631
0	0.994834
0	0.98893
0	0.988192
0	0.994096
0	0.986716
0	0.98893
0	0.978598
0	0.988192
0	0.998524
0	0.997048
0	0.998524
0	0.987454
0	0.998524
0	0.97048
0	0.95941
0	0.986716
0	0.97048
0	0.989668
0	0.997786
0	0.99262
0	0.997048
0	0.987454
0	0.984502
0	0.989668
0	0.997048
0	0.994096
0	0.994096
0	0.994834
0	0.989668
0	0.987454
0	0.998524
0	0.978598
0	0.97048
0	0.998524
0	0.97048
0	0.994096
0	0.95941
0	0.997048
0	0.980812
0	0.98893
0	0.98893
0	0.993358
0	0.97048
0	0.997048
0	0.989668
0	0.980812
0	0.997786
0	0.997786
0	0.99262
0	0.997048
0	0.988192
0	0.989668
0	0.995572
0	0.991144
0	0.991144
0	0.997048
0	0.989668
0	0.97048
0	0.993358
0	0.997786
0	0.988192
0	0.98893
0	0.990406
0	0.984502
0	0.980812
0	0.95941
0	0.994834
0	0.997786
0	0.997786
0	0.986716
0	0.99262
0	0.994096
0	0.994834
0	0.998524
0	0.986716
0	0.979336
0	0.997786
0	0.99631
0	0.991144
0	0.994834
0	0.995572
0	0.991144
0	0.983026
0	0.97048
0	0.986716
0	0.99631
0	0.984502
0	0.997786
0	0.997786
0	0.990406
0	0.995572
0	0.99631
0	0.98893
0	0.99631
0	0.986716
0	0.995572
0	0.997786
0	0.984502
0	0.994096
0	0.97048
0	0.98893
0	0.993358
0	0.998524
0	0.99262
0	0.99631
0	0.989668
0	0.990406
0	0.983026
0	0.991144
0	0.978598
0	0.995572
0	0.997786
0	0.99631
0	0.98893
0	0.980812
0	0.97048
0	0.997786
0	0.984502
0	0.986716
0	0.989668
0	0.99631
0	0.99262
0	0.988192
0	0.987454
0	0.97048
0	0.990406
0	0.997048
0	0.988192
0	0.994096
0	0.984502
0	0.991144
0	0.997786
0	0.997786
0	0.997048
0	0.984502
0	0.99262
0	0.995572
0	0.98893
0	0.986716
0	0.986716
0	0.97786
0	0.997786
0	0.993358
0	0.989668
0	0.995572
0	0.991882
0	0.986716
0	0.997786
0	0.997786
0	0.994096
0	0.982288
0	0.998524
0	0.988192
0	0.97048
0	0.986716
0	0.97786
0	0.988192
0	0.991882
0	0.991144
0	0.988192
0	inf
0	0.984502
0	0.990406
0	0.98893
0	0.994096
0	0.987454
0	0.997048
0	0.993358
0	0.988192
0	0.983026
0	0.995572
0	0.998524
0	0.983026
0	0.989668
0	0.986716
0	0.983026
0	0.97786
0	0.998524
0	0.982288
0	0.97048
0	0.998524
0	0.989668
0	0.991144
0	0.994096
0	0.991882
0	0.995572
0	0.995572
0	0.998524
0	0.99262
0	0.998524
0	0.989668
0	0.997786
0	0.980812
0	0.995572
0	0.994096
0	0.97786
0	0.998524
0	0.995572
0	0.983026
0	0.995572
0	0.997786
0	0.991144
0	0.989668
0	0.991144
0	0.998524
0	0.997786
0	0.991882
0	0.998524
0	0.983764
0	0.99631
0	0.991144
0	0.980812
0	0.998524
0	0.984502
0	0.99631
0	0.986716
0	0.995572
0	0.99262
0	0.980812
0	0.988192
0	0.998524
0	0.983764
0	0.998524
0	0.986716
0	0.988192
0	0.986716
0	0.986716
0	0.97048
0	0.99631
0	0.993358
0	0.991882
0	0.987454
0	0.994096
0	0.988192
0	0.995572
0	0.998524
0	0.991144
0	0.997786
0	0.978598
0	0.986716
0	0.99631
0	0.989668
0	0.979336
0	0.991144
0	0.97786
0	0.97048
0	0.95941
0	0.986716
0	0.99262
0	0.990406
0	0.997786
0	0.989668
0	0.997786
0	0.997786
0	0.994096
0	0.990406
0	0.978598
0	0.99631
0	0.986716
0	0.987454
0	0.991144
0	0.982288
0	0.991882
0	0.98893
0	0.982288
0	0.986716
0	0.984502
0	0.986716
0	0.984502
0	0.997786
0	0.97048
0	0.991144
0	0.987454
0	0.989668
0	0.997786
0	0.99262
0	0.997786
0	0.984502
0	0.984502
0	0.99262
0	0.979336
0	0.97048
0	0.990406
0	0.989668
0	0.95941
0	0.987454
0	0.989668
0	0.986716
0	0.98893
0	0.997786
0	0.994096
0	0.994096
0	0.99262
0	0.95941
0	0.987454
0	0.993358
0	0.995572
0	0.998524
0	0.982288
0	0.97048
0	0.95941
0	0.994096
0	0.990406
0	0.986716
0	0.997048
0	0.986716
0	0.989668
0	0.984502
0	0.98893
0	0.99262
0	0.983026
0	0.99262
0	0.988192
0	0.995572
0	0.97786
0	0.987454
0	0.987454
0	0.987454
0	0.997048
0	0.994096
0	0.993358
0	0.98893
0	0.95941
0	0.98893
0	0.985978
0	0.99262
0	0.989668
0	0.97048
0	0.989668
0	0.988192
0	0.998524
0	0.993358
0	0.97786
0	0.994834
0	0.989668
0	0.991144
0	0.997048
0	0.989668
0	0.99262
0	0.997048
0	0.989668
0	0.995572
0	0.987454
0	0.99631
0	0.993358
0	0.994834
0	0.989668
0	0.980812
0	0.995572
0	0.99262
0	0.978598
0	0.997048
0	0.98893
0	0.991144
0	0.986716
0	0.989668
0	0.989668
0	0.95941
0	0.994834
0	0.998524
0	0.99631
0	0.989668
0	0.97048
0	0.997048
0	0.997048
0	0.991144
0	0.989668
0	0.987454
0	0.988192
0	0.982288
0	0.998524
0	0.995572
0	0.986716
0	0.991144
0	0.994096
0	0.98524
0	0.99262
0	0.983026
0	0.985978
0	0.99631
0	0.991882
0	0.997786
0	0.978598
0	0.989668
0	0.997048
0	0.97048
0	0.998524
0	0.978598
0	0.997786
0	0.986716
0	0.986716
0	0.97048
0	0.99262
0	0.998524
0	0.982288
0	0.991882
0	0.998524
0	0.991882
0	0.997786
0	0.994834
0	0.98893
0	0.99262
0	0.998524
0	0.99262
0	0.99631
0	0.98524
0	0.983764
0	0.993358
0	0.989668
0	0.98524
0	0.987454
0	0.984502
0	0.978598
0	0.989668
0	0.993358
0	0.989668
0	0.982288
0	0.997048
0	0.98893
0	0.998524
0	0.994834
0	0.99631
0	0.99262
0	0.99631
0	0.983764
0	0.997048
0	0.997786
0	0.980812
0	0.988192
0	0.97048
0	0.991144
0	0.99631
0	0.986716
0	0.97786
0	0.987454
0	0.994096
0	0.989668
0	0.991144
0	0.998524
0	0.986716
0	0.983026
0	0.994834
0	0.99262
0	0.986716
0	0.994096
0	0.98524
0	0.989668
0	0.997048
0	0.993358
0	0.998524
0	0.994834
0	0.993358
0	0.997048
0	0.989668
0	0.982288
0	0.986716
0	0.988192
0	0.997048
0	0.997048
0	0.997786
0	0.988192
0	0.997048
0	0.998524
0	0.99631
0	0.97048
0	0.998524
0	0.98893
0	0.983764
0	0.988192
0	0.986716
0	0.993358
0	0.97048
0	0.993358
0	0.991882
0	0.991144
0	0.997786
0	0.988192
0	0.99631
0	0.98893
0	0.997048
0	0.989668
0	0.986716
0	0.99631
0	0.97048
0	0.998524
0	0.989668
0	0.988192
0	0.986716
0	0.998524
0	0.998524
0	0.997786
0	0.991144
0	0.987454
0	0.986716
0	0.991144
0	0.982288
0	0.998524
0	0.984502
0	0.990406
0	0.991144
0	0.989668
0	0.98893
0	0.988192
0	0.995572
0	0.995572
0	0.99262
0	0.985978
0	0.98893
0	0.997048
0	0.984502
0	0.97048
0	0.97048
0	0.991144
0	0.997048
0	0.99631
0	0.979336
0	0.989668
0	0.988192
0	0.97048
0	0.984502
0	0.97048
0	0.994096
0	0.995572
0	0.997786
0	0.98893
0	0.982288
0	0.995572
0	0.99631
0	0.998524
0	0.994834
0	0.994096
0	0.994096
0	0.998524
0	0.990406
0	0.97048
0	0.98524
0	0.984502
0	0.986716
0	0.97786
0	0.987454
0	0.991144
0	0.998524
0	0.995572
0	0.97048
0	0.99262
0	0.998524
0	0.997786
0	0.997786
0	0.988192
0	0.988192
0	0.99262
0	0.997786
0	0.998524
0	0.997048
0	0.995572
0	0.991882
0	0.99262
0	0.986716
0	0.991144
0	0.980812
0	0.95941
0	0.994096
0	0.979336
0	0.98893
0	0.998524
0	0.988192
0	0.99631
0	0.984502
0	0.998524
0	0.998524
0	0.984502
0	0.986716
0	0.993358
0	0.994834
0	0.990406
0	0.980812
0	0.993358
0	0.994096
0	0.989668
0	0.997786
0	0.983764
0	0.97048
0	0.988192
0	0.995572
0	0.993358
0	0.989668
0	0.989668
0	0.997786
0	0.993358
0	0.998524
0	0.994834
0	0.998524
0	0.987454
0	0.97786
0	0.997048
0	0.991882
0	0.95941
0	0.979336
0	0.989668
0	0.986716
0	0.97048
0	0.998524
0	0.993358
0	0.997786
0	0.95941
0	0.99631
0	0.985978
0	0.990406
0	0.994096
0	0.998524
0	0.994096
0	0.983026
0	0.990406
0	0.991882
0	0.993358
0	0.997048
0	0.998524
0	0.988192
0	0.983026
0	0.97048
0	0.988192
0	0.993358
0	0.995572
0	0.998524
0	0.99631
0	0.994096
0	0.95941
0	0.991882
0	0.998524
0	0.991144
0	0.988192
0	0.97048
0	0.995572
0	0.999262
0	0.991144
0	0.99262
0	0.995572
0	0.993358
0	0.991882
0	0.998524
0	0.98893
0	0.98893
0	0.997048
0	0.98893
0	0.984502
0	0.99631
0	0.982288
0	0.997048
0	0.995572
0	0.988192
0	0.99262
0	0.997048
0	0.986716
0	0.988192
0	0.980812
0	0.98893
0	0.995572
0	0.990406
0	0.987454
0	0.989668
0	0.980812
0	0.978598
0	0.997786
0	0.987454
0	0.997786
0	0.991144
0	0.995572
0	0.983026
0	0.997048
0	0.978598
0	0.997048
0	0.990406
0	0.998524
0	0.991144
0	0.988192
0	0.986716
0	0.991144
0	0.982288
0	0.95941
0	0.989668
0	0.97048
0	0.97048
0	0.988192
0	0.998524
0	0.991144
0	0.995572
0	0.994096
0	0.95941
0	0.95941
0	0.979336
0	0.991144
0	0.995572
0	0.991144
0	0.99631
0	0.997048
0	0.95941
0	0.989668
0	0.989668
0	0.995572
0	0.997048
0	0.994834
0	0.989668
0	0.988192
0	0.97048


