# Persistence diagram <GML/0591.gml>
#
# Dimension   : 1
# Entries     : 167
# Betti number: 167
0.849711	inf
0.855491	inf
0.867052	inf
0.867052	inf
0.884393	inf
0.884393	inf
0.884393	inf
0.884393	inf
0.884393	inf
0.884393	inf
0.884393	inf
0.884393	inf
0.884393	inf
0.884393	inf
0.884393	inf
0.884393	inf
0.884393	inf
0.884393	inf
0.884393	inf
0.919075	inf
0.919075	inf
0.919075	inf
0.924855	inf
0.924855	inf
0.924855	inf
0.924855	inf
0.924855	inf
0.924855	inf
0.930636	inf
0.930636	inf
0.930636	inf
0.930636	inf
0.942197	inf
0.942197	inf
0.942197	inf
0.942197	inf
0.947977	inf
0.947977	inf
0.947977	inf
0.947977	inf
0.947977	inf
0.947977	inf
0.947977	inf
0.953757	inf
0.953757	inf
0.953757	inf
0.953757	inf
0.953757	inf
0.953757	inf
0.953757	inf
0.953757	inf
0.953757	inf
0.953757	inf
0.953757	inf
0.959538	inf
0.959538	inf
0.959538	inf
0.959538	inf
0.959538	inf
0.959538	inf
0.959538	inf
0.959538	inf
0.959538	inf
0.959538	inf
0.959538	inf
0.959538	inf
0.959538	inf
0.959538	inf
0.959538	inf
0.965318	inf
0.965318	inf
0.965318	inf
0.965318	inf
0.965318	inf
0.965318	inf
0.965318	inf
0.965318	inf
0.965318	inf
0.965318	inf
0.965318	inf
0.965318	inf
0.965318	inf
0.965318	inf
0.965318	inf
0.965318	inf
0.971098	inf
0.971098	inf
0.971098	inf
0.971098	inf
0.971098	inf
0.971098	inf
0.971098	inf
0.971098	inf
0.971098	inf
0.971098	inf
0.971098	inf
0.976879	inf
0.976879	inf
0.976879	inf
0.976879	inf
0.976879	inf
0.976879	inf
0.976879	inf
0.976879	inf
0.976879	inf
0.976879	inf
0.976879	inf
0.976879	inf
0.976879	inf
0.976879	inf
0.976879	inf
0.976879	inf
0.976879	inf
0.976879	inf
0.976879	inf
0.976879	inf
0.976879	inf
0.976879	inf
0.976879	inf
0.976879	inf
0.976879	inf
0.976879	inf
0.976879	inf
0.976879	inf
0.976879	inf
0.976879	inf
0.976879	inf
0.976879	inf
0.976879	inf
0.976879	inf
0.976879	inf
0.982659	inf
0.982659	inf
0.982659	inf
0.982659	inf
0.982659	inf
0.982659	inf
0.982659	inf
0.982659	inf
0.982659	inf
0.982659	inf
0.982659	inf
0.982659	inf
0.982659	inf
0.982659	inf
0.982659	inf
0.982659	inf
0.982659	inf
0.982659	inf
0.982659	inf
0.982659	inf
0.982659	inf
0.982659	inf
0.988439	inf
0.988439	inf
0.988439	inf
0.988439	inf
0.988439	inf
0.988439	inf
0.988439	inf
0.988439	inf
0.988439	inf
0.988439	inf
0.988439	inf
0.988439	inf
0.988439	inf
0.988439	inf
