# Persistence diagram <GML/0592.gml>
#
# Dimension   : 0
# Entries     : 1675
# Betti number: 3
0	inf
0	0.971297
0	0.983927
0	0.962113
0	0.978186
0	0.996556
0	0.990815
0	0.991963
0	0.980482
0	0.993111
0	0.989667
0	0.997704
0	0.977038
0	0.997704
0	0.93915
0	0.988519
0	0.993111
0	0.997704
0	0.977038
0	0.994259
0	0.97589
0	0.997704
0	0.995408
0	0.996556
0	0.991963
0	0.962113
0	0.971297
0	0.985075
0	0.995408
0	0.995408
0	0.93915
0	0.978186
0	0.997704
0	0.987371
0	0.971297
0	0.996556
0	0.98163
0	0.98163
0	0.93915
0	0.979334
0	0.974742
0	0.994259
0	0.971297
0	0.98163
0	0.997704
0	0.982778
0	0.990815
0	0.990815
0	0.977038
0	0.97589
0	0.985075
0	0.983927
0	0.962113
0	0.980482
0	0.990815
0	0.993111
0	0.997704
0	0.997704
0	0.972445
0	0.995408
0	0.964409
0	0.95752
0	0.989667
0	0.977038
0	0.977038
0	0.977038
0	0.995408
0	0.978186
0	0.97589
0	0.964409
0	0.978186
0	0.97589
0	0.989667
0	0.98163
0	0.990815
0	0.996556
0	0.978186
0	0.991963
0	0.98163
0	0.991963
0	0.980482
0	0.983927
0	0.979334
0	0.985075
0	0.994259
0	0.997704
0	0.98163
0	0.977038
0	0.979334
0	0.995408
0	0.990815
0	0.93915
0	0.989667
0	0.97589
0	0.977038
0	0.997704
0	0.985075
0	0.988519
0	0.986223
0	0.97589
0	0.987371
0	0.972445
0	0.973594
0	0.985075
0	0.98163
0	0.995408
0	0.95752
0	0.986223
0	0.989667
0	0.978186
0	0.969001
0	0.986223
0	0.977038
0	0.98163
0	0.990815
0	0.994259
0	0.986223
0	0.974742
0	0.98163
0	0.989667
0	0.991963
0	inf
0	0.93915
0	0.987371
0	0.98163
0	0.97589
0	0.98163
0	0.982778
0	0.990815
0	0.986223
0	0.989667
0	0.993111
0	0.98163
0	0.977038
0	0.974742
0	0.979334
0	0.95752
0	0.97589
0	0.997704
0	0.98163
0	0.994259
0	0.991963
0	0.978186
0	0.974742
0	0.980482
0	0.95752
0	0.986223
0	0.995408
0	0.980482
0	0.972445
0	0.971297
0	0.97589
0	0.97589
0	0.980482
0	0.98163
0	0.980482
0	0.989667
0	0.988519
0	0.990815
0	0.994259
0	0.962113
0	0.969001
0	0.997704
0	0.985075
0	0.989667
0	0.972445
0	0.978186
0	0.978186
0	0.974742
0	0.987371
0	0.974742
0	0.987371
0	0.988519
0	0.995408
0	0.996556
0	0.983927
0	0.997704
0	0.987371
0	0.988519
0	0.983927
0	0.996556
0	0.969001
0	0.985075
0	0.974742
0	0.97589
0	0.989667
0	0.977038
0	0.995408
0	0.994259
0	0.989667
0	0.996556
0	0.978186
0	0.989667
0	0.990815
0	0.977038
0	0.971297
0	0.997704
0	0.964409
0	0.989667
0	0.989667
0	0.977038
0	0.997704
0	0.983927
0	0.991963
0	0.977038
0	0.993111
0	0.997704
0	0.983927
0	0.994259
0	0.977038
0	0.991963
0	0.987371
0	0.980482
0	0.93915
0	0.991963
0	0.986223
0	0.994259
0	0.985075
0	0.969001
0	0.983927
0	0.990815
0	0.991963
0	0.996556
0	0.990815
0	0.978186
0	0.993111
0	0.979334
0	0.982778
0	0.980482
0	0.988519
0	0.978186
0	0.983927
0	0.985075
0	0.982778
0	0.98163
0	0.988519
0	0.982778
0	0.996556
0	0.982778
0	0.95752
0	0.978186
0	0.979334
0	0.995408
0	0.962113
0	0.994259
0	0.986223
0	0.985075
0	0.971297
0	0.977038
0	0.971297
0	0.977038
0	0.987371
0	0.962113
0	0.979334
0	0.982778
0	0.980482
0	0.986223
0	0.969001
0	0.989667
0	0.985075
0	0.993111
0	0.978186
0	0.995408
0	0.978186
0	0.991963
0	0.982778
0	0.971297
0	0.997704
0	0.974742
0	0.991963
0	0.990815
0	0.990815
0	0.969001
0	0.991963
0	0.980482
0	0.997704
0	0.93915
0	0.964409
0	0.962113
0	0.991963
0	0.977038
0	0.972445
0	0.997704
0	0.996556
0	0.985075
0	0.993111
0	0.989667
0	0.991963
0	0.973594
0	0.983927
0	0.962113
0	0.995408
0	0.994259
0	0.987371
0	0.974742
0	0.986223
0	0.962113
0	0.994259
0	0.987371
0	0.994259
0	0.97589
0	0.977038
0	0.997704
0	0.991963
0	0.985075
0	0.997704
0	0.973594
0	0.990815
0	0.980482
0	0.991963
0	0.993111
0	0.986223
0	0.989667
0	0.993111
0	0.990815
0	0.988519
0	0.986223
0	0.969001
0	0.974742
0	0.978186
0	0.988519
0	0.988519
0	0.985075
0	0.974742
0	0.982778
0	0.98163
0	0.93915
0	0.994259
0	0.974742
0	0.986223
0	0.988519
0	0.989667
0	0.982778
0	0.988519
0	0.97589
0	0.982778
0	0.983927
0	0.987371
0	0.989667
0	0.986223
0	0.987371
0	0.985075
0	0.986223
0	0.98163
0	0.971297
0	0.991963
0	0.997704
0	0.994259
0	0.988519
0	0.986223
0	0.978186
0	0.969001
0	0.977038
0	0.978186
0	0.987371
0	0.994259
0	0.991963
0	0.978186
0	0.977038
0	0.988519
0	0.98163
0	0.980482
0	0.95752
0	0.983927
0	0.979334
0	0.977038
0	0.987371
0	0.993111
0	0.979334
0	0.98163
0	0.983927
0	0.972445
0	0.986223
0	0.985075
0	0.977038
0	0.971297
0	0.97589
0	0.986223
0	0.973594
0	0.996556
0	0.997704
0	0.987371
0	0.988519
0	0.977038
0	0.978186
0	0.985075
0	0.977038
0	0.977038
0	0.971297
0	0.982778
0	0.991963
0	0.990815
0	0.985075
0	0.974742
0	0.98163
0	0.97589
0	0.95752
0	0.996556
0	0.98163
0	0.980482
0	0.983927
0	0.985075
0	0.98163
0	0.996556
0	0.985075
0	0.987371
0	0.985075
0	0.969001
0	0.98163
0	0.983927
0	0.995408
0	0.982778
0	0.98163
0	0.978186
0	0.977038
0	0.97589
0	0.97589
0	0.993111
0	0.985075
0	0.980482
0	0.989667
0	0.997704
0	0.995408
0	0.97589
0	0.983927
0	0.987371
0	0.974742
0	0.93915
0	0.95752
0	0.978186
0	0.987371
0	0.991963
0	0.983927
0	0.98163
0	0.98163
0	0.977038
0	0.996556
0	0.996556
0	0.977038
0	0.997704
0	0.983927
0	0.995408
0	0.985075
0	0.989667
0	0.989667
0	0.987371
0	0.93915
0	0.993111
0	0.986223
0	0.982778
0	0.95752
0	0.97589
0	0.991963
0	0.977038
0	0.990815
0	0.977038
0	0.98163
0	0.977038
0	0.977038
0	0.994259
0	0.93915
0	0.98163
0	0.997704
0	0.95752
0	0.93915
0	0.985075
0	0.993111
0	0.98163
0	0.962113
0	0.972445
0	0.982778
0	0.98163
0	0.978186
0	0.969001
0	0.997704
0	0.988519
0	0.989667
0	0.983927
0	0.988519
0	0.977038
0	0.991963
0	0.977038
0	0.973594
0	0.974742
0	0.991963
0	0.974742
0	0.974742
0	0.978186
0	0.980482
0	0.982778
0	0.995408
0	0.987371
0	0.995408
0	0.989667
0	0.987371
0	0.997704
0	0.997704
0	0.977038
0	0.977038
0	0.990815
0	0.988519
0	0.982778
0	0.93915
0	0.986223
0	0.997704
0	0.98163
0	0.977038
0	0.997704
0	0.989667
0	0.989667
0	0.993111
0	0.980482
0	0.997704
0	0.974742
0	0.990815
0	0.977038
0	0.977038
0	0.990815
0	0.991963
0	0.985075
0	0.995408
0	0.997704
0	0.990815
0	0.988519
0	0.969001
0	0.996556
0	0.983927
0	0.982778
0	0.989667
0	0.996556
0	0.980482
0	0.996556
0	0.988519
0	0.991963
0	0.996556
0	0.986223
0	0.98163
0	0.978186
0	0.973594
0	0.962113
0	0.971297
0	0.989667
0	0.977038
0	0.974742
0	0.93915
0	0.982778
0	0.978186
0	0.996556
0	0.985075
0	0.98163
0	0.989667
0	0.996556
0	0.988519
0	0.95752
0	0.995408
0	0.994259
0	0.989667
0	0.994259
0	0.979334
0	0.969001
0	0.971297
0	0.983927
0	0.996556
0	0.95752
0	0.983927
0	0.990815
0	0.997704
0	0.997704
0	0.991963
0	0.987371
0	0.964409
0	0.997704
0	0.995408
0	0.962113
0	0.995408
0	0.971297
0	0.986223
0	0.991963
0	0.972445
0	0.969001
0	0.964409
0	0.989667
0	0.995408
0	0.98163
0	0.990815
0	0.974742
0	0.987371
0	0.971297
0	0.978186
0	0.990815
0	0.974742
0	0.997704
0	0.98163
0	0.974742
0	0.97589
0	0.983927
0	0.95752
0	0.97589
0	0.97589
0	0.95752
0	0.978186
0	0.97589
0	0.982778
0	0.993111
0	0.996556
0	0.986223
0	0.995408
0	0.997704
0	0.996556
0	0.964409
0	0.93915
0	0.969001
0	0.996556
0	0.991963
0	0.977038
0	0.985075
0	0.996556
0	0.978186
0	0.997704
0	0.977038
0	0.991963
0	0.980482
0	0.978186
0	0.997704
0	0.989667
0	0.980482
0	0.962113
0	0.980482
0	0.98163
0	0.98163
0	0.997704
0	0.990815
0	0.974742
0	0.977038
0	0.987371
0	0.971297
0	0.997704
0	0.964409
0	0.93915
0	0.987371
0	0.989667
0	0.971297
0	0.990815
0	0.978186
0	0.977038
0	0.969001
0	0.93915
0	0.977038
0	0.969001
0	0.989667
0	0.986223
0	0.993111
0	0.978186
0	0.93915
0	0.997704
0	0.993111
0	0.991963
0	0.995408
0	0.990815
0	0.977038
0	0.978186
0	0.97589
0	0.98163
0	0.977038
0	0.93915
0	0.985075
0	0.990815
0	0.989667
0	0.977038
0	0.990815
0	inf
0	0.978186
0	0.997704
0	0.977038
0	0.978186
0	0.982778
0	0.983927
0	0.982778
0	0.988519
0	0.977038
0	0.985075
0	0.978186
0	0.986223
0	0.972445
0	0.95752
0	0.985075
0	0.971297
0	0.971297
0	0.978186
0	0.995408
0	0.982778
0	0.93915
0	0.997704
0	0.978186
0	0.983927
0	0.993111
0	0.996556
0	0.964409
0	0.964409
0	0.980482
0	0.93915
0	0.973594
0	0.988519
0	0.982778
0	0.972445
0	0.985075
0	0.995408
0	0.983927
0	0.997704
0	0.978186
0	0.997704
0	0.986223
0	0.977038
0	0.988519
0	0.989667
0	0.987371
0	0.985075
0	0.971297
0	0.990815
0	0.974742
0	0.98163
0	0.977038
0	0.994259
0	0.989667
0	0.983927
0	0.993111
0	0.962113
0	0.988519
0	0.988519
0	0.986223
0	0.983927
0	0.995408
0	0.98163
0	0.972445
0	0.990815
0	0.964409
0	0.974742
0	0.989667
0	0.978186
0	0.989667
0	0.97589
0	0.980482
0	0.988519
0	0.997704
0	0.987371
0	0.986223
0	0.982778
0	0.995408
0	0.980482
0	0.978186
0	0.985075
0	0.986223
0	0.971297
0	0.973594
0	0.997704
0	0.97589
0	0.997704
0	0.979334
0	0.978186
0	0.994259
0	0.989667
0	0.971297
0	0.994259
0	0.995408
0	0.995408
0	0.996556
0	0.98163
0	0.980482
0	0.997704
0	0.996556
0	0.985075
0	0.98163
0	0.994259
0	0.977038
0	0.989667
0	0.987371
0	0.98163
0	0.98163
0	0.971297
0	0.995408
0	0.973594
0	0.979334
0	0.995408
0	0.983927
0	0.973594
0	0.997704
0	0.998852
0	0.964409
0	0.988519
0	0.969001
0	0.991963
0	0.971297
0	0.994259
0	0.997704
0	0.991963
0	0.995408
0	0.977038
0	0.991963
0	0.987371
0	0.998852
0	0.996556
0	0.986223
0	0.985075
0	0.974742
0	0.982778
0	0.977038
0	0.985075
0	0.978186
0	0.973594
0	0.93915
0	0.978186
0	0.979334
0	0.986223
0	0.990815
0	0.987371
0	0.993111
0	0.979334
0	0.977038
0	0.988519
0	0.971297
0	0.97589
0	0.991963
0	0.93915
0	0.983927
0	0.977038
0	0.977038
0	0.986223
0	0.995408
0	0.95752
0	0.989667
0	0.988519
0	0.985075
0	0.990815
0	0.993111
0	0.997704
0	0.995408
0	0.977038
0	0.95752
0	0.977038
0	0.979334
0	0.971297
0	0.972445
0	0.987371
0	0.996556
0	0.994259
0	0.996556
0	0.98163
0	0.982778
0	0.989667
0	0.996556
0	0.980482
0	0.983927
0	0.989667
0	0.962113
0	0.989667
0	0.985075
0	0.978186
0	0.978186
0	0.971297
0	0.997704
0	0.988519
0	0.983927
0	0.978186
0	0.97589
0	0.988519
0	0.987371
0	0.978186
0	0.989667
0	0.996556
0	0.995408
0	0.98163
0	0.977038
0	0.93915
0	0.991963
0	0.993111
0	0.973594
0	0.985075
0	0.997704
0	0.969001
0	0.982778
0	0.98163
0	0.97589
0	0.98163
0	0.962113
0	0.985075
0	0.991963
0	0.98163
0	0.986223
0	0.991963
0	0.983927
0	0.997704
0	0.971297
0	0.971297
0	0.994259
0	0.98163
0	0.995408
0	0.995408
0	0.996556
0	0.962113
0	0.996556
0	0.987371
0	0.978186
0	0.982778
0	0.986223
0	0.978186
0	0.987371
0	0.993111
0	0.995408
0	0.982778
0	0.993111
0	0.987371
0	0.996556
0	0.974742
0	0.977038
0	0.990815
0	0.964409
0	0.983927
0	0.964409
0	0.98163
0	0.987371
0	0.93915
0	0.979334
0	0.97589
0	0.977038
0	0.98163
0	0.971297
0	0.979334
0	0.996556
0	0.997704
0	0.993111
0	0.997704
0	0.974742
0	0.987371
0	0.985075
0	0.995408
0	0.993111
0	0.987371
0	0.989667
0	0.977038
0	0.997704
0	0.985075
0	0.983927
0	0.995408
0	0.990815
0	0.995408
0	0.964409
0	0.997704
0	0.983927
0	0.988519
0	0.964409
0	0.993111
0	0.95752
0	0.971297
0	0.985075
0	0.977038
0	0.996556
0	0.979334
0	0.978186
0	0.98163
0	0.995408
0	0.983927
0	0.995408
0	0.97589
0	0.995408
0	0.964409
0	0.962113
0	0.977038
0	0.977038
0	0.991963
0	0.978186
0	0.971297
0	0.982778
0	0.974742
0	0.997704
0	0.989667
0	0.987371
0	0.988519
0	0.977038
0	0.979334
0	0.988519
0	0.974742
0	0.994259
0	0.988519
0	0.979334
0	0.983927
0	0.997704
0	0.962113
0	0.997704
0	0.978186
0	0.977038
0	0.997704
0	0.986223
0	0.982778
0	0.985075
0	0.986223
0	0.980482
0	0.997704
0	0.991963
0	0.978186
0	0.997704
0	0.95752
0	0.996556
0	0.988519
0	0.990815
0	0.974742
0	0.986223
0	0.987371
0	0.985075
0	0.993111
0	0.978186
0	0.972445
0	0.996556
0	0.991963
0	0.987371
0	0.980482
0	0.93915
0	0.997704
0	0.962113
0	0.98163
0	0.93915
0	0.991963
0	0.996556
0	0.962113
0	0.985075
0	0.95752
0	0.996556
0	0.974742
0	0.995408
0	0.962113
0	0.979334
0	0.97589
0	0.977038
0	0.983927
0	0.97589
0	0.988519
0	0.977038
0	0.978186
0	0.996556
0	0.985075
0	0.996556
0	0.983927
0	0.972445
0	0.973594
0	0.978186
0	0.974742
0	0.974742
0	0.989667
0	0.997704
0	0.989667
0	0.979334
0	0.978186
0	0.989667
0	0.990815
0	0.985075
0	0.974742
0	0.989667
0	0.974742
0	0.985075
0	0.991963
0	0.995408
0	0.993111
0	0.978186
0	0.95752
0	0.979334
0	0.974742
0	0.978186
0	0.995408
0	0.983927
0	0.995408
0	0.993111
0	0.993111
0	0.997704
0	0.996556
0	0.978186
0	0.964409
0	0.977038
0	0.97589
0	0.987371
0	0.988519
0	0.996556
0	0.991963
0	0.980482
0	0.997704
0	0.997704
0	0.987371
0	0.973594
0	0.997704
0	0.988519
0	0.983927
0	0.991963
0	0.93915
0	0.996556
0	0.982778
0	0.977038
0	0.995408
0	0.987371
0	0.997704
0	0.98163
0	0.986223
0	0.983927
0	0.98163
0	0.995408
0	0.974742
0	0.983927
0	0.997704
0	0.985075
0	0.988519
0	0.978186
0	0.991963
0	0.93915
0	0.987371
0	0.986223
0	0.982778
0	0.988519
0	0.97589
0	0.988519
0	0.971297
0	0.977038
0	0.98163
0	0.964409
0	0.980482
0	0.978186
0	0.996556
0	0.93915
0	0.97589
0	0.977038
0	0.986223
0	0.982778
0	0.979334
0	0.985075
0	0.997704
0	0.991963
0	0.974742
0	0.97589
0	0.989667
0	0.98163
0	0.982778
0	0.986223
0	0.989667
0	0.995408
0	0.989667
0	0.98163
0	0.977038
0	0.997704
0	0.996556
0	0.93915
0	0.997704
0	0.964409
0	0.983927
0	0.985075
0	0.986223
0	0.980482
0	0.987371
0	0.993111
0	0.989667
0	0.978186
0	0.989667
0	0.997704
0	0.978186
0	0.971297
0	0.997704
0	0.98163
0	0.996556
0	0.977038
0	0.987371
0	0.978186
0	0.97589
0	0.979334
0	0.985075
0	0.989667
0	0.977038
0	0.982778
0	0.93915
0	0.93915
0	0.971297
0	0.997704
0	0.977038
0	0.987371
0	0.995408
0	0.990815
0	0.974742
0	0.985075
0	0.996556
0	0.977038
0	0.97589
0	0.95752
0	0.98163
0	0.996556
0	0.985075
0	0.971297
0	0.980482
0	0.97589
0	0.995408
0	0.982778
0	0.98163
0	0.997704
0	0.964409
0	0.985075
0	0.971297
0	0.989667
0	0.98163
0	0.997704
0	0.978186
0	0.995408
0	0.977038
0	0.982778
0	0.997704
0	0.93915
0	0.986223
0	0.985075
0	0.989667
0	0.982778
0	0.985075
0	0.995408
0	0.990815
0	0.989667
0	0.977038
0	0.977038
0	0.974742
0	0.95752
0	0.969001
0	0.997704
0	0.994259
0	0.991963
0	0.990815
0	0.93915
0	0.977038
0	0.990815
0	0.977038
0	0.997704
0	0.974742
0	0.969001
0	0.969001
0	0.977038
0	0.974742
0	0.978186
0	0.987371
0	0.989667
0	0.98163
0	0.995408
0	0.979334
0	0.985075
0	0.964409
0	0.98163
0	0.987371
0	0.982778
0	0.971297
0	0.995408
0	0.971297
0	0.994259
0	0.986223
0	0.978186
0	0.990815
0	0.980482
0	0.978186
0	0.982778
0	0.983927
0	0.985075
0	0.93915
0	0.997704
0	0.971297
0	0.989667
0	0.97589
0	0.962113
0	0.995408
0	0.988519
0	0.971297
0	0.97589
0	0.979334
0	0.974742
0	0.978186
0	0.991963
0	0.997704
0	0.991963
0	0.980482
0	0.93915
0	0.977038
0	0.997704
0	0.996556
0	0.994259
0	0.987371
0	0.989667
0	0.982778
0	0.985075
0	0.980482
0	0.991963
0	0.980482
0	0.986223
0	0.977038
0	0.986223
0	0.971297
0	0.994259
0	0.989667
0	0.977038
0	0.986223
0	0.978186
0	0.996556
0	0.987371
0	0.996556
0	0.995408
0	0.977038
0	0.977038
0	0.964409
0	0.985075
0	0.962113
0	0.988519
0	0.993111
0	0.97589
0	0.985075
0	0.990815
0	0.996556
0	0.98163
0	0.996556
0	0.98163
0	0.980482
0	0.977038
0	0.996556
0	0.977038
0	0.962113
0	0.990815
0	0.985075
0	0.985075
0	0.995408
0	0.996556
0	0.997704
0	0.983927
0	0.962113
0	0.997704
0	0.997704
0	0.985075
0	0.97589
0	0.974742
0	0.997704
0	0.95752
0	0.985075
0	0.995408
0	0.985075
0	0.991963
0	0.98163
0	0.996556
0	0.986223
0	0.978186
0	0.93915
0	0.995408
0	0.997704
0	0.990815
0	0.978186
0	0.978186
0	0.982778
0	0.977038
0	0.977038
0	0.986223
0	0.994259
0	0.987371
0	0.994259
0	0.97589
0	0.98163
0	0.93915
0	0.990815
0	0.977038
0	0.989667
0	0.969001
0	0.991963
0	0.985075
0	0.993111
0	0.986223
0	0.962113
0	0.978186
0	0.982778
0	0.980482
0	0.977038
0	0.93915
0	0.997704
0	0.997704
0	0.983927
0	0.997704
0	0.980482
0	0.985075
0	0.971297
0	0.990815
0	0.985075
0	0.989667
0	0.974742
0	0.98163
0	0.977038
0	0.98163
0	0.97589
0	0.996556
0	0.98163
0	0.996556
0	0.973594
0	0.986223
0	0.997704
0	0.971297
0	0.990815
0	0.978186
0	0.95752
0	0.997704
0	0.997704
0	0.991963
0	0.988519
0	0.997704
0	0.95752
0	0.997704
0	0.997704
0	0.977038
0	0.971297
0	0.973594
0	0.978186
0	0.993111
0	0.983927
0	0.993111
0	0.985075
0	0.93915
0	0.972445
0	0.988519
0	0.98163
0	0.971297
0	0.964409
0	0.974742
0	0.93915
0	0.977038
0	0.979334
0	0.978186
0	0.987371
0	0.98163
0	0.977038
0	0.985075
0	0.98163
0	0.995408
0	0.991963
0	0.995408
0	0.962113
0	0.996556
0	0.982778
0	0.987371
0	0.986223
0	0.98163
0	0.98163
0	0.990815
0	0.985075
0	0.977038
0	0.987371
0	0.980482
0	0.995408
0	0.990815
0	0.987371
0	0.995408
0	0.982778
0	0.972445
0	0.997704
0	0.978186
0	0.977038
0	0.983927
0	0.977038
0	0.977038
0	0.98163
0	0.93915
0	0.969001
0	0.989667
0	0.973594
0	0.987371
0	0.972445
0	0.973594
0	0.985075
0	0.985075
0	0.980482
0	0.97589
0	0.989667
0	0.994259
0	0.997704
0	0.983927
0	0.93915
0	0.997704
0	0.990815
0	0.991963
0	0.997704
0	0.983927
0	0.97589
0	0.995408
0	0.977038
0	0.991963
0	0.997704
0	0.989667
0	0.996556
0	0.974742
0	0.996556
0	0.98163
0	0.977038
0	0.93915
0	0.973594
0	0.979334
0	0.996556
0	0.997704
0	0.971297
0	0.997704
0	0.964409
0	0.995408
0	0.985075
0	0.996556
0	0.978186
0	0.993111
0	0.991963
0	0.97589
0	0.95752
0	0.996556
0	0.985075
0	0.987371
0	0.996556
0	0.93915
0	0.97589
0	0.985075
0	0.989667
0	0.983927
0	0.971297
0	0.986223
0	0.995408
0	0.98163
0	0.985075
0	0.996556
0	0.95752
0	0.993111
0	0.971297
0	0.989667
0	0.987371
0	0.997704
0	0.980482
0	0.95752
0	0.977038
0	0.991963
0	0.994259
0	0.971297
0	0.98163
0	0.974742
0	0.978186
0	0.977038
0	0.93915
0	0.978186
0	0.990815
0	0.98163
0	0.977038
0	0.991963
0	0.990815
0	0.991963
0	0.995408
0	0.97589
0	0.977038
0	0.977038
0	0.972445
0	0.996556
0	0.994259
0	0.990815
0	0.964409
0	0.985075
0	0.977038
0	0.978186
0	0.971297
0	0.997704
0	0.978186
0	0.997704
0	0.993111
0	0.978186
0	0.97589
0	0.977038
0	0.989667
0	0.997704
0	0.989667
0	0.95752
0	0.980482
0	0.986223
0	0.985075
0	0.997704
0	0.996556
0	0.982778
0	0.98163
0	0.996556
0	0.97589
0	0.997704
0	0.980482
0	0.978186
0	0.985075
0	0.977038
0	0.977038
0	0.98163
0	0.969001
0	0.977038
0	0.95752
0	0.977038
0	0.989667
0	0.982778
0	0.971297
0	0.974742
0	0.978186
0	0.977038
0	0.996556
0	0.971297
0	0.962113
0	0.971297
0	0.982778
0	0.990815
0	0.987371
0	0.971297
0	0.997704
0	0.987371
0	0.996556
0	0.988519
0	0.93915
0	0.971297
0	0.989667
0	0.964409
0	0.977038
0	0.983927
0	0.95752
0	0.994259
0	0.995408
0	0.978186
0	0.980482
0	0.978186
0	0.995408
0	0.996556
0	0.93915
0	0.95752
0	0.985075
0	0.98163
0	0.93915
0	0.989667
0	0.993111
0	0.93915
0	0.997704
0	0.990815
0	0.974742
0	0.972445
0	0.982778
0	0.990815
0	0.997704
0	0.93915
0	0.986223
0	0.980482
0	0.978186
0	0.979334
0	0.996556
0	0.988519
0	0.997704
0	0.95752
0	0.978186
0	0.973594
0	0.974742
0	0.986223
0	0.971297
0	0.977038
0	0.977038
0	0.996556
0	0.987371
0	0.977038
0	0.978186
0	0.98163
0	0.964409
0	0.990815
0	0.983927
0	0.990815
0	0.994259
0	0.978186
0	0.978186
0	0.993111
0	0.989667
0	0.987371
0	0.982778
0	0.996556
0	0.977038
0	0.997704
0	0.994259
0	0.995408
0	0.978186
0	0.987371
0	0.980482


