# Persistence diagram <GML/0595.gml>
#
# Dimension   : 0
# Entries     : 1231
# Betti number: 5
0	inf
0	0.985737
0	0.993661
0	0.988906
0	0.988114
0	0.993661
0	0.989699
0	0.988114
0	0.981775
0	0.997623
0	0.991284
0	0.988906
0	0.998415
0	0.992868
0	0.992868
0	0.991284
0	0.991284
0	0.996038
0	0.973851
0	0.988114
0	0.984945
0	0.981775
0	0.99683
0	0.99683
0	0.996038
0	0.970681
0	0.997623
0	0.989699
0	0.994453
0	0.970681
0	0.996038
0	0.98336
0	0.98336
0	0.98336
0	0.970681
0	0.989699
0	0.997623
0	0.98336
0	0.990491
0	0.988906
0	0.970681
0	0.992076
0	0.98336
0	0.980983
0	0.995246
0	0.984945
0	0.985737
0	0.988114
0	0.994453
0	0.998415
0	0.985737
0	0.970681
0	0.993661
0	0.984152
0	0.994453
0	0.998415
0	0.973851
0	0.970681
0	0.991284
0	0.989699
0	0.984152
0	0.974643
0	0.985737
0	0.989699
0	0.991284
0	0.989699
0	0.988906
0	0.988114
0	0.988906
0	0.997623
0	0.973851
0	0.990491
0	0.973851
0	0.994453
0	0.988114
0	0.996038
0	0.993661
0	0.973851
0	0.980983
0	0.998415
0	0.993661
0	0.981775
0	0.985737
0	0.98336
0	0.99683
0	0.988114
0	0.993661
0	0.998415
0	0.986529
0	0.980983
0	0.997623
0	0.980983
0	0.998415
0	0.997623
0	inf
0	0.991284
0	0.984945
0	0.991284
0	0.980983
0	0.988906
0	0.985737
0	0.980983
0	0.985737
0	0.991284
0	0.984945
0	0.996038
0	0.998415
0	0.980983
0	0.985737
0	0.988114
0	0.998415
0	0.970681
0	0.995246
0	0.991284
0	0.980983
0	0.997623
0	0.991284
0	0.994453
0	0.970681
0	0.993661
0	0.996038
0	0.997623
0	0.984945
0	0.998415
0	0.981775
0	0.981775
0	0.991284
0	0.993661
0	0.991284
0	0.973851
0	0.980983
0	0.980983
0	0.980983
0	0.973851
0	0.984945
0	0.994453
0	0.993661
0	0.997623
0	0.992868
0	0.990491
0	0.988906
0	0.988906
0	0.992076
0	0.991284
0	0.974643
0	0.990491
0	0.984945
0	0.986529
0	0.988906
0	0.997623
0	0.996038
0	0.998415
0	0.993661
0	0.998415
0	0.988906
0	0.992076
0	0.993661
0	0.988114
0	0.988114
0	0.992868
0	0.980983
0	0.994453
0	0.989699
0	0.995246
0	0.998415
0	0.99683
0	0.984945
0	0.993661
0	0.988906
0	0.990491
0	0.996038
0	0.996038
0	0.985737
0	0.99683
0	0.974643
0	0.998415
0	0.998415
0	0.988906
0	0.985737
0	0.991284
0	0.996038
0	0.988906
0	0.992868
0	0.989699
0	0.992076
0	0.988906
0	0.986529
0	0.994453
0	0.99683
0	0.99683
0	0.997623
0	0.99683
0	0.992076
0	0.973851
0	0.99683
0	0.992076
0	0.973851
0	0.996038
0	0.998415
0	0.997623
0	0.99683
0	0.99683
0	0.992868
0	0.998415
0	0.992076
0	0.997623
0	0.984152
0	0.984945
0	0.995246
0	0.989699
0	0.990491
0	0.995246
0	0.991284
0	0.988906
0	0.988906
0	0.989699
0	0.988906
0	0.995246
0	0.980983
0	0.991284
0	0.998415
0	0.992076
0	0.992076
0	0.98336
0	0.993661
0	0.970681
0	0.991284
0	0.994453
0	0.997623
0	0.984945
0	0.992076
0	0.995246
0	0.989699
0	0.992868
0	0.981775
0	0.991284
0	0.990491
0	0.984152
0	0.993661
0	0.970681
0	0.997623
0	0.98336
0	0.988906
0	0.992868
0	0.992868
0	0.986529
0	0.989699
0	0.996038
0	0.973851
0	0.970681
0	0.996038
0	0.994453
0	0.985737
0	0.992076
0	0.989699
0	0.988906
0	0.985737
0	0.994453
0	0.990491
0	0.997623
0	0.988114
0	0.985737
0	0.99683
0	0.994453
0	0.98336
0	0.998415
0	0.996038
0	0.993661
0	0.980983
0	0.995246
0	0.998415
0	0.993661
0	0.998415
0	0.997623
0	0.994453
0	0.988906
0	0.984945
0	0.989699
0	0.997623
0	0.996038
0	0.985737
0	0.974643
0	0.995246
0	0.988114
0	0.974643
0	0.989699
0	0.988114
0	0.98336
0	0.991284
0	0.996038
0	0.991284
0	0.998415
0	0.98336
0	0.997623
0	0.98336
0	0.984945
0	0.984945
0	0.980983
0	0.992076
0	0.984152
0	0.995246
0	0.988114
0	0.99683
0	0.998415
0	0.995246
0	0.99683
0	0.993661
0	0.998415
0	0.994453
0	0.998415
0	0.995246
0	0.985737
0	0.993661
0	0.984152
0	0.995246
0	0.992868
0	0.996038
0	0.990491
0	0.992076
0	0.998415
0	0.998415
0	0.974643
0	0.99683
0	0.988114
0	0.992076
0	0.995246
0	0.988906
0	0.991284
0	0.981775
0	0.997623
0	0.98336
0	0.984152
0	0.973851
0	0.984152
0	0.991284
0	0.996038
0	0.996038
0	0.980983
0	0.996038
0	0.988906
0	0.988114
0	0.985737
0	0.996038
0	0.988906
0	0.985737
0	0.993661
0	0.988114
0	0.997623
0	0.998415
0	0.98336
0	0.994453
0	0.998415
0	0.992076
0	0.998415
0	0.984945
0	0.988114
0	0.998415
0	0.989699
0	0.995246
0	0.996038
0	0.992076
0	0.992076
0	0.998415
0	0.995246
0	0.998415
0	0.996038
0	0.98336
0	0.989699
0	0.989699
0	0.985737
0	0.980983
0	0.991284
0	0.991284
0	0.998415
0	0.981775
0	0.997623
0	0.988114
0	0.980983
0	0.997623
0	0.988906
0	0.984945
0	0.985737
0	0.993661
0	0.980983
0	0.99683
0	0.986529
0	0.997623
0	0.990491
0	0.973851
0	0.98336
0	0.992076
0	0.988114
0	0.997623
0	0.998415
0	0.988906
0	0.990491
0	0.970681
0	0.98336
0	0.994453
0	0.986529
0	0.992076
0	0.988114
0	0.985737
0	0.985737
0	0.997623
0	0.986529
0	0.990491
0	0.970681
0	0.998415
0	0.99683
0	0.973851
0	0.995246
0	0.984152
0	0.98336
0	0.993661
0	0.998415
0	0.974643
0	0.991284
0	0.970681
0	0.984945
0	0.98336
0	0.988114
0	0.989699
0	0.998415
0	0.988906
0	0.991284
0	0.988906
0	0.998415
0	0.998415
0	0.985737
0	0.980983
0	0.997623
0	0.995246
0	0.995246
0	0.992076
0	0.98336
0	0.988906
0	0.997623
0	0.990491
0	0.997623
0	0.991284
0	0.988906
0	0.989699
0	0.992868
0	0.995246
0	0.970681
0	0.989699
0	0.993661
0	0.992868
0	0.996038
0	0.98336
0	0.970681
0	0.98336
0	0.988114
0	0.988114
0	0.993661
0	0.998415
0	0.98336
0	0.985737
0	0.992076
0	0.992076
0	0.997623
0	0.995246
0	0.99683
0	0.980983
0	0.988906
0	0.991284
0	0.991284
0	0.998415
0	0.98336
0	inf
0	0.988906
0	0.998415
0	0.998415
0	inf
0	0.974643
0	0.985737
0	0.997623
0	0.998415
0	0.994453
0	0.990491
0	0.970681
0	0.974643
0	0.997623
0	0.988906
0	0.988114
0	0.990491
0	0.998415
0	0.986529
0	0.990491
0	0.997623
0	0.98336
0	0.998415
0	0.98336
0	0.984945
0	0.992076
0	0.992076
0	0.998415
0	0.998415
0	0.996038
0	0.98336
0	0.995246
0	0.99683
0	0.998415
0	0.992868
0	0.988906
0	0.985737
0	0.988906
0	0.980983
0	0.99683
0	0.984945
0	0.993661
0	0.988114
0	0.985737
0	0.995246
0	0.988114
0	0.988114
0	0.988114
0	0.99683
0	0.997623
0	0.988114
0	0.980983
0	0.988906
0	0.980983
0	0.989699
0	0.995246
0	0.998415
0	0.98336
0	0.998415
0	0.970681
0	0.985737
0	0.998415
0	0.995246
0	0.986529
0	0.993661
0	0.986529
0	0.991284
0	0.991284
0	0.993661
0	0.996038
0	0.989699
0	0.998415
0	0.990491
0	0.985737
0	0.99683
0	0.988114
0	0.980983
0	0.985737
0	0.984152
0	0.997623
0	0.993661
0	0.996038
0	0.984945
0	0.994453
0	0.989699
0	0.998415
0	0.998415
0	0.991284
0	0.993661
0	0.99683
0	0.980983
0	0.970681
0	0.980983
0	0.988906
0	0.99683
0	0.981775
0	0.984152
0	0.980983
0	0.992076
0	0.995246
0	0.998415
0	0.992076
0	0.974643
0	0.984152
0	0.970681
0	0.974643
0	0.988906
0	0.985737
0	0.998415
0	0.988906
0	0.984152
0	0.996038
0	0.984945
0	0.985737
0	0.996038
0	0.991284
0	0.997623
0	0.998415
0	0.984945
0	0.974643
0	0.981775
0	0.980983
0	0.988906
0	0.994453
0	0.988906
0	0.984945
0	0.997623
0	0.985737
0	0.970681
0	0.980983
0	0.994453
0	0.994453
0	0.995246
0	0.996038
0	0.995246
0	0.995246
0	0.994453
0	0.997623
0	0.997623
0	0.998415
0	0.993661
0	0.988906
0	0.98336
0	0.99683
0	0.974643
0	0.998415
0	0.974643
0	0.996038
0	0.970681
0	0.985737
0	0.992868
0	0.980983
0	0.995246
0	0.973851
0	0.998415
0	0.988906
0	0.980983
0	0.996038
0	0.988114
0	0.984152
0	0.993661
0	0.980983
0	0.992076
0	0.996038
0	0.988114
0	0.988906
0	0.980983
0	0.985737
0	0.990491
0	0.984945
0	0.997623
0	0.997623
0	0.993661
0	0.984945
0	0.993661
0	0.998415
0	0.996038
0	0.985737
0	0.998415
0	0.993661
0	0.974643
0	0.988906
0	0.984945
0	0.996038
0	0.993661
0	0.998415
0	0.980983
0	0.985737
0	0.991284
0	0.985737
0	0.989699
0	0.990491
0	0.997623
0	0.973851
0	0.984945
0	0.981775
0	0.991284
0	0.970681
0	0.985737
0	0.995246
0	0.989699
0	0.984945
0	0.988906
0	0.98336
0	0.990491
0	0.973851
0	0.997623
0	0.985737
0	0.970681
0	0.988114
0	0.997623
0	0.988906
0	0.990491
0	0.988114
0	0.998415
0	0.984945
0	0.997623
0	0.996038
0	0.993661
0	0.985737
0	0.984945
0	0.984152
0	0.996038
0	0.993661
0	0.998415
0	0.996038
0	0.99683
0	0.992868
0	0.996038
0	0.970681
0	0.996038
0	0.992076
0	0.98336
0	0.992076
0	0.996038
0	0.99683
0	0.980983
0	0.995246
0	0.99683
0	0.984945
0	0.998415
0	0.997623
0	0.996038
0	0.974643
0	0.973851
0	0.990491
0	0.970681
0	0.988114
0	0.996038
0	0.990491
0	0.991284
0	0.998415
0	0.992076
0	0.973851
0	0.991284
0	0.991284
0	0.990491
0	0.996038
0	0.992076
0	0.984152
0	0.997623
0	0.973851
0	0.994453
0	0.998415
0	0.998415
0	0.992076
0	0.997623
0	0.991284
0	0.989699
0	0.996038
0	0.992076
0	0.990491
0	0.989699
0	0.998415
0	0.984152
0	0.994453
0	0.98336
0	0.998415
0	0.970681
0	0.990491
0	0.993661
0	0.988906
0	0.984945
0	0.981775
0	0.988906
0	0.992076
0	0.993661
0	0.974643
0	0.988114
0	0.995246
0	0.98336
0	0.998415
0	0.98336
0	0.998415
0	0.985737
0	0.993661
0	0.981775
0	0.991284
0	0.985737
0	0.993661
0	0.998415
0	0.993661
0	0.992076
0	0.989699
0	0.991284
0	0.991284
0	0.990491
0	0.997623
0	0.988114
0	0.985737
0	0.985737
0	0.980983
0	0.98336
0	0.995246
0	0.998415
0	0.984152
0	0.98336
0	0.988906
0	0.992076
0	0.984945
0	0.996038
0	0.974643
0	0.998415
0	0.988114
0	0.998415
0	0.973851
0	0.994453
0	0.970681
0	0.998415
0	0.991284
0	0.988114
0	0.988906
0	0.980983
0	0.985737
0	0.985737
0	0.998415
0	0.988906
0	0.995246
0	0.991284
0	0.991284
0	0.970681
0	0.995246
0	0.988906
0	0.996038
0	0.986529
0	0.993661
0	0.980983
0	0.994453
0	0.992868
0	0.989699
0	0.973851
0	0.998415
0	0.980983
0	0.996038
0	0.997623
0	0.991284
0	0.991284
0	0.998415
0	0.995246
0	0.986529
0	0.988114
0	0.98336
0	0.992868
0	0.994453
0	0.988906
0	0.989699
0	0.996038
0	0.993661
0	0.991284
0	0.986529
0	0.988906
0	0.985737
0	0.998415
0	0.974643
0	0.984945
0	0.985737
0	0.984945
0	0.991284
0	0.996038
0	0.997623
0	0.980983
0	0.997623
0	0.984152
0	0.985737
0	0.991284
0	0.99683
0	0.973851
0	0.997623
0	0.994453
0	0.994453
0	0.998415
0	0.997623
0	0.997623
0	0.997623
0	0.993661
0	0.995246
0	0.981775
0	0.985737
0	0.985737
0	0.989699
0	0.991284
0	0.990491
0	0.984152
0	0.998415
0	0.997623
0	0.985737
0	0.995246
0	0.985737
0	0.995246
0	0.989699
0	0.984152
0	0.992868
0	0.985737
0	0.994453
0	0.989699
0	0.98336
0	0.996038
0	0.980983
0	0.993661
0	0.992076
0	0.992076
0	0.993661
0	0.998415
0	0.980983
0	0.996038
0	0.998415
0	0.984152
0	0.970681
0	0.990491
0	0.988906
0	0.997623
0	0.995246
0	0.997623
0	0.98336
0	0.988906
0	0.998415
0	0.994453
0	0.993661
0	0.984945
0	0.988906
0	0.996038
0	0.998415
0	0.991284
0	0.98336
0	0.990491
0	0.974643
0	0.995246
0	0.988906
0	0.980983
0	0.992076
0	0.996038
0	0.997623
0	0.984152
0	0.988114
0	0.997623
0	0.98336
0	0.990491
0	0.985737
0	0.998415
0	0.997623
0	0.998415
0	0.980983
0	0.998415
0	0.995246
0	0.988114
0	0.998415
0	0.984152
0	0.988114
0	0.974643
0	0.993661
0	0.991284
0	0.998415
0	0.980983
0	0.995246
0	0.994453
0	0.991284
0	0.988906
0	0.98336
0	0.997623
0	0.988114
0	0.98336
0	0.998415
0	0.992076
0	0.989699
0	0.99683
0	0.995246
0	0.992868
0	0.994453
0	0.991284
0	0.99683
0	0.992868
0	0.989699
0	0.970681
0	0.99683
0	0.996038
0	0.988114
0	0.989699
0	0.995246
0	0.997623
0	0.992076
0	0.992076
0	0.99683
0	0.99683
0	0.992076
0	0.991284
0	0.993661
0	0.995246
0	0.984152
0	0.991284
0	0.970681
0	inf
0	0.980983
0	0.992076
0	0.974643
0	0.988906
0	0.988114
0	0.98336
0	0.997623
0	0.998415
0	0.981775
0	0.998415
0	0.992868
0	0.995246
0	0.996038
0	0.985737
0	0.984945
0	0.988906
0	0.991284
0	0.996038
0	0.991284
0	0.989699
0	0.996038
0	0.998415
0	0.993661
0	0.985737
0	0.988114
0	0.998415
0	0.990491
0	0.991284
0	0.991284
0	0.998415
0	0.988906
0	0.998415
0	0.995246
0	0.999208
0	0.990491
0	0.992076
0	0.984945
0	0.974643
0	0.988906
0	0.992076
0	0.997623
0	0.98336
0	0.974643
0	0.980983
0	0.997623
0	0.980983
0	0.985737
0	0.992076
0	0.984152
0	0.988114
0	0.985737
0	0.988114
0	0.988906
0	0.997623
0	0.988906
0	0.995246
0	0.991284
0	0.990491
0	0.984945
0	0.988906
0	0.99683
0	0.988114
0	0.985737
0	0.997623
0	0.998415
0	0.996038
0	0.988114
0	0.996038
0	0.992076
0	0.992076
0	0.988906
0	0.980983
0	0.994453
0	0.988906
0	0.988114
0	0.988114
0	0.988906
0	0.985737
0	0.989699
0	0.991284
0	0.99683
0	0.988114
0	0.985737
0	0.997623
0	0.995246
0	0.998415
0	0.988906
0	0.997623
0	0.996038
0	0.973851
0	0.984945
0	0.980983
0	0.990491
0	0.992076
0	0.995246
0	0.995246
0	0.985737
0	0.988114
0	0.988114
0	0.988906
0	0.985737
0	0.996038
0	0.973851
0	0.988114
0	0.980983
0	0.988906
0	0.973851
0	0.995246
0	0.992076
0	0.980983
0	0.998415
0	0.991284
0	0.984945
0	0.988906
0	0.997623
0	0.970681
0	0.998415
0	0.993661
0	0.980983
0	0.997623
0	0.988114
0	0.991284
0	0.984152
0	0.970681
0	0.988906
0	0.991284
0	0.998415
0	0.989699
0	0.995246
0	0.988906
0	0.980983
0	0.988906
0	0.984152
0	0.990491
0	0.993661
0	0.984945
0	0.995246
0	0.988114
0	0.99683
0	0.988114
0	0.994453
0	0.989699
0	0.980983
0	0.991284
0	0.996038
0	0.993661
0	0.980983
0	0.992076
0	0.985737
0	0.980983
0	0.990491
0	0.988906
0	0.980983
0	0.985737
0	0.988906
0	0.996038
0	0.994453
0	0.992868
0	0.988114
0	0.990491
0	0.995246
0	0.988906
0	0.991284
0	0.992076
0	0.988114
0	0.992076
0	0.988906
0	0.996038
0	0.993661
0	0.996038
0	0.973851
0	0.988906
0	0.984945
0	0.980983
0	0.997623
0	0.997623
0	0.997623
0	0.980983
0	0.997623
0	0.974643
0	0.988114
0	0.997623
0	0.994453
0	0.996038
0	0.985737
0	0.997623
0	0.990491
0	0.996038
0	0.988906
0	0.99683
0	0.995246
0	0.988906
0	0.996038
0	0.997623
0	0.989699
0	0.988114
0	0.998415
0	0.98336
0	0.985737
0	0.992076
0	0.988906
0	0.989699
0	0.992076
0	0.980983
0	0.990491
0	0.973851
0	0.992076
0	0.988114
0	0.989699
0	0.994453
0	0.998415
0	0.970681
0	0.988906
0	0.990491
0	0.980983
0	0.989699
0	0.99683
0	0.997623
0	0.985737
0	0.993661
0	0.99683
0	0.98336
0	0.994453
0	0.988114
0	0.988906
0	0.989699
0	0.985737
0	0.985737
0	0.990491
0	0.998415
0	0.974643
0	0.988114
0	0.997623
0	0.970681
0	0.994453
0	0.988906
0	0.994453
0	0.988906
0	0.996038
0	0.994453
0	0.98336
0	0.988114
0	0.988114
0	0.998415
0	0.998415
0	0.998415
0	0.988114
0	0.998415
0	0.996038
0	0.992076


