# Persistence diagram <GML/0597.gml>
#
# Dimension   : 1
# Entries     : 213
# Betti number: 213
0.959807	inf
0.959807	inf
0.959807	inf
0.969453	inf
0.969453	inf
0.969453	inf
0.971061	inf
0.972669	inf
0.972669	inf
0.972669	inf
0.972669	inf
0.972669	inf
0.974277	inf
0.974277	inf
0.974277	inf
0.974277	inf
0.974277	inf
0.974277	inf
0.974277	inf
0.974277	inf
0.974277	inf
0.977492	inf
0.977492	inf
0.977492	inf
0.977492	inf
0.977492	inf
0.977492	inf
0.977492	inf
0.977492	inf
0.977492	inf
0.977492	inf
0.977492	inf
0.977492	inf
0.9791	inf
0.9791	inf
0.9791	inf
0.9791	inf
0.9791	inf
0.980707	inf
0.982315	inf
0.982315	inf
0.982315	inf
0.982315	inf
0.982315	inf
0.983923	inf
0.983923	inf
0.983923	inf
0.983923	inf
0.983923	inf
0.983923	inf
0.983923	inf
0.985531	inf
0.985531	inf
0.985531	inf
0.985531	inf
0.985531	inf
0.985531	inf
0.985531	inf
0.985531	inf
0.985531	inf
0.985531	inf
0.985531	inf
0.985531	inf
0.985531	inf
0.985531	inf
0.985531	inf
0.985531	inf
0.985531	inf
0.987138	inf
0.987138	inf
0.987138	inf
0.987138	inf
0.987138	inf
0.987138	inf
0.987138	inf
0.987138	inf
0.987138	inf
0.987138	inf
0.987138	inf
0.988746	inf
0.988746	inf
0.988746	inf
0.988746	inf
0.988746	inf
0.988746	inf
0.988746	inf
0.988746	inf
0.990354	inf
0.990354	inf
0.990354	inf
0.990354	inf
0.990354	inf
0.990354	inf
0.990354	inf
0.990354	inf
0.990354	inf
0.990354	inf
0.990354	inf
0.990354	inf
0.990354	inf
0.990354	inf
0.990354	inf
0.990354	inf
0.990354	inf
0.990354	inf
0.990354	inf
0.990354	inf
0.990354	inf
0.990354	inf
0.990354	inf
0.990354	inf
0.991961	inf
0.991961	inf
0.991961	inf
0.991961	inf
0.991961	inf
0.991961	inf
0.991961	inf
0.991961	inf
0.991961	inf
0.991961	inf
0.991961	inf
0.991961	inf
0.991961	inf
0.991961	inf
0.991961	inf
0.993569	inf
0.993569	inf
0.993569	inf
0.993569	inf
0.993569	inf
0.993569	inf
0.993569	inf
0.993569	inf
0.993569	inf
0.993569	inf
0.993569	inf
0.993569	inf
0.993569	inf
0.993569	inf
0.993569	inf
0.993569	inf
0.993569	inf
0.993569	inf
0.993569	inf
0.993569	inf
0.993569	inf
0.993569	inf
0.993569	inf
0.993569	inf
0.993569	inf
0.993569	inf
0.993569	inf
0.993569	inf
0.993569	inf
0.993569	inf
0.993569	inf
0.993569	inf
0.993569	inf
0.993569	inf
0.993569	inf
0.993569	inf
0.993569	inf
0.993569	inf
0.993569	inf
0.993569	inf
0.993569	inf
0.995177	inf
0.995177	inf
0.995177	inf
0.995177	inf
0.995177	inf
0.995177	inf
0.995177	inf
0.995177	inf
0.995177	inf
0.995177	inf
0.995177	inf
0.995177	inf
0.995177	inf
0.995177	inf
0.995177	inf
0.995177	inf
0.995177	inf
0.995177	inf
0.995177	inf
0.995177	inf
0.995177	inf
0.995177	inf
0.995177	inf
0.995177	inf
0.995177	inf
0.995177	inf
0.995177	inf
0.996785	inf
0.996785	inf
0.996785	inf
0.996785	inf
0.996785	inf
0.996785	inf
0.996785	inf
0.996785	inf
0.996785	inf
0.996785	inf
0.996785	inf
0.996785	inf
0.996785	inf
0.996785	inf
0.996785	inf
0.996785	inf
0.996785	inf
0.996785	inf
0.996785	inf
