# Persistence diagram <GML/0601.gml>
#
# Dimension   : 1
# Entries     : 266
# Betti number: 266
0.938644	inf
0.946179	inf
0.946179	inf
0.959096	inf
0.959096	inf
0.968784	inf
0.972013	inf
0.974166	inf
0.975242	inf
0.975242	inf
0.975242	inf
0.975242	inf
0.975242	inf
0.975242	inf
0.978471	inf
0.978471	inf
0.979548	inf
0.979548	inf
0.979548	inf
0.980624	inf
0.980624	inf
0.980624	inf
0.980624	inf
0.980624	inf
0.980624	inf
0.981701	inf
0.981701	inf
0.981701	inf
0.981701	inf
0.982777	inf
0.982777	inf
0.982777	inf
0.983854	inf
0.98493	inf
0.98493	inf
0.98493	inf
0.98493	inf
0.98493	inf
0.98493	inf
0.98493	inf
0.986006	inf
0.986006	inf
0.986006	inf
0.987083	inf
0.987083	inf
0.987083	inf
0.987083	inf
0.987083	inf
0.987083	inf
0.987083	inf
0.987083	inf
0.987083	inf
0.988159	inf
0.988159	inf
0.988159	inf
0.988159	inf
0.988159	inf
0.988159	inf
0.988159	inf
0.988159	inf
0.988159	inf
0.989236	inf
0.989236	inf
0.989236	inf
0.989236	inf
0.989236	inf
0.989236	inf
0.989236	inf
0.989236	inf
0.989236	inf
0.990312	inf
0.990312	inf
0.990312	inf
0.990312	inf
0.990312	inf
0.990312	inf
0.990312	inf
0.990312	inf
0.990312	inf
0.990312	inf
0.990312	inf
0.990312	inf
0.990312	inf
0.990312	inf
0.990312	inf
0.990312	inf
0.990312	inf
0.991389	inf
0.991389	inf
0.991389	inf
0.991389	inf
0.991389	inf
0.991389	inf
0.991389	inf
0.991389	inf
0.991389	inf
0.991389	inf
0.991389	inf
0.991389	inf
0.991389	inf
0.991389	inf
0.991389	inf
0.991389	inf
0.991389	inf
0.991389	inf
0.991389	inf
0.991389	inf
0.991389	inf
0.991389	inf
0.991389	inf
0.991389	inf
0.991389	inf
0.991389	inf
0.991389	inf
0.992465	inf
0.992465	inf
0.992465	inf
0.992465	inf
0.992465	inf
0.992465	inf
0.992465	inf
0.992465	inf
0.992465	inf
0.992465	inf
0.992465	inf
0.993541	inf
0.993541	inf
0.993541	inf
0.993541	inf
0.993541	inf
0.993541	inf
0.993541	inf
0.993541	inf
0.993541	inf
0.993541	inf
0.993541	inf
0.993541	inf
0.993541	inf
0.993541	inf
0.993541	inf
0.993541	inf
0.993541	inf
0.993541	inf
0.993541	inf
0.993541	inf
0.993541	inf
0.993541	inf
0.993541	inf
0.994618	inf
0.994618	inf
0.994618	inf
0.994618	inf
0.994618	inf
0.994618	inf
0.994618	inf
0.994618	inf
0.994618	inf
0.994618	inf
0.994618	inf
0.994618	inf
0.994618	inf
0.994618	inf
0.994618	inf
0.994618	inf
0.995694	inf
0.995694	inf
0.995694	inf
0.995694	inf
0.995694	inf
0.995694	inf
0.995694	inf
0.995694	inf
0.995694	inf
0.995694	inf
0.995694	inf
0.995694	inf
0.995694	inf
0.995694	inf
0.995694	inf
0.995694	inf
0.995694	inf
0.995694	inf
0.995694	inf
0.995694	inf
0.995694	inf
0.995694	inf
0.995694	inf
0.995694	inf
0.995694	inf
0.995694	inf
0.995694	inf
0.995694	inf
0.995694	inf
0.995694	inf
0.995694	inf
0.995694	inf
0.995694	inf
0.995694	inf
0.995694	inf
0.995694	inf
0.995694	inf
0.995694	inf
0.995694	inf
0.995694	inf
0.995694	inf
0.995694	inf
0.995694	inf
0.995694	inf
0.995694	inf
0.995694	inf
0.996771	inf
0.996771	inf
0.996771	inf
0.996771	inf
0.996771	inf
0.996771	inf
0.996771	inf
0.996771	inf
0.996771	inf
0.996771	inf
0.996771	inf
0.996771	inf
0.996771	inf
0.996771	inf
0.996771	inf
0.996771	inf
0.996771	inf
0.996771	inf
0.996771	inf
0.996771	inf
0.996771	inf
0.996771	inf
0.996771	inf
0.996771	inf
0.996771	inf
0.996771	inf
0.996771	inf
0.997847	inf
0.997847	inf
0.997847	inf
0.997847	inf
0.997847	inf
0.997847	inf
0.997847	inf
0.997847	inf
0.997847	inf
0.997847	inf
0.997847	inf
0.997847	inf
0.997847	inf
0.997847	inf
0.997847	inf
0.997847	inf
0.997847	inf
0.997847	inf
0.997847	inf
0.997847	inf
0.997847	inf
0.997847	inf
0.997847	inf
0.997847	inf
0.997847	inf
0.997847	inf
0.997847	inf
0.997847	inf
0.997847	inf
