# Persistence diagram <GML/0602.gml>
#
# Dimension   : 1
# Entries     : 161
# Betti number: 161
0.982521	inf
0.982521	inf
0.982521	inf
0.982521	inf
0.986229	inf
0.986229	inf
0.989936	inf
0.989936	inf
0.989936	inf
0.989936	inf
0.990466	inf
0.990466	inf
0.990466	inf
0.990996	inf
0.990996	inf
0.990996	inf
0.993114	inf
0.993114	inf
0.993114	inf
0.993114	inf
0.993114	inf
0.993644	inf
0.993644	inf
0.993644	inf
0.993644	inf
0.993644	inf
0.993644	inf
0.993644	inf
0.993644	inf
0.993644	inf
0.993644	inf
0.994174	inf
0.994174	inf
0.994174	inf
0.994703	inf
0.994703	inf
0.994703	inf
0.994703	inf
0.994703	inf
0.994703	inf
0.994703	inf
0.994703	inf
0.994703	inf
0.994703	inf
0.994703	inf
0.994703	inf
0.994703	inf
0.994703	inf
0.995233	inf
0.995233	inf
0.995233	inf
0.995233	inf
0.995233	inf
0.995233	inf
0.995233	inf
0.995233	inf
0.995233	inf
0.995233	inf
0.995233	inf
0.995233	inf
0.995233	inf
0.995233	inf
0.995233	inf
0.995233	inf
0.995233	inf
0.995233	inf
0.995233	inf
0.995233	inf
0.995763	inf
0.995763	inf
0.995763	inf
0.995763	inf
0.995763	inf
0.996292	inf
0.996292	inf
0.996292	inf
0.996292	inf
0.996292	inf
0.996292	inf
0.996292	inf
0.996292	inf
0.996292	inf
0.996292	inf
0.996822	inf
0.996822	inf
0.996822	inf
0.996822	inf
0.996822	inf
0.996822	inf
0.996822	inf
0.996822	inf
0.996822	inf
0.996822	inf
0.996822	inf
0.996822	inf
0.997352	inf
0.997352	inf
0.997352	inf
0.997352	inf
0.997352	inf
0.997352	inf
0.997352	inf
0.997352	inf
0.997352	inf
0.997352	inf
0.997352	inf
0.997352	inf
0.997881	inf
0.997881	inf
0.997881	inf
0.997881	inf
0.997881	inf
0.997881	inf
0.997881	inf
0.997881	inf
0.997881	inf
0.997881	inf
0.997881	inf
0.997881	inf
0.997881	inf
0.997881	inf
0.997881	inf
0.997881	inf
0.997881	inf
0.997881	inf
0.997881	inf
0.997881	inf
0.997881	inf
0.997881	inf
0.997881	inf
0.998411	inf
0.998411	inf
0.998411	inf
0.998411	inf
0.998411	inf
0.998411	inf
0.998411	inf
0.998411	inf
0.998411	inf
0.998411	inf
0.998411	inf
0.998411	inf
0.998941	inf
0.998941	inf
0.998941	inf
0.998941	inf
0.998941	inf
0.998941	inf
0.998941	inf
0.998941	inf
0.998941	inf
0.998941	inf
0.998941	inf
0.998941	inf
0.998941	inf
0.998941	inf
0.998941	inf
0.998941	inf
0.998941	inf
0.998941	inf
0.998941	inf
