# Persistence diagram <GML/0607.gml>
#
# Dimension   : 1
# Entries     : 37
# Betti number: 37
0.857143	inf
0.89011	inf
0.901099	inf
0.912088	inf
0.912088	inf
0.923077	inf
0.923077	inf
0.923077	inf
0.923077	inf
0.923077	inf
0.923077	inf
0.934066	inf
0.934066	inf
0.934066	inf
0.934066	inf
0.945055	inf
0.945055	inf
0.956044	inf
0.956044	inf
0.956044	inf
0.956044	inf
0.956044	inf
0.956044	inf
0.956044	inf
0.956044	inf
0.967033	inf
0.967033	inf
0.967033	inf
0.967033	inf
0.967033	inf
0.967033	inf
0.967033	inf
0.967033	inf
0.967033	inf
0.967033	inf
0.978022	inf
0.978022	inf
