# Persistence diagram <GML/0611.gml>
#
# Dimension   : 1
# Entries     : 190
# Betti number: 190
0.973214	inf
0.974702	inf
0.974702	inf
0.974702	inf
0.974702	inf
0.974702	inf
0.974702	inf
0.974702	inf
0.974702	inf
0.974702	inf
0.979167	inf
0.980655	inf
0.980655	inf
0.980655	inf
0.980655	inf
0.980655	inf
0.980655	inf
0.980655	inf
0.982143	inf
0.983631	inf
0.983631	inf
0.983631	inf
0.983631	inf
0.983631	inf
0.985119	inf
0.985119	inf
0.985119	inf
0.985119	inf
0.985119	inf
0.985119	inf
0.985119	inf
0.985119	inf
0.985119	inf
0.985119	inf
0.985119	inf
0.985119	inf
0.985119	inf
0.985119	inf
0.985119	inf
0.985119	inf
0.985119	inf
0.985119	inf
0.985119	inf
0.986607	inf
0.986607	inf
0.986607	inf
0.986607	inf
0.986607	inf
0.986607	inf
0.986607	inf
0.986607	inf
0.988095	inf
0.988095	inf
0.988095	inf
0.988095	inf
0.988095	inf
0.988095	inf
0.988095	inf
0.989583	inf
0.989583	inf
0.989583	inf
0.989583	inf
0.989583	inf
0.989583	inf
0.989583	inf
0.989583	inf
0.989583	inf
0.989583	inf
0.989583	inf
0.989583	inf
0.989583	inf
0.991071	inf
0.991071	inf
0.991071	inf
0.991071	inf
0.991071	inf
0.991071	inf
0.991071	inf
0.991071	inf
0.991071	inf
0.991071	inf
0.991071	inf
0.991071	inf
0.991071	inf
0.991071	inf
0.991071	inf
0.991071	inf
0.99256	inf
0.99256	inf
0.99256	inf
0.99256	inf
0.99256	inf
0.99256	inf
0.99256	inf
0.99256	inf
0.99256	inf
0.99256	inf
0.99256	inf
0.99256	inf
0.99256	inf
0.99256	inf
0.99256	inf
0.99256	inf
0.99256	inf
0.99256	inf
0.99256	inf
0.99256	inf
0.99256	inf
0.99256	inf
0.99256	inf
0.99256	inf
0.99256	inf
0.99256	inf
0.99256	inf
0.994048	inf
0.994048	inf
0.994048	inf
0.994048	inf
0.994048	inf
0.994048	inf
0.994048	inf
0.994048	inf
0.994048	inf
0.994048	inf
0.994048	inf
0.994048	inf
0.994048	inf
0.994048	inf
0.994048	inf
0.994048	inf
0.994048	inf
0.994048	inf
0.994048	inf
0.994048	inf
0.994048	inf
0.994048	inf
0.994048	inf
0.994048	inf
0.994048	inf
0.994048	inf
0.994048	inf
0.994048	inf
0.995536	inf
0.995536	inf
0.995536	inf
0.995536	inf
0.995536	inf
0.995536	inf
0.995536	inf
0.995536	inf
0.995536	inf
0.995536	inf
0.995536	inf
0.995536	inf
0.995536	inf
0.995536	inf
0.995536	inf
0.995536	inf
0.995536	inf
0.995536	inf
0.995536	inf
0.995536	inf
0.995536	inf
0.995536	inf
0.995536	inf
0.995536	inf
0.995536	inf
0.995536	inf
0.995536	inf
0.995536	inf
0.995536	inf
0.995536	inf
0.995536	inf
0.995536	inf
0.997024	inf
0.997024	inf
0.997024	inf
0.997024	inf
0.997024	inf
0.997024	inf
0.997024	inf
0.997024	inf
0.997024	inf
0.997024	inf
0.997024	inf
0.997024	inf
0.997024	inf
0.997024	inf
0.997024	inf
0.997024	inf
