# Persistence diagram <GML/0613.gml>
#
# Dimension   : 0
# Entries     : 606
# Betti number: 7
0	inf
0	0.983784
0	0.98018
0	0.989189
0	inf
0	0.877477
0	0.985586
0	0.987387
0	0.96036
0	0.989189
0	0.983784
0	0.992793
0	0.985586
0	0.992793
0	0.990991
0	0.992793
0	0.96036
0	0.992793
0	0.996396
0	0.996396
0	0.996396
0	inf
0	0.981982
0	0.996396
0	0.992793
0	0.877477
0	0.877477
0	0.990991
0	0.990991
0	0.996396
0	0.990991
0	0.877477
0	0.985586
0	0.987387
0	0.994595
0	0.877477
0	0.877477
0	0.967568
0	0.989189
0	0.877477
0	0.996396
0	0.994595
0	inf
0	0.990991
0	0.877477
0	0.994595
0	0.990991
0	0.981982
0	0.990991
0	0.989189
0	0.990991
0	0.981982
0	0.877477
0	0.933333
0	0.940541
0	0.994595
0	0.985586
0	0.98018
0	0.98018
0	0.98018
0	0.992793
0	0.992793
0	0.994595
0	0.996396
0	0.877477
0	0.994595
0	0.996396
0	0.974775
0	0.996396
0	0.989189
0	0.996396
0	inf
0	0.990991
0	0.974775
0	0.990991
0	0.992793
0	0.877477
0	0.996396
0	0.994595
0	0.967568
0	0.994595
0	0.96036
0	0.983784
0	0.985586
0	0.933333
0	0.996396
0	0.985586
0	0.994595
0	0.985586
0	0.98018
0	0.996396
0	0.940541
0	0.990991
0	0.967568
0	0.983784
0	0.994595
0	0.990991
0	0.989189
0	0.976577
0	0.994595
0	0.992793
0	0.976577
0	0.974775
0	0.98018
0	0.981982
0	0.987387
0	0.981982
0	0.992793
0	0.983784
0	0.996396
0	0.996396
0	0.981982
0	0.990991
0	0.981982
0	0.976577
0	0.877477
0	0.987387
0	0.985586
0	0.967568
0	0.985586
0	0.98018
0	0.990991
0	0.994595
0	0.877477
0	0.996396
0	0.989189
0	0.992793
0	0.983784
0	0.992793
0	0.990991
0	0.994595
0	0.985586
0	0.990991
0	0.992793
0	0.994595
0	0.940541
0	0.877477
0	0.990991
0	0.987387
0	0.974775
0	0.877477
0	0.996396
0	0.989189
0	0.996396
0	0.877477
0	0.989189
0	0.940541
0	0.967568
0	0.989189
0	0.992793
0	0.985586
0	0.933333
0	0.989189
0	0.974775
0	0.98018
0	0.976577
0	0.877477
0	0.985586
0	0.994595
0	0.994595
0	0.96036
0	0.940541
0	0.996396
0	0.877477
0	0.996396
0	0.996396
0	0.974775
0	0.987387
0	0.877477
0	0.989189
0	0.989189
0	0.994595
0	0.989189
0	0.877477
0	0.994595
0	0.985586
0	0.989189
0	0.992793
0	0.994595
0	0.983784
0	0.933333
0	0.989189
0	0.994595
0	0.933333
0	0.987387
0	0.981982
0	0.985586
0	0.994595
0	0.877477
0	0.96036
0	0.990991
0	0.940541
0	0.877477
0	0.985586
0	0.989189
0	0.877477
0	0.940541
0	0.985586
0	0.996396
0	0.996396
0	0.992793
0	0.877477
0	0.994595
0	0.990991
0	0.989189
0	0.983784
0	0.976577
0	0.967568
0	0.98018
0	0.996396
0	0.98018
0	0.990991
0	0.990991
0	0.992793
0	0.974775
0	0.877477
0	0.992793
0	0.967568
0	0.933333
0	0.992793
0	0.992793
0	0.976577
0	0.992793
0	0.877477
0	0.981982
0	0.996396
0	0.996396
0	0.992793
0	0.996396
0	0.98018
0	0.974775
0	0.877477
0	0.994595
0	0.996396
0	0.990991
0	0.987387
0	0.981982
0	0.990991
0	0.985586
0	0.992793
0	0.994595
0	0.967568
0	0.992793
0	0.985586
0	0.996396
0	0.933333
0	0.994595
0	0.996396
0	0.994595
0	0.877477
0	0.992793
0	0.987387
0	0.98018
0	0.994595
0	0.974775
0	0.990991
0	0.974775
0	0.976577
0	0.940541
0	0.990991
0	0.98018
0	0.992793
0	0.996396
0	0.933333
0	0.877477
0	0.990991
0	0.996396
0	0.990991
0	0.877477
0	0.996396
0	0.994595
0	0.992793
0	0.933333
0	0.933333
0	0.98018
0	0.933333
0	0.992793
0	0.985586
0	0.990991
0	0.998198
0	0.940541
0	0.981982
0	0.877477
0	0.992793
0	0.992793
0	0.989189
0	0.994595
0	0.990991
0	0.990991
0	0.877477
0	0.994595
0	0.981982
0	0.994595
0	0.996396
0	0.990991
0	0.994595
0	0.981982
0	0.981982
0	0.989189
0	0.985586
0	inf
0	0.933333
0	0.992793
0	0.933333
0	0.877477
0	0.981982
0	0.992793
0	0.992793
0	0.990991
0	0.992793
0	0.996396
0	0.992793
0	0.996396
0	inf
0	0.981982
0	0.933333
0	0.990991
0	0.98018
0	0.989189
0	0.994595
0	0.981982
0	0.981982
0	0.990991
0	0.877477
0	0.96036
0	0.98018
0	0.992793
0	0.985586
0	0.990991
0	0.940541
0	0.989189
0	0.877477
0	0.992793
0	0.933333
0	0.96036
0	0.990991
0	0.98018
0	0.985586
0	0.985586
0	0.981982
0	0.996396
0	0.985586
0	0.940541
0	0.994595
0	0.940541
0	0.996396
0	0.877477
0	0.996396
0	0.990991
0	0.98018
0	0.877477
0	0.992793
0	0.981982
0	0.933333
0	0.994595
0	0.990991
0	0.983784
0	0.981982
0	0.877477
0	0.992793
0	0.985586
0	0.996396
0	0.992793
0	0.994595
0	0.985586
0	0.981982
0	0.992793
0	0.96036
0	0.877477
0	0.996396
0	0.992793
0	0.933333
0	0.976577
0	0.996396
0	0.981982
0	0.877477
0	0.985586
0	0.994595
0	0.877477
0	0.98018
0	0.940541
0	0.996396
0	0.933333
0	0.992793
0	0.967568
0	0.877477
0	0.985586
0	0.987387
0	0.998198
0	0.994595
0	0.992793
0	0.877477
0	0.933333
0	0.877477
0	0.994595
0	0.877477
0	0.933333
0	0.877477
0	0.996396
0	0.998198
0	0.981982
0	0.992793
0	0.992793
0	0.989189
0	0.994595
0	0.987387
0	0.990991
0	0.996396
0	0.877477
0	0.940541
0	0.992793
0	0.98018
0	0.987387
0	0.992793
0	0.974775
0	0.996396
0	0.996396
0	0.994595
0	0.974775
0	0.990991
0	0.994595
0	0.981982
0	0.987387
0	0.985586
0	0.992793
0	0.940541
0	0.983784
0	0.981982
0	0.940541
0	0.96036
0	0.992793
0	0.992793
0	0.933333
0	0.974775
0	0.967568
0	0.96036
0	0.983784
0	0.974775
0	0.998198
0	0.98018
0	0.996396
0	0.996396
0	0.994595
0	0.96036
0	0.990991
0	0.985586
0	0.996396
0	0.996396
0	0.994595
0	0.992793
0	0.992793
0	0.940541
0	0.976577
0	0.940541
0	0.994595
0	0.933333
0	0.994595
0	0.990991
0	0.990991
0	0.877477
0	0.96036
0	0.98018
0	0.940541
0	0.996396
0	0.992793
0	0.994595
0	0.877477
0	0.974775
0	0.987387
0	0.877477
0	0.994595
0	0.998198
0	0.990991
0	0.877477
0	0.981982
0	0.967568
0	0.940541
0	0.933333
0	0.974775
0	0.992793
0	0.96036
0	0.967568
0	0.996396
0	0.933333
0	0.985586
0	0.996396
0	0.940541
0	0.981982
0	0.967568
0	0.98018
0	0.981982
0	0.994595
0	0.992793
0	0.974775
0	0.877477
0	0.98018
0	0.989189
0	0.992793
0	0.990991
0	0.994595
0	0.940541
0	0.98018
0	0.996396
0	0.981982
0	0.981982
0	0.990991
0	0.994595
0	0.940541
0	0.996396
0	0.98018
0	0.940541
0	0.976577
0	0.994595
0	0.981982
0	0.996396
0	0.992793
0	0.98018
0	0.940541
0	0.992793
0	0.996396
0	0.933333
0	0.985586
0	0.992793
0	0.990991
0	0.996396
0	0.940541
0	0.994595
0	0.994595
0	0.996396
0	0.877477
0	0.96036
0	0.967568
0	0.996396
0	0.877477
0	0.877477
0	0.933333
0	0.967568
0	0.983784
0	0.877477
0	0.877477
0	0.981982
0	0.996396
0	0.994595
0	0.994595
0	0.994595
0	0.976577
0	0.994595
0	0.974775
0	0.940541
0	0.877477
0	0.990991
0	0.983784
0	0.974775
0	0.996396
0	0.990991
0	0.877477
0	0.933333
0	0.981982
0	0.994595
0	0.994595
0	0.933333
0	0.877477
0	0.940541
0	0.877477
0	0.940541
0	0.996396
0	0.990991
0	0.877477
0	0.974775
0	0.981982
0	0.933333
0	0.96036
0	0.985586
0	0.992793
0	0.933333
0	0.967568
0	0.877477
0	0.877477
0	0.98018
0	0.992793
0	0.992793
0	0.994595
0	0.96036
0	0.987387
0	0.989189
0	0.940541
0	0.877477
0	0.933333
0	0.990991
0	0.981982
0	0.987387
0	0.981982
0	0.981982
0	0.994595
0	0.989189
0	0.933333
0	0.992793
0	0.990991
0	0.981982
0	0.994595
0	0.98018
0	0.996396
0	0.990991
0	0.996396
0	0.992793
0	0.994595


