# Persistence diagram <GML/0614.gml>
#
# Dimension   : 0
# Entries     : 989
# Betti number: 17
0	inf
0	0.985714
0	0.991429
0	0.994286
0	inf
0	0.997143
0	0.979048
0	0.980952
0	0.99619
0	0.995238
0	0.995238
0	0.980952
0	0.980952
0	0.990476
0	0.995238
0	0.987619
0	0.982857
0	0.986667
0	0.982857
0	0.990476
0	0.995238
0	0.992381
0	0.997143
0	0.987619
0	0.979048
0	0.993333
0	0.993333
0	0.994286
0	0.997143
0	0.988571
0	0.993333
0	inf
0	0.986667
0	0.985714
0	0.99619
0	0.979048
0	0.99619
0	0.99619
0	0.99619
0	0.994286
0	inf
0	0.982857
0	0.986667
0	0.977143
0	0.982857
0	0.994286
0	0.992381
0	0.989524
0	0.997143
0	0.990476
0	0.997143
0	0.998095
0	0.993333
0	0.989524
0	0.986667
0	0.997143
0	0.987619
0	inf
0	0.99619
0	0.992381
0	0.981905
0	0.979048
0	inf
0	0.980952
0	0.989524
0	0.984762
0	0.98381
0	0.990476
0	0.987619
0	0.979048
0	0.994286
0	0.995238
0	0.984762
0	0.99619
0	0.981905
0	0.990476
0	0.992381
0	0.985714
0	0.993333
0	0.998095
0	0.988571
0	0.992381
0	0.994286
0	0.979048
0	0.993333
0	0.994286
0	0.995238
0	0.986667
0	0.998095
0	0.997143
0	0.99619
0	0.992381
0	0.990476
0	0.979048
0	0.99619
0	0.980952
0	0.990476
0	0.995238
0	0.986667
0	0.987619
0	0.99619
0	0.986667
0	0.991429
0	0.980952
0	0.99619
0	0.979048
0	0.989524
0	0.990476
0	0.98381
0	0.990476
0	0.990476
0	0.980952
0	0.998095
0	0.98381
0	0.982857
0	0.998095
0	0.997143
0	0.990476
0	0.979048
0	0.985714
0	0.990476
0	0.977143
0	0.993333
0	0.990476
0	0.989524
0	inf
0	0.984762
0	0.994286
0	0.985714
0	0.982857
0	0.986667
0	0.985714
0	0.998095
0	0.998095
0	0.981905
0	0.987619
0	0.987619
0	0.994286
0	0.998095
0	0.987619
0	0.988571
0	0.991429
0	0.995238
0	0.990476
0	0.992381
0	0.99619
0	0.997143
0	0.986667
0	0.99619
0	0.979048
0	0.99619
0	0.990476
0	0.992381
0	0.979048
0	0.982857
0	0.994286
0	0.986667
0	0.998095
0	0.994286
0	0.997143
0	0.992381
0	0.992381
0	0.99619
0	0.987619
0	0.986667
0	0.984762
0	0.985714
0	0.988571
0	0.979048
0	0.991429
0	0.987619
0	0.987619
0	0.995238
0	0.986667
0	inf
0	0.991429
0	0.977143
0	0.986667
0	0.987619
0	0.981905
0	0.995238
0	0.985714
0	0.994286
0	0.992381
0	0.995238
0	0.993333
0	0.980952
0	0.990476
0	0.998095
0	0.992381
0	0.994286
0	0.998095
0	0.998095
0	0.985714
0	0.992381
0	0.995238
0	0.998095
0	0.982857
0	0.989524
0	0.979048
0	0.980952
0	0.992381
0	0.980952
0	0.986667
0	0.991429
0	inf
0	0.992381
0	0.979048
0	0.982857
0	0.99619
0	0.994286
0	0.979048
0	0.998095
0	0.993333
0	0.997143
0	0.997143
0	0.981905
0	0.994286
0	0.992381
0	0.999048
0	0.994286
0	0.994286
0	0.984762
0	0.977143
0	0.979048
0	0.997143
0	0.986667
0	0.997143
0	0.982857
0	0.997143
0	0.998095
0	0.977143
0	0.998095
0	0.992381
0	0.988571
0	0.979048
0	0.994286
0	0.997143
0	0.99619
0	0.99619
0	0.986667
0	0.992381
0	0.985714
0	0.985714
0	0.987619
0	0.994286
0	0.997143
0	0.989524
0	0.980952
0	0.994286
0	0.994286
0	0.988571
0	0.986667
0	0.99619
0	0.990476
0	0.989524
0	0.979048
0	0.997143
0	0.986667
0	0.997143
0	0.988571
0	inf
0	0.986667
0	0.994286
0	0.99619
0	0.993333
0	0.991429
0	0.981905
0	0.986667
0	0.981905
0	0.982857
0	0.987619
0	0.989524
0	0.990476
0	0.997143
0	0.998095
0	0.982857
0	0.992381
0	0.980952
0	0.99619
0	0.986667
0	0.985714
0	inf
0	0.997143
0	0.998095
0	0.998095
0	0.997143
0	0.992381
0	0.998095
0	0.98381
0	0.987619
0	0.979048
0	0.998095
0	0.977143
0	0.982857
0	0.980952
0	0.977143
0	0.998095
0	0.982857
0	0.995238
0	0.986667
0	0.998095
0	0.986667
0	0.992381
0	0.998095
0	0.998095
0	0.980952
0	inf
0	0.979048
0	0.993333
0	0.986667
0	0.99619
0	0.980952
0	0.998095
0	inf
0	0.992381
0	0.989524
0	0.99619
0	0.986667
0	0.987619
0	inf
0	0.993333
0	0.99619
0	0.980952
0	0.997143
0	0.982857
0	0.994286
0	0.990476
0	0.990476
0	0.998095
0	0.998095
0	0.985714
0	0.993333
0	0.993333
0	0.997143
0	0.997143
0	0.987619
0	0.998095
0	0.986667
0	0.989524
0	0.988571
0	0.980952
0	0.997143
0	0.98381
0	0.986667
0	0.982857
0	0.993333
0	0.987619
0	0.991429
0	0.998095
0	0.981905
0	0.985714
0	0.99619
0	0.990476
0	0.992381
0	0.997143
0	0.99619
0	0.981905
0	0.998095
0	0.993333
0	0.998095
0	0.986667
0	0.991429
0	0.992381
0	0.992381
0	0.997143
0	0.979048
0	0.985714
0	0.979048
0	inf
0	0.990476
0	0.990476
0	0.991429
0	0.993333
0	0.997143
0	0.991429
0	0.998095
0	0.997143
0	0.988571
0	0.979048
0	0.998095
0	0.99619
0	0.998095
0	0.991429
0	0.997143
0	0.997143
0	0.986667
0	0.988571
0	0.982857
0	0.982857
0	0.997143
0	0.982857
0	0.987619
0	0.982857
0	0.990476
0	0.988571
0	0.990476
0	0.979048
0	0.980952
0	0.980952
0	0.997143
0	0.995238
0	0.991429
0	0.995238
0	0.99619
0	0.993333
0	0.980952
0	0.992381
0	0.984762
0	0.994286
0	0.982857
0	0.998095
0	0.992381
0	0.980952
0	0.997143
0	0.990476
0	0.979048
0	0.995238
0	0.99619
0	0.992381
0	0.990476
0	0.999048
0	0.99619
0	0.981905
0	0.994286
0	0.979048
0	0.998095
0	0.994286
0	0.99619
0	0.999048
0	0.984762
0	inf
0	0.985714
0	0.98381
0	0.991429
0	0.997143
0	0.992381
0	0.982857
0	0.998095
0	0.988571
0	0.998095
0	0.988571
0	0.980952
0	0.997143
0	0.985714
0	0.986667
0	0.985714
0	0.988571
0	0.979048
0	0.987619
0	0.994286
0	0.979048
0	0.980952
0	0.992381
0	0.982857
0	0.980952
0	0.98381
0	0.981905
0	0.998095
0	0.991429
0	0.986667
0	0.986667
0	0.986667
0	0.986667
0	0.997143
0	0.995238
0	0.986667
0	0.987619
0	0.991429
0	0.979048
0	0.997143
0	0.979048
0	0.98381
0	0.997143
0	0.998095
0	0.993333
0	0.998095
0	0.987619
0	0.982857
0	0.995238
0	0.987619
0	0.987619
0	0.991429
0	0.989524
0	0.993333
0	0.979048
0	0.994286
0	0.984762
0	0.98381
0	0.987619
0	0.985714
0	0.998095
0	0.990476
0	0.985714
0	0.995238
0	0.992381
0	0.980952
0	0.994286
0	0.994286
0	0.997143
0	0.990476
0	0.993333
0	0.98381
0	0.998095
0	0.994286
0	0.980952
0	0.99619
0	0.987619
0	0.997143
0	0.99619
0	0.989524
0	0.993333
0	0.993333
0	0.977143
0	0.987619
0	0.998095
0	0.982857
0	0.986667
0	0.994286
0	0.99619
0	0.987619
0	0.998095
0	0.992381
0	0.998095
0	0.989524
0	0.986667
0	0.99619
0	0.980952
0	0.987619
0	0.994286
0	0.982857
0	0.994286
0	0.99619
0	0.998095
0	0.986667
0	0.986667
0	0.986667
0	0.980952
0	0.998095
0	0.998095
0	0.987619
0	0.990476
0	0.998095
0	0.990476
0	0.979048
0	0.982857
0	0.992381
0	0.997143
0	0.998095
0	0.997143
0	0.981905
0	0.998095
0	0.997143
0	0.998095
0	0.977143
0	0.999048
0	0.992381
0	0.987619
0	0.987619
0	0.992381
0	0.995238
0	0.980952
0	0.990476
0	0.998095
0	0.99619
0	0.977143
0	0.99619
0	0.995238
0	0.994286
0	0.982857
0	0.980952
0	0.981905
0	0.977143
0	0.980952
0	0.997143
0	0.991429
0	0.977143
0	0.986667
0	0.998095
0	0.992381
0	0.997143
0	0.980952
0	0.982857
0	0.993333
0	0.992381
0	0.997143
0	0.979048
0	0.993333
0	0.99619
0	0.980952
0	0.984762
0	0.987619
0	0.987619
0	0.982857
0	0.995238
0	0.989524
0	0.986667
0	0.992381
0	0.979048
0	0.998095
0	0.991429
0	0.991429
0	0.99619
0	0.99619
0	0.98381
0	0.998095
0	0.99619
0	0.979048
0	0.980952
0	0.980952
0	0.986667
0	0.987619
0	0.998095
0	0.997143
0	0.979048
0	0.997143
0	0.997143
0	0.980952
0	0.994286
0	0.990476
0	0.995238
0	0.998095
0	0.984762
0	0.987619
0	0.998095
0	0.980952
0	0.981905
0	0.991429
0	0.997143
0	0.998095
0	0.984762
0	inf
0	0.988571
0	0.998095
0	0.993333
0	0.997143
0	0.991429
0	0.998095
0	0.990476
0	0.995238
0	0.993333
0	0.994286
0	0.998095
0	0.979048
0	0.998095
0	0.998095
0	0.995238
0	0.997143
0	0.994286
0	0.982857
0	0.998095
0	0.994286
0	0.990476
0	0.998095
0	0.995238
0	0.99619
0	0.987619
0	0.990476
0	0.998095
0	0.986667
0	0.987619
0	0.997143
0	0.998095
0	0.979048
0	0.99619
0	0.998095
0	0.982857
0	0.995238
0	0.994286
0	0.998095
0	0.982857
0	0.987619
0	0.998095
0	0.986667
0	0.989524
0	0.987619
0	0.997143
0	0.997143
0	0.997143
0	0.998095
0	0.980952
0	0.985714
0	0.992381
0	0.994286
0	0.981905
0	0.989524
0	0.992381
0	0.995238
0	0.998095
0	0.98381
0	0.992381
0	0.998095
0	0.995238
0	0.981905
0	0.99619
0	0.993333
0	0.990476
0	0.999048
0	0.992381
0	0.977143
0	0.981905
0	0.993333
0	0.977143
0	0.990476
0	0.997143
0	0.99619
0	0.993333
0	0.992381
0	0.981905
0	0.982857
0	0.979048
0	0.997143
0	0.994286
0	0.999048
0	0.994286
0	0.994286
0	0.998095
0	0.995238
0	0.980952
0	0.995238
0	0.984762
0	0.99619
0	0.982857
0	0.984762
0	0.977143
0	0.977143
0	0.998095
0	0.999048
0	0.990476
0	0.992381
0	0.995238
0	0.998095
0	0.998095
0	0.998095
0	0.980952
0	0.998095
0	0.995238
0	0.997143
0	0.979048
0	0.998095
0	0.980952
0	0.980952
0	0.999048
0	0.995238
0	0.992381
0	0.994286
0	0.993333
0	0.998095
0	0.985714
0	0.998095
0	0.986667
0	0.986667
0	0.997143
0	0.998095
0	0.992381
0	0.989524
0	0.994286
0	0.993333
0	0.980952
0	0.977143
0	0.997143
0	0.982857
0	0.992381
0	0.985714
0	0.992381
0	0.985714
0	0.986667
0	0.986667
0	0.99619
0	0.991429
0	0.980952
0	0.992381
0	0.993333
0	0.998095
0	0.984762
0	0.998095
0	0.987619
0	0.998095
0	0.986667
0	0.977143
0	0.987619
0	0.988571
0	0.993333
0	0.990476
0	0.979048
0	0.99619
0	0.998095
0	0.998095
0	0.982857
0	0.998095
0	0.987619
0	0.987619
0	0.985714
0	0.992381
0	0.998095
0	0.979048
0	0.984762
0	0.997143
0	0.980952
0	0.998095
0	0.986667
0	0.995238
0	0.99619
0	0.980952
0	0.99619
0	0.998095
0	0.992381
0	0.998095
0	0.991429
0	0.995238
0	0.979048
0	0.991429
0	0.99619
0	0.99619
0	0.989524
0	0.99619
0	0.998095
0	0.980952
0	0.998095
0	0.982857
0	0.998095
0	0.986667
0	0.993333
0	0.994286
0	0.993333
0	0.979048
0	0.981905
0	0.980952
0	0.987619
0	0.992381
0	0.985714
0	0.982857
0	0.993333
0	0.986667
0	0.994286
0	0.987619
0	0.979048
0	0.990476
0	0.980952
0	0.998095
0	0.990476
0	0.991429
0	0.979048
0	0.979048
0	0.998095
0	0.988571
0	0.979048
0	0.990476
0	0.998095
0	0.990476
0	0.995238
0	0.977143
0	0.997143
0	0.994286
0	0.981905
0	0.994286
0	0.982857
0	0.994286
0	0.992381
0	0.987619
0	0.986667
0	0.986667
0	0.981905
0	0.990476
0	0.992381
0	0.986667
0	0.992381
0	0.990476
0	0.997143
0	0.992381
0	0.989524
0	0.997143
0	0.987619
0	0.995238
0	0.998095
0	0.991429
0	0.99619
0	0.989524
0	0.997143
0	0.986667
0	0.98381
0	0.998095
0	0.992381
0	0.997143
0	0.986667
0	0.985714
0	0.997143
0	0.992381
0	0.997143
0	0.980952
0	0.982857
0	0.994286
0	0.998095
0	0.997143
0	0.979048
0	0.986667
0	0.99619
0	0.985714
0	0.985714
0	0.982857
0	0.986667
0	0.994286
0	0.990476
0	0.979048
0	0.982857
0	0.994286
0	0.997143
0	0.998095
0	0.997143
0	0.986667
0	0.99619
0	0.992381
0	0.981905
0	0.993333
0	0.988571
0	0.985714
0	0.99619
0	0.999048
0	0.998095
0	0.998095
0	0.986667
0	0.977143
0	0.986667
0	0.998095
0	0.981905
0	0.987619
0	0.987619
0	0.980952
0	0.979048
0	0.994286
0	0.99619
0	0.992381
0	0.988571
0	0.998095
0	0.998095
0	0.992381
0	0.99619
0	0.997143
0	0.995238
0	0.985714
0	0.991429
0	0.980952
0	0.99619
0	0.993333
0	0.990476
0	0.987619
0	0.977143
0	0.997143
0	0.982857
0	0.977143
0	0.985714
0	0.99619
0	0.979048
0	0.99619
0	0.988571
0	0.979048
0	0.988571
0	0.990476
0	0.995238
0	0.998095
0	0.981905
0	0.992381
0	0.998095
0	0.99619
0	0.982857
0	0.998095
0	0.990476
0	0.984762
0	0.985714
0	0.99619
0	0.985714
0	0.998095
0	0.998095
0	0.987619
0	0.997143
0	0.979048
0	0.990476
0	0.987619
0	0.980952
0	0.977143
0	0.997143
0	0.998095
0	0.995238
0	0.999048
0	0.994286
0	0.993333
0	0.998095
0	0.992381
0	0.991429


