# Persistence diagram <GML/0615.gml>
#
# Dimension   : 0
# Entries     : 472
# Betti number: 8
0	inf
0	0.994253
0	0.974138
0	0.988506
0	0.979885
0	0.985632
0	0.951149
0	0.962644
0	0.977011
0	0.994253
0	0.933908
0	0.988506
0	0.971264
0	0.933908
0	0.951149
0	0.977011
0	0.991379
0	0.951149
0	0.931034
0	0.982759
0	0.968391
0	0.988506
0	0.979885
0	0.988506
0	0.994253
0	0.962644
0	0.979885
0	0.965517
0	0.994253
0	0.931034
0	0.977011
0	0.988506
0	0.982759
0	0.991379
0	0.988506
0	0.994253
0	0.988506
0	0.982759
0	0.994253
0	0.933908
0	0.933908
0	0.974138
0	inf
0	0.933908
0	0.991379
0	0.977011
0	0.994253
0	0.985632
0	0.985632
0	0.974138
0	0.939655
0	0.962644
0	0.985632
0	0.954023
0	0.979885
0	0.954023
0	0.933908
0	0.982759
0	0.994253
0	0.951149
0	0.974138
0	0.931034
0	0.988506
0	0.988506
0	0.994253
0	0.988506
0	0.965517
0	0.982759
0	0.988506
0	0.939655
0	0.939655
0	0.931034
0	0.977011
0	0.968391
0	0.965517
0	0.954023
0	0.988506
0	0.933908
0	0.974138
0	0.931034
0	0.994253
0	0.994253
0	0.977011
0	0.988506
0	0.994253
0	0.971264
0	0.968391
0	0.933908
0	0.931034
0	0.994253
0	0.988506
0	0.977011
0	0.962644
0	0.954023
0	0.991379
0	0.931034
0	0.994253
0	0.962644
0	0.933908
0	0.974138
0	0.939655
0	0.988506
0	0.991379
0	0.988506
0	0.974138
0	0.933908
0	0.994253
0	0.977011
0	0.933908
0	0.991379
0	0.988506
0	0.977011
0	0.977011
0	0.979885
0	0.954023
0	0.933908
0	0.988506
0	0.951149
0	0.988506
0	0.939655
0	0.977011
0	inf
0	0.954023
0	0.994253
0	0.939655
0	0.962644
0	0.991379
0	0.982759
0	0.985632
0	0.954023
0	0.994253
0	0.939655
0	0.985632
0	0.977011
0	0.974138
0	inf
0	0.939655
0	0.968391
0	0.965517
0	0.994253
0	0.951149
0	0.968391
0	0.962644
0	inf
0	0.974138
0	0.988506
0	inf
0	0.988506
0	0.939655
0	0.991379
0	0.971264
0	0.933908
0	0.962644
0	0.994253
0	0.991379
0	0.933908
0	0.985632
0	0.962644
0	0.939655
0	0.991379
0	0.991379
0	0.991379
0	0.977011
0	0.931034
0	0.965517
0	0.939655
0	0.991379
0	0.979885
0	0.988506
0	0.988506
0	0.933908
0	0.994253
0	0.994253
0	0.994253
0	0.991379
0	0.939655
0	0.977011
0	0.988506
0	0.994253
0	0.991379
0	0.991379
0	0.985632
0	0.971264
0	inf
0	0.994253
0	0.939655
0	0.994253
0	0.939655
0	0.954023
0	0.988506
0	0.994253
0	0.965517
0	0.931034
0	0.982759
0	0.939655
0	0.997126
0	0.962644
0	0.962644
0	0.988506
0	0.962644
0	0.991379
0	0.931034
0	0.977011
0	0.968391
0	0.939655
0	0.991379
0	0.991379
0	0.988506
0	0.962644
0	0.985632
0	0.979885
0	0.974138
0	0.979885
0	0.991379
0	0.951149
0	0.954023
0	0.979885
0	0.979885
0	0.971264
0	0.951149
0	0.977011
0	0.977011
0	0.988506
0	0.991379
0	0.933908
0	0.991379
0	0.939655
0	0.962644
0	0.994253
0	0.965517
0	0.962644
0	0.962644
0	0.994253
0	0.979885
0	0.974138
0	0.991379
0	0.974138
0	0.962644
0	inf
0	0.974138
0	0.951149
0	0.951149
0	0.977011
0	0.931034
0	0.985632
0	0.939655
0	0.994253
0	0.977011
0	0.991379
0	0.988506
0	0.962644
0	0.991379
0	0.988506
0	0.974138
0	0.974138
0	0.939655
0	0.933908
0	0.988506
0	0.997126
0	0.991379
0	0.979885
0	0.988506
0	0.991379
0	0.974138
0	0.939655
0	0.933908
0	0.977011
0	0.985632
0	0.988506
0	0.962644
0	0.991379
0	0.985632
0	0.931034
0	0.971264
0	0.991379
0	0.979885
0	0.988506
0	0.965517
0	0.994253
0	0.994253
0	0.962644
0	0.977011
0	0.977011
0	0.988506
0	0.977011
0	0.994253
0	0.977011
0	0.994253
0	0.988506
0	0.988506
0	0.979885
0	0.939655
0	0.931034
0	0.982759
0	0.994253
0	0.939655
0	0.939655
0	0.979885
0	0.962644
0	0.994253
0	0.982759
0	0.951149
0	0.971264
0	0.979885
0	0.939655
0	0.971264
0	0.977011
0	0.939655
0	0.977011
0	0.991379
0	0.954023
0	0.974138
0	0.939655
0	0.954023
0	0.994253
0	0.954023
0	0.962644
0	0.991379
0	0.988506
0	0.994253
0	0.954023
0	0.991379
0	0.988506
0	0.931034
0	0.979885
0	0.994253
0	0.982759
0	0.931034
0	0.988506
0	0.994253
0	0.951149
0	0.985632
0	0.931034
0	0.974138
0	0.931034
0	0.994253
0	0.988506
0	0.951149
0	0.994253
0	0.939655
0	0.977011
0	0.994253
0	0.977011
0	0.962644
0	0.982759
0	0.994253
0	0.991379
0	0.994253
0	0.994253
0	0.991379
0	0.962644
0	0.988506
0	0.954023
0	0.982759
0	0.977011
0	0.988506
0	0.977011
0	0.982759
0	0.994253
0	0.991379
0	0.985632
0	0.968391
0	0.962644
0	0.962644
0	0.994253
0	0.939655
0	0.933908
0	0.997126
0	0.974138
0	0.939655
0	0.971264
0	0.994253
0	0.988506
0	0.977011
0	0.991379
0	0.994253
0	0.971264
0	0.991379
0	0.954023
0	0.994253
0	0.954023
0	0.985632
0	0.977011
0	0.979885
0	0.988506
0	0.951149
0	0.994253
0	0.962644
0	0.962644
0	0.988506
0	0.988506
0	0.991379
0	0.971264
0	0.985632
0	0.939655
0	0.985632
0	0.982759
0	0.954023
0	0.994253
0	0.985632
0	0.977011
0	0.988506
0	0.954023
0	0.991379
0	0.931034
0	0.985632
0	0.977011
0	0.962644
0	0.988506
0	0.931034
0	0.962644
0	0.962644
0	0.979885
0	0.962644
0	0.985632
0	0.991379
0	0.994253
0	0.939655
0	0.994253
0	0.988506
0	0.954023
0	0.991379
0	0.954023
0	0.968391
0	0.939655
0	0.988506
0	0.954023
0	0.991379
0	0.997126
0	0.931034
0	0.977011
0	0.982759
0	0.974138
0	0.933908
0	0.951149
0	0.988506
0	0.977011
0	0.954023
0	0.939655
0	0.991379
0	0.965517
0	0.991379
0	0.954023
0	0.985632
0	0.977011
0	0.939655
0	0.962644
0	0.971264
0	0.988506
0	0.982759
0	0.994253
0	0.977011
0	0.991379
0	0.991379
0	0.931034
0	0.988506
0	0.988506
0	0.979885
0	0.985632
0	0.931034
0	0.931034
0	0.991379
0	0.931034
0	0.971264
0	0.991379
0	0.954023
0	0.991379
0	0.979885
0	0.991379
0	0.988506
0	0.939655
0	0.971264


