# Persistence diagram <GML/0617.gml>
#
# Dimension   : 0
# Entries     : 379
# Betti number: 1
0	inf
0	0.987115
0	0.983536
0	0.987115
0	0.992842
0	0.997853
0	0.992126
0	0.997853
0	0.998568
0	0.981389
0	0.995705
0	0.998568
0	0.994989
0	0.996421
0	0.996421
0	0.994989
0	0.998568
0	0.998568
0	0.997853
0	0.99141
0	0.992842
0	0.994989
0	0.997137
0	0.998568
0	0.981389
0	0.998568
0	0.993558
0	0.992126
0	0.998568
0	0.998568
0	0.981389
0	0.998568
0	0.992842
0	0.994273
0	0.996421
0	0.997137
0	0.992842
0	0.996421
0	0.99141
0	0.989263
0	0.998568
0	0.994273
0	0.987115
0	0.994989
0	0.994273
0	0.992126
0	0.998568
0	0.998568
0	0.981389
0	0.994273
0	0.992842
0	0.997853
0	0.993558
0	0.983536
0	0.995705
0	0.995705
0	0.99141
0	0.983536
0	0.987115
0	0.996421
0	0.996421
0	0.996421
0	0.996421
0	0.993558
0	0.996421
0	0.987115
0	0.983536
0	0.994989
0	0.998568
0	0.981389
0	0.998568
0	0.998568
0	0.993558
0	0.997137
0	0.994989
0	0.995705
0	0.998568
0	0.998568
0	0.995705
0	0.992842
0	0.997137
0	0.994989
0	0.998568
0	0.981389
0	0.992842
0	0.997853
0	0.992842
0	0.995705
0	0.996421
0	0.997853
0	0.987115
0	0.989263
0	0.998568
0	0.997137
0	0.997137
0	0.993558
0	0.996421
0	0.998568
0	0.983536
0	0.989263
0	0.989263
0	0.996421
0	0.996421
0	0.994989
0	0.994989
0	0.994273
0	0.996421
0	0.981389
0	0.997853
0	0.992126
0	0.998568
0	0.997137
0	0.995705
0	0.994273
0	0.996421
0	0.981389
0	0.997137
0	0.996421
0	0.994989
0	0.998568
0	0.994273
0	0.987115
0	0.993558
0	0.998568
0	0.998568
0	0.992126
0	0.983536
0	0.995705
0	0.993558
0	0.995705
0	0.99141
0	0.994989
0	0.996421
0	0.998568
0	0.983536
0	0.983536
0	0.992126
0	0.987115
0	0.99141
0	0.996421
0	0.997853
0	0.997137
0	0.996421
0	0.994273
0	0.994989
0	0.987115
0	0.993558
0	0.996421
0	0.996421
0	0.981389
0	0.996421
0	0.981389
0	0.996421
0	0.992842
0	0.995705
0	0.998568
0	0.993558
0	0.998568
0	0.995705
0	0.997137
0	0.989263
0	0.993558
0	0.992842
0	0.989263
0	0.987115
0	0.989263
0	0.996421
0	0.997137
0	0.992842
0	0.993558
0	0.994273
0	0.992842
0	0.997137
0	0.993558
0	0.994989
0	0.981389
0	0.997853
0	0.981389
0	0.996421
0	0.997137
0	0.996421
0	0.998568
0	0.997137
0	0.996421
0	0.996421
0	0.987115
0	0.983536
0	0.992126
0	0.983536
0	0.987115
0	0.994989
0	0.998568
0	0.994989
0	0.993558
0	0.997137
0	0.996421
0	0.998568
0	0.998568
0	0.993558
0	0.996421
0	0.997137
0	0.992126
0	0.992842
0	0.996421
0	0.992126
0	0.998568
0	0.997137
0	0.981389
0	0.987115
0	0.997853
0	0.983536
0	0.995705
0	0.981389
0	0.996421
0	0.992842
0	0.993558
0	0.992126
0	0.992842
0	0.997137
0	0.981389
0	0.998568
0	0.996421
0	0.987115
0	0.998568
0	0.997137
0	0.992126
0	0.996421
0	0.997137
0	0.983536
0	0.996421
0	0.994989
0	0.993558
0	0.998568
0	0.998568
0	0.993558
0	0.997137
0	0.983536
0	0.994273
0	0.994989
0	0.997853
0	0.987115
0	0.996421
0	0.995705
0	0.996421
0	0.992842
0	0.992126
0	0.993558
0	0.996421
0	0.992126
0	0.989263
0	0.993558
0	0.993558
0	0.981389
0	0.983536
0	0.998568
0	0.996421
0	0.998568
0	0.987115
0	0.994989
0	0.995705
0	0.998568
0	0.996421
0	0.994989
0	0.996421
0	0.992842
0	0.983536
0	0.981389
0	0.992126
0	0.997853
0	0.993558
0	0.995705
0	0.99141
0	0.994989
0	0.983536
0	0.997137
0	0.981389
0	0.995705
0	0.993558
0	0.989263
0	0.995705
0	0.992126
0	0.997137
0	0.995705
0	0.995705
0	0.997853
0	0.981389
0	0.995705
0	0.992126
0	0.992842
0	0.995705
0	0.987115
0	0.994989
0	0.992842
0	0.981389
0	0.997137
0	0.997853
0	0.992126
0	0.994273
0	0.995705
0	0.993558
0	0.994989
0	0.99141
0	0.995705
0	0.995705
0	0.994989
0	0.981389
0	0.997853
0	0.995705
0	0.997853
0	0.996421
0	0.996421
0	0.992126
0	0.987115
0	0.981389
0	0.995705
0	0.983536
0	0.989263
0	0.981389
0	0.996421
0	0.994989
0	0.992126
0	0.992126
0	0.997137
0	0.997137
0	0.994273
0	0.997137
0	0.987115
0	0.996421
0	0.998568
0	0.995705
0	0.992842
0	0.994273
0	0.993558
0	0.993558
0	0.995705
0	0.997137
0	0.992126
0	0.99141
0	0.996421
0	0.994273
0	0.992842
0	0.997853
0	0.992126
0	0.997137
0	0.987115
0	0.992126
0	0.997853
0	0.987115
0	0.981389
0	0.997853
0	0.987115
0	0.992126
0	0.994989
0	0.992126
0	0.994273
0	0.996421
0	0.994273
0	0.998568
0	0.998568
0	0.987115
0	0.987115
0	0.992126
0	0.998568
0	0.997137
0	0.998568
0	0.987115
0	0.987115
0	0.998568
0	0.992842
0	0.992842
0	0.998568
0	0.996421
0	0.994273
0	0.993558
0	0.998568
0	0.997853
0	0.989263
0	0.987115
0	0.996421


