# Persistence diagram <GML/0619.gml>
#
# Dimension   : 0
# Entries     : 422
# Betti number: 10
0	inf
0	0.973597
0	0.953795
0	0.927393
0	0.983498
0	0.993399
0	inf
0	0.990099
0	inf
0	0.983498
0	0.973597
0	0.993399
0	0.891089
0	0.976898
0	0.891089
0	0.970297
0	0.993399
0	inf
0	0.891089
0	inf
0	0.924092
0	0.983498
0	0.960396
0	0.970297
0	0.993399
0	0.993399
0	inf
0	0.993399
0	0.990099
0	0.983498
0	0.983498
0	0.957096
0	0.973597
0	0.983498
0	0.980198
0	0.966997
0	0.976898
0	0.990099
0	0.986799
0	0.966997
0	0.986799
0	0.891089
0	0.891089
0	0.986799
0	0.990099
0	0.983498
0	0.986799
0	0.983498
0	0.990099
0	0.990099
0	0.960396
0	0.980198
0	0.976898
0	0.983498
0	0.990099
0	0.980198
0	0.990099
0	0.993399
0	0.973597
0	0.990099
0	0.980198
0	0.960396
0	0.993399
0	0.966997
0	0.986799
0	0.993399
0	0.980198
0	0.953795
0	0.960396
0	0.924092
0	0.891089
0	0.990099
0	0.976898
0	0.924092
0	0.966997
0	0.933993
0	0.960396
0	0.983498
0	0.976898
0	inf
0	0.891089
0	0.960396
0	0.980198
0	0.976898
0	0.993399
0	0.990099
0	0.990099
0	0.993399
0	0.973597
0	0.891089
0	0.990099
0	0.966997
0	0.891089
0	0.960396
0	0.957096
0	0.980198
0	0.966997
0	0.993399
0	0.990099
0	0.927393
0	0.927393
0	0.980198
0	inf
0	0.990099
0	0.973597
0	0.924092
0	0.976898
0	0.990099
0	0.980198
0	0.990099
0	0.927393
0	0.891089
0	0.927393
0	0.983498
0	0.960396
0	0.976898
0	0.983498
0	0.927393
0	0.993399
0	0.983498
0	0.953795
0	0.983498
0	0.976898
0	0.983498
0	0.993399
0	0.990099
0	0.980198
0	0.983498
0	0.980198
0	0.986799
0	0.993399
0	0.993399
0	0.993399
0	0.993399
0	0.966997
0	0.891089
0	0.990099
0	0.933993
0	0.983498
0	0.983498
0	0.986799
0	0.990099
0	0.957096
0	0.976898
0	0.986799
0	0.990099
0	0.993399
0	0.980198
0	0.986799
0	0.983498
0	0.953795
0	0.993399
0	0.983498
0	0.957096
0	0.983498
0	0.953795
0	0.980198
0	0.960396
0	0.986799
0	0.891089
0	0.924092
0	0.990099
0	0.983498
0	0.990099
0	0.980198
0	0.927393
0	0.891089
0	0.976898
0	0.960396
0	0.993399
0	0.990099
0	0.990099
0	0.891089
0	inf
0	0.980198
0	0.986799
0	0.990099
0	0.966997
0	0.960396
0	0.976898
0	0.990099
0	0.993399
0	0.990099
0	0.990099
0	0.983498
0	0.990099
0	0.980198
0	0.983498
0	0.986799
0	0.927393
0	0.933993
0	inf
0	0.960396
0	0.993399
0	0.983498
0	0.993399
0	0.891089
0	0.957096
0	0.976898
0	0.983498
0	0.953795
0	0.983498
0	0.983498
0	0.993399
0	0.957096
0	0.957096
0	0.960396
0	0.966997
0	0.891089
0	0.9967
0	0.924092
0	0.966997
0	0.980198
0	0.993399
0	0.993399
0	0.973597
0	0.980198
0	0.986799
0	0.980198
0	0.993399
0	0.924092
0	0.990099
0	0.953795
0	0.960396
0	0.980198
0	0.927393
0	0.970297
0	0.960396
0	0.933993
0	0.891089
0	0.993399
0	0.966997
0	0.990099
0	0.993399
0	0.980198
0	0.976898
0	0.993399
0	0.993399
0	0.980198
0	0.927393
0	0.986799
0	0.973597
0	0.973597
0	0.966997
0	0.990099
0	0.990099
0	0.924092
0	0.957096
0	0.990099
0	0.970297
0	0.970297
0	0.953795
0	0.993399
0	0.980198
0	0.980198
0	0.966997
0	0.927393
0	0.927393
0	0.976898
0	0.933993
0	0.993399
0	0.986799
0	0.957096
0	0.990099
0	0.986799
0	0.970297
0	0.927393
0	0.957096
0	0.986799
0	0.933993
0	0.986799
0	0.953795
0	0.980198
0	0.983498
0	0.986799
0	0.927393
0	0.966997
0	0.973597
0	0.960396
0	0.980198
0	0.990099
0	0.933993
0	0.983498
0	0.993399
0	0.993399
0	0.993399
0	0.957096
0	0.980198
0	0.891089
0	0.891089
0	0.957096
0	0.927393
0	0.993399
0	0.966997
0	0.980198
0	0.960396
0	0.983498
0	0.990099
0	0.983498
0	0.960396
0	0.993399
0	0.980198
0	0.927393
0	0.993399
0	0.891089
0	0.986799
0	0.983498
0	0.993399
0	0.986799
0	0.990099
0	0.970297
0	0.990099
0	0.990099
0	0.957096
0	0.993399
0	0.993399
0	0.891089
0	0.983498
0	0.953795
0	0.927393
0	0.960396
0	0.990099
0	0.970297
0	0.986799
0	0.980198
0	0.990099
0	0.891089
0	0.891089
0	0.960396
0	0.983498
0	0.990099
0	0.976898
0	0.986799
0	0.927393
0	0.891089
0	0.960396
0	0.976898
0	0.976898
0	0.980198
0	0.993399
0	0.993399
0	0.966997
0	0.953795
0	0.986799
0	0.976898
0	0.891089
0	0.924092
0	0.993399
0	0.990099
0	0.891089
0	0.990099
0	0.986799
0	0.976898
0	0.970297
0	0.983498
0	0.993399
0	0.983498
0	0.960396
0	0.966997
0	0.980198
0	0.933993
0	0.993399
0	0.966997
0	0.960396
0	0.993399
0	0.983498
0	0.993399
0	0.983498
0	0.983498
0	0.960396
0	0.993399
0	0.983498
0	0.983498
0	0.891089
0	0.924092
0	0.976898
0	0.983498
0	0.993399
0	0.976898
0	0.983498
0	0.993399
0	0.891089
0	0.990099
0	0.960396
0	0.983498
0	0.976898
0	0.970297
0	0.986799
0	0.993399
0	0.953795
0	0.924092
0	0.891089
0	0.966997
0	0.986799
0	0.983498
0	0.980198
0	0.970297
0	0.983498
0	0.993399
0	0.960396
0	0.927393
0	0.960396
0	0.986799
0	0.986799
0	0.973597
0	0.960396
0	0.993399
0	0.986799
0	0.980198
0	0.953795
0	0.960396
0	0.983498
0	0.983498
0	0.973597
0	0.986799
0	0.986799
0	0.960396
0	0.973597
0	0.891089
0	0.970297
0	0.993399
0	0.891089


