# Persistence diagram <GML/0623.gml>
#
# Dimension   : 0
# Entries     : 195
# Betti number: 1
0	inf
0	0.92029
0	0.934783
0	0.963768
0	0.985507
0	0.971014
0	0.891304
0	0.978261
0	0.898551
0	0.971014
0	0.942029
0	0.905797
0	0.905797
0	0.891304
0	0.681159
0	0.891304
0	0.963768
0	0.971014
0	0.927536
0	0.934783
0	0.92029
0	0.942029
0	0.956522
0	0.978261
0	0.681159
0	0.956522
0	0.681159
0	0.963768
0	0.92029
0	0.681159
0	0.949275
0	0.942029
0	0.956522
0	0.985507
0	0.942029
0	0.985507
0	0.681159
0	0.978261
0	0.985507
0	0.891304
0	0.978261
0	0.92029
0	0.978261
0	0.971014
0	0.985507
0	0.927536
0	0.898551
0	0.927536
0	0.898551
0	0.971014
0	0.942029
0	0.978261
0	0.905797
0	0.681159
0	0.978261
0	0.978261
0	0.927536
0	0.985507
0	0.949275
0	0.898551
0	0.978261
0	0.92029
0	0.963768
0	0.949275
0	0.92029
0	0.905797
0	0.905797
0	0.978261
0	0.971014
0	0.949275
0	0.934783
0	0.963768
0	0.971014
0	0.971014
0	0.92029
0	0.978261
0	0.978261
0	0.942029
0	0.934783
0	0.949275
0	0.956522
0	0.971014
0	0.978261
0	0.949275
0	0.681159
0	0.956522
0	0.956522
0	0.949275
0	0.956522
0	0.963768
0	0.978261
0	0.963768
0	0.971014
0	0.949275
0	0.681159
0	0.971014
0	0.956522
0	0.927536
0	0.963768
0	0.985507
0	0.927536
0	0.956522
0	0.963768
0	0.681159
0	0.949275
0	0.985507
0	0.963768
0	0.681159
0	0.963768
0	0.963768
0	0.898551
0	0.963768
0	0.681159
0	0.971014
0	0.963768
0	0.934783
0	0.927536
0	0.978261
0	0.898551
0	0.905797
0	0.971014
0	0.942029
0	0.985507
0	0.681159
0	0.971014
0	0.963768
0	0.985507
0	0.956522
0	0.971014
0	0.942029
0	0.92029
0	0.978261
0	0.971014
0	0.971014
0	0.971014
0	0.681159
0	0.978261
0	0.963768
0	0.963768
0	0.978261
0	0.971014
0	0.978261
0	0.971014
0	0.949275
0	0.971014
0	0.978261
0	0.971014
0	0.971014
0	0.985507
0	0.963768
0	0.971014
0	0.978261
0	0.956522
0	0.949275
0	0.978261
0	0.905797
0	0.934783
0	0.963768
0	0.891304
0	0.963768
0	0.978261
0	0.949275
0	0.985507
0	0.905797
0	0.681159
0	0.681159
0	0.949275
0	0.681159
0	0.942029
0	0.898551
0	0.681159
0	0.978261
0	0.891304
0	0.971014
0	0.971014
0	0.92029
0	0.963768
0	0.956522
0	0.891304
0	0.985507
0	0.905797
0	0.934783
0	0.956522
0	0.985507
0	0.949275
0	0.681159
0	0.891304
0	0.978261
0	0.978261
0	0.891304
0	0.978261
0	0.985507
0	0.942029
0	0.956522
0	0.934783


