# Persistence diagram <GML/0623.gml>
#
# Dimension   : 1
# Entries     : 63
# Betti number: 63
0.681159	inf
0.681159	inf
0.681159	inf
0.681159	inf
0.681159	inf
0.681159	inf
0.681159	inf
0.681159	inf
0.681159	inf
0.681159	inf
0.681159	inf
0.681159	inf
0.681159	inf
0.681159	inf
0.681159	inf
0.681159	inf
0.681159	inf
0.681159	inf
0.681159	inf
0.681159	inf
0.681159	inf
0.681159	inf
0.681159	inf
0.681159	inf
0.681159	inf
0.681159	inf
0.898551	inf
0.898551	inf
0.905797	inf
0.942029	inf
0.956522	inf
0.956522	inf
0.956522	inf
0.963768	inf
0.971014	inf
0.971014	inf
0.971014	inf
0.971014	inf
0.971014	inf
0.971014	inf
0.971014	inf
0.971014	inf
0.978261	inf
0.978261	inf
0.978261	inf
0.978261	inf
0.978261	inf
0.978261	inf
0.978261	inf
0.978261	inf
0.978261	inf
0.978261	inf
0.978261	inf
0.978261	inf
0.978261	inf
0.978261	inf
0.978261	inf
0.978261	inf
0.985507	inf
0.985507	inf
0.985507	inf
0.985507	inf
0.985507	inf
