# Persistence diagram <GML/0624.gml>
#
# Dimension   : 0
# Entries     : 67
# Betti number: 1
0	inf
0	0.813953
0	0.953488
0	0.813953
0	0.895349
0	0.94186
0	0.895349
0	0.813953
0	0.953488
0	0.895349
0	0.895349
0	0.895349
0	0.976744
0	0.976744
0	0.813953
0	0.930233
0	0.918605
0	0.930233
0	0.965116
0	0.965116
0	0.965116
0	0.965116
0	0.953488
0	0.976744
0	0.965116
0	0.965116
0	0.965116
0	0.930233
0	0.813953
0	0.918605
0	0.813953
0	0.813953
0	0.930233
0	0.930233
0	0.94186
0	0.976744
0	0.965116
0	0.895349
0	0.976744
0	0.930233
0	0.895349
0	0.976744
0	0.976744
0	0.976744
0	0.918605
0	0.918605
0	0.813953
0	0.94186
0	0.965116
0	0.976744
0	0.895349
0	0.953488
0	0.813953
0	0.953488
0	0.953488
0	0.976744
0	0.965116
0	0.976744
0	0.965116
0	0.94186
0	0.918605
0	0.930233
0	0.813953
0	0.953488
0	0.976744
0	0.965116
0	0.965116


