# Persistence diagram <GML/0626.gml>
#
# Dimension   : 0
# Entries     : 329
# Betti number: 7
0	inf
0	inf
0	0.948052
0	0.974026
0	0.948052
0	0.948052
0	0.961039
0	0.961039
0	0.935065
0	0.974026
0	0.948052
0	0.909091
0	0.896104
0	0.961039
0	0.948052
0	0.974026
0	0.909091
0	0.922078
0	0.922078
0	0.961039
0	inf
0	0.909091
0	0.87013
0	0.961039
0	0.922078
0	0.974026
0	0.974026
0	0.974026
0	0.961039
0	0.935065
0	0.896104
0	0.974026
0	0.909091
0	0.961039
0	0.974026
0	0.935065
0	0.922078
0	0.961039
0	0.974026
0	0.961039
0	0.935065
0	0.935065
0	0.974026
0	0.974026
0	0.948052
0	0.948052
0	0.896104
0	0.961039
0	0.961039
0	inf
0	0.948052
0	0.961039
0	0.948052
0	0.961039
0	0.961039
0	0.961039
0	0.974026
0	0.974026
0	0.974026
0	0.922078
0	0.974026
0	0.948052
0	0.961039
0	0.961039
0	0.922078
0	0.909091
0	0.961039
0	0.961039
0	0.948052
0	0.961039
0	0.87013
0	0.974026
0	0.961039
0	0.883117
0	0.974026
0	0.974026
0	0.948052
0	0.961039
0	0.961039
0	0.935065
0	0.961039
0	0.87013
0	0.961039
0	0.948052
0	0.974026
0	0.974026
0	0.961039
0	0.948052
0	0.974026
0	0.961039
0	0.961039
0	0.961039
0	0.922078
0	0.922078
0	0.896104
0	0.974026
0	0.883117
0	0.896104
0	inf
0	0.948052
0	0.948052
0	0.961039
0	0.961039
0	0.961039
0	0.948052
0	0.961039
0	0.909091
0	0.961039
0	0.896104
0	0.935065
0	0.935065
0	0.896104
0	0.922078
0	0.961039
0	0.948052
0	0.922078
0	0.935065
0	0.935065
0	0.883117
0	0.935065
0	0.974026
0	0.896104
0	0.961039
0	0.948052
0	0.974026
0	0.909091
0	0.935065
0	0.961039
0	0.961039
0	0.948052
0	0.935065
0	0.948052
0	0.935065
0	0.961039
0	0.948052
0	inf
0	0.961039
0	0.909091
0	0.896104
0	0.948052
0	0.961039
0	0.974026
0	0.961039
0	0.948052
0	0.948052
0	0.974026
0	0.987013
0	0.909091
0	0.935065
0	0.935065
0	0.974026
0	0.974026
0	0.948052
0	0.961039
0	0.87013
0	0.896104
0	0.896104
0	0.974026
0	0.974026
0	0.974026
0	0.896104
0	0.961039
0	0.935065
0	0.961039
0	0.896104
0	0.974026
0	0.961039
0	0.961039
0	0.896104
0	0.935065
0	0.961039
0	0.961039
0	0.961039
0	0.961039
0	0.961039
0	0.974026
0	0.974026
0	0.909091
0	0.883117
0	0.974026
0	0.909091
0	0.948052
0	0.948052
0	0.935065
0	0.883117
0	0.935065
0	0.974026
0	0.948052
0	0.961039
0	0.935065
0	0.909091
0	0.974026
0	0.948052
0	0.961039
0	0.948052
0	0.87013
0	inf
0	0.974026
0	0.948052
0	0.961039
0	0.961039
0	0.948052
0	0.974026
0	0.935065
0	0.961039
0	0.974026
0	0.961039
0	0.935065
0	0.974026
0	0.974026
0	0.935065
0	0.961039
0	0.935065
0	0.935065
0	0.974026
0	0.974026
0	0.961039
0	0.922078
0	0.948052
0	0.974026
0	0.935065
0	0.896104
0	0.948052
0	0.961039
0	0.883117
0	0.909091
0	0.961039
0	0.922078
0	0.974026
0	0.948052
0	0.987013
0	0.896104
0	0.909091
0	0.961039
0	0.883117
0	0.883117
0	0.935065
0	0.974026
0	0.961039
0	0.974026
0	0.961039
0	0.974026
0	0.922078
0	0.974026
0	0.948052
0	0.909091
0	0.974026
0	0.987013
0	0.961039
0	0.948052
0	0.922078
0	0.935065
0	0.935065
0	0.961039
0	0.87013
0	0.948052
0	0.974026
0	0.935065
0	0.935065
0	0.974026
0	0.948052
0	0.974026
0	0.935065
0	0.922078
0	0.87013
0	0.948052
0	0.961039
0	0.961039
0	0.961039
0	0.961039
0	0.961039
0	0.974026
0	0.974026
0	0.974026
0	0.909091
0	0.948052
0	0.948052
0	0.948052
0	0.935065
0	0.974026
0	0.896104
0	0.974026
0	0.961039
0	0.896104
0	0.896104
0	0.974026
0	0.961039
0	0.948052
0	0.974026
0	0.974026
0	0.961039
0	0.948052
0	0.935065
0	0.935065
0	0.948052
0	0.961039
0	0.948052
0	0.961039
0	0.974026
0	0.935065
0	0.974026
0	0.961039
0	0.948052
0	0.922078
0	0.974026
0	0.948052
0	0.974026
0	0.961039
0	0.961039
0	0.948052
0	0.896104
0	0.961039
0	0.974026
0	0.909091
0	0.948052
0	0.974026
0	0.935065
0	0.974026
0	0.948052
0	0.961039
0	0.948052
0	0.948052
0	0.935065
0	0.974026
0	0.974026
0	0.87013
0	0.935065
0	0.948052
0	0.948052


