# Persistence diagram <GML/0628.gml>
#
# Dimension   : 0
# Entries     : 346
# Betti number: 1
0	inf
0	0.955556
0	0.944444
0	0.966667
0	0.977778
0	0.955556
0	0.966667
0	0.966667
0	0.933333
0	0.977778
0	0.977778
0	0.933333
0	0.977778
0	0.977778
0	0.977778
0	0.955556
0	0.955556
0	0.977778
0	0.955556
0	0.955556
0	0.911111
0	0.911111
0	0.966667
0	0.933333
0	0.911111
0	0.933333
0	0.966667
0	0.977778
0	0.977778
0	0.944444
0	0.955556
0	0.966667
0	0.966667
0	0.955556
0	0.966667
0	0.966667
0	0.955556
0	0.955556
0	0.933333
0	0.977778
0	0.944444
0	0.977778
0	0.966667
0	0.977778
0	0.944444
0	0.977778
0	0.977778
0	0.966667
0	0.9
0	0.955556
0	0.966667
0	0.944444
0	0.955556
0	0.9
0	0.955556
0	0.955556
0	0.977778
0	0.955556
0	0.922222
0	0.977778
0	0.955556
0	0.966667
0	0.977778
0	0.966667
0	0.966667
0	0.966667
0	0.966667
0	0.9
0	0.977778
0	0.933333
0	0.933333
0	0.966667
0	0.977778
0	0.977778
0	0.977778
0	0.977778
0	0.944444
0	0.966667
0	0.944444
0	0.977778
0	0.933333
0	0.955556
0	0.966667
0	0.966667
0	0.966667
0	0.966667
0	0.955556
0	0.955556
0	0.966667
0	0.933333
0	0.977778
0	0.966667
0	0.955556
0	0.944444
0	0.955556
0	0.944444
0	0.977778
0	0.977778
0	0.977778
0	0.944444
0	0.966667
0	0.944444
0	0.955556
0	0.966667
0	0.977778
0	0.966667
0	0.977778
0	0.966667
0	0.944444
0	0.966667
0	0.922222
0	0.955556
0	0.977778
0	0.922222
0	0.922222
0	0.911111
0	0.977778
0	0.977778
0	0.911111
0	0.933333
0	0.944444
0	0.933333
0	0.977778
0	0.966667
0	0.955556
0	0.955556
0	0.955556
0	0.977778
0	0.944444
0	0.944444
0	0.966667
0	0.977778
0	0.977778
0	0.966667
0	0.933333
0	0.977778
0	0.955556
0	0.944444
0	0.977778
0	0.977778
0	0.955556
0	0.977778
0	0.966667
0	0.977778
0	0.955556
0	0.955556
0	0.955556
0	0.977778
0	0.977778
0	0.933333
0	0.966667
0	0.966667
0	0.944444
0	0.966667
0	0.977778
0	0.977778
0	0.977778
0	0.911111
0	0.977778
0	0.944444
0	0.955556
0	0.966667
0	0.966667
0	0.955556
0	0.911111
0	0.911111
0	0.977778
0	0.944444
0	0.966667
0	0.911111
0	0.944444
0	0.966667
0	0.933333
0	0.933333
0	0.911111
0	0.944444
0	0.966667
0	0.944444
0	0.977778
0	0.977778
0	0.944444
0	0.955556
0	0.966667
0	0.966667
0	0.944444
0	0.933333
0	0.966667
0	0.977778
0	0.955556
0	0.955556
0	0.977778
0	0.966667
0	0.977778
0	0.911111
0	0.955556
0	0.966667
0	0.977778
0	0.977778
0	0.911111
0	0.955556
0	0.933333
0	0.966667
0	0.966667
0	0.966667
0	0.955556
0	0.977778
0	0.966667
0	0.966667
0	0.977778
0	0.977778
0	0.944444
0	0.966667
0	0.966667
0	0.977778
0	0.966667
0	0.977778
0	0.966667
0	0.977778
0	0.933333
0	0.955556
0	0.966667
0	0.977778
0	0.944444
0	0.966667
0	0.911111
0	0.966667
0	0.977778
0	0.966667
0	0.966667
0	0.955556
0	0.933333
0	0.977778
0	0.933333
0	0.966667
0	0.966667
0	0.922222
0	0.933333
0	0.966667
0	0.955556
0	0.9
0	0.966667
0	0.966667
0	0.977778
0	0.977778
0	0.955556
0	0.977778
0	0.977778
0	0.933333
0	0.977778
0	0.966667
0	0.966667
0	0.977778
0	0.966667
0	0.977778
0	0.955556
0	0.922222
0	0.944444
0	0.9
0	0.9
0	0.966667
0	0.977778
0	0.977778
0	0.955556
0	0.966667
0	0.9
0	0.966667
0	0.977778
0	0.944444
0	0.966667
0	0.933333
0	0.977778
0	0.977778
0	0.933333
0	0.977778
0	0.944444
0	0.966667
0	0.955556
0	0.944444
0	0.977778
0	0.966667
0	0.933333
0	0.9
0	0.977778
0	0.966667
0	0.966667
0	0.977778
0	0.977778
0	0.966667
0	0.977778
0	0.911111
0	0.944444
0	0.966667
0	0.977778
0	0.966667
0	0.955556
0	0.933333
0	0.977778
0	0.944444
0	0.922222
0	0.977778
0	0.966667
0	0.922222
0	0.966667
0	0.955556
0	0.944444
0	0.944444
0	0.977778
0	0.922222
0	0.944444
0	0.944444
0	0.977778
0	0.922222
0	0.933333
0	0.977778
0	0.977778
0	0.966667
0	0.955556
0	0.966667
0	0.966667
0	0.922222
0	0.922222
0	0.977778
0	0.933333
0	0.933333
0	0.977778
0	0.944444
0	0.955556
0	0.955556
0	0.977778
0	0.977778
0	0.977778
0	0.966667
0	0.933333
0	0.955556
0	0.977778
0	0.944444
0	0.933333
0	0.966667
0	0.977778
0	0.977778
0	0.966667
0	0.955556
0	0.966667
0	0.966667
0	0.922222
0	0.977778


