# Persistence diagram <GML/0629.gml>
#
# Dimension   : 0
# Entries     : 267
# Betti number: 4
0	inf
0	0.960526
0	0.855263
0	0.947368
0	inf
0	0.960526
0	0.960526
0	0.973684
0	0.973684
0	0.960526
0	0.947368
0	0.947368
0	0.960526
0	0.934211
0	0.973684
0	0.947368
0	0.934211
0	0.921053
0	0.960526
0	0.960526
0	0.815789
0	0.960526
0	0.960526
0	0.842105
0	0.921053
0	0.960526
0	0.921053
0	0.960526
0	0.973684
0	0.907895
0	0.947368
0	0.947368
0	0.815789
0	0.960526
0	0.947368
0	0.973684
0	0.894737
0	0.947368
0	0.934211
0	0.960526
0	0.934211
0	0.973684
0	0.855263
0	0.947368
0	0.960526
0	0.881579
0	0.855263
0	0.907895
0	0.907895
0	0.960526
0	0.842105
0	0.921053
0	0.973684
0	0.960526
0	0.973684
0	0.842105
0	0.947368
0	0.855263
0	0.907895
0	0.947368
0	0.973684
0	0.921053
0	0.907895
0	0.947368
0	0.855263
0	0.815789
0	0.960526
0	0.960526
0	0.947368
0	0.973684
0	0.934211
0	0.907895
0	0.934211
0	0.947368
0	0.960526
0	0.973684
0	0.907895
0	0.842105
0	0.842105
0	0.973684
0	0.973684
0	inf
0	0.960526
0	0.973684
0	0.960526
0	0.934211
0	0.947368
0	0.921053
0	0.921053
0	0.947368
0	inf
0	0.934211
0	0.960526
0	0.815789
0	0.973684
0	0.921053
0	0.947368
0	0.960526
0	0.973684
0	0.960526
0	0.815789
0	0.973684
0	0.934211
0	0.947368
0	0.815789
0	0.973684
0	0.934211
0	0.907895
0	0.960526
0	0.934211
0	0.960526
0	0.934211
0	0.973684
0	0.960526
0	0.855263
0	0.855263
0	0.907895
0	0.947368
0	0.921053
0	0.934211
0	0.960526
0	0.960526
0	0.960526
0	0.973684
0	0.934211
0	0.947368
0	0.960526
0	0.907895
0	0.960526
0	0.855263
0	0.934211
0	0.960526
0	0.960526
0	0.815789
0	0.855263
0	0.947368
0	0.947368
0	0.947368
0	0.960526
0	0.907895
0	0.947368
0	0.960526
0	0.921053
0	0.960526
0	0.881579
0	0.921053
0	0.973684
0	0.960526
0	0.973684
0	0.986842
0	0.973684
0	0.960526
0	0.934211
0	0.842105
0	0.894737
0	0.960526
0	0.855263
0	0.934211
0	0.960526
0	0.947368
0	0.947368
0	0.907895
0	0.921053
0	0.960526
0	0.973684
0	0.855263
0	0.960526
0	0.960526
0	0.934211
0	0.960526
0	0.934211
0	0.934211
0	0.907895
0	0.934211
0	0.960526
0	0.815789
0	0.973684
0	0.960526
0	0.855263
0	0.842105
0	0.973684
0	0.855263
0	0.947368
0	0.881579
0	0.934211
0	0.855263
0	0.934211
0	0.894737
0	0.934211
0	0.934211
0	0.947368
0	0.973684
0	0.842105
0	0.960526
0	0.947368
0	0.855263
0	0.960526
0	0.973684
0	0.921053
0	0.815789
0	0.907895
0	0.973684
0	0.960526
0	0.960526
0	0.855263
0	0.842105
0	0.973684
0	0.973684
0	0.947368
0	0.960526
0	0.815789
0	0.815789
0	0.960526
0	0.881579
0	0.934211
0	0.973684
0	0.907895
0	0.960526
0	0.973684
0	0.934211
0	0.921053
0	0.881579
0	0.855263
0	0.986842
0	0.907895
0	0.947368
0	0.855263
0	0.947368
0	0.947368
0	0.960526
0	0.960526
0	0.960526
0	0.947368
0	0.855263
0	0.973684
0	0.947368
0	0.947368
0	0.960526
0	0.921053
0	0.934211
0	0.894737
0	0.921053
0	0.973684
0	0.973684
0	0.973684
0	0.973684
0	0.907895
0	0.960526
0	0.881579
0	0.855263
0	0.947368
0	0.973684
0	0.947368
0	0.907895
0	0.973684
0	0.960526
0	0.973684
0	0.907895
0	0.921053
0	0.960526
0	0.973684
0	0.815789
0	0.947368
0	0.921053
0	0.907895
0	0.921053
0	0.973684


