# Persistence diagram <GML/0633.gml>
#
# Dimension   : 1
# Entries     : 52
# Betti number: 52
0.84466	inf
0.84466	inf
0.84466	inf
0.84466	inf
0.84466	inf
0.902913	inf
0.902913	inf
0.902913	inf
0.902913	inf
0.92233	inf
0.932039	inf
0.932039	inf
0.932039	inf
0.941748	inf
0.941748	inf
0.941748	inf
0.941748	inf
0.941748	inf
0.941748	inf
0.941748	inf
0.941748	inf
0.941748	inf
0.951456	inf
0.951456	inf
0.961165	inf
0.961165	inf
0.961165	inf
0.961165	inf
0.961165	inf
0.961165	inf
0.961165	inf
0.961165	inf
0.961165	inf
0.961165	inf
0.961165	inf
0.961165	inf
0.961165	inf
0.961165	inf
0.970874	inf
0.970874	inf
0.970874	inf
0.970874	inf
0.970874	inf
0.980583	inf
0.980583	inf
0.980583	inf
0.980583	inf
0.980583	inf
0.980583	inf
0.980583	inf
0.980583	inf
0.980583	inf
