# Persistence diagram <GML/0635.gml>
#
# Dimension   : 1
# Entries     : 49
# Betti number: 49
0.872881	inf
0.889831	inf
0.90678	inf
0.915254	inf
0.915254	inf
0.923729	inf
0.923729	inf
0.923729	inf
0.940678	inf
0.940678	inf
0.940678	inf
0.949153	inf
0.949153	inf
0.949153	inf
0.949153	inf
0.949153	inf
0.957627	inf
0.957627	inf
0.957627	inf
0.957627	inf
0.966102	inf
0.966102	inf
0.966102	inf
0.966102	inf
0.966102	inf
0.966102	inf
0.966102	inf
0.966102	inf
0.966102	inf
0.966102	inf
0.966102	inf
0.966102	inf
0.966102	inf
0.966102	inf
0.966102	inf
0.974576	inf
0.974576	inf
0.974576	inf
0.974576	inf
0.974576	inf
0.974576	inf
0.983051	inf
0.983051	inf
0.983051	inf
0.983051	inf
0.983051	inf
0.983051	inf
0.983051	inf
0.983051	inf
