# Persistence diagram <GML/0636.gml>
#
# Dimension   : 1
# Entries     : 33
# Betti number: 33
0.955102	inf
0.955102	inf
0.967347	inf
0.967347	inf
0.979592	inf
0.979592	inf
0.979592	inf
0.979592	inf
0.983673	inf
0.983673	inf
0.983673	inf
0.983673	inf
0.983673	inf
0.983673	inf
0.983673	inf
0.983673	inf
0.983673	inf
0.987755	inf
0.987755	inf
0.987755	inf
0.987755	inf
0.987755	inf
0.987755	inf
0.987755	inf
0.987755	inf
0.991837	inf
0.991837	inf
0.991837	inf
0.991837	inf
0.991837	inf
0.991837	inf
0.991837	inf
0.991837	inf
