# Persistence diagram <GML/0637.gml>
#
# Dimension   : 0
# Entries     : 180
# Betti number: 1
0	inf
0	0.967213
0	0.885246
0	0.934426
0	0.959016
0	0.901639
0	0.918033
0	0.918033
0	0.967213
0	0.959016
0	0.918033
0	0.918033
0	0.95082
0	0.885246
0	0.92623
0	0.967213
0	0.934426
0	0.942623
0	0.967213
0	0.97541
0	0.959016
0	0.934426
0	0.893443
0	0.934426
0	0.983607
0	0.95082
0	0.893443
0	0.95082
0	0.918033
0	0.95082
0	0.967213
0	0.97541
0	0.959016
0	0.918033
0	0.92623
0	0.901639
0	0.901639
0	0.885246
0	0.942623
0	0.983607
0	0.934426
0	0.918033
0	0.983607
0	0.893443
0	0.967213
0	0.885246
0	0.967213
0	0.967213
0	0.97541
0	0.95082
0	0.97541
0	0.95082
0	0.959016
0	0.893443
0	0.92623
0	0.934426
0	0.901639
0	0.967213
0	0.959016
0	0.92623
0	0.967213
0	0.967213
0	0.942623
0	0.97541
0	0.983607
0	0.95082
0	0.959016
0	0.983607
0	0.942623
0	0.95082
0	0.901639
0	0.893443
0	0.983607
0	0.97541
0	0.92623
0	0.885246
0	0.885246
0	0.97541
0	0.893443
0	0.893443
0	0.893443
0	0.95082
0	0.967213
0	0.918033
0	0.885246
0	0.934426
0	0.97541
0	0.885246
0	0.959016
0	0.983607
0	0.97541
0	0.959016
0	0.97541
0	0.97541
0	0.918033
0	0.97541
0	0.959016
0	0.918033
0	0.967213
0	0.959016
0	0.97541
0	0.967213
0	0.901639
0	0.942623
0	0.92623
0	0.97541
0	0.97541
0	0.893443
0	0.97541
0	0.918033
0	0.885246
0	0.92623
0	0.959016
0	0.901639
0	0.934426
0	0.92623
0	0.95082
0	0.942623
0	0.934426
0	0.97541
0	0.967213
0	0.959016
0	0.934426
0	0.97541
0	0.918033
0	0.959016
0	0.97541
0	0.92623
0	0.959016
0	0.918033
0	0.959016
0	0.967213
0	0.967213
0	0.934426
0	0.983607
0	0.918033
0	0.934426
0	0.934426
0	0.934426
0	0.959016
0	0.983607
0	0.893443
0	0.959016
0	0.893443
0	0.97541
0	0.959016
0	0.983607
0	0.967213
0	0.893443
0	0.97541
0	0.934426
0	0.934426
0	0.934426
0	0.942623
0	0.918033
0	0.942623
0	0.901639
0	0.893443
0	0.97541
0	0.983607
0	0.92623
0	0.95082
0	0.942623
0	0.893443
0	0.983607
0	0.885246
0	0.983607
0	0.967213
0	0.885246
0	0.97541
0	0.92623
0	0.97541
0	0.959016
0	0.885246
0	0.918033
0	0.901639
0	0.97541
0	0.918033
0	0.97541
0	0.97541


