# Persistence diagram <GML/0643.gml>
#
# Dimension   : 1
# Entries     : 45
# Betti number: 45
0.788991	inf
0.788991	inf
0.788991	inf
0.788991	inf
0.788991	inf
0.788991	inf
0.788991	inf
0.908257	inf
0.908257	inf
0.908257	inf
0.908257	inf
0.93578	inf
0.93578	inf
0.93578	inf
0.93578	inf
0.93578	inf
0.944954	inf
0.954128	inf
0.954128	inf
0.954128	inf
0.954128	inf
0.954128	inf
0.954128	inf
0.963303	inf
0.963303	inf
0.963303	inf
0.963303	inf
0.963303	inf
0.963303	inf
0.963303	inf
0.963303	inf
0.972477	inf
0.972477	inf
0.972477	inf
0.972477	inf
0.972477	inf
0.972477	inf
0.972477	inf
0.972477	inf
0.972477	inf
0.981651	inf
0.981651	inf
0.981651	inf
0.981651	inf
0.981651	inf
