# Persistence diagram <GML/0643.gml>
#
# Dimension   : 0
# Entries     : 317
# Betti number: 1
0	inf
0	0.944954
0	0.954128
0	0.981651
0	0.944954
0	0.788991
0	0.972477
0	0.981651
0	0.862385
0	0.981651
0	0.981651
0	0.944954
0	0.93578
0	0.944954
0	0.963303
0	0.788991
0	0.93578
0	0.963303
0	0.788991
0	0.862385
0	0.963303
0	0.981651
0	0.972477
0	0.788991
0	0.981651
0	0.963303
0	0.981651
0	0.963303
0	0.963303
0	0.981651
0	0.981651
0	0.788991
0	0.93578
0	0.954128
0	0.972477
0	0.981651
0	0.862385
0	0.93578
0	0.954128
0	0.954128
0	0.972477
0	0.981651
0	0.972477
0	0.981651
0	0.981651
0	0.981651
0	0.981651
0	0.981651
0	0.981651
0	0.981651
0	0.981651
0	0.963303
0	0.972477
0	0.954128
0	0.972477
0	0.917431
0	0.972477
0	0.954128
0	0.93578
0	0.981651
0	0.981651
0	0.981651
0	0.981651
0	0.93578
0	0.972477
0	0.862385
0	0.93578
0	0.908257
0	0.981651
0	0.981651
0	0.926606
0	0.972477
0	0.972477
0	0.963303
0	0.981651
0	0.972477
0	0.963303
0	0.972477
0	0.972477
0	0.954128
0	0.926606
0	0.954128
0	0.93578
0	0.972477
0	0.963303
0	0.926606
0	0.981651
0	0.972477
0	0.972477
0	0.944954
0	0.981651
0	0.981651
0	0.972477
0	0.788991
0	0.954128
0	0.981651
0	0.954128
0	0.972477
0	0.963303
0	0.972477
0	0.981651
0	0.963303
0	0.981651
0	0.944954
0	0.93578
0	0.972477
0	0.972477
0	0.972477
0	0.954128
0	0.926606
0	0.981651
0	0.788991
0	0.788991
0	0.972477
0	0.93578
0	0.972477
0	0.963303
0	0.981651
0	0.944954
0	0.963303
0	0.954128
0	0.944954
0	0.981651
0	0.972477
0	0.981651
0	0.954128
0	0.972477
0	0.862385
0	0.981651
0	0.972477
0	0.963303
0	0.972477
0	0.981651
0	0.981651
0	0.788991
0	0.93578
0	0.972477
0	0.972477
0	0.862385
0	0.788991
0	0.926606
0	0.981651
0	0.862385
0	0.862385
0	0.954128
0	0.972477
0	0.972477
0	0.944954
0	0.954128
0	0.972477
0	0.972477
0	0.981651
0	0.963303
0	0.981651
0	0.954128
0	0.972477
0	0.981651
0	0.917431
0	0.972477
0	0.981651
0	0.963303
0	0.981651
0	0.972477
0	0.981651
0	0.917431
0	0.944954
0	0.972477
0	0.972477
0	0.954128
0	0.963303
0	0.981651
0	0.972477
0	0.972477
0	0.908257
0	0.981651
0	0.972477
0	0.972477
0	0.926606
0	0.963303
0	0.93578
0	0.981651
0	0.981651
0	0.972477
0	0.972477
0	0.972477
0	0.944954
0	0.963303
0	0.972477
0	0.926606
0	0.972477
0	0.926606
0	0.981651
0	0.788991
0	0.972477
0	0.954128
0	0.981651
0	0.972477
0	0.862385
0	0.93578
0	0.972477
0	0.954128
0	0.981651
0	0.981651
0	0.963303
0	0.788991
0	0.788991
0	0.963303
0	0.981651
0	0.981651
0	0.972477
0	0.862385
0	0.93578
0	0.972477
0	0.972477
0	0.93578
0	0.981651
0	0.963303
0	0.981651
0	0.954128
0	0.972477
0	0.981651
0	0.93578
0	0.981651
0	0.954128
0	0.93578
0	0.788991
0	0.972477
0	0.963303
0	0.972477
0	0.981651
0	0.981651
0	0.93578
0	0.981651
0	0.944954
0	0.963303
0	0.981651
0	0.972477
0	0.963303
0	0.963303
0	0.963303
0	0.972477
0	0.944954
0	0.788991
0	0.972477
0	0.981651
0	0.954128
0	0.93578
0	0.954128
0	0.972477
0	0.963303
0	0.981651
0	0.954128
0	0.944954
0	0.981651
0	0.972477
0	0.972477
0	0.981651
0	0.908257
0	0.944954
0	0.972477
0	0.972477
0	0.944954
0	0.954128
0	0.862385
0	0.93578
0	0.963303
0	0.981651
0	0.981651
0	0.963303
0	0.963303
0	0.972477
0	0.954128
0	0.963303
0	0.972477
0	0.981651
0	0.963303
0	0.954128
0	0.981651
0	0.981651
0	0.917431
0	0.954128
0	0.981651
0	0.788991
0	0.954128
0	0.981651
0	0.972477
0	0.963303
0	0.862385
0	0.981651
0	0.908257
0	0.981651
0	0.944954
0	0.917431
0	0.917431
0	0.972477
0	0.963303
0	0.981651
0	0.972477
0	0.981651
0	0.963303
0	0.963303
0	0.981651
0	0.954128
0	0.981651
0	0.944954
0	0.963303
0	0.981651
0	0.944954
0	0.954128
0	0.963303
0	0.981651
0	0.963303
0	0.963303
0	0.908257
0	0.981651
0	0.954128
0	0.981651


