# Persistence diagram <GML/0645.gml>
#
# Dimension   : 1
# Entries     : 35
# Betti number: 34
0.80137	inf
0.80137	inf
0.80137	inf
0.80137	inf
0.80137	inf
0.80137	inf
0.80137	inf
0.80137	inf
0.80137	inf
0.80137	inf
0.80137	inf
0.80137	inf
0.80137	0.917808
0.80137	inf
0.80137	inf
0.80137	inf
0.952055	inf
0.958904	inf
0.958904	inf
0.965753	inf
0.965753	inf
0.972603	inf
0.972603	inf
0.972603	inf
0.979452	inf
0.979452	inf
0.979452	inf
0.979452	inf
0.979452	inf
0.979452	inf
0.979452	inf
0.979452	inf
0.979452	inf
0.986301	inf
0.986301	inf
