# Persistence diagram <GML/0652.gml>
#
# Dimension   : 0
# Entries     : 304
# Betti number: 1
0	inf
0	0.94
0	0.95
0	0.97
0	0.88
0	0.76
0	0.96
0	0.97
0	0.92
0	0.76
0	0.97
0	0.97
0	0.98
0	0.76
0	0.97
0	0.94
0	0.98
0	0.95
0	0.97
0	0.96
0	0.97
0	0.97
0	0.98
0	0.98
0	0.96
0	0.97
0	0.98
0	0.96
0	0.94
0	0.96
0	0.98
0	0.92
0	0.96
0	0.97
0	0.98
0	0.76
0	0.98
0	0.98
0	0.97
0	0.96
0	0.95
0	0.97
0	0.98
0	0.95
0	0.98
0	0.98
0	0.97
0	0.92
0	0.96
0	0.98
0	0.96
0	0.95
0	0.97
0	0.97
0	0.96
0	0.88
0	0.94
0	0.96
0	0.96
0	0.96
0	0.88
0	0.97
0	0.96
0	0.95
0	0.98
0	0.88
0	0.97
0	0.97
0	0.95
0	0.94
0	0.92
0	0.96
0	0.92
0	0.96
0	0.96
0	0.88
0	0.96
0	0.96
0	0.96
0	0.94
0	0.76
0	0.96
0	0.98
0	0.76
0	0.95
0	0.96
0	0.95
0	0.96
0	0.96
0	0.95
0	0.96
0	0.95
0	0.97
0	0.95
0	0.88
0	0.96
0	0.95
0	0.96
0	0.95
0	0.98
0	0.94
0	0.96
0	0.95
0	0.94
0	0.76
0	0.97
0	0.98
0	0.95
0	0.95
0	0.88
0	0.96
0	0.96
0	0.89
0	0.97
0	0.95
0	0.95
0	0.97
0	0.97
0	0.98
0	0.96
0	0.95
0	0.95
0	0.96
0	0.97
0	0.96
0	0.97
0	0.94
0	0.96
0	0.98
0	0.97
0	0.92
0	0.94
0	0.95
0	0.98
0	0.89
0	0.94
0	0.96
0	0.98
0	0.96
0	0.89
0	0.98
0	0.98
0	0.97
0	0.98
0	0.97
0	0.94
0	0.96
0	0.94
0	0.89
0	0.95
0	0.98
0	0.98
0	0.96
0	0.96
0	0.92
0	0.97
0	0.98
0	0.76
0	0.96
0	0.88
0	0.95
0	0.89
0	0.98
0	0.96
0	0.98
0	0.95
0	0.97
0	0.95
0	0.98
0	0.95
0	0.76
0	0.92
0	0.96
0	0.94
0	0.95
0	0.97
0	0.95
0	0.98
0	0.94
0	0.89
0	0.98
0	0.97
0	0.95
0	0.98
0	0.96
0	0.98
0	0.94
0	0.98
0	0.94
0	0.94
0	0.96
0	0.96
0	0.89
0	0.95
0	0.95
0	0.95
0	0.76
0	0.92
0	0.95
0	0.97
0	0.95
0	0.92
0	0.98
0	0.98
0	0.89
0	0.97
0	0.89
0	0.92
0	0.94
0	0.98
0	0.98
0	0.92
0	0.92
0	0.88
0	0.95
0	0.98
0	0.98
0	0.98
0	0.96
0	0.94
0	0.98
0	0.96
0	0.98
0	0.98
0	0.97
0	0.98
0	0.96
0	0.76
0	0.89
0	0.97
0	0.96
0	0.89
0	0.92
0	0.96
0	0.94
0	0.96
0	0.98
0	0.97
0	0.96
0	0.97
0	0.97
0	0.92
0	0.88
0	0.76
0	0.98
0	0.97
0	0.97
0	0.98
0	0.94
0	0.95
0	0.95
0	0.96
0	0.97
0	0.96
0	0.96
0	0.89
0	0.95
0	0.76
0	0.92
0	0.97
0	0.94
0	0.95
0	0.96
0	0.95
0	0.96
0	0.95
0	0.96
0	0.96
0	0.98
0	0.89
0	0.96
0	0.96
0	0.76
0	0.97
0	0.98
0	0.95
0	0.95
0	0.97
0	0.96
0	0.98
0	0.96
0	0.97
0	0.94
0	0.94
0	0.97
0	0.95
0	0.96
0	0.94
0	0.98
0	0.97
0	0.96
0	0.98
0	0.96
0	0.96
0	0.95
0	0.92
0	0.92
0	0.94
0	0.98
0	0.96
0	0.95
0	0.94
0	0.95
0	0.98


