# Persistence diagram <GML/0662.gml>
#
# Dimension   : 0
# Entries     : 322
# Betti number: 2
0	inf
0	0.981982
0	0.981982
0	0.972973
0	0.945946
0	0.981982
0	0.927928
0	0.945946
0	0.963964
0	0.972973
0	0.972973
0	0.981982
0	0.954955
0	0.900901
0	0.981982
0	0.945946
0	0.972973
0	0.963964
0	0.954955
0	0.963964
0	0.972973
0	0.936937
0	0.945946
0	0.963964
0	0.972973
0	0.972973
0	0.954955
0	0.954955
0	0.918919
0	0.981982
0	0.927928
0	0.972973
0	0.972973
0	0.981982
0	0.981982
0	0.927928
0	0.972973
0	0.963964
0	0.981982
0	0.945946
0	0.981982
0	0.981982
0	0.936937
0	0.927928
0	0.954955
0	0.981982
0	0.972973
0	0.954955
0	0.963964
0	0.963964
0	0.981982
0	0.972973
0	0.972973
0	0.954955
0	0.981982
0	0.981982
0	0.927928
0	0.927928
0	0.981982
0	0.972973
0	0.981982
0	0.936937
0	0.981982
0	0.972973
0	0.972973
0	0.972973
0	0.963964
0	0.972973
0	0.972973
0	0.945946
0	0.972973
0	0.972973
0	0.981982
0	0.981982
0	0.972973
0	0.981982
0	0.981982
0	0.972973
0	0.972973
0	0.972973
0	0.936937
0	0.963964
0	0.972973
0	0.972973
0	0.963964
0	0.981982
0	0.900901
0	0.972973
0	0.927928
0	0.981982
0	0.981982
0	0.981982
0	0.981982
0	0.972973
0	0.972973
0	0.981982
0	0.954955
0	0.981982
0	0.981982
0	0.954955
0	0.900901
0	0.972973
0	0.972973
0	0.927928
0	0.972973
0	0.963964
0	0.963964
0	0.972973
0	0.981982
0	0.927928
0	0.972973
0	0.954955
0	0.963964
0	0.981982
0	0.936937
0	0.981982
0	0.981982
0	0.954955
0	0.963964
0	0.963964
0	0.963964
0	0.972973
0	0.936937
0	0.972973
0	0.981982
0	0.927928
0	0.972973
0	0.981982
0	0.972973
0	0.972973
0	0.972973
0	0.954955
0	0.981982
0	0.963964
0	0.945946
0	0.954955
0	0.927928
0	0.972973
0	0.963964
0	0.972973
0	0.972973
0	0.954955
0	0.981982
0	0.963964
0	0.981982
0	0.963964
0	0.981982
0	0.900901
0	0.954955
0	0.972973
0	0.972973
0	0.972973
0	inf
0	0.963964
0	0.981982
0	0.981982
0	0.972973
0	0.981982
0	0.945946
0	0.963964
0	0.972973
0	0.927928
0	0.972973
0	0.972973
0	0.972973
0	0.963964
0	0.972973
0	0.981982
0	0.963964
0	0.972973
0	0.981982
0	0.927928
0	0.927928
0	0.972973
0	0.981982
0	0.945946
0	0.927928
0	0.963964
0	0.963964
0	0.972973
0	0.945946
0	0.981982
0	0.981982
0	0.981982
0	0.927928
0	0.981982
0	0.945946
0	0.963964
0	0.963964
0	0.972973
0	0.981982
0	0.936937
0	0.936937
0	0.927928
0	0.981982
0	0.972973
0	0.981982
0	0.981982
0	0.972973
0	0.963964
0	0.972973
0	0.963964
0	0.981982
0	0.981982
0	0.972973
0	0.954955
0	0.972973
0	0.981982
0	0.981982
0	0.972973
0	0.981982
0	0.981982
0	0.981982
0	0.972973
0	0.927928
0	0.972973
0	0.954955
0	0.981982
0	0.927928
0	0.900901
0	0.945946
0	0.963964
0	0.918919
0	0.963964
0	0.945946
0	0.981982
0	0.963964
0	0.927928
0	0.945946
0	0.972973
0	0.972973
0	0.927928
0	0.900901
0	0.972973
0	0.981982
0	0.945946
0	0.963964
0	0.963964
0	0.963964
0	0.927928
0	0.936937
0	0.945946
0	0.963964
0	0.972973
0	0.945946
0	0.954955
0	0.945946
0	0.981982
0	0.936937
0	0.981982
0	0.945946
0	0.981982
0	0.981982
0	0.954955
0	0.918919
0	0.927928
0	0.972973
0	0.963964
0	0.918919
0	0.963964
0	0.972973
0	0.972973
0	0.981982
0	0.954955
0	0.981982
0	0.972973
0	0.981982
0	0.936937
0	0.981982
0	0.900901
0	0.972973
0	0.900901
0	0.954955
0	0.963964
0	0.981982
0	0.963964
0	0.972973
0	0.963964
0	0.963964
0	0.918919
0	0.981982
0	0.963964
0	0.945946
0	0.963964
0	0.972973
0	0.972973
0	0.972973
0	0.981982
0	0.954955
0	0.954955
0	0.981982
0	0.972973
0	0.972973
0	0.927928
0	0.972973
0	0.945946
0	0.927928
0	0.927928
0	0.972973
0	0.900901
0	0.927928
0	0.936937
0	0.963964
0	0.972973
0	0.954955
0	0.954955
0	0.900901
0	0.945946
0	0.963964
0	0.981982
0	0.972973
0	0.972973
0	0.927928
0	0.981982
0	0.963964
0	0.936937
0	0.981982
0	0.954955
0	0.963964
0	0.936937
0	0.963964
0	0.972973


