# Persistence diagram <GML/0664.gml>
#
# Dimension   : 0
# Entries     : 232
# Betti number: 1
0	inf
0	0.949367
0	0.974684
0	0.949367
0	0.987342
0	0.955696
0	0.981013
0	0.905063
0	0.955696
0	0.943038
0	0.968354
0	0.981013
0	0.968354
0	0.968354
0	0.968354
0	0.949367
0	0.987342
0	0.962025
0	0.803797
0	0.962025
0	0.987342
0	0.955696
0	0.987342
0	0.962025
0	0.905063
0	0.962025
0	0.974684
0	0.949367
0	0.949367
0	0.905063
0	0.905063
0	0.949367
0	0.974684
0	0.974684
0	0.987342
0	0.987342
0	0.981013
0	0.949367
0	0.981013
0	0.974684
0	0.987342
0	0.974684
0	0.981013
0	0.987342
0	0.981013
0	0.968354
0	0.981013
0	0.955696
0	0.987342
0	0.955696
0	0.968354
0	0.803797
0	0.955696
0	0.955696
0	0.968354
0	0.949367
0	0.962025
0	0.974684
0	0.905063
0	0.974684
0	0.955696
0	0.974684
0	0.962025
0	0.981013
0	0.987342
0	0.981013
0	0.955696
0	0.968354
0	0.974684
0	0.962025
0	0.981013
0	0.949367
0	0.981013
0	0.987342
0	0.803797
0	0.981013
0	0.949367
0	0.974684
0	0.981013
0	0.974684
0	0.968354
0	0.943038
0	0.974684
0	0.987342
0	0.981013
0	0.949367
0	0.987342
0	0.981013
0	0.974684
0	0.974684
0	0.949367
0	0.981013
0	0.981013
0	0.962025
0	0.987342
0	0.974684
0	0.974684
0	0.974684
0	0.981013
0	0.974684
0	0.803797
0	0.968354
0	0.981013
0	0.987342
0	0.981013
0	0.981013
0	0.981013
0	0.803797
0	0.987342
0	0.803797
0	0.943038
0	0.905063
0	0.968354
0	0.974684
0	0.987342
0	0.987342
0	0.803797
0	0.981013
0	0.803797
0	0.962025
0	0.974684
0	0.987342
0	0.803797
0	0.803797
0	0.981013
0	0.974684
0	0.905063
0	0.974684
0	0.974684
0	0.955696
0	0.987342
0	0.974684
0	0.955696
0	0.905063
0	0.803797
0	0.981013
0	0.974684
0	0.987342
0	0.981013
0	0.974684
0	0.987342
0	0.955696
0	0.955696
0	0.974684
0	0.987342
0	0.974684
0	0.987342
0	0.987342
0	0.905063
0	0.981013
0	0.949367
0	0.968354
0	0.987342
0	0.981013
0	0.968354
0	0.981013
0	0.987342
0	0.955696
0	0.987342
0	0.987342
0	0.955696
0	0.905063
0	0.943038
0	0.803797
0	0.949367
0	0.987342
0	0.974684
0	0.905063
0	0.981013
0	0.974684
0	0.981013
0	0.803797
0	0.943038
0	0.974684
0	0.981013
0	0.974684
0	0.962025
0	0.987342
0	0.981013
0	0.949367
0	0.955696
0	0.949367
0	0.981013
0	0.968354
0	0.803797
0	0.987342
0	0.974684
0	0.981013
0	0.968354
0	0.987342
0	0.968354
0	0.962025
0	0.974684
0	0.803797
0	0.981013
0	0.949367
0	0.962025
0	0.974684
0	0.981013
0	0.955696
0	0.955696
0	0.943038
0	0.905063
0	0.968354
0	0.943038
0	0.968354
0	0.905063
0	0.955696
0	0.974684
0	0.955696
0	0.974684
0	0.987342
0	0.974684
0	0.968354
0	0.974684
0	0.974684
0	0.987342
0	0.981013
0	0.955696
0	0.981013
0	0.943038
0	0.974684
0	0.987342
0	0.974684
0	0.987342
0	0.955696
0	0.949367
0	0.981013
0	0.974684
0	0.987342
0	0.974684
0	0.987342


