# Persistence diagram <GML/0673.gml>
#
# Dimension   : 0
# Entries     : 194
# Betti number: 2
0	inf
0	0.964286
0	0.94898
0	0.979592
0	0.964286
0	0.969388
0	0.984694
0	0.984694
0	0.97449
0	0.979592
0	0.989796
0	0.979592
0	0.984694
0	0.943878
0	0.97449
0	0.989796
0	inf
0	0.97449
0	0.97449
0	0.97449
0	0.979592
0	0.97449
0	0.984694
0	0.984694
0	0.969388
0	0.989796
0	0.984694
0	0.989796
0	0.943878
0	0.959184
0	0.989796
0	0.964286
0	0.954082
0	0.97449
0	0.97449
0	0.97449
0	0.984694
0	0.984694
0	0.979592
0	0.984694
0	0.969388
0	0.97449
0	0.964286
0	0.984694
0	0.943878
0	0.979592
0	0.94898
0	0.964286
0	0.989796
0	0.979592
0	0.984694
0	0.959184
0	0.979592
0	0.979592
0	0.984694
0	0.989796
0	0.984694
0	0.969388
0	0.984694
0	0.979592
0	0.969388
0	0.969388
0	0.989796
0	0.979592
0	0.979592
0	0.989796
0	0.94898
0	0.943878
0	0.989796
0	0.97449
0	0.979592
0	0.969388
0	0.97449
0	0.984694
0	0.989796
0	0.989796
0	0.943878
0	0.989796
0	0.964286
0	0.979592
0	0.969388
0	0.979592
0	0.943878
0	0.954082
0	0.989796
0	0.989796
0	0.989796
0	0.97449
0	0.984694
0	0.943878
0	0.964286
0	0.969388
0	0.979592
0	0.989796
0	0.97449
0	0.97449
0	0.943878
0	0.984694
0	0.969388
0	0.969388
0	0.94898
0	0.984694
0	0.959184
0	0.989796
0	0.989796
0	0.94898
0	0.969388
0	0.984694
0	0.943878
0	0.969388
0	0.984694
0	0.969388
0	0.954082
0	0.97449
0	0.984694
0	0.94898
0	0.97449
0	0.989796
0	0.984694
0	0.989796
0	0.979592
0	0.979592
0	0.979592
0	0.984694
0	0.989796
0	0.979592
0	0.989796
0	0.964286
0	0.97449
0	0.943878
0	0.979592
0	0.984694
0	0.943878
0	0.989796
0	0.959184
0	0.989796
0	0.959184
0	0.94898
0	0.984694
0	0.989796
0	0.943878
0	0.984694
0	0.989796
0	0.989796
0	0.954082
0	0.97449
0	0.989796
0	0.943878
0	0.97449
0	0.97449
0	0.959184
0	0.979592
0	0.979592
0	0.969388
0	0.97449
0	0.989796
0	0.969388
0	0.989796
0	0.943878
0	0.969388
0	0.97449
0	0.97449
0	0.979592
0	0.984694
0	0.954082
0	0.959184
0	0.943878
0	0.979592
0	0.969388
0	0.984694
0	0.94898
0	0.97449
0	0.984694
0	0.994898
0	0.964286
0	0.989796
0	0.989796
0	0.989796
0	0.979592
0	0.989796
0	0.984694
0	0.984694
0	0.984694
0	0.969388
0	0.989796
0	0.989796
0	0.94898
0	0.989796
0	0.984694
0	0.97449
0	0.979592
0	0.97449
0	0.959184
0	0.954082


