# Persistence diagram <GML/0676.gml>
#
# Dimension   : 1
# Entries     : 40
# Betti number: 40
0.711111	inf
0.844444	inf
0.844444	inf
0.844444	inf
0.844444	inf
0.844444	inf
0.844444	inf
0.844444	inf
0.866667	inf
0.866667	inf
0.866667	inf
0.888889	inf
0.888889	inf
0.888889	inf
0.888889	inf
0.911111	inf
0.911111	inf
0.911111	inf
0.911111	inf
0.911111	inf
0.911111	inf
0.911111	inf
0.911111	inf
0.933333	inf
0.933333	inf
0.933333	inf
0.933333	inf
0.933333	inf
0.933333	inf
0.933333	inf
0.955556	inf
0.955556	inf
0.955556	inf
0.955556	inf
0.955556	inf
0.955556	inf
0.955556	inf
0.955556	inf
0.955556	inf
0.955556	inf
