# Persistence diagram <GML/0676.gml>
#
# Dimension   : 0
# Entries     : 352
# Betti number: 1
0	inf
0	0.755556
0	0.955556
0	0.711111
0	0.844444
0	0.688889
0	0.911111
0	0.844444
0	0.911111
0	0.933333
0	0.888889
0	0.911111
0	0.955556
0	0.933333
0	0.844444
0	0.711111
0	0.755556
0	0.911111
0	0.933333
0	0.911111
0	0.911111
0	0.888889
0	0.711111
0	0.844444
0	0.733333
0	0.844444
0	0.888889
0	0.933333
0	0.911111
0	0.844444
0	0.844444
0	0.866667
0	0.844444
0	0.866667
0	0.933333
0	0.844444
0	0.933333
0	0.733333
0	0.933333
0	0.911111
0	0.866667
0	0.933333
0	0.844444
0	0.911111
0	0.911111
0	0.933333
0	0.844444
0	0.711111
0	0.711111
0	0.866667
0	0.866667
0	0.822222
0	0.933333
0	0.711111
0	0.866667
0	0.933333
0	0.933333
0	0.933333
0	0.822222
0	0.955556
0	0.888889
0	0.911111
0	0.955556
0	0.844444
0	0.711111
0	0.8
0	0.911111
0	0.911111
0	0.866667
0	0.933333
0	0.888889
0	0.955556
0	0.844444
0	0.911111
0	0.955556
0	0.866667
0	0.822222
0	0.933333
0	0.955556
0	0.933333
0	0.866667
0	0.822222
0	0.955556
0	0.911111
0	0.711111
0	0.955556
0	0.888889
0	0.733333
0	0.911111
0	0.911111
0	0.911111
0	0.755556
0	0.955556
0	0.844444
0	0.888889
0	0.822222
0	0.911111
0	0.844444
0	0.711111
0	0.888889
0	0.711111
0	0.844444
0	0.911111
0	0.888889
0	0.933333
0	0.822222
0	0.911111
0	0.755556
0	0.844444
0	0.888889
0	0.911111
0	0.911111
0	0.888889
0	0.911111
0	0.688889
0	0.844444
0	0.844444
0	0.866667
0	0.955556
0	0.955556
0	0.911111
0	0.955556
0	0.711111
0	0.866667
0	0.822222
0	0.844444
0	0.888889
0	0.688889
0	0.955556
0	0.911111
0	0.955556
0	0.866667
0	0.933333
0	0.822222
0	0.955556
0	0.844444
0	0.911111
0	0.888889
0	0.911111
0	0.933333
0	0.844444
0	0.688889
0	0.844444
0	0.844444
0	0.911111
0	0.955556
0	0.711111
0	0.888889
0	0.844444
0	0.711111
0	0.755556
0	0.8
0	0.911111
0	0.755556
0	0.711111
0	0.933333
0	0.822222
0	0.911111
0	0.888889
0	0.911111
0	0.8
0	0.844444
0	0.755556
0	0.844444
0	0.844444
0	0.711111
0	0.933333
0	0.888889
0	0.933333
0	0.911111
0	0.688889
0	0.888889
0	0.955556
0	0.822222
0	0.888889
0	0.888889
0	0.911111
0	0.888889
0	0.688889
0	0.866667
0	0.733333
0	0.733333
0	0.888889
0	0.911111
0	0.866667
0	0.955556
0	0.866667
0	0.888889
0	0.866667
0	0.711111
0	0.822222
0	0.844444
0	0.866667
0	0.955556
0	0.688889
0	0.822222
0	0.955556
0	0.933333
0	0.933333
0	0.866667
0	0.888889
0	0.888889
0	0.933333
0	0.911111
0	0.955556
0	0.933333
0	0.733333
0	0.888889
0	0.844444
0	0.866667
0	0.733333
0	0.888889
0	0.733333
0	0.888889
0	0.822222
0	0.911111
0	0.688889
0	0.866667
0	0.933333
0	0.933333
0	0.844444
0	0.933333
0	0.911111
0	0.933333
0	0.955556
0	0.688889
0	0.933333
0	0.888889
0	0.933333
0	0.866667
0	0.933333
0	0.866667
0	0.911111
0	0.933333
0	0.822222
0	0.822222
0	0.844444
0	0.888889
0	0.866667
0	0.822222
0	0.933333
0	0.888889
0	0.711111
0	0.888889
0	0.888889
0	0.911111
0	0.844444
0	0.933333
0	0.955556
0	0.866667
0	0.844444
0	0.933333
0	0.955556
0	0.711111
0	0.822222
0	0.8
0	0.888889
0	0.755556
0	0.933333
0	0.822222
0	0.933333
0	0.8
0	0.866667
0	0.888889
0	0.844444
0	0.866667
0	0.688889
0	0.711111
0	0.866667
0	0.888889
0	0.888889
0	0.733333
0	0.888889
0	0.711111
0	0.955556
0	0.866667
0	0.688889
0	0.844444
0	0.866667
0	0.888889
0	0.755556
0	0.866667
0	0.866667
0	0.955556
0	0.822222
0	0.844444
0	0.888889
0	0.933333
0	0.866667
0	0.844444
0	0.955556
0	0.933333
0	0.844444
0	0.844444
0	0.866667
0	0.733333
0	0.844444
0	0.911111
0	0.866667
0	0.955556
0	0.733333
0	0.911111
0	0.866667
0	0.888889
0	0.866667
0	0.711111
0	0.933333
0	0.888889
0	0.688889
0	0.755556
0	0.844444
0	0.866667
0	0.8
0	0.866667
0	0.955556
0	0.911111
0	0.8
0	0.911111
0	0.8
0	0.866667
0	0.866667
0	0.688889
0	0.955556
0	0.955556
0	0.933333
0	0.822222
0	0.711111
0	0.911111
0	0.888889
0	0.844444
0	0.888889
0	0.911111
0	0.888889
0	0.711111
0	0.866667
0	0.866667
0	0.911111
0	0.955556
0	0.888889
0	0.844444
0	0.955556
0	0.844444
0	0.822222
0	0.955556
0	0.866667
0	0.844444
0	0.911111
0	0.911111
0	0.844444
0	0.866667
0	0.844444
0	0.822222


