# Persistence diagram <GML/0680.gml>
#
# Dimension   : 0
# Entries     : 236
# Betti number: 1
0	inf
0	0.979695
0	0.974619
0	0.954315
0	0.923858
0	0.923858
0	0.989848
0	0.989848
0	0.984772
0	0.979695
0	0.959391
0	0.964467
0	0.959391
0	0.989848
0	0.974619
0	0.984772
0	0.969543
0	0.903553
0	0.974619
0	0.979695
0	0.989848
0	0.984772
0	0.974619
0	0.903553
0	0.964467
0	0.969543
0	0.964467
0	0.989848
0	0.984772
0	0.984772
0	0.984772
0	0.959391
0	0.974619
0	0.984772
0	0.969543
0	0.923858
0	0.989848
0	0.903553
0	0.989848
0	0.984772
0	0.989848
0	0.959391
0	0.984772
0	0.984772
0	0.979695
0	0.989848
0	0.989848
0	0.984772
0	0.989848
0	0.979695
0	0.984772
0	0.984772
0	0.979695
0	0.984772
0	0.964467
0	0.989848
0	0.984772
0	0.979695
0	0.959391
0	0.984772
0	0.984772
0	0.944162
0	0.974619
0	0.979695
0	0.984772
0	0.989848
0	0.959391
0	0.984772
0	0.903553
0	0.984772
0	0.964467
0	0.903553
0	0.989848
0	0.989848
0	0.959391
0	0.954315
0	0.923858
0	0.984772
0	0.923858
0	0.903553
0	0.989848
0	0.944162
0	0.989848
0	0.903553
0	0.964467
0	0.979695
0	0.979695
0	0.959391
0	0.974619
0	0.979695
0	0.984772
0	0.989848
0	0.964467
0	0.923858
0	0.903553
0	0.944162
0	0.944162
0	0.903553
0	0.989848
0	0.959391
0	0.969543
0	0.974619
0	0.969543
0	0.989848
0	0.989848
0	0.974619
0	0.974619
0	0.984772
0	0.954315
0	0.989848
0	0.989848
0	0.959391
0	0.923858
0	0.944162
0	0.979695
0	0.979695
0	0.979695
0	0.984772
0	0.954315
0	0.923858
0	0.984772
0	0.954315
0	0.979695
0	0.903553
0	0.969543
0	0.954315
0	0.974619
0	0.979695
0	0.984772
0	0.984772
0	0.959391
0	0.979695
0	0.979695
0	0.979695
0	0.979695
0	0.969543
0	0.964467
0	0.974619
0	0.984772
0	0.923858
0	0.974619
0	0.984772
0	0.989848
0	0.964467
0	0.989848
0	0.974619
0	0.989848
0	0.989848
0	0.989848
0	0.974619
0	0.984772
0	0.984772
0	0.923858
0	0.984772
0	0.964467
0	0.903553
0	0.979695
0	0.989848
0	0.954315
0	0.974619
0	0.984772
0	0.969543
0	0.989848
0	0.979695
0	0.979695
0	0.969543
0	0.959391
0	0.974619
0	0.979695
0	0.974619
0	0.959391
0	0.903553
0	0.984772
0	0.944162
0	0.969543
0	0.979695
0	0.989848
0	0.974619
0	0.984772
0	0.959391
0	0.989848
0	0.954315
0	0.923858
0	0.989848
0	0.984772
0	0.969543
0	0.989848
0	0.984772
0	0.944162
0	0.989848
0	0.923858
0	0.989848
0	0.984772
0	0.989848
0	0.974619
0	0.989848
0	0.989848
0	0.964467
0	0.964467
0	0.944162
0	0.984772
0	0.984772
0	0.944162
0	0.989848
0	0.979695
0	0.974619
0	0.923858
0	0.903553
0	0.964467
0	0.979695
0	0.989848
0	0.989848
0	0.984772
0	0.984772
0	0.964467
0	0.974619
0	0.989848
0	0.944162
0	0.903553
0	0.964467
0	0.979695
0	0.989848
0	0.984772
0	0.979695
0	0.984772
0	0.984772
0	0.959391
0	0.984772
0	0.989848
0	0.984772
0	0.989848
0	0.984772
0	0.964467
0	0.989848
0	0.984772
0	0.989848


