# Persistence diagram <GML/0681.gml>
#
# Dimension   : 0
# Entries     : 148
# Betti number: 1
0	inf
0	0.977612
0	0.955224
0	0.981343
0	0.985075
0	0.988806
0	0.981343
0	0.981343
0	0.985075
0	0.985075
0	0.992537
0	0.985075
0	0.985075
0	0.988806
0	0.966418
0	0.985075
0	0.966418
0	0.988806
0	0.988806
0	0.973881
0	0.985075
0	0.981343
0	0.988806
0	0.981343
0	0.977612
0	0.985075
0	0.992537
0	0.992537
0	0.988806
0	0.988806
0	0.985075
0	0.992537
0	0.955224
0	0.973881
0	0.992537
0	0.985075
0	0.970149
0	0.985075
0	0.955224
0	0.985075
0	0.988806
0	0.985075
0	0.988806
0	0.992537
0	0.988806
0	0.985075
0	0.973881
0	0.977612
0	0.988806
0	0.992537
0	0.955224
0	0.992537
0	0.966418
0	0.985075
0	0.985075
0	0.985075
0	0.985075
0	0.973881
0	0.985075
0	0.988806
0	0.988806
0	0.985075
0	0.985075
0	0.985075
0	0.992537
0	0.985075
0	0.985075
0	0.981343
0	0.992537
0	0.992537
0	0.985075
0	0.947761
0	0.992537
0	0.992537
0	0.955224
0	0.977612
0	0.988806
0	0.977612
0	0.955224
0	0.973881
0	0.966418
0	0.973881
0	0.992537
0	0.988806
0	0.985075
0	0.988806
0	0.988806
0	0.985075
0	0.981343
0	0.988806
0	0.981343
0	0.981343
0	0.973881
0	0.988806
0	0.955224
0	0.947761
0	0.981343
0	0.985075
0	0.992537
0	0.981343
0	0.992537
0	0.985075
0	0.977612
0	0.966418
0	0.992537
0	0.992537
0	0.973881
0	0.973881
0	0.992537
0	0.973881
0	0.988806
0	0.992537
0	0.970149
0	0.988806
0	0.947761
0	0.985075
0	0.988806
0	0.981343
0	0.973881
0	0.988806
0	0.955224
0	0.988806
0	0.992537
0	0.985075
0	0.985075
0	0.988806
0	0.977612
0	0.992537
0	0.966418
0	0.992537
0	0.977612
0	0.985075
0	0.981343
0	0.985075
0	0.992537
0	0.992537
0	0.985075
0	0.988806
0	0.985075
0	0.985075
0	0.985075
0	0.947761
0	0.985075
0	0.981343
0	0.966418
0	0.947761
0	0.988806
0	0.970149


