# Persistence diagram <GML/0685.gml>
#
# Dimension   : 0
# Entries     : 253
# Betti number: 3
0	inf
0	0.985
0	0.975
0	0.95
0	0.96
0	0.985
0	0.975
0	0.96
0	0.985
0	0.97
0	0.985
0	0.99
0	0.99
0	0.965
0	0.985
0	0.99
0	0.985
0	0.975
0	0.975
0	0.985
0	0.97
0	0.96
0	0.975
0	0.985
0	0.98
0	0.99
0	0.975
0	0.97
0	0.985
0	0.96
0	0.985
0	0.985
0	0.99
0	0.99
0	0.95
0	0.98
0	0.965
0	0.95
0	0.97
0	0.975
0	0.985
0	0.985
0	0.99
0	0.965
0	0.985
0	0.985
0	0.99
0	0.97
0	0.985
0	0.97
0	0.965
0	0.96
0	0.965
0	0.99
0	0.95
0	0.985
0	0.96
0	0.985
0	0.985
0	0.975
0	0.99
0	0.98
0	0.985
0	0.975
0	0.97
0	0.98
0	0.99
0	0.96
0	0.96
0	0.985
0	0.985
0	0.985
0	0.97
0	0.985
0	0.98
0	0.99
0	0.975
0	0.99
0	0.985
0	0.985
0	0.985
0	0.985
0	0.965
0	0.985
0	0.985
0	0.975
0	0.985
0	0.985
0	0.965
0	0.985
0	0.97
0	inf
0	0.985
0	0.975
0	0.975
0	0.975
0	0.995
0	0.975
0	0.98
0	0.98
0	0.985
0	0.975
0	0.97
0	0.975
0	0.975
0	0.98
0	0.95
0	0.99
0	0.985
0	0.985
0	0.985
0	0.99
0	0.965
0	0.99
0	0.985
0	inf
0	0.985
0	0.98
0	0.98
0	0.985
0	0.975
0	0.985
0	0.99
0	0.96
0	0.95
0	0.99
0	0.99
0	0.985
0	0.975
0	0.99
0	0.985
0	0.985
0	0.98
0	0.96
0	0.985
0	0.98
0	0.975
0	0.975
0	0.975
0	0.99
0	0.95
0	0.985
0	0.985
0	0.98
0	0.985
0	0.98
0	0.965
0	0.99
0	0.985
0	0.99
0	0.985
0	0.985
0	0.975
0	0.98
0	0.985
0	0.98
0	0.985
0	0.95
0	0.99
0	0.985
0	0.985
0	0.985
0	0.975
0	0.985
0	0.95
0	0.99
0	0.98
0	0.975
0	0.985
0	0.99
0	0.985
0	0.95
0	0.95
0	0.99
0	0.99
0	0.96
0	0.99
0	0.99
0	0.985
0	0.95
0	0.99
0	0.975
0	0.95
0	0.975
0	0.97
0	0.975
0	0.985
0	0.96
0	0.95
0	0.965
0	0.98
0	0.965
0	0.99
0	0.99
0	0.96
0	0.985
0	0.99
0	0.99
0	0.97
0	0.985
0	0.985
0	0.985
0	0.98
0	0.98
0	0.985
0	0.965
0	0.965
0	0.98
0	0.99
0	0.985
0	0.985
0	0.985
0	0.98
0	0.99
0	0.95
0	0.99
0	0.99
0	0.98
0	0.99
0	0.985
0	0.975
0	0.965
0	0.965
0	0.985
0	0.985
0	0.975
0	0.985
0	0.99
0	0.985
0	0.975
0	0.965
0	0.985
0	0.985
0	0.99
0	0.98
0	0.985
0	0.99
0	0.97
0	0.975
0	0.97
0	0.975
0	0.985
0	0.95
0	0.965
0	0.975
0	0.975
0	0.95
0	0.98
0	0.985
0	0.95
0	0.99
0	0.975
0	0.99


