# Persistence diagram <GML/0687.gml>
#
# Dimension   : 0
# Entries     : 48
# Betti number: 1
0	inf
0	0.862745
0	0.862745
0	0.901961
0	0.901961
0	0.941176
0	0.960784
0	0.941176
0	0.941176
0	0.960784
0	0.901961
0	0.941176
0	0.941176
0	0.823529
0	0.960784
0	0.823529
0	0.901961
0	0.882353
0	0.941176
0	0.862745
0	0.941176
0	0.862745
0	0.823529
0	0.921569
0	0.862745
0	0.921569
0	0.901961
0	0.921569
0	0.960784
0	0.901961
0	0.901961
0	0.901961
0	0.882353
0	0.823529
0	0.941176
0	0.823529
0	0.960784
0	0.901961
0	0.823529
0	0.823529
0	0.882353
0	0.823529
0	0.862745
0	0.941176
0	0.941176
0	0.882353
0	0.882353
0	0.862745


