# Persistence diagram <GML/0688.gml>
#
# Dimension   : 0
# Entries     : 343
# Betti number: 4
0	inf
0	0.977011
0	0.954023
0	inf
0	0.977011
0	0.931034
0	0.954023
0	0.873563
0	0.965517
0	0.873563
0	0.977011
0	0.942529
0	0.965517
0	0.954023
0	0.965517
0	0.942529
0	0.977011
0	0.977011
0	0.896552
0	0.827586
0	0.977011
0	0.977011
0	0.931034
0	0.954023
0	0.965517
0	0.965517
0	0.965517
0	0.965517
0	0.827586
0	0.965517
0	0.931034
0	0.942529
0	0.977011
0	0.827586
0	0.977011
0	0.931034
0	0.954023
0	0.977011
0	0.954023
0	0.977011
0	0.977011
0	0.931034
0	0.942529
0	0.942529
0	0.977011
0	0.965517
0	inf
0	0.896552
0	0.954023
0	0.91954
0	0.896552
0	0.977011
0	0.91954
0	0.954023
0	0.954023
0	0.977011
0	0.977011
0	0.908046
0	0.977011
0	0.977011
0	0.977011
0	0.977011
0	0.965517
0	0.977011
0	0.827586
0	0.977011
0	0.827586
0	0.954023
0	0.896552
0	0.977011
0	0.977011
0	0.91954
0	0.977011
0	0.804598
0	0.942529
0	0.954023
0	0.954023
0	0.873563
0	0.804598
0	0.977011
0	0.977011
0	0.896552
0	0.942529
0	0.954023
0	0.965517
0	0.977011
0	0.977011
0	0.804598
0	0.908046
0	0.931034
0	0.977011
0	0.977011
0	0.977011
0	0.965517
0	0.977011
0	0.954023
0	0.954023
0	0.977011
0	inf
0	0.942529
0	0.942529
0	0.965517
0	0.977011
0	0.965517
0	0.942529
0	0.942529
0	0.942529
0	0.954023
0	0.977011
0	0.931034
0	0.931034
0	0.954023
0	0.804598
0	0.954023
0	0.804598
0	0.977011
0	0.977011
0	0.965517
0	0.977011
0	0.931034
0	0.977011
0	0.942529
0	0.977011
0	0.977011
0	0.977011
0	0.942529
0	0.965517
0	0.827586
0	0.954023
0	0.965517
0	0.965517
0	0.965517
0	0.965517
0	0.896552
0	0.942529
0	0.954023
0	0.965517
0	0.804598
0	0.977011
0	0.954023
0	0.954023
0	0.931034
0	0.977011
0	0.977011
0	0.965517
0	0.873563
0	0.954023
0	0.908046
0	0.965517
0	0.942529
0	0.977011
0	0.977011
0	0.873563
0	0.965517
0	0.908046
0	0.91954
0	0.873563
0	0.977011
0	0.954023
0	0.977011
0	0.804598
0	0.988506
0	0.977011
0	0.896552
0	0.977011
0	0.942529
0	0.954023
0	0.954023
0	0.965517
0	0.965517
0	0.977011
0	0.873563
0	0.965517
0	0.965517
0	0.908046
0	0.977011
0	0.931034
0	0.977011
0	0.965517
0	0.965517
0	0.954023
0	0.827586
0	0.873563
0	0.804598
0	0.942529
0	0.942529
0	0.965517
0	0.965517
0	0.977011
0	0.954023
0	0.965517
0	0.896552
0	0.977011
0	0.896552
0	0.896552
0	0.977011
0	0.977011
0	0.965517
0	0.965517
0	0.942529
0	0.896552
0	0.954023
0	0.965517
0	0.954023
0	0.977011
0	0.954023
0	0.965517
0	0.965517
0	0.827586
0	0.977011
0	0.931034
0	0.942529
0	0.965517
0	0.942529
0	0.965517
0	0.908046
0	0.908046
0	0.977011
0	0.977011
0	0.827586
0	0.977011
0	0.931034
0	0.977011
0	0.942529
0	0.942529
0	0.977011
0	0.977011
0	0.965517
0	0.931034
0	0.827586
0	0.965517
0	0.896552
0	0.977011
0	0.804598
0	0.827586
0	0.954023
0	0.977011
0	0.873563
0	0.965517
0	0.977011
0	0.954023
0	0.954023
0	0.954023
0	0.931034
0	0.977011
0	0.965517
0	0.942529
0	0.896552
0	0.977011
0	0.965517
0	0.965517
0	0.954023
0	0.965517
0	0.977011
0	0.977011
0	0.896552
0	0.965517
0	0.977011
0	0.977011
0	0.965517
0	0.977011
0	0.965517
0	0.965517
0	0.954023
0	0.965517
0	0.977011
0	0.965517
0	0.954023
0	0.965517
0	0.954023
0	0.977011
0	0.965517
0	0.965517
0	0.965517
0	0.977011
0	0.965517
0	0.965517
0	0.977011
0	0.977011
0	0.954023
0	0.896552
0	0.91954
0	0.965517
0	0.804598
0	0.965517
0	0.965517
0	0.954023
0	0.965517
0	0.977011
0	0.942529
0	0.965517
0	0.965517
0	0.977011
0	0.931034
0	0.965517
0	0.954023
0	0.804598
0	0.954023
0	0.931034
0	0.942529
0	0.91954
0	0.954023
0	0.965517
0	0.931034
0	0.827586
0	0.965517
0	0.977011
0	0.942529
0	0.873563
0	0.977011
0	0.804598
0	0.827586
0	0.965517
0	0.965517
0	0.977011
0	0.965517
0	0.965517
0	0.977011
0	0.942529
0	0.965517
0	0.827586
0	0.942529
0	0.954023
0	0.804598
0	0.977011
0	0.931034
0	0.977011
0	0.91954
0	0.977011
0	0.977011
0	0.977011
0	0.804598
0	0.931034
0	0.977011
0	0.942529
0	0.965517
0	0.954023
0	0.965517
0	0.896552
0	0.965517
0	0.977011
0	0.965517
0	0.977011


