# Persistence diagram <GML/0689.gml>
#
# Dimension   : 1
# Entries     : 48
# Betti number: 48
0.952153	inf
0.961722	inf
0.961722	inf
0.961722	inf
0.966507	inf
0.966507	inf
0.971292	inf
0.976077	inf
0.976077	inf
0.976077	inf
0.976077	inf
0.976077	inf
0.976077	inf
0.980861	inf
0.980861	inf
0.980861	inf
0.980861	inf
0.980861	inf
0.980861	inf
0.980861	inf
0.980861	inf
0.980861	inf
0.980861	inf
0.980861	inf
0.980861	inf
0.985646	inf
0.985646	inf
0.985646	inf
0.985646	inf
0.985646	inf
0.985646	inf
0.985646	inf
0.985646	inf
0.985646	inf
0.985646	inf
0.985646	inf
0.985646	inf
0.985646	inf
0.985646	inf
0.985646	inf
0.990431	inf
0.990431	inf
0.990431	inf
0.990431	inf
0.990431	inf
0.990431	inf
0.990431	inf
0.990431	inf
