# Persistence diagram <GML/0690.gml>
#
# Dimension   : 0
# Entries     : 117
# Betti number: 1
0	inf
0	0.978799
0	0.992933
0	0.985866
0	0.985866
0	0.957597
0	0.985866
0	0.982332
0	0.985866
0	0.992933
0	0.95053
0	0.978799
0	0.95053
0	0.989399
0	0.992933
0	0.985866
0	0.985866
0	0.957597
0	0.992933
0	0.989399
0	0.989399
0	0.985866
0	0.989399
0	0.992933
0	0.992933
0	0.978799
0	0.989399
0	0.992933
0	0.95053
0	0.992933
0	0.978799
0	0.989399
0	0.982332
0	0.985866
0	0.989399
0	0.985866
0	0.989399
0	0.989399
0	0.95053
0	0.982332
0	0.989399
0	0.985866
0	0.95053
0	0.992933
0	0.957597
0	0.985866
0	0.989399
0	0.985866
0	0.985866
0	0.985866
0	0.978799
0	0.992933
0	0.989399
0	0.982332
0	0.989399
0	0.992933
0	0.985866
0	0.989399
0	0.978799
0	0.992933
0	0.982332
0	0.985866
0	0.992933
0	0.989399
0	0.978799
0	0.989399
0	0.989399
0	0.992933
0	0.992933
0	0.95053
0	0.989399
0	0.992933
0	0.985866
0	0.978799
0	0.95053
0	0.985866
0	0.985866
0	0.985866
0	0.95053
0	0.982332
0	0.989399
0	0.992933
0	0.978799
0	0.982332
0	0.992933
0	0.985866
0	0.992933
0	0.989399
0	0.985866
0	0.985866
0	0.989399
0	0.982332
0	0.985866
0	0.978799
0	0.978799
0	0.95053
0	0.992933
0	0.985866
0	0.992933
0	0.95053
0	0.978799
0	0.982332
0	0.957597
0	0.982332
0	0.957597
0	0.992933
0	0.985866
0	0.989399
0	0.978799
0	0.989399
0	0.982332
0	0.978799
0	0.985866
0	0.978799
0	0.982332
0	0.985866
0	0.989399


