# Persistence diagram <GML/0694.gml>
#
# Dimension   : 0
# Entries     : 344
# Betti number: 11
0	inf
0	0.933333
0	0.933333
0	inf
0	0.866667
0	0.9
0	0.916667
0	0.95
0	0.9
0	0.766667
0	0.95
0	0.966667
0	0.966667
0	0.9
0	0.95
0	0.933333
0	0.966667
0	0.833333
0	0.633333
0	0.916667
0	inf
0	0.95
0	inf
0	inf
0	inf
0	0.95
0	0.966667
0	0.95
0	0.883333
0	0.766667
0	0.966667
0	0.883333
0	0.966667
0	0.633333
0	0.916667
0	0.766667
0	0.766667
0	0.966667
0	0.933333
0	0.966667
0	0.966667
0	0.95
0	0.883333
0	0.95
0	0.933333
0	0.933333
0	0.833333
0	0.933333
0	0.916667
0	0.833333
0	0.966667
0	0.833333
0	0.883333
0	0.966667
0	0.933333
0	0.933333
0	0.95
0	0.95
0	0.9
0	0.933333
0	0.933333
0	0.933333
0	0.966667
0	0.916667
0	0.916667
0	0.95
0	0.916667
0	0.966667
0	0.916667
0	0.9
0	0.916667
0	0.866667
0	0.916667
0	0.933333
0	inf
0	0.95
0	0.966667
0	0.933333
0	0.933333
0	0.95
0	0.95
0	0.766667
0	0.95
0	inf
0	0.766667
0	0.95
0	0.966667
0	0.95
0	0.766667
0	0.933333
0	0.916667
0	0.766667
0	0.9
0	0.766667
0	0.983333
0	0.933333
0	0.95
0	0.933333
0	0.916667
0	0.933333
0	0.966667
0	0.966667
0	0.95
0	0.95
0	0.933333
0	0.933333
0	0.95
0	0.833333
0	0.966667
0	0.966667
0	0.933333
0	0.95
0	0.9
0	0.95
0	0.933333
0	0.916667
0	0.95
0	0.866667
0	0.966667
0	0.966667
0	0.933333
0	0.833333
0	0.766667
0	0.966667
0	0.766667
0	0.916667
0	0.916667
0	0.766667
0	0.833333
0	0.933333
0	0.95
0	0.95
0	0.966667
0	0.866667
0	0.966667
0	0.916667
0	0.966667
0	0.833333
0	0.966667
0	0.933333
0	0.966667
0	0.933333
0	0.95
0	0.95
0	0.966667
0	0.95
0	0.95
0	0.866667
0	0.9
0	0.933333
0	0.95
0	inf
0	0.966667
0	0.95
0	0.833333
0	0.95
0	0.883333
0	0.966667
0	0.833333
0	0.933333
0	0.916667
0	0.766667
0	0.933333
0	0.633333
0	0.966667
0	0.633333
0	0.633333
0	0.95
0	0.95
0	0.966667
0	0.95
0	0.633333
0	0.633333
0	0.916667
0	0.866667
0	0.883333
0	0.95
0	0.95
0	0.916667
0	0.966667
0	0.916667
0	0.833333
0	0.983333
0	0.766667
0	0.966667
0	0.95
0	0.966667
0	0.95
0	0.95
0	0.933333
0	0.95
0	0.966667
0	0.933333
0	0.933333
0	0.95
0	0.95
0	0.933333
0	0.966667
0	0.833333
0	0.883333
0	0.916667
0	0.966667
0	0.766667
0	0.633333
0	0.916667
0	0.966667
0	0.916667
0	0.933333
0	0.95
0	0.966667
0	0.95
0	0.933333
0	0.866667
0	0.95
0	0.966667
0	inf
0	0.966667
0	0.833333
0	0.933333
0	0.933333
0	0.966667
0	0.9
0	0.966667
0	0.916667
0	0.95
0	0.95
0	0.866667
0	0.916667
0	0.866667
0	0.933333
0	0.766667
0	0.866667
0	0.95
0	0.966667
0	0.95
0	0.766667
0	0.95
0	0.633333
0	0.95
0	0.95
0	0.966667
0	0.633333
0	0.916667
0	0.916667
0	0.966667
0	inf
0	0.766667
0	0.633333
0	0.633333
0	0.95
0	0.916667
0	0.883333
0	0.966667
0	0.933333
0	0.933333
0	0.933333
0	0.95
0	0.883333
0	0.9
0	0.95
0	0.95
0	0.966667
0	0.916667
0	0.916667
0	0.933333
0	0.95
0	0.633333
0	0.983333
0	0.833333
0	0.833333
0	0.966667
0	0.633333
0	0.95
0	0.9
0	0.966667
0	0.916667
0	0.9
0	0.966667
0	0.766667
0	0.966667
0	0.95
0	0.633333
0	0.633333
0	0.966667
0	0.933333
0	0.866667
0	0.633333
0	0.95
0	0.933333
0	0.916667
0	0.983333
0	0.833333
0	0.933333
0	0.95
0	0.95
0	0.95
0	0.933333
0	0.916667
0	0.983333
0	0.766667
0	0.933333
0	0.866667
0	0.966667
0	0.916667
0	0.833333
0	0.916667
0	0.95
0	0.916667
0	0.966667
0	0.883333
0	0.883333
0	0.95
0	0.633333
0	0.933333
0	0.933333
0	0.916667
0	0.883333
0	0.766667
0	0.766667
0	0.633333
0	0.966667
0	0.916667
0	0.966667
0	0.966667
0	0.766667
0	0.966667
0	0.633333
0	0.916667
0	0.9
0	0.966667
0	0.966667
0	0.95
0	0.833333
0	0.883333
0	0.916667
0	0.766667
0	0.966667
0	0.933333
0	0.766667
0	0.883333
0	0.933333
0	0.933333
0	0.95
0	0.966667


