# Persistence diagram <GML/0707.gml>
#
# Dimension   : 1
# Entries     : 49
# Betti number: 49
0.898305	inf
0.932203	inf
0.932203	inf
0.940678	inf
0.940678	inf
0.940678	inf
0.940678	inf
0.940678	inf
0.949153	inf
0.949153	inf
0.949153	inf
0.949153	inf
0.949153	inf
0.957627	inf
0.957627	inf
0.957627	inf
0.957627	inf
0.957627	inf
0.957627	inf
0.957627	inf
0.957627	inf
0.966102	inf
0.966102	inf
0.966102	inf
0.966102	inf
0.966102	inf
0.966102	inf
0.974576	inf
0.974576	inf
0.974576	inf
0.974576	inf
0.974576	inf
0.974576	inf
0.974576	inf
0.974576	inf
0.974576	inf
0.974576	inf
0.974576	inf
0.983051	inf
0.983051	inf
0.983051	inf
0.983051	inf
0.983051	inf
0.983051	inf
0.983051	inf
0.983051	inf
0.983051	inf
0.983051	inf
0.983051	inf
