# Persistence diagram <GML/0710.gml>
#
# Dimension   : 0
# Entries     : 342
# Betti number: 1
0	inf
0	0.94186
0	0.953488
0	0.906977
0	0.930233
0	0.953488
0	0.953488
0	0.965116
0	0.930233
0	0.953488
0	0.953488
0	0.94186
0	0.94186
0	0.976744
0	0.860465
0	0.953488
0	0.94186
0	0.883721
0	0.802326
0	0.860465
0	0.976744
0	0.94186
0	0.976744
0	0.930233
0	0.976744
0	0.802326
0	0.94186
0	0.94186
0	0.965116
0	0.976744
0	0.976744
0	0.94186
0	0.883721
0	0.94186
0	0.895349
0	0.94186
0	0.976744
0	0.976744
0	0.953488
0	0.94186
0	0.906977
0	0.976744
0	0.953488
0	0.94186
0	0.965116
0	0.965116
0	0.976744
0	0.94186
0	0.965116
0	0.930233
0	0.953488
0	0.918605
0	0.906977
0	0.965116
0	0.94186
0	0.953488
0	0.94186
0	0.976744
0	0.965116
0	0.860465
0	0.94186
0	0.930233
0	0.965116
0	0.895349
0	0.860465
0	0.976744
0	0.895349
0	0.930233
0	0.94186
0	0.976744
0	0.965116
0	0.918605
0	0.965116
0	0.976744
0	0.906977
0	0.860465
0	0.918605
0	0.953488
0	0.802326
0	0.976744
0	0.906977
0	0.965116
0	0.965116
0	0.976744
0	0.976744
0	0.94186
0	0.953488
0	0.906977
0	0.953488
0	0.953488
0	0.965116
0	0.965116
0	0.94186
0	0.976744
0	0.965116
0	0.94186
0	0.953488
0	0.976744
0	0.906977
0	0.918605
0	0.953488
0	0.953488
0	0.965116
0	0.976744
0	0.802326
0	0.965116
0	0.94186
0	0.953488
0	0.918605
0	0.895349
0	0.94186
0	0.965116
0	0.930233
0	0.930233
0	0.965116
0	0.906977
0	0.976744
0	0.930233
0	0.906977
0	0.94186
0	0.965116
0	0.965116
0	0.930233
0	0.930233
0	0.976744
0	0.965116
0	0.906977
0	0.965116
0	0.953488
0	0.965116
0	0.976744
0	0.953488
0	0.94186
0	0.906977
0	0.953488
0	0.976744
0	0.930233
0	0.953488
0	0.906977
0	0.976744
0	0.976744
0	0.906977
0	0.918605
0	0.918605
0	0.953488
0	0.930233
0	0.965116
0	0.906977
0	0.802326
0	0.976744
0	0.976744
0	0.930233
0	0.918605
0	0.883721
0	0.918605
0	0.965116
0	0.976744
0	0.953488
0	0.976744
0	0.94186
0	0.976744
0	0.930233
0	0.895349
0	0.976744
0	0.953488
0	0.976744
0	0.906977
0	0.883721
0	0.883721
0	0.94186
0	0.976744
0	0.918605
0	0.930233
0	0.802326
0	0.965116
0	0.953488
0	0.918605
0	0.860465
0	0.976744
0	0.953488
0	0.953488
0	0.976744
0	0.802326
0	0.953488
0	0.860465
0	0.976744
0	0.930233
0	0.953488
0	0.965116
0	0.860465
0	0.953488
0	0.930233
0	0.953488
0	0.965116
0	0.965116
0	0.94186
0	0.965116
0	0.930233
0	0.965116
0	0.976744
0	0.965116
0	0.94186
0	0.965116
0	0.860465
0	0.918605
0	0.976744
0	0.965116
0	0.953488
0	0.965116
0	0.976744
0	0.930233
0	0.965116
0	0.94186
0	0.976744
0	0.906977
0	0.930233
0	0.94186
0	0.953488
0	0.930233
0	0.802326
0	0.906977
0	0.94186
0	0.965116
0	0.883721
0	0.94186
0	0.965116
0	0.976744
0	0.930233
0	0.953488
0	0.953488
0	0.976744
0	0.965116
0	0.930233
0	0.94186
0	0.883721
0	0.953488
0	0.930233
0	0.930233
0	0.976744
0	0.802326
0	0.965116
0	0.976744
0	0.953488
0	0.965116
0	0.906977
0	0.953488
0	0.976744
0	0.976744
0	0.953488
0	0.930233
0	0.802326
0	0.965116
0	0.802326
0	0.895349
0	0.965116
0	0.94186
0	0.953488
0	0.965116
0	0.906977
0	0.965116
0	0.930233
0	0.965116
0	0.94186
0	0.906977
0	0.976744
0	0.953488
0	0.930233
0	0.906977
0	0.976744
0	0.930233
0	0.953488
0	0.930233
0	0.94186
0	0.94186
0	0.94186
0	0.94186
0	0.965116
0	0.906977
0	0.94186
0	0.953488
0	0.976744
0	0.918605
0	0.965116
0	0.860465
0	0.930233
0	0.906977
0	0.930233
0	0.918605
0	0.965116
0	0.953488
0	0.918605
0	0.930233
0	0.94186
0	0.976744
0	0.965116
0	0.976744
0	0.965116
0	0.953488
0	0.965116
0	0.976744
0	0.953488
0	0.953488
0	0.930233
0	0.94186
0	0.953488
0	0.976744
0	0.976744
0	0.953488
0	0.965116
0	0.930233
0	0.906977
0	0.802326
0	0.965116
0	0.802326
0	0.802326
0	0.94186
0	0.976744
0	0.883721
0	0.94186
0	0.906977
0	0.918605
0	0.976744
0	0.965116
0	0.883721
0	0.953488
0	0.906977
0	0.860465
0	0.976744
0	0.94186
0	0.976744
0	0.953488
0	0.953488
0	0.94186
0	0.895349
0	0.802326
0	0.976744
0	0.906977
0	0.802326
0	0.953488
0	0.930233
0	0.953488
0	0.965116


