# Persistence diagram <GML/0711.gml>
#
# Dimension   : 1
# Entries     : 62
# Betti number: 62
0.935644	inf
0.935644	inf
0.935644	inf
0.935644	inf
0.935644	inf
0.960396	inf
0.960396	inf
0.960396	inf
0.960396	inf
0.965347	inf
0.965347	inf
0.965347	inf
0.965347	inf
0.965347	inf
0.965347	inf
0.965347	inf
0.970297	inf
0.970297	inf
0.970297	inf
0.970297	inf
0.970297	inf
0.970297	inf
0.970297	inf
0.970297	inf
0.970297	inf
0.970297	inf
0.975248	inf
0.975248	inf
0.975248	inf
0.975248	inf
0.975248	inf
0.975248	inf
0.975248	inf
0.975248	inf
0.975248	inf
0.980198	inf
0.980198	inf
0.980198	inf
0.980198	inf
0.980198	inf
0.980198	inf
0.980198	inf
0.980198	inf
0.980198	inf
0.985149	inf
0.985149	inf
0.985149	inf
0.985149	inf
0.985149	inf
0.985149	inf
0.985149	inf
0.985149	inf
0.985149	inf
0.985149	inf
0.985149	inf
0.985149	inf
0.985149	inf
0.990099	inf
0.990099	inf
0.990099	inf
0.990099	inf
0.990099	inf
