# Persistence diagram <GML/0714.gml>
#
# Dimension   : 0
# Entries     : 77
# Betti number: 1
0	inf
0	0.992337
0	0.938697
0	0.938697
0	0.97318
0	0.984674
0	0.992337
0	0.984674
0	0.954023
0	0.938697
0	0.97318
0	0.938697
0	0.984674
0	0.977011
0	0.988506
0	0.954023
0	0.988506
0	0.988506
0	0.97318
0	0.97318
0	0.988506
0	0.980843
0	0.954023
0	0.980843
0	0.988506
0	0.977011
0	0.984674
0	0.988506
0	0.954023
0	0.938697
0	0.988506
0	0.984674
0	0.980843
0	0.938697
0	0.992337
0	0.992337
0	0.988506
0	0.938697
0	0.980843
0	0.992337
0	0.938697
0	0.980843
0	0.980843
0	0.988506
0	0.988506
0	0.984674
0	0.980843
0	0.992337
0	0.992337
0	0.954023
0	0.938697
0	0.954023
0	0.938697
0	0.984674
0	0.988506
0	0.988506
0	0.988506
0	0.977011
0	0.954023
0	0.954023
0	0.97318
0	0.988506
0	0.984674
0	0.938697
0	0.992337
0	0.980843
0	0.980843
0	0.992337
0	0.938697
0	0.938697
0	0.954023
0	0.988506
0	0.984674
0	0.980843
0	0.992337
0	0.938697
0	0.992337


