# Persistence diagram <GML/0715.gml>
#
# Dimension   : 0
# Entries     : 110
# Betti number: 1
0	inf
0	0.960976
0	0.95122
0	0.970732
0	0.97561
0	0.97561
0	0.990244
0	0.985366
0	0.990244
0	0.990244
0	0.97561
0	0.960976
0	0.990244
0	0.97561
0	0.990244
0	0.965854
0	0.985366
0	0.990244
0	0.970732
0	0.985366
0	0.970732
0	0.985366
0	0.970732
0	0.980488
0	0.985366
0	0.965854
0	0.97561
0	0.980488
0	0.965854
0	0.970732
0	0.970732
0	0.990244
0	0.97561
0	0.960976
0	0.985366
0	0.985366
0	0.970732
0	0.95122
0	0.97561
0	0.980488
0	0.980488
0	0.990244
0	0.990244
0	0.970732
0	0.990244
0	0.990244
0	0.990244
0	0.970732
0	0.965854
0	0.985366
0	0.980488
0	0.97561
0	0.95122
0	0.985366
0	0.990244
0	0.965854
0	0.985366
0	0.985366
0	0.980488
0	0.990244
0	0.980488
0	0.95122
0	0.970732
0	0.985366
0	0.990244
0	0.990244
0	0.97561
0	0.985366
0	0.985366
0	0.985366
0	0.970732
0	0.985366
0	0.990244
0	0.985366
0	0.965854
0	0.95122
0	0.990244
0	0.990244
0	0.95122
0	0.985366
0	0.970732
0	0.965854
0	0.985366
0	0.990244
0	0.990244
0	0.95122
0	0.990244
0	0.980488
0	0.985366
0	0.985366
0	0.960976
0	0.970732
0	0.97561
0	0.985366
0	0.990244
0	0.97561
0	0.985366
0	0.97561
0	0.970732
0	0.990244
0	0.985366
0	0.970732
0	0.985366
0	0.97561
0	0.965854
0	0.985366
0	0.980488
0	0.980488
0	0.97561
0	0.960976


