# Persistence diagram <GML/0716.gml>
#
# Dimension   : 0
# Entries     : 318
# Betti number: 3
0	inf
0	0.956989
0	0.924731
0	0.956989
0	0.956989
0	0.827957
0	0.935484
0	0.849462
0	0.913978
0	0.967742
0	0.956989
0	0.956989
0	0.978495
0	0.956989
0	0.924731
0	0.827957
0	0.978495
0	0.935484
0	0.924731
0	0.827957
0	0.860215
0	0.924731
0	0.860215
0	0.967742
0	0.913978
0	0.946237
0	0.870968
0	0.967742
0	0.967742
0	0.978495
0	0.946237
0	0.956989
0	0.935484
0	0.967742
0	0.870968
0	0.946237
0	0.967742
0	0.967742
0	0.978495
0	0.967742
0	0.913978
0	inf
0	0.978495
0	0.967742
0	0.935484
0	0.967742
0	0.935484
0	0.935484
0	0.827957
0	0.956989
0	0.935484
0	0.956989
0	0.967742
0	0.967742
0	0.978495
0	0.967742
0	0.827957
0	0.946237
0	0.967742
0	0.924731
0	0.946237
0	0.978495
0	0.946237
0	0.870968
0	0.967742
0	0.935484
0	0.946237
0	0.978495
0	0.967742
0	0.860215
0	0.978495
0	0.935484
0	0.860215
0	0.870968
0	0.978495
0	0.946237
0	0.924731
0	0.978495
0	0.967742
0	0.88172
0	0.956989
0	0.935484
0	0.88172
0	0.913978
0	0.924731
0	0.827957
0	0.935484
0	0.913978
0	0.956989
0	0.946237
0	0.860215
0	0.935484
0	0.935484
0	0.967742
0	0.967742
0	0.978495
0	0.967742
0	0.849462
0	0.967742
0	0.913978
0	0.978495
0	0.967742
0	0.827957
0	0.88172
0	0.870968
0	0.946237
0	0.924731
0	0.978495
0	0.924731
0	0.924731
0	0.849462
0	0.978495
0	0.924731
0	0.978495
0	0.956989
0	0.967742
0	0.946237
0	0.946237
0	0.978495
0	0.967742
0	0.967742
0	0.967742
0	0.88172
0	0.946237
0	0.924731
0	0.967742
0	0.924731
0	0.967742
0	inf
0	0.956989
0	0.924731
0	0.967742
0	0.924731
0	0.967742
0	0.978495
0	0.827957
0	0.946237
0	0.946237
0	0.956989
0	0.946237
0	0.956989
0	0.913978
0	0.827957
0	0.849462
0	0.870968
0	0.967742
0	0.956989
0	0.946237
0	0.924731
0	0.946237
0	0.967742
0	0.978495
0	0.978495
0	0.935484
0	0.946237
0	0.946237
0	0.967742
0	0.978495
0	0.935484
0	0.978495
0	0.935484
0	0.967742
0	0.967742
0	0.978495
0	0.870968
0	0.967742
0	0.967742
0	0.935484
0	0.913978
0	0.860215
0	0.978495
0	0.935484
0	0.924731
0	0.913978
0	0.924731
0	0.827957
0	0.956989
0	0.956989
0	0.935484
0	0.978495
0	0.860215
0	0.956989
0	0.967742
0	0.860215
0	0.956989
0	0.849462
0	0.870968
0	0.935484
0	0.967742
0	0.967742
0	0.827957
0	0.827957
0	0.978495
0	0.946237
0	0.978495
0	0.956989
0	0.967742
0	0.956989
0	0.935484
0	0.935484
0	0.956989
0	0.978495
0	0.870968
0	0.946237
0	0.978495
0	0.946237
0	0.870968
0	0.913978
0	0.870968
0	0.978495
0	0.956989
0	0.967742
0	0.924731
0	0.978495
0	0.956989
0	0.967742
0	0.935484
0	0.978495
0	0.967742
0	0.967742
0	0.956989
0	0.956989
0	0.946237
0	0.989247
0	0.946237
0	0.827957
0	0.924731
0	0.978495
0	0.860215
0	0.978495
0	0.978495
0	0.924731
0	0.978495
0	0.946237
0	0.967742
0	0.956989
0	0.88172
0	0.956989
0	0.978495
0	0.88172
0	0.956989
0	0.978495
0	0.967742
0	0.967742
0	0.967742
0	0.935484
0	0.935484
0	0.967742
0	0.967742
0	0.956989
0	0.946237
0	0.967742
0	0.935484
0	0.827957
0	0.967742
0	0.978495
0	0.88172
0	0.978495
0	0.849462
0	0.946237
0	0.989247
0	0.978495
0	0.946237
0	0.978495
0	0.956989
0	0.956989
0	0.924731
0	0.913978
0	0.978495
0	0.849462
0	0.849462
0	0.967742
0	0.946237
0	0.946237
0	0.978495
0	0.978495
0	0.935484
0	0.967742
0	0.935484
0	0.978495
0	0.956989
0	0.924731
0	0.827957
0	0.967742
0	0.967742
0	0.967742
0	0.935484
0	0.860215
0	0.978495
0	0.956989
0	0.849462
0	0.946237
0	0.946237
0	0.924731
0	0.946237
0	0.935484
0	0.978495
0	0.967742
0	0.956989
0	0.860215
0	0.967742
0	0.956989
0	0.924731
0	0.924731
0	0.946237
0	0.827957
0	0.978495
0	0.849462
0	0.978495
0	0.978495
0	0.88172
0	0.946237
0	0.924731
0	0.967742
0	0.924731
0	0.946237
0	0.978495
0	0.956989


