# Persistence diagram <GML/0717.gml>
#
# Dimension   : 0
# Entries     : 301
# Betti number: 1
0	inf
0	0.753623
0	0.927536
0	0.927536
0	0.927536
0	0.869565
0	0.811594
0	0.956522
0	0.971014
0	0.913043
0	0.666667
0	0.855072
0	0.971014
0	0.971014
0	0.971014
0	0.826087
0	0.971014
0	0.971014
0	0.971014
0	0.898551
0	0.913043
0	0.942029
0	0.927536
0	0.942029
0	0.913043
0	0.956522
0	0.971014
0	0.956522
0	0.811594
0	0.855072
0	0.927536
0	0.724638
0	0.811594
0	0.971014
0	0.956522
0	0.666667
0	0.753623
0	0.956522
0	0.666667
0	0.971014
0	0.811594
0	0.956522
0	0.971014
0	0.666667
0	0.956522
0	0.826087
0	0.956522
0	0.956522
0	0.724638
0	0.956522
0	0.666667
0	0.811594
0	0.913043
0	0.971014
0	0.724638
0	0.913043
0	0.884058
0	0.927536
0	0.855072
0	0.826087
0	0.971014
0	0.84058
0	0.666667
0	0.84058
0	0.913043
0	0.956522
0	0.971014
0	0.898551
0	0.666667
0	0.855072
0	0.898551
0	0.724638
0	0.971014
0	0.956522
0	0.956522
0	0.927536
0	0.826087
0	0.971014
0	0.884058
0	0.884058
0	0.942029
0	0.855072
0	0.855072
0	0.666667
0	0.811594
0	0.942029
0	0.826087
0	0.666667
0	0.942029
0	0.971014
0	0.898551
0	0.956522
0	0.826087
0	0.811594
0	0.869565
0	0.666667
0	0.898551
0	0.956522
0	0.753623
0	0.898551
0	0.811594
0	0.913043
0	0.724638
0	0.942029
0	0.884058
0	0.942029
0	0.869565
0	0.942029
0	0.753623
0	0.855072
0	0.753623
0	0.913043
0	0.942029
0	0.898551
0	0.898551
0	0.666667
0	0.666667
0	0.811594
0	0.927536
0	0.753623
0	0.927536
0	0.84058
0	0.956522
0	0.913043
0	0.84058
0	0.913043
0	0.913043
0	0.811594
0	0.811594
0	0.753623
0	0.971014
0	0.913043
0	0.956522
0	0.884058
0	0.942029
0	0.971014
0	0.826087
0	0.956522
0	0.753623
0	0.666667
0	0.913043
0	0.942029
0	0.811594
0	0.811594
0	0.84058
0	0.666667
0	0.724638
0	0.927536
0	0.666667
0	0.913043
0	0.927536
0	0.971014
0	0.956522
0	0.724638
0	0.84058
0	0.956522
0	0.811594
0	0.913043
0	0.869565
0	0.956522
0	0.942029
0	0.971014
0	0.753623
0	0.971014
0	0.913043
0	0.826087
0	0.942029
0	0.956522
0	0.913043
0	0.826087
0	0.971014
0	0.826087
0	0.753623
0	0.956522
0	0.913043
0	0.971014
0	0.84058
0	0.855072
0	0.956522
0	0.942029
0	0.913043
0	0.724638
0	0.913043
0	0.927536
0	0.913043
0	0.956522
0	0.855072
0	0.956522
0	0.942029
0	0.666667
0	0.811594
0	0.927536
0	0.666667
0	0.927536
0	0.898551
0	0.724638
0	0.956522
0	0.724638
0	0.724638
0	0.913043
0	0.666667
0	0.898551
0	0.956522
0	0.724638
0	0.753623
0	0.855072
0	0.942029
0	0.898551
0	0.913043
0	0.913043
0	0.811594
0	0.971014
0	0.913043
0	0.956522
0	0.84058
0	0.855072
0	0.942029
0	0.956522
0	0.956522
0	0.84058
0	0.927536
0	0.811594
0	0.855072
0	0.826087
0	0.942029
0	0.855072
0	0.913043
0	0.913043
0	0.84058
0	0.927536
0	0.855072
0	0.927536
0	0.956522
0	0.84058
0	0.811594
0	0.666667
0	0.753623
0	0.811594
0	0.971014
0	0.913043
0	0.753623
0	0.84058
0	0.942029
0	0.855072
0	0.898551
0	0.956522
0	0.913043
0	0.84058
0	0.956522
0	0.724638
0	0.753623
0	0.913043
0	0.724638
0	0.927536
0	0.956522
0	0.956522
0	0.971014
0	0.724638
0	0.84058
0	0.898551
0	0.942029
0	0.956522
0	0.724638
0	0.811594
0	0.913043
0	0.753623
0	0.884058
0	0.942029
0	0.942029
0	0.913043
0	0.724638
0	0.855072
0	0.971014
0	0.753623
0	0.956522
0	0.869565
0	0.84058
0	0.913043
0	0.855072
0	0.84058
0	0.84058
0	0.811594
0	0.855072
0	0.971014
0	0.666667
0	0.971014
0	0.927536
0	0.913043
0	0.84058
0	0.84058
0	0.84058
0	0.913043
0	0.971014
0	0.666667
0	0.884058
0	0.913043
0	0.666667
0	0.956522
0	0.956522
0	0.811594
0	0.811594


