# Persistence diagram <GML/0727.gml>
#
# Dimension   : 0
# Entries     : 328
# Betti number: 1
0	inf
0	0.978022
0	0.978022
0	0.923077
0	0.967033
0	0.956044
0	0.956044
0	0.967033
0	0.934066
0	0.978022
0	0.956044
0	0.967033
0	0.978022
0	0.956044
0	0.967033
0	0.956044
0	0.945055
0	0.934066
0	0.934066
0	0.945055
0	0.923077
0	0.923077
0	0.846154
0	0.956044
0	0.934066
0	0.912088
0	0.934066
0	0.945055
0	0.956044
0	0.956044
0	0.967033
0	0.846154
0	0.945055
0	0.956044
0	0.945055
0	0.857143
0	0.956044
0	0.967033
0	0.912088
0	0.967033
0	0.978022
0	0.956044
0	0.967033
0	0.945055
0	0.923077
0	0.956044
0	0.934066
0	0.956044
0	0.967033
0	0.857143
0	0.978022
0	0.978022
0	0.967033
0	0.934066
0	0.967033
0	0.945055
0	0.956044
0	0.967033
0	0.956044
0	0.956044
0	0.934066
0	0.923077
0	0.857143
0	0.945055
0	0.923077
0	0.934066
0	0.934066
0	0.923077
0	0.945055
0	0.956044
0	0.967033
0	0.967033
0	0.956044
0	0.978022
0	0.945055
0	0.857143
0	0.967033
0	0.956044
0	0.978022
0	0.978022
0	0.978022
0	0.945055
0	0.978022
0	0.923077
0	0.956044
0	0.923077
0	0.967033
0	0.956044
0	0.978022
0	0.967033
0	0.967033
0	0.978022
0	0.923077
0	0.956044
0	0.934066
0	0.934066
0	0.967033
0	0.978022
0	0.923077
0	0.956044
0	0.857143
0	0.967033
0	0.978022
0	0.846154
0	0.846154
0	0.912088
0	0.846154
0	0.956044
0	0.857143
0	0.967033
0	0.967033
0	0.934066
0	0.945055
0	0.923077
0	0.923077
0	0.967033
0	0.912088
0	0.934066
0	0.923077
0	0.945055
0	0.967033
0	0.945055
0	0.978022
0	0.967033
0	0.956044
0	0.945055
0	0.967033
0	0.945055
0	0.978022
0	0.945055
0	0.967033
0	0.945055
0	0.934066
0	0.978022
0	0.978022
0	0.934066
0	0.956044
0	0.967033
0	0.945055
0	0.967033
0	0.846154
0	0.923077
0	0.923077
0	0.945055
0	0.945055
0	0.923077
0	0.967033
0	0.956044
0	0.978022
0	0.967033
0	0.967033
0	0.945055
0	0.967033
0	0.967033
0	0.945055
0	0.945055
0	0.923077
0	0.978022
0	0.978022
0	0.945055
0	0.923077
0	0.978022
0	0.923077
0	0.978022
0	0.978022
0	0.934066
0	0.945055
0	0.934066
0	0.978022
0	0.967033
0	0.945055
0	0.978022
0	0.978022
0	0.934066
0	0.978022
0	0.934066
0	0.923077
0	0.923077
0	0.956044
0	0.967033
0	0.923077
0	0.978022
0	0.978022
0	0.978022
0	0.846154
0	0.978022
0	0.956044
0	0.923077
0	0.945055
0	0.956044
0	0.956044
0	0.934066
0	0.967033
0	0.945055
0	0.934066
0	0.956044
0	0.978022
0	0.978022
0	0.923077
0	0.967033
0	0.967033
0	0.978022
0	0.956044
0	0.967033
0	0.956044
0	0.967033
0	0.956044
0	0.956044
0	0.923077
0	0.956044
0	0.967033
0	0.923077
0	0.945055
0	0.967033
0	0.934066
0	0.923077
0	0.956044
0	0.934066
0	0.923077
0	0.934066
0	0.934066
0	0.978022
0	0.978022
0	0.978022
0	0.978022
0	0.945055
0	0.967033
0	0.967033
0	0.967033
0	0.967033
0	0.846154
0	0.978022
0	0.978022
0	0.967033
0	0.945055
0	0.945055
0	0.923077
0	0.857143
0	0.967033
0	0.934066
0	0.923077
0	0.967033
0	0.857143
0	0.967033
0	0.978022
0	0.945055
0	0.978022
0	0.923077
0	0.923077
0	0.956044
0	0.967033
0	0.956044
0	0.956044
0	0.923077
0	0.967033
0	0.934066
0	0.945055
0	0.978022
0	0.934066
0	0.846154
0	0.923077
0	0.945055
0	0.967033
0	0.956044
0	0.967033
0	0.967033
0	0.978022
0	0.978022
0	0.945055
0	0.934066
0	0.967033
0	0.857143
0	0.945055
0	0.967033
0	0.945055
0	0.945055
0	0.934066
0	0.967033
0	0.945055
0	0.923077
0	0.967033
0	0.923077
0	0.978022
0	0.923077
0	0.956044
0	0.934066
0	0.912088
0	0.912088
0	0.978022
0	0.956044
0	0.956044
0	0.978022
0	0.945055
0	0.923077
0	0.967033
0	0.923077
0	0.967033
0	0.978022
0	0.945055
0	0.978022
0	0.956044
0	0.956044
0	0.967033
0	0.967033
0	0.945055
0	0.945055
0	0.934066
0	0.956044
0	0.967033
0	0.978022
0	0.923077
0	0.923077
0	0.945055
0	0.945055
0	0.934066
0	0.978022
0	0.945055
0	0.846154
0	0.956044
0	0.967033
0	0.945055
0	0.967033
0	0.846154
0	0.956044
0	0.912088
0	0.945055
0	0.978022
0	0.945055


