# Persistence diagram <GML/0738.gml>
#
# Dimension   : 0
# Entries     : 125
# Betti number: 1
0	inf
0	0.975535
0	0.987768
0	0.984709
0	0.990826
0	0.984709
0	0.966361
0	0.966361
0	0.993884
0	0.966361
0	0.990826
0	0.978593
0	0.990826
0	0.990826
0	0.990826
0	0.978593
0	0.993884
0	0.993884
0	0.966361
0	0.993884
0	0.993884
0	0.993884
0	0.993884
0	0.993884
0	0.984709
0	0.987768
0	0.993884
0	0.993884
0	0.990826
0	0.987768
0	0.984709
0	0.993884
0	0.984709
0	0.966361
0	0.993884
0	0.990826
0	0.978593
0	0.993884
0	0.990826
0	0.984709
0	0.987768
0	0.987768
0	0.984709
0	0.978593
0	0.990826
0	0.987768
0	0.990826
0	0.978593
0	0.993884
0	0.993884
0	0.990826
0	0.984709
0	0.993884
0	0.966361
0	0.987768
0	0.975535
0	0.984709
0	0.987768
0	0.978593
0	0.984709
0	0.990826
0	0.975535
0	0.984709
0	0.990826
0	0.990826
0	0.978593
0	0.987768
0	0.990826
0	0.990826
0	0.990826
0	0.993884
0	0.990826
0	0.990826
0	0.984709
0	0.987768
0	0.987768
0	0.975535
0	0.987768
0	0.984709
0	0.987768
0	0.984709
0	0.987768
0	0.993884
0	0.990826
0	0.993884
0	0.966361
0	0.978593
0	0.990826
0	0.990826
0	0.990826
0	0.984709
0	0.993884
0	0.990826
0	0.978593
0	0.990826
0	0.993884
0	0.993884
0	0.978593
0	0.984709
0	0.987768
0	0.987768
0	0.987768
0	0.978593
0	0.990826
0	0.993884
0	0.987768
0	0.990826
0	0.966361
0	0.993884
0	0.990826
0	0.984709
0	0.978593
0	0.975535
0	0.990826
0	0.987768
0	0.993884
0	0.984709
0	0.993884
0	0.975535
0	0.990826
0	0.993884
0	0.966361
0	0.993884
0	0.993884
0	0.987768


