# Persistence diagram <GML/0742.gml>
#
# Dimension   : 0
# Entries     : 322
# Betti number: 3
0	inf
0	0.957447
0	0.946809
0	0.978723
0	0.946809
0	0.797872
0	0.968085
0	0.93617
0	0.797872
0	0.968085
0	0.893617
0	0.946809
0	0.978723
0	0.957447
0	0.968085
0	0.978723
0	0.946809
0	0.755319
0	0.755319
0	inf
0	0.755319
0	0.93617
0	0.893617
0	0.957447
0	0.797872
0	inf
0	0.797872
0	0.957447
0	0.914894
0	0.968085
0	0.968085
0	0.797872
0	0.968085
0	0.978723
0	0.925532
0	0.957447
0	0.978723
0	0.978723
0	0.978723
0	0.957447
0	0.755319
0	0.851064
0	0.946809
0	0.914894
0	0.946809
0	0.978723
0	0.978723
0	0.797872
0	0.755319
0	0.946809
0	0.851064
0	0.914894
0	0.968085
0	0.946809
0	0.978723
0	0.904255
0	0.968085
0	0.968085
0	0.957447
0	0.93617
0	0.946809
0	0.968085
0	0.978723
0	0.904255
0	0.957447
0	0.914894
0	0.946809
0	0.957447
0	0.957447
0	0.968085
0	0.978723
0	0.978723
0	0.978723
0	0.968085
0	0.755319
0	0.914894
0	0.968085
0	0.957447
0	0.968085
0	0.978723
0	0.755319
0	0.851064
0	0.914894
0	0.978723
0	0.957447
0	0.93617
0	0.978723
0	0.851064
0	0.904255
0	0.978723
0	0.957447
0	0.957447
0	0.914894
0	0.914894
0	0.957447
0	0.968085
0	0.893617
0	0.968085
0	0.957447
0	0.978723
0	0.968085
0	0.93617
0	0.893617
0	0.968085
0	0.957447
0	0.904255
0	0.893617
0	0.968085
0	0.957447
0	0.978723
0	0.946809
0	0.957447
0	0.978723
0	0.978723
0	0.968085
0	0.968085
0	0.93617
0	0.946809
0	0.978723
0	0.755319
0	0.93617
0	0.946809
0	0.957447
0	0.904255
0	0.851064
0	0.904255
0	0.893617
0	0.957447
0	0.925532
0	0.93617
0	0.978723
0	0.946809
0	0.968085
0	0.904255
0	0.968085
0	0.851064
0	0.797872
0	0.957447
0	0.797872
0	0.93617
0	0.968085
0	0.893617
0	0.968085
0	0.914894
0	0.851064
0	0.93617
0	0.797872
0	0.914894
0	0.904255
0	0.914894
0	0.968085
0	0.957447
0	0.914894
0	0.893617
0	0.797872
0	0.893617
0	0.968085
0	0.893617
0	0.957447
0	0.968085
0	0.978723
0	0.978723
0	0.957447
0	0.968085
0	0.968085
0	0.904255
0	0.968085
0	0.957447
0	0.925532
0	0.968085
0	0.797872
0	0.755319
0	0.93617
0	0.968085
0	0.968085
0	0.978723
0	0.93617
0	0.968085
0	0.946809
0	0.797872
0	0.968085
0	0.904255
0	0.946809
0	0.968085
0	0.978723
0	0.957447
0	0.968085
0	0.978723
0	0.797872
0	0.968085
0	0.755319
0	0.93617
0	0.946809
0	0.755319
0	0.957447
0	0.957447
0	0.978723
0	0.93617
0	0.968085
0	0.978723
0	0.914894
0	0.957447
0	0.93617
0	0.957447
0	0.978723
0	0.957447
0	0.914894
0	0.978723
0	0.978723
0	0.904255
0	0.946809
0	0.978723
0	0.904255
0	0.755319
0	0.978723
0	0.957447
0	0.904255
0	0.978723
0	0.978723
0	0.893617
0	0.957447
0	0.978723
0	0.968085
0	0.968085
0	0.93617
0	0.851064
0	0.914894
0	0.851064
0	0.968085
0	0.978723
0	0.978723
0	0.978723
0	0.978723
0	0.957447
0	0.978723
0	0.893617
0	0.968085
0	0.851064
0	0.755319
0	0.978723
0	0.914894
0	0.968085
0	0.851064
0	0.978723
0	0.93617
0	0.755319
0	0.904255
0	0.797872
0	0.978723
0	0.957447
0	0.968085
0	0.755319
0	0.93617
0	0.957447
0	0.946809
0	0.755319
0	0.957447
0	0.978723
0	0.893617
0	0.904255
0	0.914894
0	0.978723
0	0.755319
0	0.978723
0	0.904255
0	0.93617
0	0.893617
0	0.978723
0	0.957447
0	0.968085
0	0.893617
0	0.968085
0	0.946809
0	0.946809
0	0.968085
0	0.755319
0	0.755319
0	0.946809
0	0.968085
0	0.93617
0	0.797872
0	0.93617
0	0.914894
0	0.978723
0	0.93617
0	0.93617
0	0.946809
0	0.978723
0	0.946809
0	0.797872
0	0.978723
0	0.93617
0	0.755319
0	0.755319
0	0.893617
0	0.797872
0	0.957447
0	0.946809
0	0.968085
0	0.978723
0	0.968085
0	0.978723
0	0.968085
0	0.893617
0	0.946809
0	0.797872
0	0.914894
0	0.946809
0	0.851064
0	0.957447
0	0.925532
0	0.904255
0	0.968085
0	0.914894
0	0.755319
0	0.93617
0	0.93617
0	0.968085
0	0.957447
0	0.957447
0	0.946809
0	0.946809


