# Persistence diagram <GML/0746.gml>
#
# Dimension   : 0
# Entries     : 270
# Betti number: 1
0	inf
0	0.949153
0	0.932203
0	0.90678
0	0.974576
0	0.881356
0	0.813559
0	0.949153
0	0.983051
0	0.932203
0	0.983051
0	0.974576
0	0.966102
0	0.940678
0	0.932203
0	0.966102
0	0.983051
0	0.932203
0	0.949153
0	0.966102
0	0.983051
0	0.932203
0	0.974576
0	0.923729
0	0.974576
0	0.966102
0	0.813559
0	0.881356
0	0.983051
0	0.957627
0	0.932203
0	0.923729
0	0.889831
0	0.966102
0	0.813559
0	0.949153
0	0.889831
0	0.966102
0	0.949153
0	0.932203
0	0.983051
0	0.974576
0	0.889831
0	0.983051
0	0.957627
0	0.932203
0	0.923729
0	0.932203
0	0.813559
0	0.932203
0	0.966102
0	0.974576
0	0.957627
0	0.983051
0	0.923729
0	0.932203
0	0.974576
0	0.966102
0	0.966102
0	0.932203
0	0.974576
0	0.881356
0	0.966102
0	0.966102
0	0.966102
0	0.983051
0	0.90678
0	0.966102
0	0.957627
0	0.983051
0	0.983051
0	0.932203
0	0.983051
0	0.974576
0	0.974576
0	0.813559
0	0.966102
0	0.966102
0	0.966102
0	0.983051
0	0.983051
0	0.940678
0	0.974576
0	0.932203
0	0.923729
0	0.949153
0	0.889831
0	0.983051
0	0.983051
0	0.932203
0	0.974576
0	0.966102
0	0.932203
0	0.932203
0	0.983051
0	0.983051
0	0.932203
0	0.813559
0	0.974576
0	0.974576
0	0.983051
0	0.881356
0	0.932203
0	0.974576
0	0.966102
0	0.889831
0	0.983051
0	0.974576
0	0.932203
0	0.923729
0	0.940678
0	0.932203
0	0.974576
0	0.889831
0	0.974576
0	0.966102
0	0.966102
0	0.966102
0	0.940678
0	0.932203
0	0.957627
0	0.974576
0	0.966102
0	0.957627
0	0.974576
0	0.932203
0	0.881356
0	0.966102
0	0.966102
0	0.966102
0	0.983051
0	0.966102
0	0.974576
0	0.940678
0	0.974576
0	0.90678
0	0.974576
0	0.881356
0	0.966102
0	0.932203
0	0.949153
0	0.813559
0	0.974576
0	0.966102
0	0.889831
0	0.889831
0	0.932203
0	0.923729
0	0.966102
0	0.966102
0	0.940678
0	0.932203
0	0.966102
0	0.923729
0	0.966102
0	0.983051
0	0.966102
0	0.940678
0	0.983051
0	0.90678
0	0.932203
0	0.983051
0	0.966102
0	0.974576
0	0.983051
0	0.932203
0	0.932203
0	0.932203
0	0.974576
0	0.940678
0	0.983051
0	0.974576
0	0.966102
0	0.966102
0	0.983051
0	0.983051
0	0.974576
0	0.949153
0	0.813559
0	0.90678
0	0.932203
0	0.966102
0	0.881356
0	0.974576
0	0.966102
0	0.949153
0	0.957627
0	0.881356
0	0.983051
0	0.881356
0	0.932203
0	0.940678
0	0.983051
0	0.923729
0	0.966102
0	0.983051
0	0.889831
0	0.932203
0	0.932203
0	0.983051
0	0.949153
0	0.949153
0	0.957627
0	0.90678
0	0.983051
0	0.940678
0	0.974576
0	0.974576
0	0.932203
0	0.940678
0	0.974576
0	0.966102
0	0.923729
0	0.966102
0	0.932203
0	0.932203
0	0.90678
0	0.889831
0	0.974576
0	0.966102
0	0.90678
0	0.932203
0	0.949153
0	0.932203
0	0.974576
0	0.974576
0	0.932203
0	0.940678
0	0.966102
0	0.923729
0	0.966102
0	0.940678
0	0.974576
0	0.940678
0	0.974576
0	0.923729
0	0.983051
0	0.974576
0	0.983051
0	0.881356
0	0.923729
0	0.881356
0	0.923729
0	0.974576
0	0.974576
0	0.966102
0	0.932203
0	0.90678
0	0.932203
0	0.932203
0	0.932203
0	0.983051
0	0.974576
0	0.932203
0	0.90678
0	0.974576
0	0.966102
0	0.949153
0	0.966102
0	0.983051
0	0.966102
0	0.881356
0	0.949153
0	0.949153
0	0.923729
0	0.889831
0	0.932203
0	0.983051
0	0.966102
0	0.983051


