# Persistence diagram <GML/0748.gml>
#
# Dimension   : 1
# Entries     : 40
# Betti number: 40
0.938356	inf
0.938356	inf
0.952055	inf
0.952055	inf
0.952055	inf
0.952055	inf
0.952055	inf
0.952055	inf
0.952055	inf
0.952055	inf
0.952055	inf
0.952055	inf
0.958904	inf
0.965753	inf
0.965753	inf
0.965753	inf
0.965753	inf
0.965753	inf
0.965753	inf
0.965753	inf
0.972603	inf
0.972603	inf
0.979452	inf
0.979452	inf
0.979452	inf
0.979452	inf
0.979452	inf
0.979452	inf
0.979452	inf
0.979452	inf
0.979452	inf
0.979452	inf
0.986301	inf
0.986301	inf
0.986301	inf
0.986301	inf
0.986301	inf
0.986301	inf
0.986301	inf
0.986301	inf
