# Persistence diagram <GML/0750.gml>
#
# Dimension   : 0
# Entries     : 311
# Betti number: 2
0	inf
0	0.963636
0	0.981818
0	0.945455
0	0.945455
0	0.972727
0	0.981818
0	0.936364
0	0.936364
0	0.972727
0	0.963636
0	0.981818
0	0.972727
0	0.972727
0	0.972727
0	0.972727
0	0.981818
0	0.981818
0	0.945455
0	0.954545
0	0.963636
0	0.945455
0	0.972727
0	0.981818
0	0.981818
0	0.918182
0	0.954545
0	0.981818
0	0.9
0	0.972727
0	0.963636
0	0.954545
0	0.963636
0	0.981818
0	0.972727
0	0.981818
0	0.954545
0	0.981818
0	0.972727
0	0.963636
0	0.936364
0	0.981818
0	0.963636
0	inf
0	0.981818
0	0.981818
0	0.954545
0	0.972727
0	0.936364
0	0.972727
0	0.981818
0	0.981818
0	0.963636
0	0.945455
0	0.954545
0	0.945455
0	0.954545
0	0.981818
0	0.981818
0	0.954545
0	0.963636
0	0.981818
0	0.945455
0	0.972727
0	0.954545
0	0.981818
0	0.963636
0	0.963636
0	0.972727
0	0.981818
0	0.954545
0	0.981818
0	0.936364
0	0.981818
0	0.963636
0	0.918182
0	0.972727
0	0.954545
0	0.972727
0	0.954545
0	0.972727
0	0.972727
0	0.981818
0	0.936364
0	0.963636
0	0.918182
0	0.972727
0	0.972727
0	0.954545
0	0.963636
0	0.981818
0	0.972727
0	0.963636
0	0.981818
0	0.945455
0	0.936364
0	0.954545
0	0.945455
0	0.963636
0	0.972727
0	0.954545
0	0.945455
0	0.936364
0	0.972727
0	0.981818
0	0.954545
0	0.972727
0	0.954545
0	0.945455
0	0.972727
0	0.936364
0	0.954545
0	0.981818
0	0.972727
0	0.936364
0	0.981818
0	0.981818
0	0.972727
0	0.963636
0	0.972727
0	0.936364
0	0.972727
0	0.972727
0	0.981818
0	0.972727
0	0.9
0	0.972727
0	0.936364
0	0.981818
0	0.972727
0	0.963636
0	0.981818
0	0.981818
0	0.936364
0	0.981818
0	0.9
0	0.972727
0	0.981818
0	0.981818
0	0.963636
0	0.945455
0	0.963636
0	0.945455
0	0.972727
0	0.954545
0	0.972727
0	0.981818
0	0.9
0	0.972727
0	0.945455
0	0.918182
0	0.981818
0	0.972727
0	0.954545
0	0.963636
0	0.936364
0	0.9
0	0.981818
0	0.981818
0	0.954545
0	0.972727
0	0.945455
0	0.963636
0	0.954545
0	0.945455
0	0.972727
0	0.972727
0	0.918182
0	0.972727
0	0.981818
0	0.981818
0	0.945455
0	0.972727
0	0.981818
0	0.936364
0	0.918182
0	0.981818
0	0.945455
0	0.954545
0	0.972727
0	0.963636
0	0.963636
0	0.936364
0	0.972727
0	0.981818
0	0.981818
0	0.981818
0	0.945455
0	0.963636
0	0.9
0	0.936364
0	0.972727
0	0.9
0	0.981818
0	0.972727
0	0.954545
0	0.954545
0	0.954545
0	0.954545
0	0.936364
0	0.945455
0	0.972727
0	0.963636
0	0.945455
0	0.981818
0	0.945455
0	0.954545
0	0.990909
0	0.972727
0	0.9
0	0.981818
0	0.981818
0	0.963636
0	0.972727
0	0.945455
0	0.918182
0	0.972727
0	0.945455
0	0.981818
0	0.972727
0	0.972727
0	0.981818
0	0.981818
0	0.972727
0	0.981818
0	0.918182
0	0.981818
0	0.954545
0	0.972727
0	0.954545
0	0.972727
0	0.972727
0	0.972727
0	0.954545
0	0.972727
0	0.981818
0	0.954545
0	0.972727
0	0.963636
0	0.945455
0	0.981818
0	0.972727
0	0.963636
0	0.972727
0	0.981818
0	0.945455
0	0.954545
0	0.981818
0	0.972727
0	0.981818
0	0.954545
0	0.954545
0	0.936364
0	0.972727
0	0.954545
0	0.981818
0	0.981818
0	0.963636
0	0.963636
0	0.963636
0	0.954545
0	0.972727
0	0.972727
0	0.936364
0	0.972727
0	0.954545
0	0.963636
0	0.963636
0	0.981818
0	0.963636
0	0.972727
0	0.936364
0	0.972727
0	0.945455
0	0.981818
0	0.981818
0	0.972727
0	0.963636
0	0.972727
0	0.972727
0	0.963636
0	0.972727
0	0.981818
0	0.945455
0	0.981818
0	0.945455
0	0.963636
0	0.981818
0	0.972727
0	0.972727
0	0.972727
0	0.945455
0	0.972727
0	0.945455
0	0.963636
0	0.981818
0	0.954545
0	0.945455
0	0.972727
0	0.954545
0	0.972727
0	0.954545
0	0.981818
0	0.963636
0	0.945455
0	0.972727
0	0.945455
0	0.918182
0	0.945455
0	0.945455
0	0.954545


