# Persistence diagram <GML/0752.gml>
#
# Dimension   : 1
# Entries     : 36
# Betti number: 36
0.932886	inf
0.946309	inf
0.95302	inf
0.95302	inf
0.959732	inf
0.959732	inf
0.966443	inf
0.966443	inf
0.966443	inf
0.966443	inf
0.966443	inf
0.966443	inf
0.966443	inf
0.966443	inf
0.973154	inf
0.973154	inf
0.973154	inf
0.973154	inf
0.979866	inf
0.979866	inf
0.979866	inf
0.979866	inf
0.979866	inf
0.979866	inf
0.979866	inf
0.979866	inf
0.979866	inf
0.979866	inf
0.979866	inf
0.979866	inf
0.986577	inf
0.986577	inf
0.986577	inf
0.986577	inf
0.986577	inf
0.986577	inf
