# Persistence diagram <GML/0755.gml>
#
# Dimension   : 1
# Entries     : 48
# Betti number: 48
0.855072	inf
0.855072	inf
0.869565	inf
0.869565	inf
0.898551	inf
0.898551	inf
0.898551	inf
0.898551	inf
0.898551	inf
0.898551	inf
0.898551	inf
0.898551	inf
0.898551	inf
0.898551	inf
0.898551	inf
0.913043	inf
0.913043	inf
0.913043	inf
0.913043	inf
0.913043	inf
0.913043	inf
0.913043	inf
0.927536	inf
0.927536	inf
0.927536	inf
0.927536	inf
0.927536	inf
0.927536	inf
0.927536	inf
0.942029	inf
0.942029	inf
0.942029	inf
0.942029	inf
0.942029	inf
0.956522	inf
0.956522	inf
0.956522	inf
0.956522	inf
0.956522	inf
0.956522	inf
0.956522	inf
0.956522	inf
0.956522	inf
0.956522	inf
0.956522	inf
0.971014	inf
0.971014	inf
0.971014	inf
