# Persistence diagram <GML/0756.gml>
#
# Dimension   : 0
# Entries     : 66
# Betti number: 1
0	inf
0	0.994652
0	0.959893
0	0.989305
0	0.991979
0	0.994652
0	0.991979
0	0.991979
0	0.959893
0	0.989305
0	0.991979
0	0.991979
0	0.991979
0	0.991979
0	0.994652
0	0.991979
0	0.959893
0	0.991979
0	0.989305
0	0.994652
0	0.994652
0	0.994652
0	0.986631
0	0.991979
0	0.986631
0	0.991979
0	0.975936
0	0.989305
0	0.991979
0	0.991979
0	0.983957
0	0.959893
0	0.959893
0	0.991979
0	0.986631
0	0.986631
0	0.989305
0	0.991979
0	0.989305
0	0.975936
0	0.959893
0	0.994652
0	0.994652
0	0.994652
0	0.994652
0	0.991979
0	0.991979
0	0.959893
0	0.991979
0	0.986631
0	0.989305
0	0.989305
0	0.959893
0	0.994652
0	0.994652
0	0.975936
0	0.991979
0	0.991979
0	0.986631
0	0.959893
0	0.989305
0	0.983957
0	0.989305
0	0.959893
0	0.994652
0	0.983957


