# Persistence diagram <GML/0762.gml>
#
# Dimension   : 0
# Entries     : 282
# Betti number: 3
0	inf
0	0.959016
0	0.983607
0	0.983607
0	inf
0	0.97541
0	0.97541
0	0.942623
0	0.909836
0	0.983607
0	0.95082
0	0.967213
0	0.868852
0	0.983607
0	0.918033
0	inf
0	0.97541
0	0.97541
0	0.983607
0	0.983607
0	0.909836
0	0.97541
0	0.959016
0	0.959016
0	0.95082
0	0.868852
0	0.967213
0	0.901639
0	0.942623
0	0.868852
0	0.942623
0	0.959016
0	0.901639
0	0.967213
0	0.967213
0	0.918033
0	0.983607
0	0.868852
0	0.967213
0	0.983607
0	0.959016
0	0.942623
0	0.918033
0	0.868852
0	0.983607
0	0.95082
0	0.868852
0	0.967213
0	0.983607
0	0.918033
0	0.97541
0	0.868852
0	0.942623
0	0.959016
0	0.967213
0	0.97541
0	0.918033
0	0.983607
0	0.983607
0	0.97541
0	0.983607
0	0.983607
0	0.901639
0	0.97541
0	0.97541
0	0.97541
0	0.967213
0	0.983607
0	0.967213
0	0.959016
0	0.97541
0	0.967213
0	0.983607
0	0.967213
0	0.97541
0	0.95082
0	0.97541
0	0.983607
0	0.967213
0	0.959016
0	0.97541
0	0.918033
0	0.95082
0	0.967213
0	0.95082
0	0.95082
0	0.983607
0	0.942623
0	0.901639
0	0.967213
0	0.942623
0	0.868852
0	0.97541
0	0.991803
0	0.95082
0	0.959016
0	0.97541
0	0.959016
0	0.97541
0	0.901639
0	0.918033
0	0.983607
0	0.909836
0	0.95082
0	0.909836
0	0.97541
0	0.967213
0	0.901639
0	0.918033
0	0.983607
0	0.967213
0	0.918033
0	0.97541
0	0.901639
0	0.983607
0	0.942623
0	0.868852
0	0.983607
0	0.95082
0	0.967213
0	0.959016
0	0.983607
0	0.95082
0	0.918033
0	0.967213
0	0.942623
0	0.983607
0	0.97541
0	0.901639
0	0.918033
0	0.942623
0	0.942623
0	0.97541
0	0.934426
0	0.97541
0	0.983607
0	0.967213
0	0.942623
0	0.918033
0	0.967213
0	0.959016
0	0.97541
0	0.983607
0	0.868852
0	0.95082
0	0.959016
0	0.868852
0	0.983607
0	0.95082
0	0.967213
0	0.967213
0	0.983607
0	0.983607
0	0.959016
0	0.95082
0	0.918033
0	0.959016
0	0.967213
0	0.97541
0	0.967213
0	0.934426
0	0.967213
0	0.983607
0	0.983607
0	0.983607
0	0.967213
0	0.959016
0	0.909836
0	0.983607
0	0.95082
0	0.983607
0	0.97541
0	0.983607
0	0.983607
0	0.909836
0	0.959016
0	0.97541
0	0.97541
0	0.983607
0	0.983607
0	0.983607
0	0.97541
0	0.95082
0	0.934426
0	0.97541
0	0.942623
0	0.983607
0	0.942623
0	0.97541
0	0.983607
0	0.918033
0	0.97541
0	0.97541
0	0.97541
0	0.983607
0	0.97541
0	0.983607
0	0.97541
0	0.942623
0	0.959016
0	0.959016
0	0.983607
0	0.967213
0	0.918033
0	0.97541
0	0.868852
0	0.983607
0	0.97541
0	0.95082
0	0.97541
0	0.967213
0	0.942623
0	0.901639
0	0.959016
0	0.967213
0	0.983607
0	0.967213
0	0.983607
0	0.967213
0	0.967213
0	0.97541
0	0.909836
0	0.959016
0	0.967213
0	0.95082
0	0.95082
0	0.967213
0	0.983607
0	0.959016
0	0.901639
0	0.959016
0	0.967213
0	0.967213
0	0.983607
0	0.97541
0	0.983607
0	0.97541
0	0.959016
0	0.97541
0	0.918033
0	0.934426
0	0.983607
0	0.95082
0	0.909836
0	0.868852
0	0.918033
0	0.942623
0	0.95082
0	0.97541
0	0.959016
0	0.983607
0	0.983607
0	0.95082
0	0.868852
0	0.967213
0	0.967213
0	0.959016
0	0.95082
0	0.95082
0	0.95082
0	0.95082
0	0.967213
0	0.901639
0	0.95082
0	0.983607
0	0.95082
0	0.967213
0	0.983607
0	0.959016
0	0.97541
0	0.983607
0	0.97541
0	0.868852
0	0.967213
0	0.959016
0	0.97541
0	0.97541
0	0.97541
0	0.909836
0	0.97541
0	0.918033
0	0.967213


