# Persistence diagram <GML/0768.gml>
#
# Dimension   : 0
# Entries     : 315
# Betti number: 2
0	inf
0	0.952381
0	0.666667
0	0.666667
0	0.666667
0	0.666667
0	0.87619
0	0.933333
0	0.666667
0	0.92381
0	0.914286
0	0.933333
0	0.838095
0	0.87619
0	0.809524
0	0.92381
0	0.914286
0	0.819048
0	0.942857
0	0.952381
0	0.666667
0	0.961905
0	0.819048
0	0.933333
0	0.961905
0	0.933333
0	0.952381
0	0.819048
0	0.666667
0	0.819048
0	0.980952
0	0.914286
0	0.952381
0	0.819048
0	0.87619
0	0.819048
0	0.961905
0	0.961905
0	0.980952
0	0.961905
0	0.980952
0	0.666667
0	0.666667
0	0.971429
0	0.87619
0	0.838095
0	0.809524
0	0.961905
0	0.952381
0	0.952381
0	0.809524
0	0.952381
0	0.933333
0	0.666667
0	0.838095
0	0.933333
0	0.952381
0	0.952381
0	0.819048
0	0.666667
0	inf
0	0.838095
0	0.980952
0	0.961905
0	0.971429
0	0.961905
0	0.914286
0	0.961905
0	0.838095
0	0.942857
0	0.942857
0	0.838095
0	0.961905
0	0.952381
0	0.666667
0	0.961905
0	0.87619
0	0.980952
0	0.952381
0	0.942857
0	0.980952
0	0.819048
0	0.942857
0	0.961905
0	0.666667
0	0.942857
0	0.952381
0	0.809524
0	0.819048
0	0.942857
0	0.809524
0	0.838095
0	0.933333
0	0.952381
0	0.933333
0	0.952381
0	0.942857
0	0.961905
0	0.838095
0	0.980952
0	0.971429
0	0.819048
0	0.92381
0	0.838095
0	0.980952
0	0.971429
0	0.933333
0	0.666667
0	0.980952
0	0.961905
0	0.666667
0	0.809524
0	0.819048
0	0.809524
0	0.838095
0	0.971429
0	0.971429
0	0.961905
0	0.952381
0	0.961905
0	0.666667
0	0.952381
0	0.952381
0	0.961905
0	0.933333
0	0.971429
0	0.942857
0	0.961905
0	0.961905
0	0.914286
0	0.942857
0	0.961905
0	0.961905
0	0.961905
0	0.942857
0	0.666667
0	0.87619
0	0.838095
0	0.980952
0	0.819048
0	0.933333
0	0.971429
0	0.961905
0	0.980952
0	0.971429
0	0.87619
0	0.952381
0	0.666667
0	0.933333
0	0.961905
0	0.980952
0	0.980952
0	0.961905
0	0.952381
0	0.933333
0	0.809524
0	0.933333
0	0.952381
0	0.809524
0	0.819048
0	0.952381
0	0.666667
0	0.809524
0	0.809524
0	0.980952
0	0.980952
0	0.87619
0	0.92381
0	0.961905
0	0.961905
0	0.819048
0	0.666667
0	0.942857
0	0.961905
0	0.87619
0	0.666667
0	0.942857
0	0.971429
0	0.971429
0	0.961905
0	0.961905
0	0.952381
0	0.961905
0	0.980952
0	0.942857
0	0.961905
0	0.819048
0	0.980952
0	0.971429
0	0.942857
0	0.838095
0	0.961905
0	0.971429
0	0.92381
0	0.952381
0	0.809524
0	0.914286
0	0.980952
0	0.980952
0	0.819048
0	0.980952
0	0.971429
0	0.952381
0	0.838095
0	0.933333
0	0.933333
0	0.942857
0	0.952381
0	0.952381
0	0.666667
0	0.809524
0	0.666667
0	0.933333
0	0.961905
0	0.942857
0	0.971429
0	0.942857
0	0.942857
0	0.933333
0	0.942857
0	0.961905
0	0.666667
0	0.952381
0	0.92381
0	0.666667
0	0.942857
0	0.971429
0	0.809524
0	0.952381
0	0.952381
0	0.809524
0	0.933333
0	0.809524
0	0.971429
0	0.87619
0	0.666667
0	0.980952
0	0.87619
0	0.914286
0	0.952381
0	0.961905
0	0.980952
0	0.980952
0	0.92381
0	0.942857
0	0.971429
0	0.952381
0	0.952381
0	0.87619
0	0.92381
0	0.971429
0	0.971429
0	0.809524
0	0.952381
0	0.952381
0	0.942857
0	0.952381
0	0.952381
0	0.952381
0	0.961905
0	0.87619
0	0.961905
0	0.838095
0	0.980952
0	0.952381
0	0.971429
0	0.961905
0	0.971429
0	0.942857
0	0.819048
0	0.666667
0	0.971429
0	0.961905
0	0.961905
0	0.971429
0	0.980952
0	0.666667
0	0.961905
0	0.666667
0	0.809524
0	0.952381
0	0.971429
0	0.942857
0	0.933333
0	0.933333
0	0.666667
0	0.980952
0	0.942857
0	0.971429
0	0.933333
0	0.933333
0	0.952381
0	0.914286
0	0.971429
0	0.942857
0	0.942857
0	0.942857
0	0.980952
0	0.952381
0	0.933333
0	0.961905
0	0.980952
0	0.952381
0	0.666667
0	0.666667
0	0.666667
0	0.809524
0	0.980952
0	0.980952
0	0.933333
0	0.961905
0	0.952381
0	0.980952
0	0.971429
0	0.838095


