# Persistence diagram <GML/0772.gml>
#
# Dimension   : 0
# Entries     : 144
# Betti number: 1
0	inf
0	0.989831
0	0.983051
0	0.972881
0	0.986441
0	0.983051
0	0.979661
0	0.99322
0	0.983051
0	0.979661
0	0.99322
0	0.989831
0	0.972881
0	0.976271
0	0.989831
0	0.989831
0	0.989831
0	0.972881
0	0.983051
0	0.983051
0	0.989831
0	0.976271
0	0.979661
0	0.99322
0	0.979661
0	0.989831
0	0.972881
0	0.972881
0	0.989831
0	0.972881
0	0.989831
0	0.989831
0	0.986441
0	0.989831
0	0.976271
0	0.99322
0	0.979661
0	0.986441
0	0.99322
0	0.976271
0	0.99322
0	0.99322
0	0.99322
0	0.976271
0	0.983051
0	0.986441
0	0.99322
0	0.972881
0	0.989831
0	0.99322
0	0.99322
0	0.972881
0	0.972881
0	0.989831
0	0.972881
0	0.972881
0	0.99322
0	0.99322
0	0.989831
0	0.989831
0	0.986441
0	0.979661
0	0.976271
0	0.989831
0	0.99322
0	0.99322
0	0.986441
0	0.989831
0	0.972881
0	0.986441
0	0.979661
0	0.976271
0	0.983051
0	0.983051
0	0.979661
0	0.986441
0	0.99322
0	0.983051
0	0.979661
0	0.976271
0	0.989831
0	0.986441
0	0.972881
0	0.99322
0	0.99322
0	0.989831
0	0.99322
0	0.986441
0	0.986441
0	0.99322
0	0.983051
0	0.99322
0	0.983051
0	0.989831
0	0.989831
0	0.983051
0	0.986441
0	0.979661
0	0.986441
0	0.99322
0	0.989831
0	0.989831
0	0.989831
0	0.972881
0	0.972881
0	0.986441
0	0.99322
0	0.99322
0	0.989831
0	0.989831
0	0.972881
0	0.979661
0	0.979661
0	0.972881
0	0.989831
0	0.989831
0	0.972881
0	0.989831
0	0.976271
0	0.99322
0	0.983051
0	0.986441
0	0.989831
0	0.989831
0	0.983051
0	0.99322
0	0.986441
0	0.99322
0	0.976271
0	0.989831
0	0.979661
0	0.99322
0	0.983051
0	0.989831
0	0.99322
0	0.986441
0	0.99322
0	0.972881
0	0.976271
0	0.989831
0	0.989831
0	0.99322
0	0.972881
0	0.979661


