# Persistence diagram <GML/0781.gml>
#
# Dimension   : 0
# Entries     : 343
# Betti number: 1
0	inf
0	0.947368
0	0.957895
0	0.936842
0	0.926316
0	0.873684
0	0.957895
0	0.947368
0	0.915789
0	0.968421
0	0.957895
0	0.947368
0	0.894737
0	0.978947
0	0.968421
0	0.957895
0	0.978947
0	0.957895
0	0.978947
0	0.978947
0	0.957895
0	0.978947
0	0.894737
0	0.978947
0	0.968421
0	0.968421
0	0.978947
0	0.968421
0	0.821053
0	0.957895
0	0.968421
0	0.968421
0	0.968421
0	0.968421
0	0.915789
0	0.968421
0	0.936842
0	0.915789
0	0.968421
0	0.978947
0	0.947368
0	0.968421
0	0.947368
0	0.978947
0	0.915789
0	0.968421
0	0.947368
0	0.915789
0	0.915789
0	0.926316
0	0.978947
0	0.873684
0	0.968421
0	0.873684
0	0.968421
0	0.978947
0	0.978947
0	0.968421
0	0.978947
0	0.968421
0	0.957895
0	0.978947
0	0.978947
0	0.957895
0	0.957895
0	0.936842
0	0.968421
0	0.894737
0	0.947368
0	0.978947
0	0.978947
0	0.957895
0	0.968421
0	0.978947
0	0.957895
0	0.978947
0	0.821053
0	0.894737
0	0.936842
0	0.926316
0	0.894737
0	0.936842
0	0.968421
0	0.978947
0	0.968421
0	0.947368
0	0.947368
0	0.957895
0	0.894737
0	0.978947
0	0.926316
0	0.957895
0	0.968421
0	0.915789
0	0.936842
0	0.968421
0	0.978947
0	0.915789
0	0.957895
0	0.894737
0	0.957895
0	0.968421
0	0.936842
0	0.915789
0	0.821053
0	0.978947
0	0.957895
0	0.957895
0	0.978947
0	0.968421
0	0.978947
0	0.978947
0	0.968421
0	0.894737
0	0.936842
0	0.978947
0	0.978947
0	0.936842
0	0.915789
0	0.936842
0	0.968421
0	0.957895
0	0.968421
0	0.968421
0	0.978947
0	0.978947
0	0.968421
0	0.947368
0	0.957895
0	0.968421
0	0.968421
0	0.968421
0	0.968421
0	0.957895
0	0.947368
0	0.978947
0	0.957895
0	0.821053
0	0.968421
0	0.936842
0	0.915789
0	0.926316
0	0.957895
0	0.978947
0	0.936842
0	0.968421
0	0.936842
0	0.978947
0	0.957895
0	0.957895
0	0.936842
0	0.926316
0	0.978947
0	0.968421
0	0.957895
0	0.873684
0	0.968421
0	0.873684
0	0.957895
0	0.926316
0	0.894737
0	0.894737
0	0.978947
0	0.936842
0	0.821053
0	0.936842
0	0.968421
0	0.957895
0	0.978947
0	0.915789
0	0.957895
0	0.915789
0	0.936842
0	0.957895
0	0.936842
0	0.936842
0	0.957895
0	0.978947
0	0.968421
0	0.936842
0	0.978947
0	0.968421
0	0.978947
0	0.978947
0	0.978947
0	0.957895
0	0.968421
0	0.915789
0	0.968421
0	0.821053
0	0.968421
0	0.947368
0	0.894737
0	0.936842
0	0.894737
0	0.968421
0	0.936842
0	0.968421
0	0.936842
0	0.915789
0	0.936842
0	0.978947
0	0.894737
0	0.957895
0	0.957895
0	0.915789
0	0.968421
0	0.821053
0	0.978947
0	0.873684
0	0.957895
0	0.978947
0	0.978947
0	0.936842
0	0.968421
0	0.978947
0	0.821053
0	0.957895
0	0.968421
0	0.968421
0	0.968421
0	0.957895
0	0.978947
0	0.957895
0	0.821053
0	0.821053
0	0.873684
0	0.957895
0	0.978947
0	0.915789
0	0.947368
0	0.957895
0	0.978947
0	0.978947
0	0.968421
0	0.936842
0	0.936842
0	0.957895
0	0.926316
0	0.915789
0	0.968421
0	0.968421
0	0.957895
0	0.915789
0	0.821053
0	0.957895
0	0.978947
0	0.894737
0	0.947368
0	0.978947
0	0.978947
0	0.936842
0	0.957895
0	0.915789
0	0.821053
0	0.978947
0	0.978947
0	0.915789
0	0.968421
0	0.968421
0	0.873684
0	0.873684
0	0.915789
0	0.957895
0	0.936842
0	0.968421
0	0.894737
0	0.926316
0	0.978947
0	0.978947
0	0.894737
0	0.936842
0	0.968421
0	0.968421
0	0.915789
0	0.894737
0	0.957895
0	0.978947
0	0.968421
0	0.968421
0	0.873684
0	0.978947
0	0.957895
0	0.978947
0	0.957895
0	0.936842
0	0.957895
0	0.936842
0	0.978947
0	0.936842
0	0.915789
0	0.873684
0	0.947368
0	0.947368
0	0.821053
0	0.978947
0	0.894737
0	0.894737
0	0.957895
0	0.978947
0	0.968421
0	0.936842
0	0.936842
0	0.978947
0	0.968421
0	0.947368
0	0.894737
0	0.926316
0	0.915789
0	0.936842
0	0.926316
0	0.968421
0	0.957895
0	0.821053
0	0.957895
0	0.968421
0	0.968421
0	0.957895
0	0.978947
0	0.968421
0	0.821053
0	0.947368
0	0.978947
0	0.978947
0	0.936842
0	0.968421
0	0.936842
0	0.915789
0	0.957895
0	0.978947
0	0.957895
0	0.926316
0	0.821053
0	0.978947
0	0.968421
0	0.978947
0	0.947368
0	0.936842
0	0.894737
0	0.957895
0	0.968421
0	0.968421
0	0.968421


