# Persistence diagram <GML/0782.gml>
#
# Dimension   : 0
# Entries     : 256
# Betti number: 1
0	inf
0	0.987952
0	0.975904
0	0.96988
0	0.987952
0	0.704819
0	0.704819
0	0.951807
0	0.981928
0	0.704819
0	0.957831
0	0.957831
0	0.981928
0	0.981928
0	0.96988
0	0.987952
0	0.96988
0	0.704819
0	0.981928
0	0.975904
0	0.987952
0	0.957831
0	0.987952
0	0.704819
0	0.981928
0	0.981928
0	0.704819
0	0.987952
0	0.987952
0	0.963855
0	0.96988
0	0.96988
0	0.981928
0	0.987952
0	0.704819
0	0.939759
0	0.704819
0	0.704819
0	0.987952
0	0.704819
0	0.963855
0	0.963855
0	0.704819
0	0.981928
0	0.939759
0	0.987952
0	0.981928
0	0.957831
0	0.963855
0	0.981928
0	0.987952
0	0.981928
0	0.975904
0	0.704819
0	0.704819
0	0.975904
0	0.963855
0	0.981928
0	0.981928
0	0.963855
0	0.975904
0	0.951807
0	0.951807
0	0.987952
0	0.939759
0	0.963855
0	0.981928
0	0.975904
0	0.963855
0	0.963855
0	0.975904
0	0.963855
0	0.96988
0	0.704819
0	0.951807
0	0.975904
0	0.981928
0	0.704819
0	0.957831
0	0.975904
0	0.704819
0	0.981928
0	0.981928
0	0.963855
0	0.981928
0	0.987952
0	0.975904
0	0.96988
0	0.981928
0	0.963855
0	0.987952
0	0.987952
0	0.951807
0	0.975904
0	0.951807
0	0.975904
0	0.987952
0	0.975904
0	0.981928
0	0.981928
0	0.963855
0	0.704819
0	0.987952
0	0.987952
0	0.96988
0	0.987952
0	0.981928
0	0.987952
0	0.987952
0	0.963855
0	0.704819
0	0.981928
0	0.704819
0	0.975904
0	0.951807
0	0.704819
0	0.975904
0	0.704819
0	0.981928
0	0.975904
0	0.951807
0	0.975904
0	0.987952
0	0.987952
0	0.704819
0	0.981928
0	0.963855
0	0.987952
0	0.975904
0	0.975904
0	0.981928
0	0.96988
0	0.975904
0	0.981928
0	0.975904
0	0.963855
0	0.987952
0	0.987952
0	0.963855
0	0.963855
0	0.981928
0	0.951807
0	0.963855
0	0.96988
0	0.957831
0	0.704819
0	0.981928
0	0.981928
0	0.704819
0	0.987952
0	0.981928
0	0.981928
0	0.981928
0	0.957831
0	0.704819
0	0.704819
0	0.963855
0	0.704819
0	0.981928
0	0.981928
0	0.981928
0	0.704819
0	0.981928
0	0.704819
0	0.704819
0	0.975904
0	0.987952
0	0.987952
0	0.981928
0	0.704819
0	0.987952
0	0.987952
0	0.981928
0	0.975904
0	0.704819
0	0.704819
0	0.963855
0	0.975904
0	0.987952
0	0.704819
0	0.939759
0	0.981928
0	0.981928
0	0.981928
0	0.987952
0	0.987952
0	0.975904
0	0.939759
0	0.957831
0	0.987952
0	0.951807
0	0.704819
0	0.963855
0	0.939759
0	0.987952
0	0.981928
0	0.975904
0	0.963855
0	0.951807
0	0.939759
0	0.981928
0	0.981928
0	0.963855
0	0.951807
0	0.704819
0	0.987952
0	0.963855
0	0.96988
0	0.704819
0	0.957831
0	0.939759
0	0.981928
0	0.975904
0	0.987952
0	0.951807
0	0.975904
0	0.975904
0	0.963855
0	0.987952
0	0.704819
0	0.981928
0	0.975904
0	0.975904
0	0.987952
0	0.704819
0	0.987952
0	0.981928
0	0.704819
0	0.951807
0	0.96988
0	0.957831
0	0.987952
0	0.981928
0	0.987952
0	0.987952
0	0.96988
0	0.951807
0	0.975904
0	0.987952
0	0.981928
0	0.96988
0	0.981928
0	0.704819
0	0.963855
0	0.987952
0	0.951807
0	0.963855
0	0.975904
0	0.981928
0	0.987952
0	0.951807
0	0.981928
0	0.987952
0	0.975904
0	0.975904
0	0.96988


