# Persistence diagram <GML/0784.gml>
#
# Dimension   : 0
# Entries     : 227
# Betti number: 1
0	inf
0	0.989247
0	0.946237
0	0.973118
0	0.989247
0	0.989247
0	0.983871
0	0.978495
0	0.983871
0	0.967742
0	0.983871
0	0.989247
0	0.967742
0	0.962366
0	0.983871
0	0.962366
0	0.956989
0	0.978495
0	0.956989
0	0.956989
0	0.978495
0	0.978495
0	0.946237
0	0.973118
0	0.967742
0	0.978495
0	0.973118
0	0.967742
0	0.989247
0	0.983871
0	0.956989
0	0.983871
0	0.946237
0	0.989247
0	0.983871
0	0.973118
0	0.956989
0	0.983871
0	0.989247
0	0.967742
0	0.962366
0	0.967742
0	0.978495
0	0.956989
0	0.946237
0	0.983871
0	0.973118
0	0.962366
0	0.967742
0	0.973118
0	0.978495
0	0.956989
0	0.973118
0	0.978495
0	0.983871
0	0.935484
0	0.967742
0	0.951613
0	0.962366
0	0.962366
0	0.983871
0	0.967742
0	0.989247
0	0.956989
0	0.956989
0	0.946237
0	0.962366
0	0.962366
0	0.967742
0	0.951613
0	0.989247
0	0.973118
0	0.962366
0	0.989247
0	0.946237
0	0.978495
0	0.989247
0	0.989247
0	0.989247
0	0.983871
0	0.935484
0	0.973118
0	0.967742
0	0.978495
0	0.962366
0	0.962366
0	0.989247
0	0.983871
0	0.978495
0	0.983871
0	0.983871
0	0.962366
0	0.973118
0	0.956989
0	0.989247
0	0.962366
0	0.973118
0	0.973118
0	0.989247
0	0.946237
0	0.978495
0	0.989247
0	0.967742
0	0.983871
0	0.983871
0	0.951613
0	0.935484
0	0.962366
0	0.978495
0	0.951613
0	0.935484
0	0.983871
0	0.978495
0	0.989247
0	0.962366
0	0.946237
0	0.978495
0	0.935484
0	0.962366
0	0.973118
0	0.978495
0	0.946237
0	0.973118
0	0.962366
0	0.973118
0	0.951613
0	0.983871
0	0.978495
0	0.978495
0	0.978495
0	0.935484
0	0.956989
0	0.983871
0	0.946237
0	0.989247
0	0.962366
0	0.978495
0	0.973118
0	0.989247
0	0.973118
0	0.983871
0	0.962366
0	0.978495
0	0.983871
0	0.956989
0	0.989247
0	0.983871
0	0.946237
0	0.973118
0	0.978495
0	0.978495
0	0.978495
0	0.989247
0	0.989247
0	0.973118
0	0.967742
0	0.935484
0	0.956989
0	0.973118
0	0.989247
0	0.989247
0	0.962366
0	0.962366
0	0.989247
0	0.956989
0	0.946237
0	0.989247
0	0.973118
0	0.983871
0	0.983871
0	0.973118
0	0.967742
0	0.962366
0	0.983871
0	0.983871
0	0.973118
0	0.967742
0	0.973118
0	0.978495
0	0.978495
0	0.962366
0	0.983871
0	0.956989
0	0.951613
0	0.962366
0	0.978495
0	0.978495
0	0.946237
0	0.962366
0	0.973118
0	0.951613
0	0.973118
0	0.983871
0	0.983871
0	0.973118
0	0.956989
0	0.983871
0	0.989247
0	0.983871
0	0.978495
0	0.983871
0	0.973118
0	0.951613
0	0.962366
0	0.983871
0	0.983871
0	0.983871
0	0.978495
0	0.978495
0	0.978495
0	0.967742
0	0.983871
0	0.967742
0	0.935484
0	0.967742
0	0.967742
0	0.978495
0	0.983871
0	0.978495
0	0.978495
0	0.962366
0	0.978495
0	0.967742
0	0.989247
0	0.983871
0	0.989247
0	0.973118


