# Persistence diagram <GML/0791.gml>
#
# Dimension   : 1
# Entries     : 55
# Betti number: 55
0.81982	inf
0.81982	inf
0.81982	inf
0.846847	inf
0.846847	inf
0.846847	inf
0.846847	inf
0.846847	inf
0.846847	inf
0.900901	inf
0.900901	inf
0.90991	inf
0.90991	inf
0.90991	inf
0.90991	inf
0.90991	inf
0.927928	inf
0.927928	inf
0.927928	inf
0.927928	inf
0.927928	inf
0.927928	inf
0.936937	inf
0.936937	inf
0.936937	inf
0.936937	inf
0.945946	inf
0.945946	inf
0.945946	inf
0.945946	inf
0.945946	inf
0.945946	inf
0.945946	inf
0.954955	inf
0.954955	inf
0.954955	inf
0.963964	inf
0.963964	inf
0.963964	inf
0.963964	inf
0.963964	inf
0.963964	inf
0.963964	inf
0.963964	inf
0.963964	inf
0.963964	inf
0.972973	inf
0.972973	inf
0.972973	inf
0.972973	inf
0.972973	inf
0.981982	inf
0.981982	inf
0.981982	inf
0.981982	inf
