# Persistence diagram <GML/0809.gml>
#
# Dimension   : 0
# Entries     : 270
# Betti number: 2
0	inf
0	0.972789
0	0.972789
0	0.945578
0	0.959184
0	0.904762
0	0.986395
0	0.972789
0	0.979592
0	0.979592
0	0.92517
0	0.959184
0	0.986395
0	0.986395
0	0.986395
0	0.952381
0	0.952381
0	0.959184
0	0.904762
0	0.945578
0	0.986395
0	0.959184
0	0.979592
0	0.972789
0	0.972789
0	0.972789
0	0.986395
0	0.959184
0	0.979592
0	0.952381
0	0.972789
0	0.986395
0	0.952381
0	0.904762
0	0.959184
0	0.986395
0	0.965986
0	0.972789
0	0.965986
0	0.972789
0	0.952381
0	0.986395
0	0.986395
0	0.986395
0	0.979592
0	0.952381
0	0.945578
0	0.986395
0	0.972789
0	0.959184
0	0.986395
0	0.904762
0	0.945578
0	0.952381
0	0.959184
0	0.979592
0	0.979592
0	0.959184
0	0.972789
0	0.959184
0	0.972789
0	0.965986
0	0.986395
0	0.952381
0	0.986395
0	0.979592
0	0.952381
0	0.959184
0	0.959184
0	0.952381
0	0.959184
0	0.945578
0	0.959184
0	0.972789
0	0.979592
0	0.959184
0	0.92517
0	0.92517
0	0.986395
0	0.945578
0	0.972789
0	0.986395
0	0.979592
0	inf
0	0.959184
0	0.959184
0	0.945578
0	0.959184
0	0.952381
0	0.972789
0	0.965986
0	0.979592
0	0.92517
0	0.979592
0	0.904762
0	0.959184
0	0.979592
0	0.972789
0	0.959184
0	0.979592
0	0.986395
0	0.979592
0	0.972789
0	0.945578
0	0.945578
0	0.986395
0	0.972789
0	0.972789
0	0.986395
0	0.92517
0	0.986395
0	0.952381
0	0.972789
0	0.952381
0	0.959184
0	0.972789
0	0.959184
0	0.986395
0	0.965986
0	0.972789
0	0.965986
0	0.972789
0	0.952381
0	0.972789
0	0.959184
0	0.92517
0	0.986395
0	0.952381
0	0.904762
0	0.952381
0	0.904762
0	0.945578
0	0.959184
0	0.952381
0	0.979592
0	0.959184
0	0.952381
0	0.986395
0	0.959184
0	0.986395
0	0.972789
0	0.986395
0	0.959184
0	0.92517
0	0.986395
0	0.959184
0	0.972789
0	0.952381
0	0.972789
0	0.952381
0	0.986395
0	0.986395
0	0.952381
0	0.979592
0	0.979592
0	0.979592
0	0.945578
0	0.959184
0	0.986395
0	0.952381
0	0.986395
0	0.972789
0	0.986395
0	0.952381
0	0.979592
0	0.979592
0	0.965986
0	0.952381
0	0.965986
0	0.945578
0	0.972789
0	0.979592
0	0.979592
0	0.945578
0	0.979592
0	0.959184
0	0.904762
0	0.986395
0	0.959184
0	0.959184
0	0.952381
0	0.986395
0	0.959184
0	0.92517
0	0.904762
0	0.972789
0	0.965986
0	0.979592
0	0.979592
0	0.979592
0	0.986395
0	0.952381
0	0.965986
0	0.986395
0	0.904762
0	0.986395
0	0.959184
0	0.945578
0	0.904762
0	0.945578
0	0.986395
0	0.986395
0	0.945578
0	0.965986
0	0.979592
0	0.986395
0	0.986395
0	0.972789
0	0.972789
0	0.959184
0	0.979592
0	0.986395
0	0.986395
0	0.986395
0	0.959184
0	0.972789
0	0.986395
0	0.904762
0	0.986395
0	0.986395
0	0.959184
0	0.959184
0	0.965986
0	0.986395
0	0.945578
0	0.952381
0	0.972789
0	0.979592
0	0.952381
0	0.986395
0	0.986395
0	0.979592
0	0.959184
0	0.972789
0	0.965986
0	0.959184
0	0.986395
0	0.979592
0	0.993197
0	0.986395
0	0.965986
0	0.965986
0	0.986395
0	0.972789
0	0.92517
0	0.972789
0	0.972789
0	0.972789
0	0.972789
0	0.945578
0	0.959184
0	0.965986
0	0.952381
0	0.986395
0	0.979592
0	0.979592
0	0.959184
0	0.979592
0	0.979592
0	0.986395
0	0.904762
0	0.979592
0	0.92517
0	0.972789
0	0.945578
0	0.979592
0	0.979592
0	0.972789
0	0.959184
0	0.979592


