# Persistence diagram <GML/0810.gml>
#
# Dimension   : 0
# Entries     : 307
# Betti number: 2
0	inf
0	inf
0	0.942308
0	0.971154
0	0.980769
0	0.971154
0	0.971154
0	0.971154
0	0.980769
0	0.961538
0	0.971154
0	0.932692
0	0.951923
0	0.961538
0	0.980769
0	0.951923
0	0.980769
0	0.951923
0	0.961538
0	0.951923
0	0.961538
0	0.961538
0	0.961538
0	0.961538
0	0.951923
0	0.980769
0	0.951923
0	0.951923
0	0.951923
0	0.951923
0	0.980769
0	0.971154
0	0.923077
0	0.942308
0	0.961538
0	0.971154
0	0.961538
0	0.980769
0	0.971154
0	0.942308
0	0.971154
0	0.980769
0	0.951923
0	0.971154
0	0.980769
0	0.951923
0	0.971154
0	0.971154
0	0.980769
0	0.961538
0	0.971154
0	0.951923
0	0.951923
0	0.971154
0	0.961538
0	0.932692
0	0.971154
0	0.932692
0	0.951923
0	0.980769
0	0.951923
0	0.951923
0	0.980769
0	0.971154
0	0.951923
0	0.951923
0	0.961538
0	0.942308
0	0.980769
0	0.942308
0	0.971154
0	0.961538
0	0.942308
0	0.961538
0	0.923077
0	0.971154
0	0.971154
0	0.951923
0	0.980769
0	0.961538
0	0.971154
0	0.961538
0	0.980769
0	0.971154
0	0.951923
0	0.980769
0	0.961538
0	0.961538
0	0.971154
0	0.951923
0	0.961538
0	0.980769
0	0.923077
0	0.971154
0	0.961538
0	0.971154
0	0.961538
0	0.980769
0	0.980769
0	0.961538
0	0.942308
0	0.942308
0	0.980769
0	0.971154
0	0.932692
0	0.951923
0	0.980769
0	0.971154
0	0.971154
0	0.913462
0	0.951923
0	0.961538
0	0.961538
0	0.980769
0	0.932692
0	0.961538
0	0.971154
0	0.951923
0	0.971154
0	0.980769
0	0.971154
0	0.913462
0	0.932692
0	0.980769
0	0.942308
0	0.961538
0	0.961538
0	0.913462
0	0.971154
0	0.951923
0	0.942308
0	0.942308
0	0.971154
0	0.971154
0	0.971154
0	0.980769
0	0.951923
0	0.971154
0	0.951923
0	0.951923
0	0.942308
0	0.923077
0	0.913462
0	0.980769
0	0.942308
0	0.971154
0	0.980769
0	0.980769
0	0.923077
0	0.980769
0	0.980769
0	0.951923
0	0.961538
0	0.961538
0	0.951923
0	0.971154
0	0.971154
0	0.961538
0	0.961538
0	0.951923
0	0.951923
0	0.971154
0	0.971154
0	0.971154
0	0.980769
0	0.971154
0	0.980769
0	0.980769
0	0.980769
0	0.971154
0	0.980769
0	0.942308
0	0.971154
0	0.942308
0	0.961538
0	0.951923
0	0.961538
0	0.971154
0	0.971154
0	0.961538
0	0.971154
0	0.971154
0	0.961538
0	0.942308
0	0.961538
0	0.971154
0	0.971154
0	0.971154
0	0.980769
0	0.971154
0	0.961538
0	0.961538
0	0.971154
0	0.980769
0	0.980769
0	0.951923
0	0.971154
0	0.932692
0	0.971154
0	0.932692
0	0.913462
0	0.961538
0	0.971154
0	0.971154
0	0.932692
0	0.980769
0	0.980769
0	0.980769
0	0.951923
0	0.980769
0	0.980769
0	0.932692
0	0.971154
0	0.961538
0	0.932692
0	0.971154
0	0.971154
0	0.942308
0	0.961538
0	0.951923
0	0.961538
0	0.951923
0	0.951923
0	0.980769
0	0.942308
0	0.961538
0	0.961538
0	0.971154
0	0.951923
0	0.980769
0	0.971154
0	0.971154
0	0.980769
0	0.961538
0	0.971154
0	0.961538
0	0.961538
0	0.951923
0	0.971154
0	0.980769
0	0.942308
0	0.980769
0	0.942308
0	0.932692
0	0.980769
0	0.980769
0	0.961538
0	0.942308
0	0.913462
0	0.980769
0	0.932692
0	0.951923
0	0.951923
0	0.980769
0	0.951923
0	0.942308
0	0.951923
0	0.961538
0	0.971154
0	0.961538
0	0.951923
0	0.971154
0	0.971154
0	0.942308
0	0.942308
0	0.942308
0	0.913462
0	0.971154
0	0.980769
0	0.980769
0	0.971154
0	0.971154
0	0.971154
0	0.932692
0	0.961538
0	0.971154
0	0.980769
0	0.980769
0	0.913462
0	0.961538
0	0.971154
0	0.980769
0	0.932692
0	0.951923
0	0.961538
0	0.980769
0	0.961538
0	0.961538
0	0.961538
0	0.932692
0	0.923077
0	0.971154
0	0.951923
0	0.961538
0	0.961538
0	0.942308
0	0.980769
0	0.951923
0	0.971154
0	0.932692
0	0.923077
0	0.932692
0	0.971154
0	0.961538
0	0.932692
0	0.961538
0	0.980769


