# Persistence diagram <GML/0817.gml>
#
# Dimension   : 0
# Entries     : 328
# Betti number: 1
0	inf
0	0.958763
0	0.969072
0	0.958763
0	0.927835
0	0.886598
0	0.948454
0	0.979381
0	0.979381
0	0.948454
0	0.917526
0	0.958763
0	0.958763
0	0.979381
0	0.948454
0	0.979381
0	0.979381
0	0.969072
0	0.938144
0	0.917526
0	0.958763
0	0.958763
0	0.907216
0	0.979381
0	0.979381
0	0.907216
0	0.938144
0	0.969072
0	0.958763
0	0.979381
0	0.969072
0	0.969072
0	0.917526
0	0.979381
0	0.979381
0	0.886598
0	0.969072
0	0.969072
0	0.927835
0	0.979381
0	0.979381
0	0.938144
0	0.979381
0	0.958763
0	0.969072
0	0.969072
0	0.927835
0	0.969072
0	0.948454
0	0.979381
0	0.948454
0	0.958763
0	0.979381
0	0.938144
0	0.979381
0	0.958763
0	0.979381
0	0.969072
0	0.979381
0	0.886598
0	0.979381
0	0.958763
0	0.979381
0	0.958763
0	0.958763
0	0.886598
0	0.979381
0	0.969072
0	0.907216
0	0.938144
0	0.958763
0	0.948454
0	0.958763
0	0.948454
0	0.969072
0	0.927835
0	0.927835
0	0.979381
0	0.958763
0	0.979381
0	0.969072
0	0.969072
0	0.938144
0	0.979381
0	0.969072
0	0.969072
0	0.969072
0	0.917526
0	0.969072
0	0.969072
0	0.948454
0	0.938144
0	0.979381
0	0.969072
0	0.979381
0	0.979381
0	0.979381
0	0.969072
0	0.969072
0	0.969072
0	0.969072
0	0.958763
0	0.948454
0	0.917526
0	0.948454
0	0.958763
0	0.958763
0	0.938144
0	0.938144
0	0.979381
0	0.969072
0	0.917526
0	0.969072
0	0.938144
0	0.938144
0	0.958763
0	0.927835
0	0.927835
0	0.927835
0	0.979381
0	0.948454
0	0.927835
0	0.927835
0	0.979381
0	0.969072
0	0.938144
0	0.948454
0	0.958763
0	0.927835
0	0.979381
0	0.979381
0	0.907216
0	0.969072
0	0.958763
0	0.958763
0	0.948454
0	0.886598
0	0.979381
0	0.969072
0	0.927835
0	0.969072
0	0.979381
0	0.907216
0	0.958763
0	0.979381
0	0.979381
0	0.969072
0	0.948454
0	0.938144
0	0.927835
0	0.969072
0	0.907216
0	0.969072
0	0.969072
0	0.948454
0	0.958763
0	0.979381
0	0.969072
0	0.938144
0	0.958763
0	0.886598
0	0.969072
0	0.917526
0	0.969072
0	0.969072
0	0.979381
0	0.979381
0	0.969072
0	0.927835
0	0.958763
0	0.979381
0	0.969072
0	0.958763
0	0.979381
0	0.979381
0	0.886598
0	0.958763
0	0.948454
0	0.969072
0	0.979381
0	0.969072
0	0.979381
0	0.969072
0	0.917526
0	0.969072
0	0.917526
0	0.979381
0	0.969072
0	0.948454
0	0.969072
0	0.979381
0	0.969072
0	0.948454
0	0.969072
0	0.969072
0	0.958763
0	0.979381
0	0.948454
0	0.938144
0	0.979381
0	0.979381
0	0.938144
0	0.948454
0	0.958763
0	0.917526
0	0.979381
0	0.979381
0	0.979381
0	0.969072
0	0.969072
0	0.938144
0	0.958763
0	0.979381
0	0.969072
0	0.917526
0	0.969072
0	0.969072
0	0.969072
0	0.979381
0	0.938144
0	0.927835
0	0.927835
0	0.958763
0	0.907216
0	0.958763
0	0.948454
0	0.979381
0	0.907216
0	0.917526
0	0.969072
0	0.979381
0	0.948454
0	0.948454
0	0.958763
0	0.979381
0	0.958763
0	0.958763
0	0.979381
0	0.979381
0	0.958763
0	0.907216
0	0.979381
0	0.927835
0	0.948454
0	0.927835
0	0.969072
0	0.907216
0	0.886598
0	0.948454
0	0.938144
0	0.969072
0	0.886598
0	0.948454
0	0.979381
0	0.979381
0	0.958763
0	0.938144
0	0.969072
0	0.958763
0	0.917526
0	0.958763
0	0.969072
0	0.979381
0	0.969072
0	0.927835
0	0.979381
0	0.948454
0	0.958763
0	0.958763
0	0.958763
0	0.948454
0	0.979381
0	0.948454
0	0.969072
0	0.969072
0	0.958763
0	0.958763
0	0.979381
0	0.948454
0	0.927835
0	0.969072
0	0.948454
0	0.969072
0	0.979381
0	0.948454
0	0.938144
0	0.938144
0	0.979381
0	0.907216
0	0.979381
0	0.938144
0	0.938144
0	0.969072
0	0.958763
0	0.969072
0	0.958763
0	0.979381
0	0.979381
0	0.969072
0	0.938144
0	0.938144
0	0.969072
0	0.958763
0	0.958763
0	0.979381
0	0.886598
0	0.927835
0	0.907216
0	0.927835
0	0.969072
0	0.969072
0	0.969072
0	0.927835
0	0.917526
0	0.907216
0	0.979381
0	0.948454
0	0.958763
0	0.938144
0	0.958763
0	0.907216
0	0.917526
0	0.958763
0	0.938144
0	0.938144
0	0.979381
0	0.907216
0	0.948454


