# Persistence diagram <GML/0819.gml>
#
# Dimension   : 1
# Entries     : 50
# Betti number: 50
0.857143	inf
0.883117	inf
0.883117	inf
0.896104	inf
0.896104	inf
0.896104	inf
0.896104	inf
0.896104	inf
0.909091	inf
0.909091	inf
0.909091	inf
0.909091	inf
0.909091	inf
0.909091	inf
0.922078	inf
0.935065	inf
0.935065	inf
0.935065	inf
0.935065	inf
0.948052	inf
0.948052	inf
0.948052	inf
0.948052	inf
0.948052	inf
0.948052	inf
0.948052	inf
0.948052	inf
0.948052	inf
0.948052	inf
0.948052	inf
0.961039	inf
0.961039	inf
0.961039	inf
0.961039	inf
0.961039	inf
0.961039	inf
0.961039	inf
0.961039	inf
0.961039	inf
0.961039	inf
0.961039	inf
0.961039	inf
0.974026	inf
0.974026	inf
0.974026	inf
0.974026	inf
0.974026	inf
0.974026	inf
0.974026	inf
0.974026	inf
