# Persistence diagram <GML/0820.gml>
#
# Dimension   : 0
# Entries     : 313
# Betti number: 1
0	inf
0	0.977612
0	0.962687
0	0.962687
0	0.977612
0	0.932836
0	0.940299
0	0.970149
0	0.940299
0	0.985075
0	0.925373
0	0.985075
0	0.88806
0	0.985075
0	0.962687
0	0.970149
0	0.970149
0	0.925373
0	0.955224
0	0.88806
0	0.977612
0	0.970149
0	0.955224
0	0.970149
0	0.970149
0	0.985075
0	0.962687
0	0.985075
0	0.932836
0	0.88806
0	0.977612
0	0.985075
0	0.962687
0	0.977612
0	0.985075
0	0.985075
0	0.962687
0	0.962687
0	0.925373
0	0.985075
0	0.940299
0	0.970149
0	0.977612
0	0.977612
0	0.962687
0	0.977612
0	0.977612
0	0.985075
0	0.970149
0	0.925373
0	0.947761
0	0.977612
0	0.970149
0	0.970149
0	0.970149
0	0.88806
0	0.955224
0	0.977612
0	0.970149
0	0.932836
0	0.977612
0	0.925373
0	0.947761
0	0.970149
0	0.985075
0	0.977612
0	0.970149
0	0.962687
0	0.88806
0	0.962687
0	0.947761
0	0.88806
0	0.977612
0	0.962687
0	0.985075
0	0.985075
0	0.970149
0	0.985075
0	0.977612
0	0.962687
0	0.955224
0	0.955224
0	0.985075
0	0.985075
0	0.970149
0	0.977612
0	0.932836
0	0.970149
0	0.970149
0	0.962687
0	0.985075
0	0.962687
0	0.962687
0	0.985075
0	0.962687
0	0.932836
0	0.977612
0	0.940299
0	0.962687
0	0.955224
0	0.977612
0	0.970149
0	0.962687
0	0.88806
0	0.955224
0	0.970149
0	0.985075
0	0.940299
0	0.985075
0	0.985075
0	0.977612
0	0.985075
0	0.985075
0	0.985075
0	0.970149
0	0.962687
0	0.940299
0	0.962687
0	0.977612
0	0.955224
0	0.940299
0	0.977612
0	0.970149
0	0.940299
0	0.932836
0	0.985075
0	0.962687
0	0.947761
0	0.955224
0	0.970149
0	0.962687
0	0.977612
0	0.985075
0	0.977612
0	0.970149
0	0.962687
0	0.940299
0	0.962687
0	0.932836
0	0.955224
0	0.947761
0	0.932836
0	0.962687
0	0.970149
0	0.970149
0	0.970149
0	0.977612
0	0.970149
0	0.940299
0	0.962687
0	0.985075
0	0.970149
0	0.970149
0	0.977612
0	0.970149
0	0.940299
0	0.940299
0	0.947761
0	0.925373
0	0.925373
0	0.977612
0	0.977612
0	0.962687
0	0.970149
0	0.970149
0	0.985075
0	0.940299
0	0.955224
0	0.947761
0	0.932836
0	0.88806
0	0.940299
0	0.970149
0	0.955224
0	0.970149
0	0.940299
0	0.970149
0	0.962687
0	0.970149
0	0.985075
0	0.977612
0	0.985075
0	0.985075
0	0.977612
0	0.925373
0	0.932836
0	0.985075
0	0.962687
0	0.977612
0	0.977612
0	0.985075
0	0.962687
0	0.970149
0	0.970149
0	0.947761
0	0.940299
0	0.88806
0	0.977612
0	0.985075
0	0.970149
0	0.962687
0	0.947761
0	0.970149
0	0.977612
0	0.962687
0	0.977612
0	0.985075
0	0.985075
0	0.955224
0	0.962687
0	0.947761
0	0.955224
0	0.970149
0	0.962687
0	0.985075
0	0.977612
0	0.977612
0	0.970149
0	0.932836
0	0.977612
0	0.985075
0	0.977612
0	0.962687
0	0.970149
0	0.977612
0	0.940299
0	0.940299
0	0.970149
0	0.985075
0	0.977612
0	0.962687
0	0.977612
0	0.985075
0	0.962687
0	0.985075
0	0.970149
0	0.88806
0	0.970149
0	0.962687
0	0.970149
0	0.970149
0	0.962687
0	0.962687
0	0.962687
0	0.977612
0	0.970149
0	0.977612
0	0.955224
0	0.977612
0	0.962687
0	0.962687
0	0.985075
0	0.985075
0	0.977612
0	0.977612
0	0.955224
0	0.970149
0	0.985075
0	0.940299
0	0.932836
0	0.947761
0	0.977612
0	0.985075
0	0.962687
0	0.940299
0	0.962687
0	0.88806
0	0.985075
0	0.985075
0	0.977612
0	0.955224
0	0.970149
0	0.970149
0	0.955224
0	0.985075
0	0.947761
0	0.977612
0	0.962687
0	0.970149
0	0.970149
0	0.985075
0	0.962687
0	0.955224
0	0.985075
0	0.962687
0	0.955224
0	0.955224
0	0.970149
0	0.955224
0	0.962687
0	0.985075
0	0.970149
0	0.970149
0	0.977612
0	0.985075
0	0.940299
0	0.970149
0	0.962687
0	0.962687
0	0.977612
0	0.985075
0	0.977612
0	0.925373
0	0.962687
0	0.962687
0	0.955224
0	0.955224
0	0.977612
0	0.985075
0	0.955224
0	0.985075
0	0.985075
0	0.977612


