# Persistence diagram <GML/0827.gml>
#
# Dimension   : 0
# Entries     : 306
# Betti number: 1
0	inf
0	0.984733
0	0.969466
0	0.977099
0	0.977099
0	0.984733
0	0.984733
0	0.885496
0	0.969466
0	0.854962
0	0.969466
0	0.977099
0	0.969466
0	0.908397
0	0.977099
0	0.961832
0	0.984733
0	0.961832
0	0.961832
0	0.916031
0	0.969466
0	0.984733
0	0.977099
0	0.969466
0	0.938931
0	0.885496
0	0.916031
0	0.977099
0	0.984733
0	0.931298
0	0.969466
0	0.977099
0	0.977099
0	0.916031
0	0.938931
0	0.977099
0	0.984733
0	0.961832
0	0.931298
0	0.961832
0	0.931298
0	0.969466
0	0.885496
0	0.961832
0	0.961832
0	0.908397
0	0.977099
0	0.984733
0	0.984733
0	0.977099
0	0.977099
0	0.961832
0	0.984733
0	0.908397
0	0.961832
0	0.854962
0	0.977099
0	0.938931
0	0.984733
0	0.908397
0	0.984733
0	0.961832
0	0.916031
0	0.854962
0	0.961832
0	0.954198
0	0.885496
0	0.954198
0	0.969466
0	0.961832
0	0.946565
0	0.977099
0	0.961832
0	0.969466
0	0.984733
0	0.977099
0	0.977099
0	0.954198
0	0.969466
0	0.977099
0	0.885496
0	0.984733
0	0.969466
0	0.969466
0	0.977099
0	0.885496
0	0.984733
0	0.977099
0	0.961832
0	0.961832
0	0.984733
0	0.977099
0	0.854962
0	0.977099
0	0.977099
0	0.984733
0	0.931298
0	0.938931
0	0.931298
0	0.969466
0	0.984733
0	0.961832
0	0.931298
0	0.984733
0	0.969466
0	0.969466
0	0.984733
0	0.969466
0	0.984733
0	0.984733
0	0.984733
0	0.984733
0	0.961832
0	0.931298
0	0.977099
0	0.954198
0	0.946565
0	0.977099
0	0.984733
0	0.977099
0	0.977099
0	0.961832
0	0.977099
0	0.977099
0	0.885496
0	0.984733
0	0.961832
0	0.854962
0	0.969466
0	0.916031
0	0.984733
0	0.977099
0	0.946565
0	0.946565
0	0.961832
0	0.977099
0	0.984733
0	0.977099
0	0.961832
0	0.969466
0	0.961832
0	0.984733
0	0.954198
0	0.961832
0	0.984733
0	0.954198
0	0.984733
0	0.961832
0	0.961832
0	0.961832
0	0.969466
0	0.984733
0	0.969466
0	0.969466
0	0.954198
0	0.984733
0	0.984733
0	0.969466
0	0.961832
0	0.977099
0	0.961832
0	0.977099
0	0.984733
0	0.977099
0	0.954198
0	0.885496
0	0.984733
0	0.946565
0	0.916031
0	0.977099
0	0.984733
0	0.885496
0	0.984733
0	0.969466
0	0.984733
0	0.961832
0	0.969466
0	0.946565
0	0.977099
0	0.908397
0	0.977099
0	0.977099
0	0.931298
0	0.977099
0	0.931298
0	0.885496
0	0.977099
0	0.977099
0	0.984733
0	0.954198
0	0.854962
0	0.969466
0	0.977099
0	0.931298
0	0.969466
0	0.969466
0	0.916031
0	0.938931
0	0.969466
0	0.954198
0	0.916031
0	0.854962
0	0.984733
0	0.984733
0	0.977099
0	0.969466
0	0.984733
0	0.977099
0	0.916031
0	0.977099
0	0.977099
0	0.984733
0	0.946565
0	0.885496
0	0.908397
0	0.908397
0	0.961832
0	0.961832
0	0.961832
0	0.908397
0	0.954198
0	0.984733
0	0.961832
0	0.969466
0	0.984733
0	0.954198
0	0.961832
0	0.984733
0	0.969466
0	0.977099
0	0.961832
0	0.984733
0	0.885496
0	0.938931
0	0.969466
0	0.961832
0	0.977099
0	0.961832
0	0.961832
0	0.908397
0	0.961832
0	0.885496
0	0.931298
0	0.961832
0	0.961832
0	0.854962
0	0.977099
0	0.969466
0	0.954198
0	0.954198
0	0.969466
0	0.984733
0	0.984733
0	0.961832
0	0.969466
0	0.977099
0	0.954198
0	0.908397
0	0.954198
0	0.984733
0	0.977099
0	0.954198
0	0.854962
0	0.961832
0	0.977099
0	0.908397
0	0.885496
0	0.977099
0	0.854962
0	0.984733
0	0.984733
0	0.961832
0	0.977099
0	0.984733
0	0.984733
0	0.916031
0	0.954198
0	0.984733
0	0.961832
0	0.954198
0	0.977099
0	0.931298
0	0.977099
0	0.969466
0	0.946565
0	0.961832
0	0.954198
0	0.984733
0	0.954198
0	0.969466
0	0.854962
0	0.984733
0	0.946565
0	0.984733
0	0.854962
0	0.969466
0	0.954198
0	0.984733
0	0.954198
0	0.977099
0	0.969466
0	0.961832
0	0.938931
0	0.969466
0	0.977099
0	0.961832


