# Persistence diagram <GML/0831.gml>
#
# Dimension   : 0
# Entries     : 123
# Betti number: 1
0	inf
0	0.880282
0	0.964789
0	0.985915
0	0.880282
0	0.950704
0	0.964789
0	0.978873
0	0.985915
0	0.971831
0	0.971831
0	0.978873
0	0.880282
0	0.985915
0	0.880282
0	0.971831
0	0.964789
0	0.950704
0	0.880282
0	0.950704
0	0.964789
0	0.957746
0	0.978873
0	0.978873
0	0.880282
0	0.957746
0	0.978873
0	0.964789
0	0.971831
0	0.93662
0	0.985915
0	0.880282
0	0.985915
0	0.915493
0	0.971831
0	0.943662
0	0.880282
0	0.964789
0	0.950704
0	0.978873
0	0.971831
0	0.957746
0	0.915493
0	0.978873
0	0.978873
0	0.880282
0	0.971831
0	0.915493
0	0.971831
0	0.971831
0	0.964789
0	0.880282
0	0.978873
0	0.985915
0	0.971831
0	0.880282
0	0.971831
0	0.950704
0	0.971831
0	0.957746
0	0.957746
0	0.978873
0	0.971831
0	0.950704
0	0.915493
0	0.978873
0	0.971831
0	0.964789
0	0.943662
0	0.978873
0	0.957746
0	0.957746
0	0.943662
0	0.978873
0	0.978873
0	0.985915
0	0.915493
0	0.880282
0	0.978873
0	0.957746
0	0.915493
0	0.957746
0	0.985915
0	0.93662
0	0.985915
0	0.957746
0	0.978873
0	0.978873
0	0.880282
0	0.950704
0	0.964789
0	0.985915
0	0.93662
0	0.964789
0	0.978873
0	0.978873
0	0.957746
0	0.978873
0	0.915493
0	0.971831
0	0.971831
0	0.985915
0	0.957746
0	0.964789
0	0.880282
0	0.985915
0	0.950704
0	0.915493
0	0.880282
0	0.985915
0	0.978873
0	0.985915
0	0.978873
0	0.978873
0	0.985915
0	0.950704
0	0.978873
0	0.964789
0	0.978873
0	0.971831
0	0.950704
0	0.943662
0	0.964789


