# Persistence diagram <GML/0840.gml>
#
# Dimension   : 1
# Entries     : 44
# Betti number: 44
0.959821	inf
0.959821	inf
0.959821	inf
0.959821	inf
0.964286	inf
0.96875	inf
0.96875	inf
0.96875	inf
0.96875	inf
0.96875	inf
0.96875	inf
0.96875	inf
0.96875	inf
0.96875	inf
0.973214	inf
0.973214	inf
0.973214	inf
0.973214	inf
0.973214	inf
0.973214	inf
0.977679	inf
0.977679	inf
0.977679	inf
0.977679	inf
0.977679	inf
0.977679	inf
0.982143	inf
0.982143	inf
0.982143	inf
0.982143	inf
0.982143	inf
0.982143	inf
0.982143	inf
0.986607	inf
0.986607	inf
0.986607	inf
0.986607	inf
0.986607	inf
0.991071	inf
0.991071	inf
0.991071	inf
0.991071	inf
0.991071	inf
0.991071	inf
