# Persistence diagram <GML/0851.gml>
#
# Dimension   : 0
# Entries     : 263
# Betti number: 2
0	inf
0	0.968254
0	0.928571
0	0.928571
0	0.968254
0	0.968254
0	inf
0	0.928571
0	0.936508
0	0.952381
0	0.984127
0	0.944444
0	0.968254
0	0.960317
0	0.968254
0	0.97619
0	0.97619
0	0.968254
0	0.984127
0	0.936508
0	0.97619
0	0.944444
0	0.944444
0	0.97619
0	0.944444
0	0.984127
0	0.936508
0	0.984127
0	0.97619
0	0.952381
0	0.944444
0	0.97619
0	0.952381
0	0.960317
0	0.984127
0	0.984127
0	0.928571
0	0.960317
0	0.944444
0	0.936508
0	0.968254
0	0.952381
0	0.928571
0	0.960317
0	0.968254
0	0.944444
0	0.928571
0	0.968254
0	0.97619
0	0.97619
0	0.968254
0	0.968254
0	0.97619
0	0.928571
0	0.97619
0	0.984127
0	0.968254
0	0.928571
0	0.952381
0	0.984127
0	0.944444
0	0.984127
0	0.984127
0	0.984127
0	0.952381
0	0.968254
0	0.984127
0	0.984127
0	0.968254
0	0.928571
0	0.944444
0	0.984127
0	0.968254
0	0.928571
0	0.968254
0	0.984127
0	0.968254
0	0.944444
0	0.952381
0	0.97619
0	0.944444
0	0.944444
0	0.928571
0	0.968254
0	0.928571
0	0.984127
0	0.97619
0	0.928571
0	0.984127
0	0.936508
0	0.952381
0	0.97619
0	0.968254
0	0.97619
0	0.960317
0	0.928571
0	0.97619
0	0.920635
0	0.928571
0	0.960317
0	0.984127
0	0.984127
0	0.992063
0	0.936508
0	0.97619
0	0.97619
0	0.984127
0	0.984127
0	0.936508
0	0.984127
0	0.944444
0	0.97619
0	0.928571
0	0.960317
0	0.968254
0	0.97619
0	0.920635
0	0.928571
0	0.968254
0	0.984127
0	0.968254
0	0.944444
0	0.968254
0	0.968254
0	0.968254
0	0.960317
0	0.960317
0	0.928571
0	0.968254
0	0.920635
0	0.984127
0	0.952381
0	0.920635
0	0.97619
0	0.984127
0	0.904762
0	0.952381
0	0.936508
0	0.928571
0	0.968254
0	0.968254
0	0.97619
0	0.944444
0	0.944444
0	0.920635
0	0.928571
0	0.920635
0	0.97619
0	0.97619
0	0.928571
0	0.952381
0	0.944444
0	0.928571
0	0.928571
0	0.960317
0	0.920635
0	0.936508
0	0.936508
0	0.904762
0	0.968254
0	0.952381
0	0.960317
0	0.97619
0	0.928571
0	0.944444
0	0.968254
0	0.936508
0	0.968254
0	0.968254
0	0.97619
0	0.928571
0	0.944444
0	0.968254
0	0.968254
0	0.984127
0	0.904762
0	0.904762
0	0.968254
0	0.936508
0	0.968254
0	0.984127
0	0.936508
0	0.952381
0	0.952381
0	0.984127
0	0.952381
0	0.97619
0	0.968254
0	0.97619
0	0.97619
0	0.97619
0	0.944444
0	0.97619
0	0.904762
0	0.97619
0	0.936508
0	0.984127
0	0.968254
0	0.97619
0	0.984127
0	0.928571
0	0.944444
0	0.960317
0	0.968254
0	0.968254
0	0.97619
0	0.904762
0	0.968254
0	0.984127
0	0.984127
0	0.928571
0	0.968254
0	0.936508
0	0.984127
0	0.968254
0	0.952381
0	0.984127
0	0.960317
0	0.944444
0	0.984127
0	0.97619
0	0.968254
0	0.968254
0	0.97619
0	0.936508
0	0.944444
0	0.928571
0	0.97619
0	0.97619
0	0.944444
0	0.960317
0	0.904762
0	0.97619
0	0.904762
0	0.97619
0	0.944444
0	0.984127
0	0.936508
0	0.936508
0	0.928571
0	0.944444
0	0.97619
0	0.97619
0	0.936508
0	0.944444
0	0.928571
0	0.944444
0	0.968254
0	0.97619
0	0.920635
0	0.952381
0	0.960317
0	0.944444
0	0.952381
0	0.97619
0	0.928571
0	0.984127
0	0.944444
0	0.904762
0	0.952381
0	0.944444
0	0.968254
0	0.952381


