# Persistence diagram <GML/0854.gml>
#
# Dimension   : 0
# Entries     : 361
# Betti number: 3
0	inf
0	0.943396
0	0.962264
0	0.943396
0	0.962264
0	0.886792
0	0.849057
0	0.962264
0	0.792453
0	0.943396
0	0.584906
0	0.584906
0	0.679245
0	0.962264
0	0.849057
0	0.867925
0	0.962264
0	0.584906
0	0.943396
0	0.943396
0	0.943396
0	0.924528
0	0.943396
0	0.886792
0	0.90566
0	0.943396
0	0.962264
0	0.830189
0	0.962264
0	0.962264
0	0.962264
0	0.962264
0	0.962264
0	0.849057
0	0.584906
0	0.830189
0	0.584906
0	0.886792
0	0.962264
0	0.962264
0	0.943396
0	0.849057
0	0.849057
0	0.867925
0	0.962264
0	0.943396
0	0.867925
0	0.679245
0	0.867925
0	0.962264
0	0.943396
0	0.943396
0	0.792453
0	0.943396
0	0.962264
0	0.962264
0	0.886792
0	0.867925
0	0.962264
0	0.924528
0	0.679245
0	0.962264
0	0.962264
0	0.962264
0	0.90566
0	0.962264
0	0.924528
0	0.962264
0	0.943396
0	0.90566
0	0.830189
0	0.830189
0	0.867925
0	0.679245
0	0.943396
0	0.962264
0	0.867925
0	0.962264
0	0.962264
0	0.792453
0	0.924528
0	0.830189
0	0.830189
0	0.867925
0	0.943396
0	0.943396
0	0.90566
0	inf
0	0.943396
0	0.830189
0	0.924528
0	0.867925
0	0.943396
0	0.962264
0	0.962264
0	0.962264
0	0.943396
0	0.943396
0	0.90566
0	0.943396
0	0.924528
0	0.924528
0	0.584906
0	0.924528
0	0.943396
0	0.849057
0	0.962264
0	0.943396
0	0.943396
0	0.943396
0	0.943396
0	0.924528
0	0.962264
0	0.962264
0	0.830189
0	0.90566
0	0.90566
0	0.962264
0	0.962264
0	0.867925
0	0.90566
0	0.830189
0	0.943396
0	0.830189
0	0.811321
0	0.962264
0	0.867925
0	0.943396
0	0.867925
0	0.886792
0	0.943396
0	0.867925
0	0.962264
0	0.830189
0	0.962264
0	0.924528
0	0.849057
0	0.924528
0	0.811321
0	0.90566
0	0.962264
0	0.962264
0	0.830189
0	0.943396
0	0.962264
0	0.830189
0	0.962264
0	0.943396
0	inf
0	0.924528
0	0.867925
0	0.867925
0	0.792453
0	0.584906
0	0.943396
0	0.886792
0	0.830189
0	0.584906
0	0.867925
0	0.867925
0	0.849057
0	0.830189
0	0.943396
0	0.924528
0	0.811321
0	0.886792
0	0.943396
0	0.962264
0	0.867925
0	0.90566
0	0.943396
0	0.830189
0	0.886792
0	0.792453
0	0.584906
0	0.943396
0	0.849057
0	0.943396
0	0.924528
0	0.867925
0	0.962264
0	0.792453
0	0.924528
0	0.867925
0	0.584906
0	0.962264
0	0.962264
0	0.584906
0	0.943396
0	0.924528
0	0.924528
0	0.924528
0	0.924528
0	0.924528
0	0.924528
0	0.924528
0	0.830189
0	0.962264
0	0.924528
0	0.943396
0	0.962264
0	0.943396
0	0.924528
0	0.981132
0	0.584906
0	0.962264
0	0.924528
0	0.886792
0	0.962264
0	0.867925
0	0.962264
0	0.962264
0	0.584906
0	0.886792
0	0.924528
0	0.924528
0	0.962264
0	0.924528
0	0.792453
0	0.943396
0	0.962264
0	0.962264
0	0.679245
0	0.962264
0	0.886792
0	0.943396
0	0.943396
0	0.886792
0	0.90566
0	0.962264
0	0.924528
0	0.962264
0	0.962264
0	0.830189
0	0.962264
0	0.924528
0	0.943396
0	0.679245
0	0.584906
0	0.886792
0	0.924528
0	0.679245
0	0.867925
0	0.943396
0	0.811321
0	0.962264
0	0.943396
0	0.943396
0	0.962264
0	0.886792
0	0.584906
0	0.962264
0	0.924528
0	0.849057
0	0.830189
0	0.679245
0	0.943396
0	0.584906
0	0.943396
0	0.924528
0	0.962264
0	0.90566
0	0.584906
0	0.962264
0	0.962264
0	0.924528
0	0.584906
0	0.943396
0	0.962264
0	0.90566
0	0.943396
0	0.90566
0	0.962264
0	0.584906
0	0.679245
0	0.811321
0	0.943396
0	0.792453
0	0.90566
0	0.811321
0	0.867925
0	0.962264
0	0.90566
0	0.943396
0	0.90566
0	0.962264
0	0.679245
0	0.584906
0	0.962264
0	0.943396
0	0.943396
0	0.924528
0	0.849057
0	0.943396
0	0.962264
0	0.867925
0	0.886792
0	0.924528
0	0.867925
0	0.962264
0	0.924528
0	0.943396
0	0.943396
0	0.962264
0	0.943396
0	0.679245
0	0.886792
0	0.886792
0	0.584906
0	0.924528
0	0.943396
0	0.943396
0	0.679245
0	0.943396
0	0.792453
0	0.849057
0	0.962264
0	0.943396
0	0.943396
0	0.962264
0	0.867925
0	0.962264
0	0.924528
0	0.943396
0	0.943396
0	0.679245
0	0.90566
0	0.943396
0	0.943396
0	0.679245
0	0.811321
0	0.830189
0	0.943396
0	0.962264
0	0.962264
0	0.962264
0	0.962264
0	0.792453
0	0.962264
0	0.924528
0	0.830189
0	0.943396
0	0.886792
0	0.811321
0	0.943396
0	0.830189
0	0.943396
0	0.924528
0	0.943396
0	0.943396
0	0.962264
0	0.924528
0	0.924528
0	0.811321
0	0.962264
0	0.849057
0	0.886792
0	0.943396
0	0.962264
0	0.962264
0	0.962264


