# Persistence diagram <GML/0855.gml>
#
# Dimension   : 0
# Entries     : 280
# Betti number: 1
0	inf
0	0.982609
0	0.965217
0	0.973913
0	0.965217
0	0.965217
0	0.956522
0	0.973913
0	0.973913
0	0.930435
0	0.904348
0	0.913043
0	0.965217
0	0.921739
0	0.965217
0	0.956522
0	0.973913
0	0.921739
0	0.913043
0	0.965217
0	0.930435
0	0.973913
0	0.973913
0	0.982609
0	0.982609
0	0.930435
0	0.973913
0	0.956522
0	0.930435
0	0.930435
0	0.930435
0	0.982609
0	0.904348
0	0.947826
0	0.930435
0	0.904348
0	0.982609
0	0.921739
0	0.904348
0	0.982609
0	0.982609
0	0.956522
0	0.921739
0	0.904348
0	0.913043
0	0.965217
0	0.982609
0	0.965217
0	0.930435
0	0.921739
0	0.973913
0	0.965217
0	0.930435
0	0.956522
0	0.913043
0	0.947826
0	0.956522
0	0.982609
0	0.930435
0	0.956522
0	0.956522
0	0.956522
0	0.930435
0	0.904348
0	0.973913
0	0.965217
0	0.973913
0	0.904348
0	0.904348
0	0.973913
0	0.904348
0	0.965217
0	0.930435
0	0.930435
0	0.982609
0	0.965217
0	0.947826
0	0.956522
0	0.904348
0	0.921739
0	0.930435
0	0.921739
0	0.913043
0	0.921739
0	0.913043
0	0.904348
0	0.982609
0	0.973913
0	0.930435
0	0.947826
0	0.956522
0	0.965217
0	0.982609
0	0.956522
0	0.956522
0	0.965217
0	0.982609
0	0.947826
0	0.973913
0	0.904348
0	0.973913
0	0.956522
0	0.947826
0	0.930435
0	0.930435
0	0.956522
0	0.956522
0	0.947826
0	0.930435
0	0.965217
0	0.956522
0	0.913043
0	0.904348
0	0.965217
0	0.930435
0	0.913043
0	0.956522
0	0.973913
0	0.913043
0	0.930435
0	0.930435
0	0.956522
0	0.982609
0	0.982609
0	0.973913
0	0.965217
0	0.921739
0	0.956522
0	0.973913
0	0.965217
0	0.921739
0	0.913043
0	0.913043
0	0.956522
0	0.956522
0	0.982609
0	0.982609
0	0.93913
0	0.93913
0	0.982609
0	0.947826
0	0.930435
0	0.956522
0	0.913043
0	0.947826
0	0.965217
0	0.973913
0	0.956522
0	0.965217
0	0.93913
0	0.904348
0	0.973913
0	0.982609
0	0.904348
0	0.982609
0	0.930435
0	0.956522
0	0.947826
0	0.965217
0	0.947826
0	0.965217
0	0.947826
0	0.956522
0	0.930435
0	0.973913
0	0.947826
0	0.930435
0	0.947826
0	0.965217
0	0.965217
0	0.982609
0	0.965217
0	0.982609
0	0.982609
0	0.956522
0	0.93913
0	0.973913
0	0.913043
0	0.947826
0	0.973913
0	0.956522
0	0.982609
0	0.965217
0	0.93913
0	0.973913
0	0.930435
0	0.930435
0	0.921739
0	0.982609
0	0.956522
0	0.93913
0	0.913043
0	0.921739
0	0.982609
0	0.965217
0	0.982609
0	0.904348
0	0.973913
0	0.93913
0	0.930435
0	0.973913
0	0.973913
0	0.982609
0	0.930435
0	0.904348
0	0.982609
0	0.973913
0	0.965217
0	0.973913
0	0.956522
0	0.982609
0	0.947826
0	0.913043
0	0.982609
0	0.965217
0	0.965217
0	0.947826
0	0.982609
0	0.973913
0	0.982609
0	0.982609
0	0.947826
0	0.956522
0	0.921739
0	0.956522
0	0.956522
0	0.956522
0	0.913043
0	0.904348
0	0.913043
0	0.930435
0	0.930435
0	0.973913
0	0.973913
0	0.965217
0	0.947826
0	0.913043
0	0.956522
0	0.947826
0	0.965217
0	0.973913
0	0.965217
0	0.965217
0	0.930435
0	0.965217
0	0.921739
0	0.973913
0	0.93913
0	0.956522
0	0.921739
0	0.965217
0	0.973913
0	0.913043
0	0.965217
0	0.973913
0	0.973913
0	0.973913
0	0.956522
0	0.930435
0	0.930435
0	0.973913
0	0.947826
0	0.921739
0	0.965217
0	0.904348
0	0.930435
0	0.913043
0	0.965217
0	0.930435
0	0.956522
0	0.93913
0	0.982609
0	0.913043
0	0.930435
0	0.973913
0	0.947826
0	0.956522
0	0.930435
0	0.930435
0	0.982609


