# Persistence diagram <GML/0858.gml>
#
# Dimension   : 1
# Entries     : 35
# Betti number: 35
0.962617	inf
0.962617	inf
0.971963	inf
0.971963	inf
0.976636	inf
0.976636	inf
0.976636	inf
0.976636	inf
0.976636	inf
0.976636	inf
0.976636	inf
0.981308	inf
0.981308	inf
0.981308	inf
0.981308	inf
0.981308	inf
0.981308	inf
0.981308	inf
0.985981	inf
0.985981	inf
0.985981	inf
0.985981	inf
0.985981	inf
0.985981	inf
0.985981	inf
0.985981	inf
0.985981	inf
0.985981	inf
0.985981	inf
0.990654	inf
0.990654	inf
0.990654	inf
0.990654	inf
0.990654	inf
0.990654	inf
