# Persistence diagram <GML/0863.gml>
#
# Dimension   : 0
# Entries     : 106
# Betti number: 2
0	inf
0	0.9375
0	0.9375
0	0.975
0	0.925
0	0.925
0	0.925
0	0.95
0	0.9625
0	0.925
0	inf
0	0.925
0	0.9375
0	0.975
0	0.925
0	0.9625
0	0.9375
0	0.8625
0	0.925
0	0.975
0	0.975
0	0.975
0	0.95
0	0.95
0	0.9375
0	0.95
0	0.8625
0	0.9625
0	0.9375
0	0.9375
0	0.9375
0	0.9375
0	0.9625
0	0.85
0	0.925
0	0.975
0	0.95
0	0.85
0	0.9875
0	0.8625
0	0.85
0	0.975
0	0.9375
0	0.8625
0	0.95
0	0.925
0	0.975
0	0.9625
0	0.8625
0	0.925
0	0.975
0	0.9625
0	0.9625
0	0.975
0	0.8625
0	0.975
0	0.95
0	0.85
0	0.9625
0	0.95
0	0.9375
0	0.9625
0	0.975
0	0.925
0	0.925
0	0.8625
0	0.975
0	0.9625
0	0.9375
0	0.975
0	0.975
0	0.9625
0	0.85
0	0.975
0	0.9375
0	0.925
0	0.975
0	0.975
0	0.9625
0	0.975
0	0.85
0	0.925
0	0.8625
0	0.9375
0	0.9375
0	0.975
0	0.975
0	0.925
0	0.9625
0	0.95
0	0.85
0	0.9375
0	0.925
0	0.975
0	0.925
0	0.95
0	0.975
0	0.8625
0	0.85
0	0.95
0	0.9625
0	0.9375
0	0.85
0	0.9375
0	0.8625
0	0.925


