# Persistence diagram <GML/0870.gml>
#
# Dimension   : 0
# Entries     : 228
# Betti number: 1
0	inf
0	0.978142
0	0.978142
0	0.967213
0	0.983607
0	0.989071
0	0.978142
0	0.956284
0	0.983607
0	0.983607
0	0.978142
0	0.95082
0	0.885246
0	0.978142
0	0.972678
0	0.989071
0	0.972678
0	0.928962
0	0.923497
0	0.89071
0	0.989071
0	0.928962
0	0.956284
0	0.885246
0	0.989071
0	0.972678
0	0.945355
0	0.989071
0	0.978142
0	0.956284
0	0.885246
0	0.972678
0	0.885246
0	0.961749
0	0.956284
0	0.945355
0	0.95082
0	0.989071
0	0.923497
0	0.989071
0	0.95082
0	0.989071
0	0.956284
0	0.983607
0	0.972678
0	0.928962
0	0.885246
0	0.989071
0	0.934426
0	0.961749
0	0.983607
0	0.961749
0	0.885246
0	0.978142
0	0.983607
0	0.967213
0	0.989071
0	0.928962
0	0.928962
0	0.95082
0	0.934426
0	0.923497
0	0.978142
0	0.989071
0	0.972678
0	0.989071
0	0.961749
0	0.885246
0	0.95082
0	0.989071
0	0.983607
0	0.978142
0	0.89071
0	0.945355
0	0.934426
0	0.978142
0	0.989071
0	0.928962
0	0.934426
0	0.983607
0	0.989071
0	0.95082
0	0.95082
0	0.983607
0	0.983607
0	0.885246
0	0.972678
0	0.934426
0	0.95082
0	0.956284
0	0.989071
0	0.89071
0	0.967213
0	0.95082
0	0.945355
0	0.928962
0	0.95082
0	0.978142
0	0.956284
0	0.983607
0	0.983607
0	0.945355
0	0.945355
0	0.934426
0	0.934426
0	0.956284
0	0.934426
0	0.934426
0	0.945355
0	0.972678
0	0.972678
0	0.956284
0	0.934426
0	0.967213
0	0.923497
0	0.978142
0	0.934426
0	0.989071
0	0.89071
0	0.989071
0	0.983607
0	0.983607
0	0.983607
0	0.989071
0	0.978142
0	0.934426
0	0.956284
0	0.989071
0	0.89071
0	0.885246
0	0.934426
0	0.95082
0	0.978142
0	0.928962
0	0.923497
0	0.928962
0	0.983607
0	0.961749
0	0.945355
0	0.989071
0	0.89071
0	0.923497
0	0.983607
0	0.885246
0	0.989071
0	0.956284
0	0.961749
0	0.95082
0	0.983607
0	0.989071
0	0.928962
0	0.956284
0	0.989071
0	0.978142
0	0.95082
0	0.89071
0	0.95082
0	0.989071
0	0.89071
0	0.967213
0	0.945355
0	0.972678
0	0.978142
0	0.978142
0	0.978142
0	0.961749
0	0.945355
0	0.983607
0	0.978142
0	0.978142
0	0.934426
0	0.885246
0	0.885246
0	0.934426
0	0.978142
0	0.934426
0	0.945355
0	0.934426
0	0.972678
0	0.934426
0	0.978142
0	0.923497
0	0.967213
0	0.978142
0	0.989071
0	0.956284
0	0.95082
0	0.972678
0	0.945355
0	0.967213
0	0.956284
0	0.956284
0	0.978142
0	0.945355
0	0.928962
0	0.956284
0	0.923497
0	0.983607
0	0.885246
0	0.967213
0	0.885246
0	0.923497
0	0.885246
0	0.945355
0	0.89071
0	0.967213
0	0.934426
0	0.885246
0	0.885246
0	0.934426
0	0.983607
0	0.885246
0	0.978142
0	0.989071
0	0.95082
0	0.967213
0	0.978142
0	0.983607
0	0.89071
0	0.978142
0	0.885246
0	0.923497
0	0.95082
0	0.95082
0	0.972678
0	0.978142
0	0.978142
0	0.978142


