# Persistence diagram <GML/0872.gml>
#
# Dimension   : 1
# Entries     : 50
# Betti number: 50
0.913043	inf
0.934783	inf
0.949275	inf
0.956522	inf
0.956522	inf
0.956522	inf
0.956522	inf
0.956522	inf
0.956522	inf
0.956522	inf
0.956522	inf
0.963768	inf
0.963768	inf
0.963768	inf
0.963768	inf
0.971014	inf
0.971014	inf
0.971014	inf
0.971014	inf
0.971014	inf
0.971014	inf
0.971014	inf
0.971014	inf
0.971014	inf
0.971014	inf
0.971014	inf
0.978261	inf
0.978261	inf
0.978261	inf
0.978261	inf
0.978261	inf
0.978261	inf
0.978261	inf
0.978261	inf
0.978261	inf
0.978261	inf
0.978261	inf
0.978261	inf
0.978261	inf
0.978261	inf
0.985507	inf
0.985507	inf
0.985507	inf
0.985507	inf
0.985507	inf
0.985507	inf
0.985507	inf
0.985507	inf
0.985507	inf
0.985507	inf
