# Persistence diagram <GML/0876.gml>
#
# Dimension   : 1
# Entries     : 74
# Betti number: 74
0.862385	inf
0.862385	inf
0.862385	inf
0.93578	inf
0.93578	inf
0.93578	inf
0.93578	inf
0.93578	inf
0.93578	inf
0.93578	inf
0.93578	inf
0.944954	inf
0.944954	inf
0.944954	inf
0.944954	inf
0.944954	inf
0.944954	inf
0.944954	inf
0.944954	inf
0.954128	inf
0.954128	inf
0.954128	inf
0.954128	inf
0.954128	inf
0.954128	inf
0.954128	inf
0.954128	inf
0.954128	inf
0.954128	inf
0.954128	inf
0.954128	inf
0.954128	inf
0.954128	inf
0.954128	inf
0.954128	inf
0.954128	inf
0.954128	inf
0.954128	inf
0.954128	inf
0.954128	inf
0.954128	inf
0.963303	inf
0.963303	inf
0.963303	inf
0.963303	inf
0.963303	inf
0.963303	inf
0.963303	inf
0.963303	inf
0.963303	inf
0.963303	inf
0.963303	inf
0.963303	inf
0.963303	inf
0.963303	inf
0.963303	inf
0.963303	inf
0.963303	inf
0.963303	inf
0.963303	inf
0.963303	inf
0.972477	inf
0.972477	inf
0.972477	inf
0.972477	inf
0.972477	inf
0.972477	inf
0.972477	inf
0.972477	inf
0.972477	inf
0.972477	inf
0.981651	inf
0.981651	inf
0.981651	inf
