# Persistence diagram <GML/0878.gml>
#
# Dimension   : 1
# Entries     : 44
# Betti number: 44
0.951456	inf
0.961165	inf
0.961165	inf
0.961165	inf
0.961165	inf
0.966019	inf
0.966019	inf
0.966019	inf
0.966019	inf
0.966019	inf
0.966019	inf
0.970874	inf
0.970874	inf
0.970874	inf
0.970874	inf
0.970874	inf
0.975728	inf
0.975728	inf
0.975728	inf
0.975728	inf
0.975728	inf
0.975728	inf
0.975728	inf
0.980583	inf
0.980583	inf
0.980583	inf
0.980583	inf
0.980583	inf
0.980583	inf
0.980583	inf
0.980583	inf
0.980583	inf
0.980583	inf
0.980583	inf
0.985437	inf
0.985437	inf
0.985437	inf
0.985437	inf
0.990291	inf
0.990291	inf
0.990291	inf
0.990291	inf
0.990291	inf
0.990291	inf
