# Persistence diagram <GML/0888.gml>
#
# Dimension   : 1
# Entries     : 39
# Betti number: 36
0.451923	inf
0.451923	inf
0.451923	inf
0.451923	inf
0.451923	inf
0.451923	inf
0.451923	inf
0.451923	inf
0.451923	inf
0.451923	inf
0.451923	inf
0.451923	inf
0.451923	inf
0.451923	inf
0.451923	inf
0.451923	0.951923
0.451923	inf
0.451923	inf
0.451923	inf
0.451923	inf
0.451923	inf
0.451923	inf
0.451923	inf
0.451923	inf
0.451923	0.923077
0.451923	inf
0.451923	inf
0.451923	inf
0.451923	inf
0.451923	inf
0.451923	inf
0.451923	inf
0.451923	0.913462
0.451923	inf
0.451923	inf
0.451923	inf
0.913462	inf
0.961538	inf
0.980769	inf
