# Persistence diagram <GML/0892.gml>
#
# Dimension   : 0
# Entries     : 295
# Betti number: 2
0	inf
0	0.77027
0	0.918919
0	0.878378
0	0.891892
0	0.77027
0	0.851351
0	0.878378
0	0.972973
0	0.972973
0	0.797297
0	0.878378
0	0.864865
0	0.905405
0	0.891892
0	0.810811
0	0.959459
0	0.675676
0	0.972973
0	0.797297
0	0.851351
0	0.905405
0	0.959459
0	0.878378
0	0.945946
0	0.918919
0	0.972973
0	0.905405
0	0.972973
0	0.972973
0	0.945946
0	0.918919
0	0.918919
0	0.851351
0	0.837838
0	0.945946
0	0.837838
0	0.851351
0	0.878378
0	0.945946
0	0.905405
0	0.945946
0	0.972973
0	0.972973
0	0.878378
0	0.878378
0	0.878378
0	0.864865
0	0.932432
0	0.932432
0	0.972973
0	0.77027
0	0.918919
0	0.959459
0	0.972973
0	0.797297
0	0.945946
0	0.851351
0	0.932432
0	0.959459
0	0.864865
0	0.837838
0	0.837838
0	0.945946
0	0.77027
0	0.675676
0	0.878378
0	0.905405
0	0.77027
0	0.959459
0	0.851351
0	0.905405
0	0.959459
0	0.972973
0	0.972973
0	0.864865
0	0.810811
0	0.945946
0	0.959459
0	0.905405
0	0.918919
0	0.905405
0	0.918919
0	0.905405
0	0.959459
0	0.959459
0	0.905405
0	0.878378
0	0.837838
0	0.878378
0	0.932432
0	0.918919
0	0.972973
0	0.810811
0	0.959459
0	0.918919
0	0.851351
0	0.918919
0	0.810811
0	0.932432
0	0.918919
0	0.972973
0	0.878378
0	0.932432
0	0.932432
0	0.878378
0	0.864865
0	0.932432
0	0.918919
0	0.945946
0	0.932432
0	0.972973
0	0.810811
0	0.972973
0	inf
0	0.797297
0	0.851351
0	0.77027
0	0.918919
0	0.891892
0	0.810811
0	0.851351
0	0.972973
0	0.878378
0	0.878378
0	0.864865
0	0.932432
0	0.918919
0	0.918919
0	0.945946
0	0.878378
0	0.905405
0	0.905405
0	0.891892
0	0.945946
0	0.905405
0	0.810811
0	0.972973
0	0.797297
0	0.891892
0	0.959459
0	0.878378
0	0.959459
0	0.972973
0	0.932432
0	0.797297
0	0.972973
0	0.878378
0	0.945946
0	0.972973
0	0.810811
0	0.77027
0	0.959459
0	0.878378
0	0.972973
0	0.972973
0	0.918919
0	0.918919
0	0.851351
0	0.972973
0	0.959459
0	0.851351
0	0.810811
0	0.932432
0	0.945946
0	0.797297
0	0.878378
0	0.675676
0	0.972973
0	0.918919
0	0.945946
0	0.932432
0	0.878378
0	0.932432
0	0.77027
0	0.918919
0	0.878378
0	0.918919
0	0.905405
0	0.878378
0	0.878378
0	0.932432
0	0.945946
0	0.959459
0	0.77027
0	0.837838
0	0.878378
0	0.972973
0	0.986486
0	0.851351
0	0.891892
0	0.959459
0	0.932432
0	0.878378
0	0.878378
0	0.837838
0	0.945946
0	0.972973
0	0.675676
0	0.932432
0	0.972973
0	0.972973
0	0.945946
0	0.851351
0	0.837838
0	0.972973
0	0.918919
0	0.797297
0	0.77027
0	0.932432
0	0.972973
0	0.972973
0	0.77027
0	0.864865
0	0.837838
0	0.810811
0	0.797297
0	0.918919
0	0.878378
0	0.851351
0	0.972973
0	0.959459
0	0.972973
0	0.959459
0	0.932432
0	0.959459
0	0.972973
0	0.851351
0	0.945946
0	0.932432
0	0.972973
0	0.932432
0	0.905405
0	0.905405
0	0.797297
0	0.905405
0	0.972973
0	0.959459
0	0.959459
0	0.851351
0	0.810811
0	0.972973
0	0.905405
0	0.891892
0	0.972973
0	0.972973
0	0.77027
0	0.77027
0	0.891892
0	0.959459
0	0.905405
0	0.945946
0	0.837838
0	0.945946
0	0.797297
0	0.959459
0	0.878378
0	0.905405
0	0.864865
0	0.77027
0	0.959459
0	0.878378
0	0.891892
0	0.959459
0	0.905405
0	0.972973
0	0.891892
0	0.918919
0	0.905405
0	0.891892
0	0.932432
0	0.905405
0	0.905405
0	0.878378
0	0.972973
0	0.932432
0	0.959459
0	0.918919
0	0.945946
0	0.972973
0	0.878378
0	0.959459
0	0.905405
0	0.932432
0	0.945946
0	0.945946
0	0.797297
0	0.891892
0	0.959459
0	0.959459
0	0.905405
0	0.797297
0	0.945946
0	0.891892
0	0.905405


