# Persistence diagram <GML/0896.gml>
#
# Dimension   : 1
# Entries     : 64
# Betti number: 63
0.873563	inf
0.873563	inf
0.873563	inf
0.873563	inf
0.873563	0.908046
0.873563	inf
0.873563	inf
0.873563	inf
0.885057	inf
0.885057	inf
0.885057	inf
0.885057	inf
0.908046	inf
0.908046	inf
0.91954	inf
0.91954	inf
0.91954	inf
0.91954	inf
0.91954	inf
0.91954	inf
0.91954	inf
0.931034	inf
0.931034	inf
0.931034	inf
0.931034	inf
0.931034	inf
0.942529	inf
0.942529	inf
0.942529	inf
0.942529	inf
0.942529	inf
0.942529	inf
0.942529	inf
0.942529	inf
0.942529	inf
0.942529	inf
0.954023	inf
0.954023	inf
0.954023	inf
0.954023	inf
0.954023	inf
0.954023	inf
0.954023	inf
0.954023	inf
0.965517	inf
0.965517	inf
0.965517	inf
0.965517	inf
0.965517	inf
0.965517	inf
0.965517	inf
0.965517	inf
0.965517	inf
0.965517	inf
0.965517	inf
0.965517	inf
0.965517	inf
0.965517	inf
0.965517	inf
0.965517	inf
0.965517	inf
0.965517	inf
0.965517	inf
0.977011	inf
