# Persistence diagram <GML/0898.gml>
#
# Dimension   : 0
# Entries     : 304
# Betti number: 5
0	inf
0	0.985714
0	0.964286
0	0.978571
0	0.978571
0	0.985714
0	0.95
0	0.928571
0	0.978571
0	0.964286
0	0.978571
0	0.928571
0	0.978571
0	0.978571
0	0.985714
0	0.957143
0	0.985714
0	inf
0	0.978571
0	0.978571
0	inf
0	0.964286
0	0.978571
0	0.985714
0	0.971429
0	0.95
0	0.921429
0	0.985714
0	0.978571
0	0.935714
0	0.928571
0	0.971429
0	0.964286
0	0.971429
0	inf
0	0.928571
0	0.971429
0	0.978571
0	0.978571
0	0.957143
0	0.971429
0	0.95
0	0.971429
0	0.928571
0	0.978571
0	0.928571
0	0.928571
0	0.928571
0	0.978571
0	0.95
0	0.957143
0	0.985714
0	0.985714
0	0.978571
0	0.95
0	inf
0	0.985714
0	0.921429
0	0.971429
0	0.985714
0	0.964286
0	0.957143
0	0.978571
0	0.957143
0	0.985714
0	0.971429
0	0.985714
0	0.985714
0	0.935714
0	0.971429
0	0.985714
0	0.978571
0	0.985714
0	0.985714
0	0.978571
0	0.978571
0	0.978571
0	0.978571
0	0.971429
0	0.928571
0	0.985714
0	0.978571
0	0.992857
0	0.921429
0	0.964286
0	0.971429
0	0.978571
0	0.957143
0	0.935714
0	0.985714
0	0.978571
0	0.978571
0	0.985714
0	0.928571
0	0.928571
0	0.978571
0	0.964286
0	0.985714
0	0.978571
0	0.957143
0	0.928571
0	0.985714
0	0.964286
0	0.978571
0	0.971429
0	0.978571
0	0.985714
0	0.978571
0	0.971429
0	0.928571
0	0.985714
0	0.978571
0	0.971429
0	0.964286
0	0.985714
0	0.978571
0	0.957143
0	0.985714
0	0.971429
0	0.985714
0	0.928571
0	0.928571
0	0.928571
0	0.971429
0	0.928571
0	0.978571
0	0.971429
0	0.985714
0	0.964286
0	0.971429
0	0.964286
0	0.935714
0	0.985714
0	0.95
0	0.985714
0	0.971429
0	0.971429
0	0.935714
0	0.964286
0	0.935714
0	0.921429
0	0.928571
0	0.928571
0	0.985714
0	0.985714
0	0.921429
0	0.935714
0	0.964286
0	0.971429
0	0.971429
0	0.985714
0	0.978571
0	0.935714
0	0.985714
0	0.935714
0	0.95
0	0.971429
0	0.971429
0	0.928571
0	0.928571
0	0.978571
0	0.971429
0	0.971429
0	0.957143
0	0.928571
0	0.957143
0	0.985714
0	0.985714
0	0.971429
0	0.978571
0	0.985714
0	0.957143
0	0.95
0	0.935714
0	0.978571
0	0.985714
0	0.95
0	0.978571
0	0.985714
0	0.978571
0	0.971429
0	0.935714
0	0.985714
0	0.978571
0	0.928571
0	0.985714
0	0.985714
0	0.978571
0	0.964286
0	0.928571
0	0.978571
0	0.985714
0	0.978571
0	0.935714
0	0.985714
0	0.978571
0	0.985714
0	0.971429
0	0.985714
0	0.964286
0	0.971429
0	0.964286
0	0.971429
0	0.985714
0	0.935714
0	0.978571
0	0.985714
0	0.978571
0	0.985714
0	0.928571
0	0.964286
0	0.978571
0	0.985714
0	0.985714
0	0.985714
0	0.978571
0	0.978571
0	0.985714
0	0.928571
0	0.957143
0	0.928571
0	0.978571
0	0.985714
0	0.921429
0	0.971429
0	0.964286
0	0.971429
0	0.971429
0	0.985714
0	0.964286
0	0.971429
0	0.971429
0	0.928571
0	0.978571
0	0.971429
0	0.971429
0	0.978571
0	0.978571
0	0.971429
0	0.978571
0	0.921429
0	0.95
0	0.957143
0	0.964286
0	0.971429
0	0.928571
0	0.978571
0	0.964286
0	0.978571
0	0.985714
0	0.971429
0	0.985714
0	0.964286
0	0.921429
0	0.978571
0	0.978571
0	0.985714
0	0.978571
0	0.928571
0	0.928571
0	0.935714
0	0.978571
0	0.985714
0	0.964286
0	0.928571
0	0.928571
0	0.978571
0	0.978571
0	0.921429
0	0.985714
0	0.978571
0	0.985714
0	0.971429
0	0.985714
0	0.964286
0	0.978571
0	0.985714
0	0.921429
0	0.971429
0	0.957143
0	0.978571
0	0.964286
0	0.935714
0	0.928571
0	0.95
0	0.978571
0	0.964286
0	0.964286
0	0.964286
0	0.964286
0	0.978571
0	0.985714
0	0.985714
0	0.957143
0	0.95
0	0.978571
0	0.985714
0	0.957143
0	0.978571
0	0.928571
0	0.978571
0	0.957143
0	0.985714
0	0.928571


