# Persistence diagram <GML/0899.gml>
#
# Dimension   : 1
# Entries     : 43
# Betti number: 43
0.946154	inf
0.946154	inf
0.953846	inf
0.953846	inf
0.961538	inf
0.961538	inf
0.961538	inf
0.961538	inf
0.961538	inf
0.961538	inf
0.961538	inf
0.961538	inf
0.961538	inf
0.961538	inf
0.961538	inf
0.969231	inf
0.969231	inf
0.969231	inf
0.969231	inf
0.969231	inf
0.969231	inf
0.969231	inf
0.969231	inf
0.969231	inf
0.976923	inf
0.976923	inf
0.976923	inf
0.976923	inf
0.976923	inf
0.976923	inf
0.976923	inf
0.976923	inf
0.976923	inf
0.976923	inf
0.984615	inf
0.984615	inf
0.984615	inf
0.984615	inf
0.984615	inf
0.984615	inf
0.984615	inf
0.984615	inf
0.984615	inf
