# Persistence diagram <GML/0900.gml>
#
# Dimension   : 0
# Entries     : 106
# Betti number: 1
0	inf
0	0.985119
0	0.991071
0	0.991071
0	0.982143
0	0.982143
0	0.985119
0	0.994048
0	0.982143
0	0.988095
0	0.985119
0	0.982143
0	0.994048
0	0.982143
0	0.994048
0	0.982143
0	0.991071
0	0.979167
0	0.982143
0	0.979167
0	0.991071
0	0.994048
0	0.991071
0	0.982143
0	0.982143
0	0.979167
0	0.991071
0	0.982143
0	0.979167
0	0.991071
0	0.994048
0	0.994048
0	0.988095
0	0.982143
0	0.982143
0	0.994048
0	0.985119
0	0.991071
0	0.988095
0	0.982143
0	0.979167
0	0.988095
0	0.994048
0	0.994048
0	0.991071
0	0.988095
0	0.991071
0	0.982143
0	0.982143
0	0.985119
0	0.994048
0	0.979167
0	0.991071
0	0.994048
0	0.988095
0	0.994048
0	0.979167
0	0.991071
0	0.994048
0	0.988095
0	0.979167
0	0.994048
0	0.994048
0	0.979167
0	0.994048
0	0.988095
0	0.988095
0	0.994048
0	0.991071
0	0.982143
0	0.988095
0	0.994048
0	0.982143
0	0.988095
0	0.982143
0	0.991071
0	0.988095
0	0.994048
0	0.994048
0	0.991071
0	0.979167
0	0.988095
0	0.982143
0	0.991071
0	0.991071
0	0.991071
0	0.979167
0	0.988095
0	0.991071
0	0.985119
0	0.994048
0	0.982143
0	0.991071
0	0.991071
0	0.994048
0	0.982143
0	0.985119
0	0.979167
0	0.988095
0	0.982143
0	0.994048
0	0.988095
0	0.988095
0	0.994048
0	0.994048
0	0.985119


