# Persistence diagram <GML/0901.gml>
#
# Dimension   : 1
# Entries     : 35
# Betti number: 35
0.948718	inf
0.948718	inf
0.958974	inf
0.964103	inf
0.969231	inf
0.969231	inf
0.969231	inf
0.969231	inf
0.969231	inf
0.969231	inf
0.969231	inf
0.969231	inf
0.969231	inf
0.974359	inf
0.974359	inf
0.974359	inf
0.979487	inf
0.979487	inf
0.979487	inf
0.979487	inf
0.979487	inf
0.979487	inf
0.979487	inf
0.984615	inf
0.984615	inf
0.984615	inf
0.984615	inf
0.984615	inf
0.984615	inf
0.984615	inf
0.984615	inf
0.984615	inf
0.989744	inf
0.989744	inf
0.989744	inf
