# Persistence diagram <GML/0903.gml>
#
# Dimension   : 0
# Entries     : 159
# Betti number: 1
0	inf
0	0.974468
0	0.970213
0	0.965957
0	0.974468
0	0.970213
0	0.991489
0	0.965957
0	0.965957
0	0.944681
0	0.914894
0	0.974468
0	0.978723
0	0.914894
0	0.965957
0	0.987234
0	0.987234
0	0.974468
0	0.982979
0	0.974468
0	0.978723
0	0.991489
0	0.987234
0	0.974468
0	0.974468
0	0.982979
0	0.987234
0	0.944681
0	0.978723
0	0.987234
0	0.991489
0	0.974468
0	0.991489
0	0.987234
0	0.982979
0	0.978723
0	0.978723
0	0.987234
0	0.974468
0	0.987234
0	0.92766
0	0.944681
0	0.978723
0	0.987234
0	0.974468
0	0.987234
0	0.991489
0	0.965957
0	0.991489
0	0.944681
0	0.991489
0	0.914894
0	0.987234
0	0.965957
0	0.978723
0	0.965957
0	0.974468
0	0.987234
0	0.965957
0	0.944681
0	0.991489
0	0.965957
0	0.982979
0	0.987234
0	0.974468
0	0.970213
0	0.987234
0	0.974468
0	0.914894
0	0.965957
0	0.978723
0	0.974468
0	0.978723
0	0.987234
0	0.978723
0	0.978723
0	0.974468
0	0.965957
0	0.92766
0	0.914894
0	0.92766
0	0.974468
0	0.987234
0	0.987234
0	0.991489
0	0.914894
0	0.970213
0	0.982979
0	0.987234
0	0.944681
0	0.965957
0	0.991489
0	0.974468
0	0.991489
0	0.987234
0	0.965957
0	0.944681
0	0.974468
0	0.991489
0	0.944681
0	0.978723
0	0.978723
0	0.92766
0	0.965957
0	0.978723
0	0.987234
0	0.991489
0	0.978723
0	0.944681
0	0.978723
0	0.987234
0	0.987234
0	0.974468
0	0.965957
0	0.987234
0	0.987234
0	0.92766
0	0.965957
0	0.978723
0	0.914894
0	0.92766
0	0.974468
0	0.987234
0	0.991489
0	0.965957
0	0.974468
0	0.991489
0	0.978723
0	0.965957
0	0.982979
0	0.987234
0	0.974468
0	0.978723
0	0.987234
0	0.991489
0	0.982979
0	0.92766
0	0.987234
0	0.914894
0	0.987234
0	0.978723
0	0.914894
0	0.974468
0	0.991489
0	0.991489
0	0.914894
0	0.965957
0	0.987234
0	0.978723
0	0.974468
0	0.965957
0	0.965957
0	0.991489
0	0.978723
0	0.965957
0	0.974468
0	0.944681
0	0.944681
0	0.991489


