# Persistence diagram <GML/0905.gml>
#
# Dimension   : 0
# Entries     : 300
# Betti number: 3
0	inf
0	0.976378
0	0.937008
0	0.976378
0	0.944882
0	0.968504
0	0.976378
0	0.976378
0	0.984252
0	0.929134
0	0.984252
0	0.984252
0	0.952756
0	0.92126
0	0.984252
0	0.96063
0	0.96063
0	0.96063
0	0.96063
0	0.984252
0	0.968504
0	0.984252
0	0.937008
0	0.952756
0	0.92126
0	0.952756
0	0.968504
0	0.968504
0	0.929134
0	0.937008
0	0.944882
0	0.968504
0	0.984252
0	0.96063
0	0.968504
0	0.976378
0	0.944882
0	0.968504
0	0.976378
0	0.968504
0	0.984252
0	0.937008
0	0.96063
0	0.984252
0	0.952756
0	0.96063
0	0.929134
0	0.96063
0	0.929134
0	0.976378
0	0.96063
0	inf
0	0.96063
0	0.968504
0	0.929134
0	0.968504
0	0.976378
0	0.968504
0	0.976378
0	0.976378
0	0.976378
0	0.937008
0	0.968504
0	0.937008
0	0.976378
0	0.96063
0	0.944882
0	0.944882
0	0.984252
0	0.968504
0	0.952756
0	0.944882
0	0.968504
0	0.976378
0	0.984252
0	0.968504
0	0.984252
0	0.944882
0	0.968504
0	0.897638
0	0.937008
0	0.984252
0	0.96063
0	0.976378
0	0.976378
0	0.968504
0	0.952756
0	0.984252
0	0.984252
0	0.976378
0	0.976378
0	0.944882
0	0.937008
0	0.937008
0	0.968504
0	0.96063
0	0.976378
0	0.968504
0	0.976378
0	0.968504
0	0.944882
0	0.984252
0	0.968504
0	0.976378
0	0.968504
0	0.984252
0	0.984252
0	0.984252
0	0.944882
0	0.984252
0	0.976378
0	0.937008
0	0.897638
0	0.96063
0	0.984252
0	0.929134
0	0.952756
0	0.976378
0	0.976378
0	0.968504
0	0.976378
0	0.968504
0	0.984252
0	0.937008
0	0.944882
0	0.984252
0	0.968504
0	0.976378
0	0.96063
0	0.937008
0	0.96063
0	0.92126
0	0.984252
0	0.92126
0	0.96063
0	0.968504
0	0.984252
0	0.968504
0	0.96063
0	0.937008
0	0.984252
0	0.976378
0	0.976378
0	0.952756
0	0.96063
0	0.976378
0	0.897638
0	0.968504
0	0.952756
0	0.96063
0	0.976378
0	0.984252
0	0.976378
0	0.944882
0	0.96063
0	0.984252
0	0.968504
0	0.897638
0	0.944882
0	0.984252
0	0.952756
0	0.96063
0	0.952756
0	0.937008
0	0.937008
0	0.968504
0	0.968504
0	0.984252
0	0.984252
0	0.984252
0	0.952756
0	0.952756
0	0.96063
0	0.984252
0	0.976378
0	0.968504
0	0.976378
0	0.96063
0	0.984252
0	0.937008
0	0.976378
0	0.952756
0	0.952756
0	0.952756
0	0.96063
0	0.96063
0	0.976378
0	0.96063
0	0.937008
0	0.968504
0	0.976378
0	0.897638
0	0.96063
0	inf
0	0.984252
0	0.96063
0	0.937008
0	0.984252
0	0.96063
0	0.968504
0	0.976378
0	0.984252
0	0.968504
0	0.937008
0	0.952756
0	0.984252
0	0.976378
0	0.968504
0	0.944882
0	0.897638
0	0.968504
0	0.984252
0	0.96063
0	0.984252
0	0.968504
0	0.968504
0	0.968504
0	0.937008
0	0.968504
0	0.968504
0	0.968504
0	0.968504
0	0.976378
0	0.976378
0	0.984252
0	0.984252
0	0.984252
0	0.968504
0	0.897638
0	0.968504
0	0.984252
0	0.92126
0	0.952756
0	0.984252
0	0.968504
0	0.984252
0	0.976378
0	0.968504
0	0.984252
0	0.897638
0	0.976378
0	0.897638
0	0.968504
0	0.976378
0	0.976378
0	0.96063
0	0.984252
0	0.968504
0	0.937008
0	0.976378
0	0.944882
0	0.976378
0	0.968504
0	0.976378
0	0.944882
0	0.937008
0	0.976378
0	0.937008
0	0.984252
0	0.984252
0	0.984252
0	0.968504
0	0.976378
0	0.976378
0	0.937008
0	0.92126
0	0.968504
0	0.92126
0	0.984252
0	0.968504
0	0.984252
0	0.968504
0	0.984252
0	0.96063
0	0.944882
0	0.984252
0	0.968504
0	0.968504
0	0.952756
0	0.992126
0	0.937008
0	0.984252
0	0.968504
0	0.968504
0	0.937008
0	0.984252
0	0.968504
0	0.976378
0	0.968504
0	0.897638
0	0.96063
0	0.929134
0	0.976378
0	0.944882
0	0.96063
0	0.92126
0	0.968504
0	0.92126
0	0.968504
0	0.937008


