# Persistence diagram <GML/0908.gml>
#
# Dimension   : 1
# Entries     : 42
# Betti number: 42
0.916031	inf
0.916031	inf
0.938931	inf
0.946565	inf
0.946565	inf
0.946565	inf
0.946565	inf
0.946565	inf
0.946565	inf
0.954198	inf
0.961832	inf
0.961832	inf
0.961832	inf
0.961832	inf
0.961832	inf
0.961832	inf
0.961832	inf
0.961832	inf
0.961832	inf
0.969466	inf
0.969466	inf
0.969466	inf
0.969466	inf
0.969466	inf
0.969466	inf
0.969466	inf
0.969466	inf
0.969466	inf
0.969466	inf
0.977099	inf
0.977099	inf
0.977099	inf
0.977099	inf
0.977099	inf
0.977099	inf
0.977099	inf
0.977099	inf
0.977099	inf
0.977099	inf
0.984733	inf
0.984733	inf
0.984733	inf
