# Persistence diagram <GML/0912.gml>
#
# Dimension   : 0
# Entries     : 67
# Betti number: 2
0	inf
0	0.983784
0	0.978378
0	0.989189
0	0.967568
0	0.972973
0	0.983784
0	inf
0	0.989189
0	0.983784
0	0.978378
0	0.967568
0	0.983784
0	0.972973
0	0.989189
0	0.983784
0	0.972973
0	0.972973
0	0.972973
0	0.983784
0	0.967568
0	0.972973
0	0.983784
0	0.989189
0	0.967568
0	0.967568
0	0.989189
0	0.972973
0	0.983784
0	0.972973
0	0.983784
0	0.989189
0	0.972973
0	0.967568
0	0.989189
0	0.983784
0	0.989189
0	0.967568
0	0.967568
0	0.967568
0	0.972973
0	0.989189
0	0.983784
0	0.989189
0	0.972973
0	0.978378
0	0.983784
0	0.983784
0	0.972973
0	0.978378
0	0.994595
0	0.972973
0	0.989189
0	0.967568
0	0.983784
0	0.989189
0	0.972973
0	0.972973
0	0.978378
0	0.983784
0	0.972973
0	0.989189
0	0.978378
0	0.972973
0	0.983784
0	0.989189
0	0.989189


