# Persistence diagram <GML/0914.gml>
#
# Dimension   : 0
# Entries     : 356
# Betti number: 1
0	inf
0	0.977273
0	0.965909
0	0.943182
0	0.977273
0	0.965909
0	0.965909
0	0.943182
0	0.943182
0	0.965909
0	0.977273
0	0.965909
0	0.965909
0	0.943182
0	0.977273
0	0.977273
0	0.954545
0	0.965909
0	0.943182
0	0.931818
0	0.965909
0	0.965909
0	0.977273
0	0.931818
0	0.965909
0	0.977273
0	0.886364
0	0.965909
0	0.977273
0	0.965909
0	0.977273
0	0.977273
0	0.965909
0	0.931818
0	0.954545
0	0.977273
0	0.897727
0	0.977273
0	0.863636
0	0.931818
0	0.909091
0	0.943182
0	0.943182
0	0.977273
0	0.965909
0	0.965909
0	0.965909
0	0.965909
0	0.931818
0	0.977273
0	0.943182
0	0.965909
0	0.965909
0	0.977273
0	0.965909
0	0.965909
0	0.897727
0	0.965909
0	0.886364
0	0.920455
0	0.965909
0	0.931818
0	0.954545
0	0.954545
0	0.943182
0	0.965909
0	0.931818
0	0.977273
0	0.931818
0	0.931818
0	0.977273
0	0.977273
0	0.965909
0	0.965909
0	0.977273
0	0.965909
0	0.965909
0	0.977273
0	0.943182
0	0.909091
0	0.886364
0	0.977273
0	0.965909
0	0.954545
0	0.920455
0	0.965909
0	0.965909
0	0.886364
0	0.954545
0	0.943182
0	0.977273
0	0.943182
0	0.954545
0	0.965909
0	0.920455
0	0.909091
0	0.897727
0	0.977273
0	0.943182
0	0.977273
0	0.931818
0	0.965909
0	0.886364
0	0.977273
0	0.977273
0	0.897727
0	0.931818
0	0.920455
0	0.931818
0	0.965909
0	0.943182
0	0.965909
0	0.977273
0	0.977273
0	0.920455
0	0.943182
0	0.965909
0	0.977273
0	0.977273
0	0.977273
0	0.977273
0	0.863636
0	0.943182
0	0.886364
0	0.943182
0	0.897727
0	0.954545
0	0.965909
0	0.965909
0	0.943182
0	0.943182
0	0.954545
0	0.965909
0	0.977273
0	0.965909
0	0.965909
0	0.943182
0	0.954545
0	0.965909
0	0.863636
0	0.965909
0	0.931818
0	0.977273
0	0.909091
0	0.977273
0	0.965909
0	0.943182
0	0.931818
0	0.943182
0	0.954545
0	0.954545
0	0.943182
0	0.909091
0	0.954545
0	0.909091
0	0.931818
0	0.920455
0	0.965909
0	0.977273
0	0.954545
0	0.965909
0	0.897727
0	0.965909
0	0.977273
0	0.943182
0	0.897727
0	0.954545
0	0.943182
0	0.977273
0	0.965909
0	0.931818
0	0.965909
0	0.943182
0	0.943182
0	0.965909
0	0.909091
0	0.977273
0	0.965909
0	0.943182
0	0.943182
0	0.977273
0	0.943182
0	0.965909
0	0.954545
0	0.965909
0	0.977273
0	0.965909
0	0.965909
0	0.954545
0	0.977273
0	0.965909
0	0.977273
0	0.965909
0	0.965909
0	0.943182
0	0.965909
0	0.977273
0	0.943182
0	0.965909
0	0.977273
0	0.965909
0	0.943182
0	0.920455
0	0.977273
0	0.909091
0	0.965909
0	0.965909
0	0.977273
0	0.954545
0	0.977273
0	0.954545
0	0.931818
0	0.863636
0	0.920455
0	0.931818
0	0.965909
0	0.943182
0	0.965909
0	0.965909
0	0.977273
0	0.931818
0	0.977273
0	0.943182
0	0.965909
0	0.863636
0	0.965909
0	0.977273
0	0.909091
0	0.954545
0	0.909091
0	0.965909
0	0.886364
0	0.965909
0	0.977273
0	0.965909
0	0.977273
0	0.965909
0	0.965909
0	0.931818
0	0.965909
0	0.965909
0	0.965909
0	0.965909
0	0.965909
0	0.965909
0	0.954545
0	0.863636
0	0.943182
0	0.943182
0	0.931818
0	0.977273
0	0.954545
0	0.943182
0	0.943182
0	0.977273
0	0.954545
0	0.943182
0	0.965909
0	0.977273
0	0.863636
0	0.965909
0	0.977273
0	0.965909
0	0.977273
0	0.965909
0	0.943182
0	0.954545
0	0.965909
0	0.965909
0	0.920455
0	0.965909
0	0.965909
0	0.977273
0	0.965909
0	0.965909
0	0.977273
0	0.977273
0	0.943182
0	0.965909
0	0.943182
0	0.977273
0	0.977273
0	0.977273
0	0.943182
0	0.909091
0	0.863636
0	0.965909
0	0.977273
0	0.943182
0	0.977273
0	0.965909
0	0.965909
0	0.965909
0	0.965909
0	0.931818
0	0.863636
0	0.965909
0	0.965909
0	0.977273
0	0.920455
0	0.965909
0	0.931818
0	0.977273
0	0.943182
0	0.977273
0	0.943182
0	0.977273
0	0.965909
0	0.863636
0	0.943182
0	0.977273
0	0.965909
0	0.954545
0	0.977273
0	0.943182
0	0.954545
0	0.965909
0	0.931818
0	0.943182
0	0.977273
0	0.954545
0	0.977273
0	0.943182
0	0.954545
0	0.977273
0	0.965909
0	0.965909
0	0.909091
0	0.931818
0	0.965909
0	0.909091
0	0.943182
0	0.977273
0	0.977273
0	0.954545
0	0.886364
0	0.965909
0	0.943182
0	0.977273
0	0.863636
0	0.931818
0	0.897727
0	0.954545
0	0.965909
0	0.965909
0	0.965909
0	0.965909
0	0.931818
0	0.965909
0	0.965909
0	0.977273
0	0.965909
0	0.977273
0	0.943182
0	0.920455
0	0.909091


