# Persistence diagram <GML/0917.gml>
#
# Dimension   : 1
# Entries     : 75
# Betti number: 75
0.870748	inf
0.870748	inf
0.870748	inf
0.870748	inf
0.870748	inf
0.870748	inf
0.870748	inf
0.870748	inf
0.911565	inf
0.938776	inf
0.938776	inf
0.938776	inf
0.945578	inf
0.945578	inf
0.945578	inf
0.952381	inf
0.959184	inf
0.959184	inf
0.959184	inf
0.959184	inf
0.959184	inf
0.959184	inf
0.959184	inf
0.959184	inf
0.959184	inf
0.959184	inf
0.959184	inf
0.959184	inf
0.959184	inf
0.959184	inf
0.959184	inf
0.959184	inf
0.959184	inf
0.959184	inf
0.965986	inf
0.965986	inf
0.965986	inf
0.965986	inf
0.965986	inf
0.965986	inf
0.965986	inf
0.965986	inf
0.965986	inf
0.965986	inf
0.965986	inf
0.965986	inf
0.965986	inf
0.965986	inf
0.965986	inf
0.965986	inf
0.965986	inf
0.965986	inf
0.972789	inf
0.972789	inf
0.972789	inf
0.972789	inf
0.972789	inf
0.972789	inf
0.972789	inf
0.972789	inf
0.972789	inf
0.972789	inf
0.972789	inf
0.972789	inf
0.972789	inf
0.972789	inf
0.979592	inf
0.979592	inf
0.979592	inf
0.979592	inf
0.979592	inf
0.979592	inf
0.979592	inf
0.986395	inf
0.986395	inf
