# Persistence diagram <GML/0918.gml>
#
# Dimension   : 1
# Entries     : 42
# Betti number: 41
0.88806	inf
0.88806	0.910448
0.88806	inf
0.925373	inf
0.925373	inf
0.932836	inf
0.932836	inf
0.940299	inf
0.940299	inf
0.947761	inf
0.947761	inf
0.947761	inf
0.947761	inf
0.947761	inf
0.947761	inf
0.955224	inf
0.962687	inf
0.962687	inf
0.962687	inf
0.962687	inf
0.962687	inf
0.962687	inf
0.962687	inf
0.962687	inf
0.970149	inf
0.970149	inf
0.970149	inf
0.977612	inf
0.977612	inf
0.977612	inf
0.977612	inf
0.977612	inf
0.977612	inf
0.977612	inf
0.977612	inf
0.977612	inf
0.977612	inf
0.977612	inf
0.977612	inf
0.985075	inf
0.985075	inf
0.985075	inf
