# Persistence diagram <GML/0919.gml>
#
# Dimension   : 0
# Entries     : 170
# Betti number: 1
0	inf
0	0.979452
0	0.993151
0	0.969178
0	0.989726
0	0.989726
0	0.993151
0	0.986301
0	0.969178
0	0.993151
0	0.989726
0	0.982877
0	0.993151
0	0.993151
0	0.986301
0	0.989726
0	0.989726
0	0.993151
0	0.989726
0	0.989726
0	0.993151
0	0.993151
0	0.986301
0	0.993151
0	0.993151
0	0.989726
0	0.986301
0	0.958904
0	0.989726
0	0.993151
0	0.982877
0	0.982877
0	0.989726
0	0.989726
0	0.989726
0	0.986301
0	0.993151
0	0.989726
0	0.958904
0	0.986301
0	0.993151
0	0.986301
0	0.989726
0	0.989726
0	0.989726
0	0.986301
0	0.979452
0	0.986301
0	0.989726
0	0.989726
0	0.989726
0	0.986301
0	0.993151
0	0.986301
0	0.989726
0	0.989726
0	0.993151
0	0.986301
0	0.989726
0	0.986301
0	0.993151
0	0.989726
0	0.993151
0	0.989726
0	0.989726
0	0.989726
0	0.993151
0	0.986301
0	0.979452
0	0.989726
0	0.986301
0	0.993151
0	0.993151
0	0.993151
0	0.989726
0	0.993151
0	0.993151
0	0.989726
0	0.969178
0	0.989726
0	0.979452
0	0.986301
0	0.993151
0	0.989726
0	0.989726
0	0.993151
0	0.993151
0	0.989726
0	0.986301
0	0.993151
0	0.989726
0	0.993151
0	0.986301
0	0.993151
0	0.993151
0	0.993151
0	0.986301
0	0.958904
0	0.958904
0	0.989726
0	0.993151
0	0.989726
0	0.958904
0	0.986301
0	0.989726
0	0.958904
0	0.989726
0	0.993151
0	0.958904
0	0.993151
0	0.993151
0	0.989726
0	0.986301
0	0.958904
0	0.989726
0	0.979452
0	0.993151
0	0.969178
0	0.969178
0	0.989726
0	0.986301
0	0.989726
0	0.993151
0	0.989726
0	0.993151
0	0.993151
0	0.986301
0	0.986301
0	0.993151
0	0.979452
0	0.993151
0	0.993151
0	0.986301
0	0.986301
0	0.958904
0	0.958904
0	0.993151
0	0.986301
0	0.979452
0	0.989726
0	0.993151
0	0.986301
0	0.993151
0	0.989726
0	0.986301
0	0.979452
0	0.989726
0	0.969178
0	0.969178
0	0.989726
0	0.986301
0	0.986301
0	0.989726
0	0.993151
0	0.979452
0	0.979452
0	0.989726
0	0.989726
0	0.993151
0	0.969178
0	0.989726
0	0.989726
0	0.989726
0	0.958904
0	0.993151
0	0.989726
0	0.989726
0	0.986301
0	0.989726
0	0.993151


