# Persistence diagram <GML/0923.gml>
#
# Dimension   : 0
# Entries     : 367
# Betti number: 1
0	inf
0	0.938462
0	0.953846
0	0.969231
0	0.938462
0	0.923077
0	0.923077
0	0.969231
0	0.876923
0	0.846154
0	0.969231
0	0.969231
0	0.969231
0	0.969231
0	0.969231
0	0.938462
0	0.892308
0	0.953846
0	0.938462
0	0.953846
0	0.938462
0	0.953846
0	0.953846
0	0.923077
0	0.938462
0	0.938462
0	0.969231
0	0.892308
0	0.969231
0	0.923077
0	0.861538
0	0.892308
0	0.969231
0	0.938462
0	0.969231
0	0.923077
0	0.953846
0	0.938462
0	0.938462
0	0.969231
0	0.923077
0	0.861538
0	0.830769
0	0.892308
0	0.923077
0	0.784615
0	0.953846
0	0.969231
0	0.969231
0	0.938462
0	0.892308
0	0.907692
0	0.907692
0	0.923077
0	0.938462
0	0.969231
0	0.938462
0	0.953846
0	0.969231
0	0.784615
0	0.876923
0	0.938462
0	0.953846
0	0.953846
0	0.892308
0	0.830769
0	0.907692
0	0.907692
0	0.953846
0	0.953846
0	0.938462
0	0.969231
0	0.969231
0	0.923077
0	0.953846
0	0.846154
0	0.969231
0	0.969231
0	0.953846
0	0.953846
0	0.892308
0	0.953846
0	0.938462
0	0.969231
0	0.923077
0	0.861538
0	0.969231
0	0.892308
0	0.876923
0	0.876923
0	0.969231
0	0.969231
0	0.953846
0	0.953846
0	0.969231
0	0.923077
0	0.938462
0	0.953846
0	0.969231
0	0.876923
0	0.953846
0	0.938462
0	0.969231
0	0.892308
0	0.892308
0	0.938462
0	0.923077
0	0.969231
0	0.969231
0	0.784615
0	0.938462
0	0.953846
0	0.953846
0	0.892308
0	0.846154
0	0.953846
0	0.892308
0	0.938462
0	0.938462
0	0.907692
0	0.876923
0	0.892308
0	0.953846
0	0.953846
0	0.892308
0	0.923077
0	0.784615
0	0.938462
0	0.953846
0	0.938462
0	0.969231
0	0.953846
0	0.830769
0	0.969231
0	0.938462
0	0.923077
0	0.969231
0	0.907692
0	0.969231
0	0.938462
0	0.846154
0	0.784615
0	0.953846
0	0.969231
0	0.953846
0	0.784615
0	0.892308
0	0.830769
0	0.784615
0	0.938462
0	0.953846
0	0.923077
0	0.938462
0	0.969231
0	0.938462
0	0.938462
0	0.938462
0	0.876923
0	0.876923
0	0.938462
0	0.969231
0	0.953846
0	0.953846
0	0.830769
0	0.907692
0	0.938462
0	0.861538
0	0.953846
0	0.892308
0	0.969231
0	0.784615
0	0.969231
0	0.907692
0	0.784615
0	0.938462
0	0.969231
0	0.953846
0	0.969231
0	0.938462
0	0.953846
0	0.953846
0	0.969231
0	0.938462
0	0.953846
0	0.846154
0	0.938462
0	0.953846
0	0.892308
0	0.938462
0	0.876923
0	0.907692
0	0.923077
0	0.938462
0	0.938462
0	0.953846
0	0.923077
0	0.969231
0	0.923077
0	0.969231
0	0.907692
0	0.830769
0	0.938462
0	0.969231
0	0.907692
0	0.969231
0	0.953846
0	0.969231
0	0.953846
0	0.953846
0	0.953846
0	0.923077
0	0.923077
0	0.953846
0	0.969231
0	0.876923
0	0.923077
0	0.876923
0	0.969231
0	0.969231
0	0.892308
0	0.953846
0	0.969231
0	0.923077
0	0.969231
0	0.969231
0	0.923077
0	0.969231
0	0.953846
0	0.969231
0	0.953846
0	0.938462
0	0.876923
0	0.953846
0	0.923077
0	0.892308
0	0.923077
0	0.784615
0	0.923077
0	0.953846
0	0.953846
0	0.830769
0	0.876923
0	0.938462
0	0.953846
0	0.861538
0	0.969231
0	0.969231
0	0.923077
0	0.923077
0	0.907692
0	0.923077
0	0.938462
0	0.876923
0	0.969231
0	0.846154
0	0.938462
0	0.876923
0	0.830769
0	0.969231
0	0.953846
0	0.969231
0	0.876923
0	0.892308
0	0.938462
0	0.846154
0	0.861538
0	0.969231
0	0.969231
0	0.938462
0	0.938462
0	0.953846
0	0.938462
0	0.969231
0	0.784615
0	0.892308
0	0.953846
0	0.969231
0	0.876923
0	0.784615
0	0.923077
0	0.953846
0	0.953846
0	0.923077
0	0.923077
0	0.969231
0	0.923077
0	0.876923
0	0.953846
0	0.907692
0	0.938462
0	0.938462
0	0.923077
0	0.861538
0	0.953846
0	0.969231
0	0.953846
0	0.953846
0	0.953846
0	0.969231
0	0.953846
0	0.953846
0	0.892308
0	0.938462
0	0.953846
0	0.907692
0	0.969231
0	0.938462
0	0.892308
0	0.923077
0	0.953846
0	0.907692
0	0.923077
0	0.907692
0	0.892308
0	0.938462
0	0.969231
0	0.907692
0	0.953846
0	0.907692
0	0.969231
0	0.953846
0	0.969231
0	0.969231
0	0.938462
0	0.969231
0	0.969231
0	0.938462
0	0.938462
0	0.953846
0	0.969231
0	0.938462
0	0.938462
0	0.969231
0	0.923077
0	0.969231
0	0.923077
0	0.861538
0	0.938462
0	0.969231
0	0.876923
0	0.938462
0	0.892308
0	0.953846
0	0.830769
0	0.846154
0	0.830769
0	0.953846
0	0.953846
0	0.938462
0	0.969231
0	0.784615
0	0.923077
0	0.923077
0	0.923077
0	0.953846
0	0.953846
0	0.953846
0	0.969231
0	0.938462
0	0.938462
0	0.938462
0	0.938462
0	0.953846
0	0.953846
0	0.953846
0	0.969231
0	0.938462


