# Persistence diagram <GML/0924.gml>
#
# Dimension   : 0
# Entries     : 41
# Betti number: 1
0	inf
0	0.952381
0	0.809524
0	0.809524
0	0.904762
0	0.968254
0	0.952381
0	0.809524
0	0.968254
0	0.968254
0	0.809524
0	0.857143
0	0.968254
0	0.904762
0	0.809524
0	0.968254
0	0.936508
0	0.952381
0	0.873016
0	0.809524
0	0.857143
0	0.968254
0	0.968254
0	0.952381
0	0.936508
0	0.952381
0	0.952381
0	0.857143
0	0.968254
0	0.857143
0	0.809524
0	0.968254
0	0.809524
0	0.968254
0	0.968254
0	0.952381
0	0.936508
0	0.936508
0	0.857143
0	0.936508
0	0.857143


