# Persistence diagram <GML/0925.gml>
#
# Dimension   : 0
# Entries     : 276
# Betti number: 1
0	inf
0	0.945736
0	0.976744
0	0.96124
0	0.984496
0	0.953488
0	0.984496
0	0.945736
0	0.976744
0	0.953488
0	0.984496
0	0.953488
0	0.945736
0	0.945736
0	0.953488
0	0.976744
0	0.96124
0	0.96124
0	0.976744
0	0.96124
0	0.937984
0	0.96124
0	0.976744
0	0.891473
0	0.976744
0	0.984496
0	0.96124
0	0.984496
0	0.906977
0	0.96124
0	0.96124
0	0.984496
0	0.906977
0	0.906977
0	0.945736
0	0.976744
0	0.953488
0	0.937984
0	0.968992
0	0.945736
0	0.945736
0	0.976744
0	0.968992
0	0.96124
0	0.984496
0	0.96124
0	0.984496
0	0.968992
0	0.968992
0	0.968992
0	0.976744
0	0.984496
0	0.937984
0	0.945736
0	0.968992
0	0.968992
0	0.953488
0	0.96124
0	0.953488
0	0.984496
0	0.984496
0	0.968992
0	0.96124
0	0.906977
0	0.891473
0	0.976744
0	0.968992
0	0.937984
0	0.953488
0	0.891473
0	0.976744
0	0.968992
0	0.968992
0	0.906977
0	0.984496
0	0.937984
0	0.976744
0	0.96124
0	0.968992
0	0.968992
0	0.968992
0	0.984496
0	0.968992
0	0.976744
0	0.968992
0	0.968992
0	0.96124
0	0.96124
0	0.984496
0	0.96124
0	0.984496
0	0.953488
0	0.984496
0	0.984496
0	0.906977
0	0.984496
0	0.937984
0	0.984496
0	0.891473
0	0.945736
0	0.968992
0	0.96124
0	0.968992
0	0.953488
0	0.976744
0	0.968992
0	0.984496
0	0.968992
0	0.984496
0	0.984496
0	0.906977
0	0.945736
0	0.976744
0	0.984496
0	0.968992
0	0.945736
0	0.945736
0	0.976744
0	0.96124
0	0.96124
0	0.953488
0	0.96124
0	0.968992
0	0.945736
0	0.945736
0	0.906977
0	0.945736
0	0.976744
0	0.968992
0	0.96124
0	0.945736
0	0.906977
0	0.891473
0	0.976744
0	0.968992
0	0.968992
0	0.984496
0	0.945736
0	0.945736
0	0.96124
0	0.891473
0	0.96124
0	0.96124
0	0.953488
0	0.968992
0	0.945736
0	0.96124
0	0.968992
0	0.953488
0	0.953488
0	0.953488
0	0.937984
0	0.976744
0	0.984496
0	0.976744
0	0.937984
0	0.891473
0	0.984496
0	0.953488
0	0.976744
0	0.953488
0	0.96124
0	0.906977
0	0.968992
0	0.976744
0	0.945736
0	0.937984
0	0.976744
0	0.984496
0	0.968992
0	0.937984
0	0.96124
0	0.953488
0	0.976744
0	0.945736
0	0.984496
0	0.96124
0	0.945736
0	0.968992
0	0.96124
0	0.96124
0	0.968992
0	0.891473
0	0.953488
0	0.937984
0	0.953488
0	0.968992
0	0.984496
0	0.984496
0	0.968992
0	0.96124
0	0.96124
0	0.945736
0	0.968992
0	0.984496
0	0.976744
0	0.968992
0	0.984496
0	0.891473
0	0.945736
0	0.984496
0	0.984496
0	0.953488
0	0.953488
0	0.906977
0	0.945736
0	0.906977
0	0.968992
0	0.968992
0	0.891473
0	0.984496
0	0.976744
0	0.906977
0	0.968992
0	0.976744
0	0.906977
0	0.968992
0	0.984496
0	0.953488
0	0.945736
0	0.891473
0	0.976744
0	0.891473
0	0.968992
0	0.937984
0	0.984496
0	0.984496
0	0.96124
0	0.945736
0	0.96124
0	0.906977
0	0.968992
0	0.953488
0	0.906977
0	0.984496
0	0.953488
0	0.906977
0	0.96124
0	0.968992
0	0.945736
0	0.945736
0	0.976744
0	0.984496
0	0.968992
0	0.976744
0	0.976744
0	0.906977
0	0.968992
0	0.968992
0	0.96124
0	0.968992
0	0.984496
0	0.945736
0	0.968992
0	0.976744
0	0.976744
0	0.937984
0	0.976744
0	0.953488
0	0.984496
0	0.968992
0	0.953488
0	0.976744
0	0.976744
0	0.976744
0	0.96124
0	0.906977
0	0.968992
0	0.945736
0	0.96124
0	0.891473
0	0.976744
0	0.984496
0	0.945736
0	0.953488
0	0.96124


