# Persistence diagram <GML/0928.gml>
#
# Dimension   : 1
# Entries     : 50
# Betti number: 49
0.85098	inf
0.85098	inf
0.85098	inf
0.85098	inf
0.85098	inf
0.85098	inf
0.85098	inf
0.85098	inf
0.85098	inf
0.85098	inf
0.85098	inf
0.85098	inf
0.85098	inf
0.85098	inf
0.85098	inf
0.85098	0.980392
0.85098	inf
0.85098	inf
0.85098	inf
0.85098	inf
0.85098	inf
0.85098	inf
0.85098	inf
0.972549	inf
0.972549	inf
0.972549	inf
0.976471	inf
0.976471	inf
0.980392	inf
0.980392	inf
0.980392	inf
0.980392	inf
0.984314	inf
0.984314	inf
0.984314	inf
0.984314	inf
0.984314	inf
0.984314	inf
0.984314	inf
0.988235	inf
0.988235	inf
0.988235	inf
0.988235	inf
0.988235	inf
0.988235	inf
0.988235	inf
0.988235	inf
0.988235	inf
0.992157	inf
0.992157	inf
