# Persistence diagram <GML/0933.gml>
#
# Dimension   : 0
# Entries     : 262
# Betti number: 1
0	inf
0	0.859375
0	0.96875
0	0.953125
0	0.921875
0	0.945312
0	0.921875
0	0.976562
0	0.914062
0	0.960938
0	0.859375
0	0.984375
0	0.976562
0	0.945312
0	0.96875
0	0.976562
0	0.976562
0	0.914062
0	0.976562
0	0.976562
0	0.976562
0	0.984375
0	0.976562
0	0.984375
0	0.976562
0	0.914062
0	0.953125
0	0.953125
0	0.859375
0	0.976562
0	0.859375
0	0.984375
0	0.8125
0	0.984375
0	0.976562
0	0.945312
0	0.945312
0	0.976562
0	0.859375
0	0.953125
0	0.984375
0	0.976562
0	0.8125
0	0.953125
0	0.976562
0	0.976562
0	0.984375
0	0.859375
0	0.984375
0	0.976562
0	0.960938
0	0.859375
0	0.976562
0	0.945312
0	0.929688
0	0.96875
0	0.96875
0	0.984375
0	0.921875
0	0.976562
0	0.984375
0	0.96875
0	0.984375
0	0.8125
0	0.859375
0	0.953125
0	0.976562
0	0.8125
0	0.984375
0	0.96875
0	0.984375
0	0.929688
0	0.914062
0	0.976562
0	0.953125
0	0.976562
0	0.984375
0	0.914062
0	0.914062
0	0.984375
0	0.8125
0	0.984375
0	0.984375
0	0.953125
0	0.96875
0	0.914062
0	0.921875
0	0.8125
0	0.8125
0	0.960938
0	0.984375
0	0.984375
0	0.859375
0	0.90625
0	0.945312
0	0.984375
0	0.976562
0	0.953125
0	0.976562
0	0.898438
0	0.8125
0	0.914062
0	0.898438
0	0.984375
0	0.8125
0	0.960938
0	0.96875
0	0.859375
0	0.984375
0	0.90625
0	0.90625
0	0.921875
0	0.859375
0	0.953125
0	0.859375
0	0.953125
0	0.859375
0	0.921875
0	0.984375
0	0.929688
0	0.898438
0	0.984375
0	0.976562
0	0.953125
0	0.960938
0	0.953125
0	0.859375
0	0.984375
0	0.953125
0	0.976562
0	0.8125
0	0.953125
0	0.976562
0	0.8125
0	0.953125
0	0.953125
0	0.898438
0	0.984375
0	0.953125
0	0.921875
0	0.945312
0	0.898438
0	0.976562
0	0.96875
0	0.984375
0	0.960938
0	0.976562
0	0.8125
0	0.953125
0	0.953125
0	0.90625
0	0.976562
0	0.96875
0	0.953125
0	0.859375
0	0.945312
0	0.976562
0	0.859375
0	0.976562
0	0.984375
0	0.984375
0	0.984375
0	0.984375
0	0.859375
0	0.984375
0	0.984375
0	0.953125
0	0.960938
0	0.859375
0	0.976562
0	0.898438
0	0.960938
0	0.984375
0	0.898438
0	0.984375
0	0.859375
0	0.945312
0	0.984375
0	0.8125
0	0.929688
0	0.859375
0	0.859375
0	0.984375
0	0.960938
0	0.976562
0	0.90625
0	0.976562
0	0.953125
0	0.960938
0	0.984375
0	0.898438
0	0.953125
0	0.960938
0	0.945312
0	0.976562
0	0.8125
0	0.929688
0	0.898438
0	0.8125
0	0.96875
0	0.898438
0	0.976562
0	0.960938
0	0.945312
0	0.976562
0	0.8125
0	0.929688
0	0.8125
0	0.953125
0	0.976562
0	0.984375
0	0.859375
0	0.976562
0	0.96875
0	0.953125
0	0.984375
0	0.96875
0	0.976562
0	0.8125
0	0.914062
0	0.8125
0	0.960938
0	0.960938
0	0.96875
0	0.859375
0	0.953125
0	0.8125
0	0.976562
0	0.976562
0	0.953125
0	0.976562
0	0.976562
0	0.953125
0	0.90625
0	0.96875
0	0.96875
0	0.8125
0	0.984375
0	0.96875
0	0.976562
0	0.898438
0	0.984375
0	0.96875
0	0.859375
0	0.929688
0	0.859375
0	0.96875
0	0.976562
0	0.984375
0	0.976562
0	0.859375
0	0.976562
0	0.976562
0	0.945312
0	0.859375
0	0.8125
0	0.96875
0	0.96875
0	0.945312
0	0.976562
0	0.984375
0	0.8125


