# Persistence diagram <GML/0936.gml>
#
# Dimension   : 1
# Entries     : 41
# Betti number: 41
0.931507	inf
0.931507	inf
0.938356	inf
0.938356	inf
0.938356	inf
0.938356	inf
0.945205	inf
0.952055	inf
0.952055	inf
0.952055	inf
0.952055	inf
0.965753	inf
0.965753	inf
0.965753	inf
0.965753	inf
0.965753	inf
0.965753	inf
0.965753	inf
0.965753	inf
0.965753	inf
0.972603	inf
0.972603	inf
0.972603	inf
0.972603	inf
0.972603	inf
0.972603	inf
0.979452	inf
0.979452	inf
0.979452	inf
0.979452	inf
0.979452	inf
0.979452	inf
0.979452	inf
0.979452	inf
0.986301	inf
0.986301	inf
0.986301	inf
0.986301	inf
0.986301	inf
0.986301	inf
0.986301	inf
