# Persistence diagram <GML/0944.gml>
#
# Dimension   : 0
# Entries     : 302
# Betti number: 4
0	inf
0	0.97479
0	0.97479
0	0.932773
0	0.983193
0	0.966387
0	0.966387
0	0.932773
0	0.966387
0	0.932773
0	0.957983
0	0.957983
0	0.983193
0	0.941176
0	0.966387
0	0.94958
0	0.932773
0	0.966387
0	0.941176
0	inf
0	0.966387
0	0.97479
0	0.966387
0	0.983193
0	0.941176
0	0.983193
0	0.941176
0	0.932773
0	0.97479
0	0.94958
0	0.983193
0	0.966387
0	0.966387
0	0.966387
0	0.97479
0	0.932773
0	0.966387
0	0.966387
0	0.932773
0	0.983193
0	inf
0	0.932773
0	0.966387
0	0.97479
0	0.94958
0	0.97479
0	0.97479
0	0.957983
0	0.966387
0	0.957983
0	0.966387
0	0.957983
0	0.966387
0	0.966387
0	0.991597
0	0.957983
0	0.97479
0	0.97479
0	0.941176
0	0.941176
0	0.932773
0	0.97479
0	0.983193
0	0.94958
0	0.983193
0	0.983193
0	0.932773
0	0.957983
0	0.941176
0	0.983193
0	0.983193
0	0.957983
0	0.932773
0	0.983193
0	0.932773
0	0.957983
0	0.97479
0	0.97479
0	0.97479
0	0.97479
0	0.97479
0	0.983193
0	0.94958
0	0.983193
0	0.957983
0	0.941176
0	0.932773
0	0.957983
0	0.932773
0	0.97479
0	0.966387
0	0.97479
0	0.983193
0	0.957983
0	0.966387
0	0.983193
0	0.983193
0	0.97479
0	0.941176
0	0.941176
0	0.966387
0	0.92437
0	0.89916
0	0.932773
0	0.957983
0	0.932773
0	0.983193
0	0.97479
0	0.97479
0	0.983193
0	0.94958
0	0.94958
0	0.97479
0	0.966387
0	0.957983
0	0.89916
0	0.932773
0	0.966387
0	0.957983
0	0.97479
0	0.983193
0	0.957983
0	0.983193
0	0.941176
0	0.941176
0	0.94958
0	0.957983
0	0.983193
0	0.94958
0	0.966387
0	0.983193
0	0.97479
0	0.92437
0	0.932773
0	0.94958
0	0.966387
0	0.983193
0	0.983193
0	0.983193
0	0.966387
0	0.941176
0	0.89916
0	0.932773
0	0.92437
0	0.966387
0	0.94958
0	0.97479
0	0.966387
0	0.94958
0	0.92437
0	0.89916
0	0.957983
0	0.97479
0	0.957983
0	0.966387
0	0.966387
0	0.97479
0	0.966387
0	0.983193
0	0.941176
0	0.941176
0	0.966387
0	0.92437
0	0.966387
0	0.957983
0	0.97479
0	0.97479
0	0.966387
0	0.932773
0	0.957983
0	0.966387
0	0.966387
0	0.941176
0	0.966387
0	0.983193
0	0.983193
0	0.97479
0	0.94958
0	0.94958
0	0.932773
0	0.932773
0	0.957983
0	0.983193
0	0.957983
0	0.932773
0	0.97479
0	0.97479
0	0.97479
0	0.932773
0	0.97479
0	0.97479
0	0.92437
0	0.97479
0	0.932773
0	0.983193
0	0.957983
0	0.92437
0	0.941176
0	0.983193
0	0.932773
0	0.97479
0	0.932773
0	0.966387
0	0.957983
0	0.983193
0	0.932773
0	0.932773
0	0.957983
0	inf
0	0.966387
0	0.966387
0	0.983193
0	0.966387
0	0.983193
0	0.932773
0	0.983193
0	0.983193
0	0.957983
0	0.957983
0	0.991597
0	0.983193
0	0.97479
0	0.983193
0	0.941176
0	0.89916
0	0.941176
0	0.966387
0	0.983193
0	0.94958
0	0.957983
0	0.966387
0	0.957983
0	0.94958
0	0.983193
0	0.957983
0	0.932773
0	0.932773
0	0.97479
0	0.94958
0	0.941176
0	0.89916
0	0.983193
0	0.957983
0	0.94958
0	0.941176
0	0.983193
0	0.966387
0	0.97479
0	0.94958
0	0.983193
0	0.966387
0	0.966387
0	0.966387
0	0.983193
0	0.932773
0	0.97479
0	0.932773
0	0.957983
0	0.983193
0	0.957983
0	0.966387
0	0.957983
0	0.957983
0	0.957983
0	0.966387
0	0.966387
0	0.94958
0	0.983193
0	0.941176
0	0.932773
0	0.89916
0	0.97479
0	0.97479
0	0.957983
0	0.983193
0	0.966387
0	0.932773
0	0.97479
0	0.97479
0	0.97479
0	0.941176
0	0.932773
0	0.957983
0	0.966387
0	0.932773
0	0.94958
0	0.957983
0	0.957983
0	0.941176
0	0.941176
0	0.932773
0	0.941176
0	0.957983
0	0.97479
0	0.966387
0	0.966387
0	0.966387
0	0.966387
0	0.941176
0	0.97479
0	0.94958
0	0.97479


