# Persistence diagram <GML/0945.gml>
#
# Dimension   : 0
# Entries     : 63
# Betti number: 1
0	inf
0	0.989899
0	0.969697
0	0.984848
0	0.979798
0	0.984848
0	0.984848
0	0.984848
0	0.974747
0	0.989899
0	0.974747
0	0.974747
0	0.989899
0	0.989899
0	0.974747
0	0.969697
0	0.974747
0	0.984848
0	0.989899
0	0.974747
0	0.979798
0	0.974747
0	0.974747
0	0.969697
0	0.90404
0	0.984848
0	0.979798
0	0.974747
0	0.989899
0	0.974747
0	0.969697
0	0.90404
0	0.989899
0	0.969697
0	0.974747
0	0.90404
0	0.989899
0	0.974747
0	0.979798
0	0.969697
0	0.979798
0	0.974747
0	0.974747
0	0.984848
0	0.969697
0	0.989899
0	0.90404
0	0.90404
0	0.979798
0	0.984848
0	0.989899
0	0.984848
0	0.984848
0	0.984848
0	0.974747
0	0.969697
0	0.989899
0	0.969697
0	0.90404
0	0.979798
0	0.974747
0	0.984848
0	0.969697


