# Persistence diagram <GML/0952.gml>
#
# Dimension   : 0
# Entries     : 389
# Betti number: 2
0	inf
0	0.962264
0	0.924528
0	inf
0	0.962264
0	0.90566
0	0.962264
0	0.90566
0	0.924528
0	0.90566
0	0.849057
0	0.924528
0	0.867925
0	0.90566
0	0.943396
0	0.924528
0	0.90566
0	0.90566
0	0.943396
0	0.754717
0	0.754717
0	0.90566
0	0.943396
0	0.943396
0	0.924528
0	0.943396
0	0.962264
0	0.943396
0	0.867925
0	0.943396
0	0.90566
0	0.90566
0	0.943396
0	0.924528
0	0.924528
0	0.962264
0	0.754717
0	0.90566
0	0.924528
0	0.924528
0	0.943396
0	0.90566
0	0.886792
0	0.754717
0	0.90566
0	0.886792
0	0.962264
0	0.962264
0	0.943396
0	0.962264
0	0.754717
0	0.90566
0	0.924528
0	0.924528
0	0.830189
0	0.849057
0	0.924528
0	0.943396
0	0.90566
0	0.943396
0	0.830189
0	0.962264
0	0.90566
0	0.886792
0	0.924528
0	0.924528
0	0.924528
0	0.943396
0	0.962264
0	0.90566
0	0.849057
0	0.90566
0	0.943396
0	0.924528
0	0.830189
0	0.962264
0	0.924528
0	0.943396
0	0.90566
0	0.943396
0	0.943396
0	0.962264
0	0.90566
0	0.943396
0	0.90566
0	0.924528
0	0.924528
0	0.90566
0	0.924528
0	0.962264
0	0.849057
0	0.867925
0	0.90566
0	0.943396
0	0.867925
0	0.90566
0	0.867925
0	0.962264
0	0.867925
0	0.886792
0	0.90566
0	0.943396
0	0.90566
0	0.90566
0	0.962264
0	0.867925
0	0.867925
0	0.962264
0	0.90566
0	0.962264
0	0.962264
0	0.867925
0	0.943396
0	0.943396
0	0.90566
0	0.943396
0	0.962264
0	0.962264
0	0.943396
0	0.849057
0	0.962264
0	0.754717
0	0.90566
0	0.962264
0	0.90566
0	0.849057
0	0.90566
0	0.962264
0	0.830189
0	0.867925
0	0.962264
0	0.849057
0	0.886792
0	0.90566
0	0.962264
0	0.962264
0	0.943396
0	0.962264
0	0.943396
0	0.962264
0	0.962264
0	0.962264
0	0.90566
0	0.90566
0	0.90566
0	0.924528
0	0.90566
0	0.943396
0	0.962264
0	0.962264
0	0.943396
0	0.962264
0	0.867925
0	0.962264
0	0.924528
0	0.924528
0	0.886792
0	0.924528
0	0.962264
0	0.867925
0	0.849057
0	0.90566
0	0.90566
0	0.943396
0	0.943396
0	0.830189
0	0.924528
0	0.943396
0	0.943396
0	0.90566
0	0.962264
0	0.886792
0	0.962264
0	0.943396
0	0.886792
0	0.943396
0	0.962264
0	0.943396
0	0.90566
0	0.924528
0	0.90566
0	0.943396
0	0.924528
0	0.943396
0	0.90566
0	0.867925
0	0.943396
0	0.943396
0	0.867925
0	0.90566
0	0.90566
0	0.962264
0	0.867925
0	0.886792
0	0.962264
0	0.924528
0	0.943396
0	0.943396
0	0.943396
0	0.90566
0	0.90566
0	0.962264
0	0.867925
0	0.90566
0	0.924528
0	0.943396
0	0.924528
0	0.886792
0	0.867925
0	0.943396
0	0.943396
0	0.886792
0	0.962264
0	0.849057
0	0.90566
0	0.90566
0	0.962264
0	0.867925
0	0.924528
0	0.943396
0	0.962264
0	0.962264
0	0.943396
0	0.943396
0	0.830189
0	0.924528
0	0.90566
0	0.867925
0	0.962264
0	0.962264
0	0.90566
0	0.867925
0	0.924528
0	0.924528
0	0.90566
0	0.90566
0	0.962264
0	0.849057
0	0.943396
0	0.849057
0	0.924528
0	0.962264
0	0.962264
0	0.962264
0	0.943396
0	0.924528
0	0.962264
0	0.90566
0	0.962264
0	0.962264
0	0.886792
0	0.886792
0	0.962264
0	0.849057
0	0.90566
0	0.886792
0	0.962264
0	0.90566
0	0.962264
0	0.924528
0	0.943396
0	0.943396
0	0.943396
0	0.962264
0	0.867925
0	0.924528
0	0.962264
0	0.943396
0	0.90566
0	0.962264
0	0.90566
0	0.924528
0	0.924528
0	0.867925
0	0.943396
0	0.886792
0	0.849057
0	0.924528
0	0.90566
0	0.943396
0	0.962264
0	0.90566
0	0.886792
0	0.943396
0	0.962264
0	0.943396
0	0.867925
0	0.962264
0	0.867925
0	0.962264
0	0.943396
0	0.90566
0	0.867925
0	0.962264
0	0.962264
0	0.924528
0	0.886792
0	0.90566
0	0.943396
0	0.943396
0	0.943396
0	0.962264
0	0.886792
0	0.962264
0	0.90566
0	0.849057
0	0.924528
0	0.962264
0	0.943396
0	0.962264
0	0.962264
0	0.924528
0	0.867925
0	0.90566
0	0.943396
0	0.962264
0	0.924528
0	0.90566
0	0.90566
0	0.849057
0	0.886792
0	0.849057
0	0.962264
0	0.924528
0	0.924528
0	0.924528
0	0.962264
0	0.924528
0	0.962264
0	0.924528
0	0.754717
0	0.962264
0	0.962264
0	0.962264
0	0.943396
0	0.962264
0	0.943396
0	0.867925
0	0.962264
0	0.886792
0	0.943396
0	0.962264
0	0.830189
0	0.962264
0	0.90566
0	0.962264
0	0.924528
0	0.849057
0	0.962264
0	0.962264
0	0.962264
0	0.90566
0	0.867925
0	0.943396
0	0.962264
0	0.754717
0	0.962264
0	0.90566
0	0.886792
0	0.886792
0	0.943396
0	0.754717
0	0.90566
0	0.924528
0	0.924528
0	0.962264
0	0.943396
0	0.90566
0	0.924528
0	0.924528
0	0.90566
0	0.924528
0	0.90566
0	0.924528
0	0.924528
0	0.943396
0	0.90566
0	0.886792
0	0.867925
0	0.943396
0	0.943396
0	0.962264
0	0.962264
0	0.924528
0	0.924528
0	0.867925
0	0.962264
0	0.90566
0	0.90566


