# Persistence diagram <GML/0953.gml>
#
# Dimension   : 0
# Entries     : 277
# Betti number: 1
0	inf
0	0.977778
0	0.940741
0	0.911111
0	0.903704
0	0.903704
0	0.977778
0	0.940741
0	0.985185
0	0.977778
0	0.940741
0	0.918519
0	0.977778
0	0.962963
0	0.985185
0	0.933333
0	0.955556
0	0.962963
0	0.977778
0	0.985185
0	0.985185
0	0.962963
0	0.948148
0	0.962963
0	0.948148
0	0.911111
0	0.955556
0	0.896296
0	0.977778
0	0.918519
0	0.977778
0	0.985185
0	0.977778
0	0.903704
0	0.933333
0	0.977778
0	0.940741
0	0.933333
0	0.985185
0	0.977778
0	0.985185
0	0.955556
0	0.911111
0	0.903704
0	0.911111
0	0.977778
0	0.955556
0	0.955556
0	0.985185
0	0.955556
0	0.918519
0	0.940741
0	0.962963
0	0.985185
0	0.896296
0	0.985185
0	0.933333
0	0.911111
0	0.977778
0	0.977778
0	0.97037
0	0.977778
0	0.985185
0	0.977778
0	0.948148
0	0.977778
0	0.977778
0	0.985185
0	0.962963
0	0.97037
0	0.985185
0	0.940741
0	0.977778
0	0.977778
0	0.918519
0	0.896296
0	0.911111
0	0.985185
0	0.948148
0	0.985185
0	0.985185
0	0.977778
0	0.977778
0	0.97037
0	0.977778
0	0.896296
0	0.985185
0	0.985185
0	0.918519
0	0.977778
0	0.977778
0	0.97037
0	0.933333
0	0.962963
0	0.97037
0	0.985185
0	0.962963
0	0.985185
0	0.933333
0	0.948148
0	0.97037
0	0.985185
0	0.962963
0	0.97037
0	0.896296
0	0.97037
0	0.977778
0	0.955556
0	0.97037
0	0.97037
0	0.903704
0	0.985185
0	0.896296
0	0.962963
0	0.955556
0	0.985185
0	0.985185
0	0.985185
0	0.97037
0	0.977778
0	0.985185
0	0.955556
0	0.933333
0	0.911111
0	0.985185
0	0.948148
0	0.985185
0	0.97037
0	0.896296
0	0.977778
0	0.903704
0	0.97037
0	0.940741
0	0.97037
0	0.97037
0	0.955556
0	0.97037
0	0.903704
0	0.933333
0	0.962963
0	0.977778
0	0.97037
0	0.985185
0	0.985185
0	0.903704
0	0.940741
0	0.97037
0	0.985185
0	0.97037
0	0.977778
0	0.985185
0	0.896296
0	0.977778
0	0.955556
0	0.985185
0	0.962963
0	0.97037
0	0.97037
0	0.977778
0	0.933333
0	0.985185
0	0.985185
0	0.933333
0	0.940741
0	0.940741
0	0.977778
0	0.977778
0	0.948148
0	0.962963
0	0.977778
0	0.940741
0	0.97037
0	0.955556
0	0.977778
0	0.97037
0	0.97037
0	0.977778
0	0.985185
0	0.962963
0	0.97037
0	0.985185
0	0.962963
0	0.985185
0	0.977778
0	0.977778
0	0.97037
0	0.97037
0	0.977778
0	0.97037
0	0.977778
0	0.977778
0	0.896296
0	0.985185
0	0.962963
0	0.896296
0	0.896296
0	0.985185
0	0.977778
0	0.918519
0	0.977778
0	0.903704
0	0.97037
0	0.977778
0	0.985185
0	0.985185
0	0.903704
0	0.97037
0	0.985185
0	0.977778
0	0.97037
0	0.911111
0	0.940741
0	0.977778
0	0.985185
0	0.97037
0	0.97037
0	0.896296
0	0.977778
0	0.962963
0	0.948148
0	0.977778
0	0.940741
0	0.97037
0	0.918519
0	0.977778
0	0.933333
0	0.977778
0	0.918519
0	0.977778
0	0.948148
0	0.977778
0	0.977778
0	0.977778
0	0.903704
0	0.955556
0	0.911111
0	0.977778
0	0.962963
0	0.903704
0	0.918519
0	0.977778
0	0.918519
0	0.985185
0	0.955556
0	0.962963
0	0.985185
0	0.940741
0	0.985185
0	0.985185
0	0.911111
0	0.962963
0	0.911111
0	0.977778
0	0.933333
0	0.977778
0	0.977778
0	0.896296
0	0.940741
0	0.948148
0	0.962963
0	0.962963
0	0.977778
0	0.977778
0	0.977778
0	0.896296
0	0.985185
0	0.962963
0	0.985185
0	0.97037
0	0.948148
0	0.977778
0	0.955556
0	0.903704
0	0.977778
0	0.97037
0	0.97037
0	0.955556


