# Persistence diagram <GML/0958.gml>
#
# Dimension   : 0
# Entries     : 73
# Betti number: 1
0	inf
0	0.97416
0	0.992248
0	0.992248
0	0.97416
0	0.979328
0	0.994832
0	0.984496
0	0.989664
0	0.989664
0	0.992248
0	0.994832
0	0.979328
0	0.97416
0	0.989664
0	0.989664
0	0.97416
0	0.97416
0	0.989664
0	0.994832
0	0.989664
0	0.97416
0	0.976744
0	0.989664
0	0.97416
0	0.992248
0	0.994832
0	0.994832
0	0.994832
0	0.994832
0	0.989664
0	0.979328
0	0.97416
0	0.97416
0	0.992248
0	0.979328
0	0.994832
0	0.992248
0	0.979328
0	0.97416
0	0.976744
0	0.992248
0	0.989664
0	0.992248
0	0.994832
0	0.994832
0	0.984496
0	0.994832
0	0.992248
0	0.976744
0	0.976744
0	0.979328
0	0.989664
0	0.97416
0	0.984496
0	0.989664
0	0.994832
0	0.992248
0	0.992248
0	0.992248
0	0.976744
0	0.97416
0	0.994832
0	0.976744
0	0.984496
0	0.994832
0	0.97416
0	0.994832
0	0.994832
0	0.979328
0	0.97416
0	0.989664
0	0.976744


