# Persistence diagram <GML/0959.gml>
#
# Dimension   : 0
# Entries     : 211
# Betti number: 1
0	inf
0	0.987578
0	0.975155
0	0.956522
0	0.962733
0	0.987578
0	0.962733
0	0.956522
0	0.913043
0	0.962733
0	0.975155
0	0.956522
0	0.987578
0	0.950311
0	0.962733
0	0.944099
0	0.987578
0	0.962733
0	0.919255
0	0.981366
0	0.975155
0	0.981366
0	0.931677
0	0.950311
0	0.944099
0	0.931677
0	0.956522
0	0.981366
0	0.956522
0	0.962733
0	0.956522
0	0.913043
0	0.956522
0	0.962733
0	0.987578
0	0.944099
0	0.981366
0	0.962733
0	0.956522
0	0.913043
0	0.913043
0	0.987578
0	0.962733
0	0.962733
0	0.981366
0	0.968944
0	0.962733
0	0.919255
0	0.956522
0	0.987578
0	0.962733
0	0.931677
0	0.956522
0	0.987578
0	0.950311
0	0.981366
0	0.987578
0	0.956522
0	0.956522
0	0.931677
0	0.956522
0	0.981366
0	0.981366
0	0.981366
0	0.981366
0	0.931677
0	0.962733
0	0.931677
0	0.944099
0	0.981366
0	0.919255
0	0.975155
0	0.975155
0	0.931677
0	0.956522
0	0.931677
0	0.962733
0	0.987578
0	0.931677
0	0.950311
0	0.981366
0	0.987578
0	0.913043
0	0.981366
0	0.956522
0	0.919255
0	0.968944
0	0.950311
0	0.987578
0	0.944099
0	0.962733
0	0.962733
0	0.956522
0	0.987578
0	0.931677
0	0.962733
0	0.987578
0	0.981366
0	0.962733
0	0.975155
0	0.956522
0	0.987578
0	0.956522
0	0.962733
0	0.913043
0	0.962733
0	0.956522
0	0.975155
0	0.987578
0	0.981366
0	0.987578
0	0.944099
0	0.981366
0	0.919255
0	0.975155
0	0.956522
0	0.931677
0	0.962733
0	0.956522
0	0.987578
0	0.987578
0	0.919255
0	0.968944
0	0.931677
0	0.987578
0	0.962733
0	0.987578
0	0.931677
0	0.931677
0	0.987578
0	0.950311
0	0.975155
0	0.950311
0	0.956522
0	0.981366
0	0.981366
0	0.950311
0	0.944099
0	0.975155
0	0.987578
0	0.962733
0	0.987578
0	0.987578
0	0.944099
0	0.975155
0	0.931677
0	0.956522
0	0.987578
0	0.981366
0	0.987578
0	0.962733
0	0.987578
0	0.968944
0	0.975155
0	0.962733
0	0.981366
0	0.968944
0	0.968944
0	0.981366
0	0.931677
0	0.981366
0	0.975155
0	0.981366
0	0.950311
0	0.981366
0	0.981366
0	0.931677
0	0.962733
0	0.919255
0	0.975155
0	0.950311
0	0.981366
0	0.981366
0	0.962733
0	0.944099
0	0.931677
0	0.956522
0	0.968944
0	0.931677
0	0.962733
0	0.919255
0	0.913043
0	0.956522
0	0.956522
0	0.956522
0	0.944099
0	0.987578
0	0.950311
0	0.962733
0	0.962733
0	0.981366
0	0.931677
0	0.956522
0	0.975155
0	0.956522
0	0.931677
0	0.962733
0	0.956522
0	0.987578
0	0.987578
0	0.981366
0	0.919255
0	0.968944
0	0.913043
0	0.962733
0	0.975155
0	0.981366
0	0.981366
0	0.987578
0	0.975155
0	0.956522


