# Persistence diagram <GML/0962.gml>
#
# Dimension   : 1
# Entries     : 34
# Betti number: 33
0.964286	inf
0.964286	inf
0.968254	inf
0.968254	inf
0.968254	0.97619
0.968254	inf
0.972222	inf
0.972222	inf
0.972222	inf
0.972222	inf
0.972222	inf
0.972222	inf
0.980159	inf
0.980159	inf
0.980159	inf
0.980159	inf
0.984127	inf
0.984127	inf
0.984127	inf
0.984127	inf
0.984127	inf
0.984127	inf
0.984127	inf
0.988095	inf
0.988095	inf
0.988095	inf
0.988095	inf
0.988095	inf
0.988095	inf
0.988095	inf
0.992063	inf
0.992063	inf
0.992063	inf
0.992063	inf
