# Persistence diagram <GML/0966.gml>
#
# Dimension   : 1
# Entries     : 38
# Betti number: 38
0.913462	inf
0.923077	inf
0.932692	inf
0.942308	inf
0.942308	inf
0.942308	inf
0.942308	inf
0.942308	inf
0.942308	inf
0.942308	inf
0.951923	inf
0.951923	inf
0.951923	inf
0.951923	inf
0.951923	inf
0.951923	inf
0.951923	inf
0.961538	inf
0.961538	inf
0.961538	inf
0.961538	inf
0.961538	inf
0.961538	inf
0.961538	inf
0.971154	inf
0.971154	inf
0.971154	inf
0.971154	inf
0.971154	inf
0.971154	inf
0.971154	inf
0.971154	inf
0.980769	inf
0.980769	inf
0.980769	inf
0.980769	inf
0.980769	inf
0.980769	inf
