# Persistence diagram <GML/0967.gml>
#
# Dimension   : 0
# Entries     : 314
# Betti number: 1
0	inf
0	0.964286
0	0.964286
0	0.904762
0	0.928571
0	0.904762
0	0.845238
0	0.952381
0	0.964286
0	0.964286
0	0.964286
0	0.916667
0	0.97619
0	0.928571
0	0.928571
0	0.97619
0	0.940476
0	0.928571
0	0.940476
0	0.97619
0	0.97619
0	0.940476
0	0.940476
0	0.964286
0	0.964286
0	0.952381
0	0.940476
0	0.952381
0	0.928571
0	0.845238
0	0.904762
0	0.952381
0	0.940476
0	0.952381
0	0.940476
0	0.904762
0	0.940476
0	0.97619
0	0.964286
0	0.928571
0	0.952381
0	0.940476
0	0.916667
0	0.940476
0	0.952381
0	0.904762
0	0.904762
0	0.964286
0	0.952381
0	0.97619
0	0.869048
0	0.952381
0	0.904762
0	0.97619
0	0.964286
0	0.916667
0	0.952381
0	0.97619
0	0.952381
0	0.952381
0	0.964286
0	0.952381
0	0.952381
0	0.964286
0	0.940476
0	0.928571
0	0.952381
0	0.952381
0	0.97619
0	0.940476
0	0.904762
0	0.964286
0	0.964286
0	0.952381
0	0.964286
0	0.928571
0	0.952381
0	0.97619
0	0.97619
0	0.916667
0	0.904762
0	0.928571
0	0.940476
0	0.928571
0	0.97619
0	0.964286
0	0.940476
0	0.916667
0	0.97619
0	0.952381
0	0.964286
0	0.964286
0	0.97619
0	0.97619
0	0.97619
0	0.928571
0	0.97619
0	0.952381
0	0.928571
0	0.928571
0	0.952381
0	0.952381
0	0.964286
0	0.952381
0	0.952381
0	0.97619
0	0.940476
0	0.940476
0	0.964286
0	0.928571
0	0.940476
0	0.952381
0	0.928571
0	0.916667
0	0.928571
0	0.845238
0	0.904762
0	0.964286
0	0.904762
0	0.964286
0	0.845238
0	0.952381
0	0.940476
0	0.952381
0	0.928571
0	0.952381
0	0.952381
0	0.904762
0	0.904762
0	0.952381
0	0.964286
0	0.904762
0	0.916667
0	0.97619
0	0.97619
0	0.869048
0	0.964286
0	0.97619
0	0.97619
0	0.964286
0	0.869048
0	0.952381
0	0.916667
0	0.97619
0	0.97619
0	0.97619
0	0.952381
0	0.904762
0	0.904762
0	0.928571
0	0.97619
0	0.97619
0	0.97619
0	0.964286
0	0.964286
0	0.904762
0	0.964286
0	0.904762
0	0.928571
0	0.964286
0	0.952381
0	0.952381
0	0.964286
0	0.964286
0	0.940476
0	0.952381
0	0.97619
0	0.964286
0	0.928571
0	0.916667
0	0.964286
0	0.952381
0	0.940476
0	0.928571
0	0.952381
0	0.952381
0	0.904762
0	0.904762
0	0.97619
0	0.97619
0	0.97619
0	0.952381
0	0.952381
0	0.97619
0	0.928571
0	0.916667
0	0.952381
0	0.940476
0	0.940476
0	0.964286
0	0.964286
0	0.928571
0	0.952381
0	0.97619
0	0.97619
0	0.964286
0	0.964286
0	0.845238
0	0.916667
0	0.952381
0	0.952381
0	0.904762
0	0.928571
0	0.845238
0	0.964286
0	0.952381
0	0.869048
0	0.904762
0	0.97619
0	0.964286
0	0.904762
0	0.845238
0	0.97619
0	0.928571
0	0.97619
0	0.904762
0	0.97619
0	0.904762
0	0.904762
0	0.97619
0	0.904762
0	0.904762
0	0.904762
0	0.940476
0	0.940476
0	0.928571
0	0.845238
0	0.904762
0	0.952381
0	0.964286
0	0.964286
0	0.952381
0	0.869048
0	0.869048
0	0.904762
0	0.940476
0	0.97619
0	0.904762
0	0.904762
0	0.964286
0	0.928571
0	0.928571
0	0.916667
0	0.952381
0	0.869048
0	0.940476
0	0.904762
0	0.928571
0	0.928571
0	0.916667
0	0.940476
0	0.952381
0	0.869048
0	0.952381
0	0.916667
0	0.964286
0	0.928571
0	0.952381
0	0.916667
0	0.964286
0	0.952381
0	0.940476
0	0.940476
0	0.952381
0	0.964286
0	0.928571
0	0.97619
0	0.952381
0	0.952381
0	0.952381
0	0.928571
0	0.964286
0	0.928571
0	0.952381
0	0.904762
0	0.952381
0	0.964286
0	0.964286
0	0.97619
0	0.952381
0	0.952381
0	0.97619
0	0.928571
0	0.952381
0	0.964286
0	0.940476
0	0.940476
0	0.869048
0	0.928571
0	0.940476
0	0.928571
0	0.97619
0	0.952381
0	0.964286
0	0.940476
0	0.904762
0	0.928571
0	0.904762
0	0.952381
0	0.904762
0	0.928571
0	0.97619
0	0.904762
0	0.904762
0	0.904762
0	0.97619
0	0.952381
0	0.97619
0	0.904762
0	0.964286
0	0.964286
0	0.904762
0	0.964286
0	0.940476


