# Persistence diagram <GML/0973.gml>
#
# Dimension   : 0
# Entries     : 301
# Betti number: 1
0	inf
0	0.92
0	0.95
0	0.89
0	0.97
0	0.96
0	0.98
0	0.97
0	0.89
0	0.98
0	0.92
0	0.97
0	0.96
0	0.98
0	0.88
0	0.96
0	0.98
0	0.96
0	0.97
0	0.81
0	0.94
0	0.83
0	0.95
0	0.96
0	0.97
0	0.95
0	0.88
0	0.94
0	0.97
0	0.97
0	0.94
0	0.94
0	0.95
0	0.95
0	0.96
0	0.89
0	0.95
0	0.96
0	0.98
0	0.98
0	0.94
0	0.97
0	0.98
0	0.83
0	0.94
0	0.95
0	0.96
0	0.97
0	0.95
0	0.95
0	0.95
0	0.81
0	0.95
0	0.96
0	0.95
0	0.89
0	0.95
0	0.98
0	0.97
0	0.97
0	0.89
0	0.97
0	0.98
0	0.97
0	0.98
0	0.96
0	0.83
0	0.97
0	0.97
0	0.97
0	0.96
0	0.96
0	0.89
0	0.96
0	0.92
0	0.88
0	0.83
0	0.96
0	0.98
0	0.97
0	0.97
0	0.98
0	0.96
0	0.98
0	0.95
0	0.98
0	0.95
0	0.94
0	0.94
0	0.95
0	0.98
0	0.88
0	0.98
0	0.88
0	0.97
0	0.97
0	0.96
0	0.98
0	0.97
0	0.98
0	0.95
0	0.95
0	0.97
0	0.95
0	0.98
0	0.94
0	0.98
0	0.94
0	0.81
0	0.96
0	0.97
0	0.96
0	0.94
0	0.81
0	0.94
0	0.92
0	0.81
0	0.98
0	0.88
0	0.96
0	0.96
0	0.96
0	0.97
0	0.95
0	0.96
0	0.83
0	0.81
0	0.98
0	0.94
0	0.94
0	0.98
0	0.88
0	0.97
0	0.98
0	0.98
0	0.96
0	0.87
0	0.97
0	0.94
0	0.96
0	0.92
0	0.98
0	0.98
0	0.97
0	0.93
0	0.83
0	0.98
0	0.98
0	0.95
0	0.81
0	0.98
0	0.97
0	0.96
0	0.81
0	0.81
0	0.96
0	0.88
0	0.98
0	0.96
0	0.98
0	0.96
0	0.96
0	0.95
0	0.95
0	0.95
0	0.98
0	0.95
0	0.97
0	0.95
0	0.96
0	0.98
0	0.97
0	0.97
0	0.87
0	0.89
0	0.97
0	0.83
0	0.98
0	0.98
0	0.96
0	0.98
0	0.94
0	0.96
0	0.98
0	0.98
0	0.98
0	0.89
0	0.98
0	0.96
0	0.97
0	0.81
0	0.89
0	0.95
0	0.92
0	0.94
0	0.83
0	0.98
0	0.97
0	0.98
0	0.97
0	0.89
0	0.89
0	0.81
0	0.88
0	0.87
0	0.98
0	0.97
0	0.87
0	0.81
0	0.98
0	0.95
0	0.96
0	0.94
0	0.96
0	0.96
0	0.98
0	0.87
0	0.89
0	0.98
0	0.83
0	0.96
0	0.94
0	0.96
0	0.97
0	0.89
0	0.97
0	0.97
0	0.83
0	0.93
0	0.81
0	0.98
0	0.87
0	0.96
0	0.83
0	0.98
0	0.98
0	0.98
0	0.98
0	0.94
0	0.94
0	0.97
0	0.96
0	0.96
0	0.81
0	0.89
0	0.96
0	0.88
0	0.94
0	0.94
0	0.92
0	0.87
0	0.97
0	0.83
0	0.98
0	0.96
0	0.98
0	0.95
0	0.93
0	0.94
0	0.92
0	0.97
0	0.98
0	0.97
0	0.97
0	0.89
0	0.83
0	0.96
0	0.94
0	0.94
0	0.96
0	0.98
0	0.97
0	0.95
0	0.95
0	0.97
0	0.96
0	0.97
0	0.81
0	0.95
0	0.96
0	0.88
0	0.96
0	0.94
0	0.98
0	0.97
0	0.81
0	0.95
0	0.98
0	0.89
0	0.98
0	0.97
0	0.83
0	0.89
0	0.96
0	0.98
0	0.95
0	0.98
0	0.94
0	0.98
0	0.97
0	0.97


