# Persistence diagram <GML/0976.gml>
#
# Dimension   : 0
# Entries     : 282
# Betti number: 1
0	inf
0	0.952381
0	0.738095
0	0.809524
0	0.904762
0	0.619048
0	0.833333
0	0.952381
0	0.595238
0	0.452381
0	0.785714
0	0.5
0	0.952381
0	0.928571
0	0.452381
0	0.714286
0	0.952381
0	0.690476
0	0.452381
0	0.904762
0	0.690476
0	0.690476
0	0.928571
0	0.904762
0	0.785714
0	0.952381
0	0.880952
0	0.666667
0	0.928571
0	0.5
0	0.809524
0	0.809524
0	0.5
0	0.785714
0	0.690476
0	0.833333
0	0.809524
0	0.452381
0	0.452381
0	0.904762
0	0.833333
0	0.666667
0	0.809524
0	0.738095
0	0.928571
0	0.833333
0	0.5
0	0.952381
0	0.880952
0	0.952381
0	0.857143
0	0.880952
0	0.5
0	0.5
0	0.952381
0	0.714286
0	0.928571
0	0.809524
0	0.452381
0	0.880952
0	0.928571
0	0.833333
0	0.904762
0	0.785714
0	0.904762
0	0.880952
0	0.714286
0	0.666667
0	0.595238
0	0.952381
0	0.595238
0	0.785714
0	0.904762
0	0.452381
0	0.595238
0	0.928571
0	0.904762
0	0.5
0	0.738095
0	0.833333
0	0.619048
0	0.452381
0	0.595238
0	0.452381
0	0.857143
0	0.880952
0	0.833333
0	0.5
0	0.714286
0	0.928571
0	0.904762
0	0.595238
0	0.904762
0	0.785714
0	0.928571
0	0.785714
0	0.952381
0	0.857143
0	0.785714
0	0.833333
0	0.928571
0	0.952381
0	0.809524
0	0.5
0	0.714286
0	0.785714
0	0.666667
0	0.666667
0	0.928571
0	0.5
0	0.833333
0	0.809524
0	0.809524
0	0.714286
0	0.666667
0	0.809524
0	0.928571
0	0.619048
0	0.452381
0	0.904762
0	0.952381
0	0.595238
0	0.785714
0	0.619048
0	0.880952
0	0.952381
0	0.928571
0	0.714286
0	0.809524
0	0.952381
0	0.595238
0	0.619048
0	0.619048
0	0.833333
0	0.904762
0	0.928571
0	0.785714
0	0.880952
0	0.785714
0	0.880952
0	0.690476
0	0.904762
0	0.833333
0	0.714286
0	0.952381
0	0.785714
0	0.595238
0	0.809524
0	0.952381
0	0.690476
0	0.904762
0	0.833333
0	0.809524
0	0.452381
0	0.952381
0	0.595238
0	0.619048
0	0.595238
0	0.833333
0	0.809524
0	0.666667
0	0.928571
0	0.595238
0	0.833333
0	0.904762
0	0.833333
0	0.904762
0	0.904762
0	0.690476
0	0.690476
0	0.809524
0	0.619048
0	0.904762
0	0.452381
0	0.952381
0	0.619048
0	0.738095
0	0.904762
0	0.833333
0	0.5
0	0.5
0	0.928571
0	0.785714
0	0.928571
0	0.857143
0	0.595238
0	0.5
0	0.904762
0	0.952381
0	0.5
0	0.833333
0	0.928571
0	0.880952
0	0.904762
0	0.880952
0	0.833333
0	0.619048
0	0.833333
0	0.714286
0	0.738095
0	0.452381
0	0.833333
0	0.952381
0	0.904762
0	0.833333
0	0.5
0	0.666667
0	0.452381
0	0.952381
0	0.5
0	0.785714
0	0.666667
0	0.928571
0	0.452381
0	0.904762
0	0.880952
0	0.452381
0	0.738095
0	0.928571
0	0.619048
0	0.452381
0	0.833333
0	0.452381
0	0.833333
0	0.928571
0	0.928571
0	0.690476
0	0.738095
0	0.452381
0	0.809524
0	0.928571
0	0.904762
0	0.619048
0	0.809524
0	0.952381
0	0.904762
0	0.904762
0	0.690476
0	0.785714
0	0.904762
0	0.952381
0	0.595238
0	0.785714
0	0.904762
0	0.833333
0	0.880952
0	0.880952
0	0.452381
0	0.928571
0	0.928571
0	0.833333
0	0.928571
0	0.714286
0	0.952381
0	0.690476
0	0.880952
0	0.928571
0	0.595238
0	0.452381
0	0.952381
0	0.928571
0	0.833333
0	0.904762
0	0.928571
0	0.904762
0	0.809524
0	0.928571
0	0.904762
0	0.928571
0	0.952381
0	0.5
0	0.5
0	0.952381
0	0.928571
0	0.904762
0	0.5
0	0.619048
0	0.833333
0	0.619048
0	0.619048
0	0.809524
0	0.666667


