# Persistence diagram <GML/0978.gml>
#
# Dimension   : 0
# Entries     : 166
# Betti number: 2
0	inf
0	0.991416
0	0.987124
0	0.982833
0	0.987124
0	0.978541
0	0.982833
0	0.982833
0	0.991416
0	0.987124
0	0.982833
0	0.978541
0	0.978541
0	0.982833
0	0.965665
0	0.991416
0	0.965665
0	0.978541
0	0.991416
0	0.982833
0	0.927039
0	0.927039
0	0.982833
0	0.969957
0	0.982833
0	0.987124
0	0.969957
0	0.987124
0	0.969957
0	0.965665
0	0.927039
0	0.987124
0	0.987124
0	0.944206
0	0.991416
0	0.987124
0	0.991416
0	0.927039
0	0.978541
0	0.974249
0	0.978541
0	0.965665
0	0.969957
0	0.965665
0	0.991416
0	0.982833
0	0.965665
0	0.965665
0	0.982833
0	0.987124
0	0.965665
0	0.987124
0	0.978541
0	0.927039
0	0.969957
0	0.927039
0	0.965665
0	0.944206
0	0.991416
0	0.927039
0	0.987124
0	0.944206
0	0.982833
0	0.978541
0	0.978541
0	0.944206
0	0.982833
0	0.927039
0	0.969957
0	0.965665
0	0.982833
0	0.982833
0	inf
0	0.982833
0	0.987124
0	0.991416
0	0.991416
0	0.965665
0	0.969957
0	0.969957
0	0.969957
0	0.978541
0	0.991416
0	0.965665
0	0.991416
0	0.991416
0	0.982833
0	0.978541
0	0.982833
0	0.987124
0	0.987124
0	0.987124
0	0.978541
0	0.982833
0	0.987124
0	0.991416
0	0.991416
0	0.991416
0	0.965665
0	0.978541
0	0.982833
0	0.991416
0	0.965665
0	0.965665
0	0.978541
0	0.987124
0	0.944206
0	0.982833
0	0.944206
0	0.982833
0	0.982833
0	0.987124
0	0.982833
0	0.982833
0	0.944206
0	0.987124
0	0.978541
0	0.978541
0	0.987124
0	0.987124
0	0.969957
0	0.978541
0	0.995708
0	0.982833
0	0.927039
0	0.978541
0	0.969957
0	0.982833
0	0.978541
0	0.991416
0	0.982833
0	0.991416
0	0.982833
0	0.991416
0	0.982833
0	0.987124
0	0.944206
0	0.927039
0	0.978541
0	0.991416
0	0.978541
0	0.969957
0	0.982833
0	0.987124
0	0.965665
0	0.978541
0	0.991416
0	0.978541
0	0.944206
0	0.982833
0	0.974249
0	0.965665
0	0.982833
0	0.991416
0	0.965665
0	0.991416
0	0.978541
0	0.982833
0	0.982833
0	0.982833
0	0.944206
0	0.969957
0	0.969957
0	0.982833
0	0.987124
0	0.944206


