# Persistence diagram <GML/0981.gml>
#
# Dimension   : 1
# Entries     : 53
# Betti number: 53
0.953846	inf
0.953846	inf
0.964103	inf
0.964103	inf
0.964103	inf
0.964103	inf
0.964103	inf
0.964103	inf
0.969231	inf
0.969231	inf
0.969231	inf
0.974359	inf
0.974359	inf
0.974359	inf
0.974359	inf
0.974359	inf
0.974359	inf
0.974359	inf
0.974359	inf
0.974359	inf
0.974359	inf
0.979487	inf
0.979487	inf
0.979487	inf
0.979487	inf
0.979487	inf
0.979487	inf
0.979487	inf
0.979487	inf
0.979487	inf
0.979487	inf
0.979487	inf
0.979487	inf
0.979487	inf
0.979487	inf
0.979487	inf
0.979487	inf
0.984615	inf
0.984615	inf
0.984615	inf
0.984615	inf
0.984615	inf
0.984615	inf
0.984615	inf
0.984615	inf
0.984615	inf
0.984615	inf
0.984615	inf
0.984615	inf
0.989744	inf
0.989744	inf
0.989744	inf
0.989744	inf
