# Persistence diagram <GML/0985.gml>
#
# Dimension   : 1
# Entries     : 42
# Betti number: 42
0.842697	inf
0.842697	inf
0.842697	inf
0.921348	inf
0.921348	inf
0.921348	inf
0.921348	inf
0.932584	inf
0.932584	inf
0.932584	inf
0.932584	inf
0.94382	inf
0.94382	inf
0.94382	inf
0.94382	inf
0.94382	inf
0.955056	inf
0.955056	inf
0.955056	inf
0.955056	inf
0.955056	inf
0.955056	inf
0.955056	inf
0.955056	inf
0.955056	inf
0.955056	inf
0.955056	inf
0.955056	inf
0.955056	inf
0.966292	inf
0.966292	inf
0.966292	inf
0.966292	inf
0.966292	inf
0.966292	inf
0.966292	inf
0.966292	inf
0.966292	inf
0.966292	inf
0.977528	inf
0.977528	inf
0.977528	inf
