# Persistence diagram <GML/0986.gml>
#
# Dimension   : 0
# Entries     : 328
# Betti number: 1
0	inf
0	0.974684
0	0.873418
0	0.924051
0	0.949367
0	0.962025
0	0.924051
0	0.962025
0	0.962025
0	0.949367
0	0.974684
0	0.911392
0	0.962025
0	0.924051
0	0.974684
0	0.924051
0	0.772152
0	0.949367
0	0.835443
0	0.924051
0	0.974684
0	0.835443
0	0.949367
0	0.949367
0	0.835443
0	0.974684
0	0.974684
0	0.936709
0	0.848101
0	0.924051
0	0.949367
0	0.936709
0	0.949367
0	0.974684
0	0.962025
0	0.848101
0	0.873418
0	0.974684
0	0.772152
0	0.962025
0	0.949367
0	0.822785
0	0.835443
0	0.962025
0	0.848101
0	0.822785
0	0.835443
0	0.974684
0	0.822785
0	0.924051
0	0.936709
0	0.924051
0	0.936709
0	0.962025
0	0.924051
0	0.962025
0	0.848101
0	0.822785
0	0.822785
0	0.911392
0	0.924051
0	0.924051
0	0.924051
0	0.772152
0	0.924051
0	0.924051
0	0.936709
0	0.962025
0	0.772152
0	0.822785
0	0.962025
0	0.924051
0	0.835443
0	0.873418
0	0.936709
0	0.949367
0	0.962025
0	0.936709
0	0.772152
0	0.822785
0	0.924051
0	0.962025
0	0.936709
0	0.924051
0	0.848101
0	0.936709
0	0.936709
0	0.898734
0	0.835443
0	0.772152
0	0.974684
0	0.873418
0	0.936709
0	0.949367
0	0.835443
0	0.949367
0	0.949367
0	0.822785
0	0.822785
0	0.949367
0	0.974684
0	0.898734
0	0.886076
0	0.962025
0	0.924051
0	0.822785
0	0.936709
0	0.962025
0	0.974684
0	0.962025
0	0.974684
0	0.974684
0	0.835443
0	0.974684
0	0.835443
0	0.911392
0	0.924051
0	0.772152
0	0.911392
0	0.949367
0	0.924051
0	0.962025
0	0.835443
0	0.886076
0	0.848101
0	0.822785
0	0.936709
0	0.974684
0	0.974684
0	0.822785
0	0.924051
0	0.949367
0	0.936709
0	0.974684
0	0.949367
0	0.962025
0	0.924051
0	0.962025
0	0.924051
0	0.835443
0	0.974684
0	0.924051
0	0.936709
0	0.974684
0	0.949367
0	0.962025
0	0.772152
0	0.962025
0	0.962025
0	0.962025
0	0.974684
0	0.962025
0	0.974684
0	0.924051
0	0.974684
0	0.949367
0	0.974684
0	0.848101
0	0.962025
0	0.936709
0	0.873418
0	0.949367
0	0.974684
0	0.949367
0	0.936709
0	0.822785
0	0.835443
0	0.886076
0	0.924051
0	0.949367
0	0.974684
0	0.974684
0	0.949367
0	0.974684
0	0.949367
0	0.936709
0	0.936709
0	0.772152
0	0.936709
0	0.772152
0	0.924051
0	0.949367
0	0.848101
0	0.924051
0	0.974684
0	0.936709
0	0.822785
0	0.949367
0	0.924051
0	0.974684
0	0.936709
0	0.974684
0	0.898734
0	0.936709
0	0.974684
0	0.974684
0	0.974684
0	0.924051
0	0.974684
0	0.936709
0	0.936709
0	0.848101
0	0.835443
0	0.911392
0	0.962025
0	0.873418
0	0.898734
0	0.936709
0	0.772152
0	0.974684
0	0.936709
0	0.962025
0	0.962025
0	0.873418
0	0.924051
0	0.974684
0	0.949367
0	0.962025
0	0.949367
0	0.974684
0	0.974684
0	0.822785
0	0.924051
0	0.924051
0	0.936709
0	0.962025
0	0.822785
0	0.936709
0	0.949367
0	0.962025
0	0.974684
0	0.924051
0	0.886076
0	0.886076
0	0.974684
0	0.936709
0	0.974684
0	0.949367
0	0.822785
0	0.898734
0	0.898734
0	0.772152
0	0.886076
0	0.974684
0	0.949367
0	0.924051
0	0.924051
0	0.962025
0	0.936709
0	0.949367
0	0.949367
0	0.936709
0	0.962025
0	0.974684
0	0.936709
0	0.936709
0	0.962025
0	0.936709
0	0.949367
0	0.911392
0	0.936709
0	0.949367
0	0.911392
0	0.974684
0	0.822785
0	0.822785
0	0.962025
0	0.949367
0	0.835443
0	0.924051
0	0.772152
0	0.962025
0	0.886076
0	0.924051
0	0.886076
0	0.949367
0	0.924051
0	0.772152
0	0.911392
0	0.911392
0	0.835443
0	0.822785
0	0.949367
0	0.962025
0	0.949367
0	0.974684
0	0.772152
0	0.962025
0	0.936709
0	0.936709
0	0.949367
0	0.949367
0	0.835443
0	0.835443
0	0.962025
0	0.949367
0	0.962025
0	0.962025
0	0.924051
0	0.936709
0	0.974684
0	0.949367
0	0.936709
0	0.924051
0	0.924051
0	0.962025
0	0.772152
0	0.936709
0	0.949367
0	0.974684
0	0.962025
0	0.822785
0	0.936709
0	0.835443
0	0.974684
0	0.873418
0	0.822785
0	0.835443
0	0.936709
0	0.822785
0	0.924051
0	0.835443
0	0.974684
0	0.822785
0	0.924051
0	0.848101
0	0.949367
0	0.822785


