# Persistence diagram <GML/0990.gml>
#
# Dimension   : 0
# Entries     : 280
# Betti number: 3
0	inf
0	0.971429
0	0.980952
0	0.971429
0	0.980952
0	0.980952
0	0.961905
0	0.92381
0	0.971429
0	0.904762
0	0.980952
0	0.952381
0	0.952381
0	0.942857
0	0.961905
0	0.92381
0	inf
0	0.933333
0	0.790476
0	0.980952
0	0.980952
0	0.847619
0	0.980952
0	0.92381
0	0.961905
0	0.961905
0	0.790476
0	0.961905
0	0.942857
0	0.971429
0	0.980952
0	0.942857
0	0.942857
0	0.980952
0	0.952381
0	0.980952
0	inf
0	0.92381
0	0.847619
0	0.942857
0	0.790476
0	0.904762
0	0.971429
0	0.933333
0	0.952381
0	0.952381
0	0.952381
0	0.980952
0	0.952381
0	0.961905
0	0.971429
0	0.952381
0	0.980952
0	0.980952
0	0.904762
0	0.971429
0	0.914286
0	0.914286
0	0.980952
0	0.895238
0	0.847619
0	0.961905
0	0.952381
0	0.952381
0	0.961905
0	0.895238
0	0.961905
0	0.971429
0	0.952381
0	0.980952
0	0.895238
0	0.952381
0	0.961905
0	0.980952
0	0.961905
0	0.790476
0	0.961905
0	0.980952
0	0.92381
0	0.980952
0	0.92381
0	0.971429
0	0.971429
0	0.971429
0	0.952381
0	0.961905
0	0.933333
0	0.980952
0	0.961905
0	0.971429
0	0.952381
0	0.971429
0	0.971429
0	0.92381
0	0.961905
0	0.971429
0	0.942857
0	0.92381
0	0.847619
0	0.92381
0	0.961905
0	0.980952
0	0.961905
0	0.980952
0	0.971429
0	0.790476
0	0.961905
0	0.895238
0	0.971429
0	0.952381
0	0.971429
0	0.971429
0	0.847619
0	0.933333
0	0.980952
0	0.961905
0	0.914286
0	0.980952
0	0.904762
0	0.980952
0	0.961905
0	0.952381
0	0.952381
0	0.92381
0	0.895238
0	0.980952
0	0.961905
0	0.961905
0	0.980952
0	0.904762
0	0.980952
0	0.961905
0	0.961905
0	0.961905
0	0.914286
0	0.980952
0	0.790476
0	0.980952
0	0.952381
0	0.92381
0	0.980952
0	0.952381
0	0.980952
0	0.92381
0	0.904762
0	0.952381
0	0.952381
0	0.92381
0	0.980952
0	0.961905
0	0.790476
0	0.971429
0	0.952381
0	0.971429
0	0.914286
0	0.971429
0	0.980952
0	0.942857
0	0.942857
0	0.971429
0	0.790476
0	0.980952
0	0.980952
0	0.961905
0	0.980952
0	0.971429
0	0.971429
0	0.933333
0	0.980952
0	0.971429
0	0.971429
0	0.952381
0	0.904762
0	0.790476
0	0.92381
0	0.980952
0	0.961905
0	0.961905
0	0.790476
0	0.790476
0	0.790476
0	0.847619
0	0.847619
0	0.971429
0	0.961905
0	0.92381
0	0.914286
0	0.971429
0	0.92381
0	0.980952
0	0.980952
0	0.952381
0	0.952381
0	0.980952
0	0.790476
0	0.952381
0	0.952381
0	0.790476
0	0.952381
0	0.980952
0	0.980952
0	0.952381
0	0.895238
0	0.895238
0	0.895238
0	0.980952
0	0.847619
0	0.92381
0	0.942857
0	0.961905
0	0.980952
0	0.961905
0	0.952381
0	0.904762
0	0.952381
0	0.980952
0	0.952381
0	0.980952
0	0.952381
0	0.961905
0	0.933333
0	0.990476
0	0.942857
0	0.961905
0	0.980952
0	0.980952
0	0.933333
0	0.790476
0	0.847619
0	0.971429
0	0.980952
0	0.980952
0	0.961905
0	0.790476
0	0.790476
0	0.980952
0	0.914286
0	0.933333
0	0.980952
0	0.980952
0	0.980952
0	0.980952
0	0.952381
0	0.961905
0	0.980952
0	0.952381
0	0.961905
0	0.895238
0	0.895238
0	0.790476
0	0.92381
0	0.980952
0	0.92381
0	0.971429
0	0.971429
0	0.952381
0	0.961905
0	0.933333
0	0.895238
0	0.980952
0	0.933333
0	0.980952
0	0.92381
0	0.790476
0	0.980952
0	0.914286
0	0.980952
0	0.92381
0	0.942857
0	0.952381
0	0.790476
0	0.92381
0	0.971429
0	0.971429
0	0.847619
0	0.92381
0	0.980952
0	0.980952
0	0.92381
0	0.904762


