# Persistence diagram <GML/0994.gml>
#
# Dimension   : 1
# Entries     : 40
# Betti number: 40
0.617647	inf
0.617647	inf
0.617647	inf
0.735294	inf
0.735294	inf
0.735294	inf
0.735294	inf
0.735294	inf
0.735294	inf
0.735294	inf
0.735294	inf
0.764706	inf
0.794118	inf
0.794118	inf
0.794118	inf
0.823529	inf
0.823529	inf
0.823529	inf
0.823529	inf
0.823529	inf
0.823529	inf
0.823529	inf
0.823529	inf
0.852941	inf
0.852941	inf
0.852941	inf
0.852941	inf
0.852941	inf
0.882353	inf
0.911765	inf
0.911765	inf
0.911765	inf
0.911765	inf
0.911765	inf
0.911765	inf
0.941176	inf
0.941176	inf
0.941176	inf
0.941176	inf
0.941176	inf
