# Persistence diagram <GML/0995.gml>
#
# Dimension   : 1
# Entries     : 43
# Betti number: 43
0.947867	inf
0.952607	inf
0.952607	inf
0.952607	inf
0.952607	inf
0.952607	inf
0.952607	inf
0.952607	inf
0.966825	inf
0.966825	inf
0.966825	inf
0.966825	inf
0.966825	inf
0.966825	inf
0.966825	inf
0.966825	inf
0.966825	inf
0.971564	inf
0.971564	inf
0.971564	inf
0.971564	inf
0.971564	inf
0.976303	inf
0.976303	inf
0.976303	inf
0.976303	inf
0.976303	inf
0.981043	inf
0.981043	inf
0.985782	inf
0.985782	inf
0.985782	inf
0.985782	inf
0.985782	inf
0.985782	inf
0.990521	inf
0.990521	inf
0.990521	inf
0.990521	inf
0.990521	inf
0.990521	inf
0.990521	inf
0.990521	inf
