# Persistence diagram <GML/0999.gml>
#
# Dimension   : 0
# Entries     : 147
# Betti number: 1
0	inf
0	0.960177
0	0.986726
0	0.969027
0	0.911504
0	0.99115
0	0.964602
0	0.969027
0	0.915929
0	0.982301
0	0.915929
0	0.986726
0	0.973451
0	0.911504
0	0.986726
0	0.986726
0	0.911504
0	0.969027
0	0.911504
0	0.915929
0	0.99115
0	0.982301
0	0.982301
0	0.960177
0	0.964602
0	0.977876
0	0.960177
0	0.915929
0	0.964602
0	0.982301
0	0.960177
0	0.986726
0	0.986726
0	0.986726
0	0.915929
0	0.960177
0	0.982301
0	0.99115
0	0.915929
0	0.982301
0	0.982301
0	0.982301
0	0.973451
0	0.99115
0	0.969027
0	0.911504
0	0.982301
0	0.915929
0	0.973451
0	0.960177
0	0.911504
0	0.911504
0	0.982301
0	0.977876
0	0.969027
0	0.973451
0	0.982301
0	0.986726
0	0.977876
0	0.915929
0	0.969027
0	0.973451
0	0.969027
0	0.973451
0	0.982301
0	0.911504
0	0.960177
0	0.964602
0	0.982301
0	0.977876
0	0.969027
0	0.99115
0	0.986726
0	0.99115
0	0.960177
0	0.986726
0	0.986726
0	0.915929
0	0.973451
0	0.973451
0	0.915929
0	0.911504
0	0.960177
0	0.986726
0	0.911504
0	0.973451
0	0.960177
0	0.973451
0	0.99115
0	0.99115
0	0.99115
0	0.977876
0	0.960177
0	0.982301
0	0.977876
0	0.915929
0	0.973451
0	0.99115
0	0.986726
0	0.986726
0	0.986726
0	0.969027
0	0.915929
0	0.915929
0	0.99115
0	0.99115
0	0.969027
0	0.969027
0	0.964602
0	0.982301
0	0.982301
0	0.982301
0	0.960177
0	0.982301
0	0.911504
0	0.982301
0	0.911504
0	0.977876
0	0.911504
0	0.960177
0	0.915929
0	0.982301
0	0.986726
0	0.915929
0	0.982301
0	0.99115
0	0.915929
0	0.977876
0	0.977876
0	0.964602
0	0.986726
0	0.911504
0	0.969027
0	0.99115
0	0.960177
0	0.911504
0	0.911504
0	0.964602
0	0.986726
0	0.911504
0	0.982301
0	0.973451
0	0.969027
0	0.969027
0	0.915929
0	0.973451
0	0.99115


