# Persistence diagram <GML/1001.gml>
#
# Dimension   : 1
# Entries     : 146
# Betti number: 146
0.982592	inf
0.982592	inf
0.983559	inf
0.983559	inf
0.984526	inf
0.984526	inf
0.984526	inf
0.984526	inf
0.984526	inf
0.984526	inf
0.98646	inf
0.98646	inf
0.98646	inf
0.988395	inf
0.988395	inf
0.988395	inf
0.988395	inf
0.988395	inf
0.988395	inf
0.988395	inf
0.988395	inf
0.988395	inf
0.988395	inf
0.988395	inf
0.988395	inf
0.988395	inf
0.989362	inf
0.989362	inf
0.989362	inf
0.989362	inf
0.989362	inf
0.989362	inf
0.990329	inf
0.990329	inf
0.990329	inf
0.990329	inf
0.990329	inf
0.991296	inf
0.991296	inf
0.991296	inf
0.991296	inf
0.991296	inf
0.991296	inf
0.991296	inf
0.992263	inf
0.992263	inf
0.992263	inf
0.992263	inf
0.992263	inf
0.992263	inf
0.99323	inf
0.99323	inf
0.99323	inf
0.99323	inf
0.99323	inf
0.994197	inf
0.994197	inf
0.994197	inf
0.994197	inf
0.994197	inf
0.994197	inf
0.994197	inf
0.994197	inf
0.994197	inf
0.994197	inf
0.994197	inf
0.994197	inf
0.994197	inf
0.995164	inf
0.995164	inf
0.995164	inf
0.995164	inf
0.995164	inf
0.995164	inf
0.995164	inf
0.995164	inf
0.995164	inf
0.995164	inf
0.995164	inf
0.995164	inf
0.995164	inf
0.995164	inf
0.995164	inf
0.995164	inf
0.995164	inf
0.995164	inf
0.995164	inf
0.995164	inf
0.996132	inf
0.996132	inf
0.996132	inf
0.996132	inf
0.996132	inf
0.996132	inf
0.996132	inf
0.996132	inf
0.996132	inf
0.996132	inf
0.996132	inf
0.996132	inf
0.997099	inf
0.997099	inf
0.997099	inf
0.997099	inf
0.997099	inf
0.997099	inf
0.997099	inf
0.997099	inf
0.997099	inf
0.997099	inf
0.997099	inf
0.997099	inf
0.997099	inf
0.997099	inf
0.997099	inf
0.997099	inf
0.997099	inf
0.997099	inf
0.997099	inf
0.997099	inf
0.997099	inf
0.997099	inf
0.997099	inf
0.997099	inf
0.997099	inf
0.998066	inf
0.998066	inf
0.998066	inf
0.998066	inf
0.998066	inf
0.998066	inf
0.998066	inf
0.998066	inf
0.998066	inf
0.998066	inf
0.998066	inf
0.998066	inf
0.998066	inf
0.998066	inf
0.998066	inf
0.998066	inf
0.998066	inf
0.998066	inf
0.998066	inf
0.998066	inf
0.998066	inf
