# Persistence diagram <GML/1002.gml>
#
# Dimension   : 1
# Entries     : 99
# Betti number: 99
0.994766	inf
0.994766	inf
0.994766	inf
0.994766	inf
0.994766	inf
0.994766	inf
0.994766	inf
0.994766	inf
0.995464	inf
0.995464	inf
0.995464	inf
0.996162	inf
0.996162	inf
0.99686	inf
0.99686	inf
0.99686	inf
0.99686	inf
0.99686	inf
0.997209	inf
0.997209	inf
0.997209	inf
0.997209	inf
0.997209	inf
0.997209	inf
0.997209	inf
0.997209	inf
0.997209	inf
0.997558	inf
0.997558	inf
0.997906	inf
0.997906	inf
0.997906	inf
0.997906	inf
0.997906	inf
0.997906	inf
0.997906	inf
0.997906	inf
0.997906	inf
0.997906	inf
0.997906	inf
0.997906	inf
0.997906	inf
0.998255	inf
0.998255	inf
0.998255	inf
0.998255	inf
0.998255	inf
0.998255	inf
0.998255	inf
0.998255	inf
0.998255	inf
0.998255	inf
0.998255	inf
0.998255	inf
0.998255	inf
0.998255	inf
0.998255	inf
0.998255	inf
0.998255	inf
0.998255	inf
0.998604	inf
0.998604	inf
0.998604	inf
0.998604	inf
0.998604	inf
0.998604	inf
0.998604	inf
0.998604	inf
0.998604	inf
0.998604	inf
0.998604	inf
0.998604	inf
0.998604	inf
0.998604	inf
0.998604	inf
0.998604	inf
0.998953	inf
0.998953	inf
0.998953	inf
0.998953	inf
0.998953	inf
0.998953	inf
0.998953	inf
0.998953	inf
0.998953	inf
0.998953	inf
0.998953	inf
0.998953	inf
0.998953	inf
0.998953	inf
0.998953	inf
0.999302	inf
0.999302	inf
0.999302	inf
0.999302	inf
0.999302	inf
0.999302	inf
0.999302	inf
0.999302	inf
