# Persistence diagram <GML/1002.gml>
#
# Dimension   : 0
# Entries     : 533
# Betti number: 2
0	inf
0	0.999302
0	0.998255
0	0.994417
0	0.995115
0	0.998604
0	0.99686
0	0.998604
0	0.998604
0	0.997906
0	0.994068
0	0.997209
0	0.998604
0	0.998255
0	0.997209
0	0.998255
0	0.998953
0	0.997906
0	0.998953
0	0.998255
0	0.99686
0	0.997558
0	0.999302
0	0.999302
0	0.997906
0	0.994417
0	0.998255
0	0.997558
0	0.996162
0	0.998953
0	0.999302
0	0.998604
0	0.995115
0	0.998604
0	0.995464
0	0.997558
0	0.998255
0	0.996511
0	0.998953
0	0.998604
0	0.998255
0	0.998255
0	0.996162
0	0.999302
0	0.996162
0	0.99686
0	0.993022
0	0.995464
0	0.997209
0	0.999302
0	0.997906
0	0.993719
0	0.997558
0	0.993022
0	0.997209
0	0.998255
0	0.998255
0	0.997209
0	0.996162
0	0.998953
0	0.998953
0	0.997906
0	0.997209
0	0.993719
0	0.997558
0	0.998953
0	0.998604
0	0.999302
0	0.995115
0	0.994766
0	0.994417
0	0.998953
0	0.995464
0	0.995464
0	0.998255
0	0.999302
0	0.998604
0	0.996162
0	0.997906
0	0.994068
0	0.999302
0	0.998604
0	0.998953
0	0.995115
0	0.997558
0	0.998255
0	0.997558
0	0.998953
0	0.995115
0	0.997558
0	0.997209
0	0.996162
0	0.997209
0	0.995115
0	0.998604
0	0.995464
0	0.997209
0	0.999302
0	0.994766
0	0.998953
0	0.99686
0	0.993719
0	0.998953
0	0.998604
0	0.998255
0	0.996162
0	0.997906
0	0.998255
0	0.998255
0	0.994766
0	0.998953
0	0.998604
0	0.997558
0	inf
0	0.999302
0	0.998255
0	0.993022
0	0.99686
0	0.995464
0	0.996162
0	0.997209
0	0.999302
0	0.997906
0	0.998604
0	0.998953
0	0.998255
0	0.994766
0	0.998953
0	0.997906
0	0.999651
0	0.998604
0	0.994417
0	0.999302
0	0.997209
0	0.997209
0	0.997209
0	0.993022
0	0.999302
0	0.997558
0	0.997906
0	0.997558
0	0.998953
0	0.994417
0	0.993022
0	0.997209
0	0.997209
0	0.998953
0	0.993022
0	0.998604
0	0.99686
0	0.997209
0	0.996162
0	0.997209
0	0.997209
0	0.999302
0	0.999302
0	0.997558
0	0.996162
0	0.998604
0	0.998604
0	0.995464
0	0.994068
0	0.998953
0	0.997558
0	0.998604
0	0.996162
0	0.994766
0	0.995115
0	0.998255
0	0.998255
0	0.998604
0	0.995115
0	0.997906
0	0.999302
0	0.998953
0	0.996162
0	0.997906
0	0.997558
0	0.996162
0	0.999302
0	0.998953
0	0.998255
0	0.998953
0	0.999302
0	0.997209
0	0.998604
0	0.998953
0	0.998953
0	0.997209
0	0.996162
0	0.997906
0	0.998953
0	0.998604
0	0.996162
0	0.998255
0	0.997906
0	0.997906
0	0.999302
0	0.995464
0	0.996162
0	0.998953
0	0.99686
0	0.998255
0	0.995464
0	0.994766
0	0.998953
0	0.997906
0	0.998604
0	0.997558
0	0.999302
0	0.998604
0	0.998255
0	0.996162
0	0.997906
0	0.994417
0	0.997906
0	0.997209
0	0.998953
0	0.998604
0	0.998604
0	0.999302
0	0.995115
0	0.998953
0	0.997209
0	0.997209
0	0.998604
0	0.998953
0	0.996162
0	0.997209
0	0.997558
0	0.998953
0	0.997906
0	0.999302
0	0.995464
0	0.998604
0	0.998255
0	0.997906
0	0.995464
0	0.998604
0	0.998604
0	0.997209
0	0.998255
0	0.997558
0	0.997209
0	0.999302
0	0.995464
0	0.998604
0	0.998953
0	0.994417
0	0.997558
0	0.997906
0	0.99686
0	0.994417
0	0.998953
0	0.999302
0	0.997906
0	0.995464
0	0.994068
0	0.998953
0	0.998604
0	0.996162
0	0.993719
0	0.993719
0	0.995115
0	0.995464
0	0.999302
0	0.999302
0	0.998953
0	0.998953
0	0.995464
0	0.999302
0	0.995115
0	0.998604
0	0.997209
0	0.998255
0	0.997209
0	0.997209
0	0.998604
0	0.997906
0	0.998953
0	0.997209
0	0.997558
0	0.995464
0	0.997558
0	0.997558
0	0.997906
0	0.998953
0	0.998953
0	0.994068
0	0.997906
0	0.997209
0	0.993719
0	0.999302
0	0.998604
0	0.998255
0	0.993719
0	0.998604
0	0.998953
0	0.996162
0	0.997558
0	0.999302
0	0.999302
0	0.997209
0	0.998255
0	0.998255
0	0.997558
0	0.997558
0	0.997906
0	0.998255
0	0.998255
0	0.997906
0	0.998604
0	0.995464
0	0.995464
0	0.998604
0	0.995115
0	0.997558
0	0.995464
0	0.997906
0	0.998604
0	0.993022
0	0.997906
0	0.997209
0	0.997906
0	0.99686
0	0.998604
0	0.999302
0	0.997209
0	0.99686
0	0.994417
0	0.997209
0	0.994068
0	0.997209
0	0.998604
0	0.998953
0	0.999302
0	0.997558
0	0.998604
0	0.997906
0	0.996511
0	0.998255
0	0.998953
0	0.998255
0	0.99686
0	0.996162
0	0.995464
0	0.997209
0	0.993719
0	0.998953
0	0.993022
0	0.998604
0	0.996162
0	0.998953
0	0.996162
0	0.993022
0	0.993022
0	0.993022
0	0.997906
0	0.996162
0	0.998255
0	0.996162
0	0.997906
0	0.998953
0	0.998255
0	0.999302
0	0.998604
0	0.996162
0	0.998953
0	0.999302
0	0.998604
0	0.999302
0	0.998953
0	0.994068
0	0.996162
0	0.998953
0	0.995115
0	0.995464
0	0.998604
0	0.999302
0	0.998604
0	0.999302
0	0.997906
0	0.999302
0	0.999302
0	0.993022
0	0.993719
0	0.996511
0	0.997906
0	0.998255
0	0.995115
0	0.997906
0	0.995115
0	0.995115
0	0.995464
0	0.994417
0	0.998604
0	0.997558
0	0.998953
0	0.997209
0	0.998604
0	0.993022
0	0.998953
0	0.99686
0	0.995464
0	0.99686
0	0.996511
0	0.995464
0	0.999302
0	0.997906
0	0.999302
0	0.998604
0	0.998255
0	0.996162
0	0.994766
0	0.99686
0	0.999302
0	0.995464
0	0.999302
0	0.998953
0	0.998604
0	0.997906
0	0.998255
0	0.997906
0	0.993022
0	0.993022
0	0.998255
0	0.997209
0	0.996162
0	0.998604
0	0.99686
0	0.998953
0	0.995115
0	0.998604
0	0.995464
0	0.99686
0	0.993022
0	0.995115
0	0.997209
0	0.998953
0	0.995464
0	0.997558
0	0.997558
0	0.999302
0	0.997558
0	0.998604
0	0.998255
0	0.998255
0	0.998255
0	0.995464
0	0.999302
0	0.998255
0	0.998255
0	0.999302
0	0.997906
0	0.998255
0	0.998604
0	0.997558
0	0.999302
0	0.997558
0	0.997558
0	0.996511
0	0.997209
0	0.993022
0	0.999302
0	0.997209
0	0.999302
0	0.993022
0	0.997558
0	0.997906
0	0.99686
0	0.999302
0	0.998953
0	0.999302
0	0.996162
0	0.995464
0	0.993022
0	0.997906
0	0.995115
0	0.997558
0	0.998604
0	0.998953
0	0.995115
0	0.999302
0	0.999302
0	0.999302
0	0.994417
0	0.995464
0	0.995115
0	0.997906
0	0.997906
0	0.999302
0	0.998953
0	0.997209
0	0.997558
0	0.996511
0	0.997906
0	0.995464
0	0.994068
0	0.997209
0	0.999302
0	0.997906
0	0.996511
0	0.997906
0	0.996162
0	0.999302
0	0.998953
0	0.995464
0	0.997906
0	0.998255
0	0.998255
0	0.99686
0	0.996162
0	0.996511
0	0.99686
0	0.998953
0	0.998604
0	0.998255
0	0.998255
0	0.998255
0	0.997906
0	0.999302
0	0.99686
0	0.995464
0	0.998604
0	0.997558
0	0.995115
0	0.997209
0	0.998953
0	0.999302
0	0.998255
0	0.993022
0	0.998953
0	0.998953


