# Persistence diagram <GML/1003.gml>
#
# Dimension   : 1
# Entries     : 210
# Betti number: 210
0.983687	inf
0.986134	inf
0.986134	inf
0.986134	inf
0.986949	inf
0.988581	inf
0.988581	inf
0.988581	inf
0.988581	inf
0.988581	inf
0.988581	inf
0.988581	inf
0.988581	inf
0.989396	inf
0.989396	inf
0.989396	inf
0.989396	inf
0.989396	inf
0.989396	inf
0.990212	inf
0.990212	inf
0.990212	inf
0.990212	inf
0.990212	inf
0.990212	inf
0.990212	inf
0.990212	inf
0.990212	inf
0.991028	inf
0.991028	inf
0.991028	inf
0.991028	inf
0.991028	inf
0.991843	inf
0.991843	inf
0.991843	inf
0.991843	inf
0.992659	inf
0.992659	inf
0.992659	inf
0.992659	inf
0.992659	inf
0.992659	inf
0.992659	inf
0.993475	inf
0.993475	inf
0.993475	inf
0.99429	inf
0.99429	inf
0.99429	inf
0.99429	inf
0.99429	inf
0.99429	inf
0.99429	inf
0.99429	inf
0.99429	inf
0.99429	inf
0.99429	inf
0.99429	inf
0.99429	inf
0.99429	inf
0.99429	inf
0.99429	inf
0.99429	inf
0.99429	inf
0.99429	inf
0.99429	inf
0.99429	inf
0.99429	inf
0.99429	inf
0.99429	inf
0.99429	inf
0.99429	inf
0.99429	inf
0.995106	inf
0.995106	inf
0.995106	inf
0.995106	inf
0.995106	inf
0.995106	inf
0.995106	inf
0.995106	inf
0.995106	inf
0.995106	inf
0.995106	inf
0.995106	inf
0.995106	inf
0.995106	inf
0.995106	inf
0.995106	inf
0.995106	inf
0.995106	inf
0.995106	inf
0.995106	inf
0.995106	inf
0.995106	inf
0.995106	inf
0.995106	inf
0.995106	inf
0.995106	inf
0.995106	inf
0.995922	inf
0.995922	inf
0.995922	inf
0.995922	inf
0.995922	inf
0.995922	inf
0.995922	inf
0.995922	inf
0.995922	inf
0.995922	inf
0.995922	inf
0.995922	inf
0.995922	inf
0.995922	inf
0.995922	inf
0.995922	inf
0.996737	inf
0.996737	inf
0.996737	inf
0.996737	inf
0.996737	inf
0.996737	inf
0.996737	inf
0.996737	inf
0.996737	inf
0.996737	inf
0.996737	inf
0.996737	inf
0.996737	inf
0.996737	inf
0.996737	inf
0.996737	inf
0.996737	inf
0.996737	inf
0.996737	inf
0.996737	inf
0.996737	inf
0.996737	inf
0.996737	inf
0.996737	inf
0.996737	inf
0.996737	inf
0.996737	inf
0.996737	inf
0.996737	inf
0.996737	inf
0.996737	inf
0.997553	inf
0.997553	inf
0.997553	inf
0.997553	inf
0.997553	inf
0.997553	inf
0.997553	inf
0.997553	inf
0.997553	inf
0.997553	inf
0.997553	inf
0.997553	inf
0.997553	inf
0.997553	inf
0.997553	inf
0.997553	inf
0.997553	inf
0.997553	inf
0.997553	inf
0.997553	inf
0.997553	inf
0.997553	inf
0.997553	inf
0.997553	inf
0.997553	inf
0.997553	inf
0.997553	inf
0.997553	inf
0.997553	inf
0.997553	inf
0.997553	inf
0.998369	inf
0.998369	inf
0.998369	inf
0.998369	inf
0.998369	inf
0.998369	inf
0.998369	inf
0.998369	inf
0.998369	inf
0.998369	inf
0.998369	inf
0.998369	inf
0.998369	inf
0.998369	inf
0.998369	inf
0.998369	inf
0.998369	inf
0.998369	inf
0.998369	inf
0.998369	inf
0.998369	inf
0.998369	inf
0.998369	inf
0.998369	inf
0.998369	inf
0.998369	inf
0.998369	inf
0.998369	inf
0.998369	inf
0.998369	inf
0.998369	inf
