# Persistence diagram <GML/1004.gml>
#
# Dimension   : 1
# Entries     : 148
# Betti number: 147
0.987654	inf
0.98834	inf
0.989026	inf
0.989026	inf
0.989026	inf
0.990398	inf
0.990398	inf
0.990398	inf
0.990398	inf
0.990398	inf
0.99177	inf
0.99177	inf
0.99177	inf
0.99177	inf
0.99177	inf
0.99177	inf
0.99177	inf
0.99177	inf
0.99177	inf
0.99177	inf
0.992455	inf
0.992455	inf
0.993141	inf
0.993141	inf
0.993141	inf
0.993141	inf
0.993141	inf
0.993141	inf
0.993827	inf
0.993827	inf
0.993827	inf
0.993827	inf
0.993827	inf
0.993827	inf
0.993827	inf
0.993827	inf
0.994513	inf
0.994513	inf
0.994513	inf
0.994513	inf
0.994513	inf
0.994513	inf
0.994513	inf
0.995199	inf
0.995199	inf
0.995199	inf
0.995199	inf
0.995199	inf
0.995199	inf
0.995199	inf
0.995885	inf
0.995885	inf
0.995885	inf
0.995885	inf
0.995885	inf
0.995885	inf
0.995885	0.996571
0.995885	inf
0.995885	inf
0.995885	inf
0.995885	inf
0.995885	inf
0.995885	inf
0.995885	inf
0.995885	inf
0.995885	inf
0.995885	inf
0.995885	inf
0.995885	inf
0.995885	inf
0.995885	inf
0.995885	inf
0.995885	inf
0.995885	inf
0.996571	inf
0.996571	inf
0.996571	inf
0.996571	inf
0.996571	inf
0.996571	inf
0.996571	inf
0.996571	inf
0.996571	inf
0.996571	inf
0.996571	inf
0.996571	inf
0.996571	inf
0.996571	inf
0.997257	inf
0.997257	inf
0.997257	inf
0.997257	inf
0.997257	inf
0.997257	inf
0.997257	inf
0.997257	inf
0.997257	inf
0.997257	inf
0.997257	inf
0.997257	inf
0.997257	inf
0.997257	inf
0.997257	inf
0.997257	inf
0.997257	inf
0.997257	inf
0.997257	inf
0.997257	inf
0.997257	inf
0.997942	inf
0.997942	inf
0.997942	inf
0.997942	inf
0.997942	inf
0.997942	inf
0.997942	inf
0.997942	inf
0.997942	inf
0.997942	inf
0.997942	inf
0.997942	inf
0.997942	inf
0.997942	inf
0.997942	inf
0.997942	inf
0.997942	inf
0.997942	inf
0.997942	inf
0.997942	inf
0.997942	inf
0.997942	inf
0.997942	inf
0.997942	inf
0.997942	inf
0.998628	inf
0.998628	inf
0.998628	inf
0.998628	inf
0.998628	inf
0.998628	inf
0.998628	inf
0.998628	inf
0.998628	inf
0.998628	inf
0.998628	inf
0.998628	inf
0.998628	inf
0.998628	inf
