# Persistence diagram <GML/1005.gml>
#
# Dimension   : 0
# Entries     : 286
# Betti number: 10
0	inf
0	0.988372
0	0.995349
0	0.986047
0	0.95814
0	0.995349
0	0.97907
0	0.969767
0	0.960465
0	0.986047
0	0.969767
0	0.95814
0	0.990698
0	0.969767
0	0.995349
0	0.990698
0	0.995349
0	0.95814
0	inf
0	0.993023
0	0.995349
0	0.969767
0	0.988372
0	0.990698
0	0.988372
0	0.988372
0	0.993023
0	0.988372
0	0.993023
0	0.986047
0	inf
0	inf
0	0.993023
0	0.974419
0	0.965116
0	0.974419
0	0.97907
0	0.974419
0	0.969767
0	0.988372
0	0.995349
0	0.995349
0	0.995349
0	0.990698
0	0.995349
0	0.988372
0	0.983721
0	0.993023
0	0.986047
0	0.981395
0	0.995349
0	0.993023
0	0.986047
0	0.960465
0	0.995349
0	0.969767
0	0.960465
0	0.95814
0	0.960465
0	0.95814
0	0.983721
0	0.995349
0	0.990698
0	0.960465
0	0.981395
0	inf
0	0.993023
0	0.993023
0	0.993023
0	0.988372
0	0.988372
0	0.993023
0	0.981395
0	0.97907
0	0.990698
0	0.993023
0	0.990698
0	0.995349
0	0.986047
0	0.95814
0	0.986047
0	0.969767
0	0.993023
0	0.993023
0	0.988372
0	0.965116
0	0.981395
0	0.995349
0	inf
0	0.974419
0	0.97907
0	inf
0	0.986047
0	0.97907
0	0.995349
0	0.990698
0	0.995349
0	0.990698
0	0.97907
0	0.988372
0	0.993023
0	0.990698
0	0.990698
0	0.995349
0	0.965116
0	0.97907
0	0.986047
0	0.95814
0	0.990698
0	0.995349
0	inf
0	0.960465
0	0.965116
0	0.990698
0	0.990698
0	0.981395
0	0.993023
0	0.986047
0	0.993023
0	0.993023
0	0.995349
0	0.993023
0	0.988372
0	0.990698
0	0.983721
0	0.981395
0	0.988372
0	0.988372
0	0.97907
0	0.986047
0	0.993023
0	0.988372
0	0.990698
0	0.983721
0	0.983721
0	0.988372
0	0.995349
0	0.981395
0	0.960465
0	0.988372
0	0.983721
0	0.988372
0	0.981395
0	0.993023
0	0.988372
0	0.986047
0	0.995349
0	0.965116
0	0.974419
0	0.97907
0	0.995349
0	0.986047
0	0.97907
0	0.983721
0	0.965116
0	0.990698
0	0.993023
0	inf
0	0.995349
0	0.97907
0	0.969767
0	0.969767
0	0.993023
0	0.993023
0	0.960465
0	0.983721
0	0.986047
0	0.974419
0	0.974419
0	0.993023
0	0.960465
0	0.986047
0	0.993023
0	0.990698
0	0.993023
0	0.995349
0	0.990698
0	0.965116
0	0.993023
0	0.965116
0	0.990698
0	0.988372
0	0.993023
0	0.993023
0	0.95814
0	0.95814
0	0.988372
0	0.990698
0	0.986047
0	0.990698
0	0.990698
0	0.960465
0	0.995349
0	0.960465
0	0.986047
0	0.997674
0	0.993023
0	0.995349
0	0.988372
0	0.990698
0	0.993023
0	0.997674
0	0.988372
0	0.988372
0	0.995349
0	0.990698
0	0.988372
0	0.993023
0	0.988372
0	0.960465
0	0.95814
0	0.988372
0	0.988372
0	0.990698
0	0.995349
0	0.988372
0	0.993023
0	0.95814
0	0.995349
0	0.986047
0	0.988372
0	0.990698
0	0.993023
0	0.995349
0	0.95814
0	0.990698
0	0.986047
0	0.993023
0	0.997674
0	0.990698
0	0.995349
0	0.983721
0	0.997674
0	0.965116
0	0.988372
0	0.995349
0	0.988372
0	0.988372
0	0.969767
0	0.993023
0	0.993023
0	0.965116
0	inf
0	0.990698
0	0.988372
0	0.995349
0	0.988372
0	0.97907
0	0.988372
0	0.97907
0	0.990698
0	0.995349
0	0.95814
0	0.986047
0	0.981395
0	0.988372
0	0.95814
0	0.990698
0	0.993023
0	0.97907
0	0.95814
0	0.993023
0	0.990698
0	0.988372
0	0.981395
0	0.97907
0	0.981395
0	0.993023
0	0.974419
0	0.997674
0	0.995349
0	0.988372
0	0.988372
0	0.995349
0	0.986047
0	0.988372
0	0.995349
0	0.990698
0	0.993023
0	0.95814
0	0.95814
0	0.960465
0	0.995349
0	0.988372
0	0.960465
0	0.965116


