# Persistence diagram <GML/1006.gml>
#
# Dimension   : 1
# Entries     : 126
# Betti number: 126
0.98801	inf
0.991367	inf
0.991367	inf
0.991367	inf
0.991367	inf
0.991367	inf
0.991847	inf
0.992326	inf
0.992326	inf
0.992326	inf
0.992326	inf
0.992326	inf
0.992326	inf
0.992326	inf
0.993285	inf
0.995204	inf
0.995204	inf
0.995204	inf
0.995204	inf
0.995204	inf
0.995204	inf
0.995683	inf
0.995683	inf
0.995683	inf
0.995683	inf
0.995683	inf
0.995683	inf
0.995683	inf
0.995683	inf
0.995683	inf
0.995683	inf
0.995683	inf
0.996163	inf
0.996163	inf
0.996163	inf
0.996163	inf
0.996163	inf
0.996163	inf
0.996163	inf
0.996163	inf
0.996163	inf
0.996163	inf
0.996643	inf
0.996643	inf
0.996643	inf
0.996643	inf
0.996643	inf
0.996643	inf
0.996643	inf
0.996643	inf
0.996643	inf
0.996643	inf
0.996643	inf
0.996643	inf
0.997122	inf
0.997122	inf
0.997122	inf
0.997122	inf
0.997122	inf
0.997122	inf
0.997122	inf
0.997122	inf
0.997122	inf
0.997122	inf
0.997122	inf
0.997602	inf
0.997602	inf
0.997602	inf
0.997602	inf
0.997602	inf
0.997602	inf
0.997602	inf
0.997602	inf
0.997602	inf
0.997602	inf
0.997602	inf
0.997602	inf
0.998082	inf
0.998082	inf
0.998082	inf
0.998082	inf
0.998082	inf
0.998082	inf
0.998082	inf
0.998082	inf
0.998082	inf
0.998082	inf
0.998082	inf
0.998082	inf
0.998561	inf
0.998561	inf
0.998561	inf
0.998561	inf
0.998561	inf
0.998561	inf
0.998561	inf
0.998561	inf
0.998561	inf
0.998561	inf
0.998561	inf
0.998561	inf
0.998561	inf
0.998561	inf
0.998561	inf
0.998561	inf
0.998561	inf
0.998561	inf
0.998561	inf
0.998561	inf
0.998561	inf
0.998561	inf
0.998561	inf
0.998561	inf
0.999041	inf
0.999041	inf
0.999041	inf
0.999041	inf
0.999041	inf
0.999041	inf
0.999041	inf
0.999041	inf
0.999041	inf
0.999041	inf
0.999041	inf
0.999041	inf
0.999041	inf
