# Persistence diagram <GML/1007.gml>
#
# Dimension   : 1
# Entries     : 94
# Betti number: 93
0.982773	inf
0.984496	inf
0.984496	inf
0.984496	inf
0.987941	inf
0.987941	inf
0.989664	inf
0.989664	inf
0.990525	inf
0.990525	inf
0.990525	inf
0.990525	inf
0.991387	inf
0.991387	inf
0.992248	inf
0.992248	inf
0.992248	inf
0.992248	inf
0.993109	inf
0.993109	inf
0.993109	inf
0.993109	0.995693
0.993109	inf
0.993971	inf
0.993971	inf
0.993971	inf
0.993971	inf
0.993971	inf
0.993971	inf
0.993971	inf
0.993971	inf
0.993971	inf
0.993971	inf
0.994832	inf
0.994832	inf
0.994832	inf
0.994832	inf
0.995693	inf
0.995693	inf
0.995693	inf
0.995693	inf
0.995693	inf
0.995693	inf
0.995693	inf
0.995693	inf
0.995693	inf
0.995693	inf
0.995693	inf
0.995693	inf
0.995693	inf
0.995693	inf
0.995693	inf
0.995693	inf
0.995693	inf
0.995693	inf
0.995693	inf
0.995693	inf
0.995693	inf
0.996555	inf
0.996555	inf
0.996555	inf
0.996555	inf
0.996555	inf
0.996555	inf
0.996555	inf
0.996555	inf
0.996555	inf
0.996555	inf
0.996555	inf
0.997416	inf
0.997416	inf
0.997416	inf
0.997416	inf
0.997416	inf
0.997416	inf
0.997416	inf
0.997416	inf
0.997416	inf
0.997416	inf
0.997416	inf
0.997416	inf
0.998277	inf
0.998277	inf
0.998277	inf
0.998277	inf
0.998277	inf
0.998277	inf
0.998277	inf
0.998277	inf
0.998277	inf
0.998277	inf
0.998277	inf
0.998277	inf
0.998277	inf
