# Persistence diagram <GML/1008.gml>
#
# Dimension   : 1
# Entries     : 97
# Betti number: 96
0.984367	inf
0.984367	inf
0.984367	inf
0.984367	inf
0.984367	inf
0.984367	inf
0.987601	inf
0.992453	inf
0.993531	inf
0.993531	inf
0.994609	inf
0.994609	inf
0.994609	inf
0.995148	inf
0.995687	inf
0.995687	inf
0.995687	inf
0.996226	inf
0.996226	inf
0.996226	inf
0.996226	inf
0.996226	inf
0.996226	inf
0.996226	inf
0.996226	inf
0.996226	inf
0.996226	inf
0.996226	inf
0.996765	inf
0.996765	inf
0.996765	inf
0.996765	inf
0.996765	inf
0.996765	inf
0.997305	inf
0.997305	inf
0.997305	inf
0.997305	inf
0.997305	inf
0.997305	inf
0.997305	inf
0.997305	0.997844
0.997305	inf
0.997844	inf
0.997844	inf
0.997844	inf
0.997844	inf
0.997844	inf
0.997844	inf
0.997844	inf
0.997844	inf
0.997844	inf
0.997844	inf
0.997844	inf
0.997844	inf
0.997844	inf
0.997844	inf
0.997844	inf
0.997844	inf
0.998383	inf
0.998383	inf
0.998383	inf
0.998383	inf
0.998383	inf
0.998383	inf
0.998383	inf
0.998383	inf
0.998383	inf
0.998383	inf
0.998383	inf
0.998383	inf
0.998383	inf
0.998383	inf
0.998383	inf
0.998383	inf
0.998383	inf
0.998383	inf
0.998383	inf
0.998383	inf
0.998383	inf
0.998383	inf
0.998383	inf
0.998922	inf
0.998922	inf
0.998922	inf
0.998922	inf
0.998922	inf
0.998922	inf
0.998922	inf
0.998922	inf
0.998922	inf
0.998922	inf
0.998922	inf
0.998922	inf
0.998922	inf
0.998922	inf
0.998922	inf
