# Persistence diagram <GML/1009.gml>
#
# Dimension   : 0
# Entries     : 621
# Betti number: 2
0	inf
0	0.999215
0	0.989011
0	0.996468
0	0.991758
0	0.994898
0	0.999215
0	0.989011
0	0.994113
0	0.999215
0	0.997645
0	0.991758
0	0.989011
0	0.993721
0	0.993721
0	0.99686
0	0.996468
0	0.999215
0	0.998823
0	0.999215
0	0.991758
0	0.995683
0	0.99843
0	0.999215
0	0.994113
0	0.993721
0	inf
0	0.99686
0	0.997253
0	0.99686
0	0.993721
0	0.996468
0	0.997645
0	0.989011
0	0.995683
0	0.998823
0	0.997645
0	0.989011
0	0.99686
0	0.996075
0	0.996468
0	0.997645
0	0.996075
0	0.994505
0	0.998038
0	0.99843
0	0.993721
0	0.99529
0	0.999215
0	0.99686
0	0.999215
0	0.998823
0	0.998038
0	0.995683
0	0.995683
0	0.996468
0	0.999215
0	0.996075
0	0.995683
0	0.998823
0	0.998823
0	0.994898
0	0.999215
0	0.993721
0	0.999215
0	0.991758
0	0.99529
0	0.996075
0	0.996075
0	0.995683
0	0.99686
0	0.989011
0	0.995683
0	0.995683
0	0.996468
0	0.999215
0	0.998823
0	0.996468
0	0.994113
0	0.998823
0	0.998823
0	0.994898
0	0.998823
0	0.99843
0	0.99686
0	0.995683
0	0.992936
0	0.997645
0	0.99686
0	0.993721
0	0.993721
0	0.99843
0	0.99686
0	0.995683
0	0.998038
0	0.999215
0	0.996075
0	0.991758
0	0.994113
0	0.999215
0	0.99843
0	0.998038
0	0.994898
0	0.994113
0	0.993721
0	0.99843
0	0.989011
0	0.993721
0	0.997645
0	0.99843
0	0.997253
0	0.997645
0	0.994505
0	0.993721
0	0.99686
0	0.999215
0	0.998823
0	0.993721
0	0.998823
0	0.995683
0	0.989011
0	0.997645
0	0.99686
0	0.991758
0	0.99686
0	0.989011
0	0.998038
0	0.998038
0	0.995683
0	0.998823
0	0.997253
0	0.997253
0	0.993721
0	0.994505
0	0.999215
0	0.992936
0	0.994898
0	0.993721
0	0.996075
0	0.998038
0	0.993721
0	0.99686
0	0.999215
0	0.998823
0	0.994113
0	0.997645
0	0.998038
0	0.998038
0	0.999215
0	0.999215
0	0.996468
0	0.993721
0	0.998038
0	0.989011
0	0.997645
0	0.991758
0	0.999215
0	0.998038
0	0.996468
0	0.99843
0	0.998823
0	0.998823
0	0.996468
0	0.997253
0	0.99843
0	0.998823
0	0.996075
0	0.997253
0	0.998823
0	0.989011
0	0.994113
0	0.998823
0	0.999215
0	0.996468
0	0.993721
0	0.997253
0	0.99686
0	0.997253
0	0.996468
0	0.99843
0	0.996468
0	0.994113
0	0.999215
0	0.999215
0	0.997645
0	0.991758
0	0.997645
0	0.998823
0	0.99843
0	0.994898
0	0.99843
0	0.995683
0	0.998823
0	0.991758
0	0.992936
0	0.999215
0	0.999215
0	0.999215
0	0.994113
0	0.995683
0	0.991758
0	0.99843
0	0.997645
0	0.999215
0	0.994505
0	0.998038
0	0.994113
0	0.998823
0	0.998823
0	0.997253
0	0.999215
0	0.997645
0	0.989011
0	0.989011
0	0.99843
0	0.993721
0	0.998038
0	0.99843
0	0.998823
0	0.998823
0	0.999215
0	0.99843
0	0.995683
0	0.994505
0	0.992936
0	0.993721
0	0.99686
0	0.993721
0	0.994898
0	0.996075
0	0.995683
0	0.997253
0	0.996075
0	0.996468
0	0.997645
0	0.991758
0	0.991758
0	0.996468
0	0.995683
0	0.998823
0	0.995683
0	0.998038
0	0.993721
0	0.994113
0	0.995683
0	0.999215
0	0.998038
0	0.999215
0	0.997645
0	0.998038
0	0.995683
0	0.998823
0	0.99843
0	0.99686
0	0.993721
0	0.99843
0	0.995683
0	0.999215
0	0.99686
0	0.997645
0	0.993721
0	0.999215
0	0.999215
0	0.995683
0	0.993721
0	0.998038
0	0.996075
0	0.991758
0	0.998823
0	0.994113
0	0.999215
0	0.99529
0	0.996075
0	0.989011
0	0.998823
0	0.999215
0	0.998823
0	0.999215
0	0.999215
0	0.999215
0	0.99843
0	0.997645
0	0.998823
0	0.998823
0	0.992936
0	0.99686
0	0.997253
0	0.996468
0	0.997253
0	0.998038
0	0.989011
0	0.993721
0	0.993721
0	0.994505
0	0.996468
0	0.989011
0	0.999215
0	0.998038
0	0.999215
0	0.999215
0	0.99529
0	0.997253
0	0.992936
0	0.998038
0	0.993721
0	0.997645
0	0.99686
0	0.99686
0	0.999215
0	0.997253
0	0.997645
0	0.99686
0	0.994113
0	0.999215
0	0.999215
0	0.996468
0	0.995683
0	0.996075
0	0.99843
0	0.999608
0	0.999215
0	0.996075
0	0.991758
0	0.994113
0	0.999215
0	0.995683
0	0.996075
0	0.991758
0	0.994898
0	0.998038
0	0.99843
0	0.99843
0	0.99843
0	0.993721
0	0.998038
0	0.993721
0	0.997645
0	0.996075
0	0.999215
0	0.999215
0	0.994113
0	0.996075
0	0.998823
0	0.998823
0	0.998038
0	0.99686
0	0.999215
0	0.997253
0	0.994505
0	0.998823
0	0.998823
0	0.99843
0	0.998823
0	0.99843
0	0.996075
0	0.998823
0	0.998823
0	0.991758
0	0.99686
0	0.999215
0	0.996075
0	0.998823
0	0.992936
0	0.993721
0	0.999215
0	0.998823
0	0.996075
0	0.99686
0	0.998823
0	0.989011
0	0.999215
0	0.997253
0	0.997253
0	0.999215
0	0.999215
0	0.999215
0	0.999215
0	0.993721
0	0.993721
0	0.998038
0	0.998823
0	0.999215
0	0.999215
0	0.999215
0	0.994113
0	0.99686
0	0.997645
0	0.99686
0	0.994113
0	0.995683
0	0.996075
0	0.997645
0	0.994505
0	0.998038
0	0.992936
0	0.994113
0	0.993721
0	0.999215
0	0.999215
0	0.998823
0	0.997645
0	0.998823
0	0.99843
0	0.99843
0	0.99843
0	0.999215
0	0.99686
0	0.995683
0	0.995683
0	0.996075
0	0.99686
0	0.998823
0	0.999215
0	0.998823
0	0.996075
0	0.998823
0	0.998823
0	0.998823
0	0.994505
0	0.995683
0	0.996075
0	0.989011
0	0.996075
0	0.997645
0	0.994113
0	0.997253
0	0.997253
0	0.997645
0	0.995683
0	0.994113
0	0.999215
0	0.994113
0	0.998823
0	0.997253
0	0.99686
0	0.99843
0	0.999215
0	0.99843
0	0.989011
0	0.999215
0	0.993721
0	0.994113
0	0.997253
0	0.996075
0	0.994505
0	0.99686
0	0.997645
0	0.998823
0	0.993721
0	0.996075
0	0.994113
0	0.997645
0	0.99686
0	0.999215
0	0.996075
0	0.989011
0	0.99529
0	0.99686
0	0.993721
0	0.993721
0	0.992936
0	0.994113
0	0.996075
0	0.994505
0	0.999215
0	0.993721
0	0.99686
0	0.996468
0	0.997253
0	0.993721
0	0.993721
0	0.995683
0	0.991758
0	0.993721
0	0.994113
0	0.994113
0	0.998038
0	0.993721
0	0.995683
0	0.997645
0	0.991758
0	0.99843
0	0.99686
0	0.99529
0	0.998823
0	0.996075
0	0.996468
0	0.991758
0	0.998038
0	0.999215
0	0.996468
0	0.998038
0	0.991758
0	0.998823
0	0.992936
0	0.993721
0	0.989011
0	0.99843
0	0.994898
0	0.999215
0	0.998823
0	0.999215
0	0.99843
0	0.99686
0	0.994505
0	0.992936
0	0.99843
0	0.998823
0	0.993721
0	0.99843
0	0.99686
0	0.996075
0	0.99843
0	0.999215
0	0.992936
0	0.998038
0	0.998823
0	0.999215
0	0.998823
0	0.99686
0	0.993721
0	0.996075
0	0.999215
0	0.996075
0	0.996468
0	0.999215
0	0.997253
0	0.996468
0	0.999215
0	0.989011
0	0.994898
0	0.99686
0	0.993721
0	0.994113
0	0.996075
0	0.993721
0	0.993721
0	0.99686
0	0.997253
0	0.998823
0	0.999215
0	0.996075
0	0.993721
0	0.993721
0	0.99843
0	0.998823
0	0.998823
0	0.999215
0	0.991758
0	0.995683
0	0.997645
0	0.995683
0	0.996468
0	0.991758
0	0.994898
0	0.994898
0	0.993721
0	0.998823
0	0.993721
0	0.996468
0	0.994505
0	0.998823
0	0.996075
0	0.991758
0	0.999215
0	0.998823
0	0.991758
0	0.998823
0	0.997645
0	0.994113
0	0.996468
0	0.994113
0	0.99686
0	0.99843
0	0.995683
0	0.99843
0	0.992936
0	0.998038
0	0.998823
0	0.998823
0	0.998038
0	0.998038
0	0.998038
0	0.998038
0	0.999215
0	0.999215
0	0.995683
0	0.998823
0	0.998823
0	0.993721
0	0.998823
0	0.998823
0	0.999215
0	0.998823
0	0.999215
0	0.998823
0	0.997253
0	0.999215
0	0.997645
0	0.998038
0	0.991758
0	0.992936
0	0.994113
0	0.99686
0	0.999215
0	0.995683
0	0.99843
0	0.99529
0	0.998823
0	0.989011
0	0.998038
0	0.996468
0	0.989011
0	0.994898
0	0.997645
0	0.993721
0	0.991758
0	0.999215
0	0.998038
0	0.992936
0	0.997253


