# Persistence diagram <GML/1009.gml>
#
# Dimension   : 1
# Entries     : 121
# Betti number: 121
0.991758	inf
0.993721	inf
0.993721	inf
0.993721	inf
0.993721	inf
0.994113	inf
0.994113	inf
0.994113	inf
0.994505	inf
0.99529	inf
0.99529	inf
0.99529	inf
0.99529	inf
0.99529	inf
0.995683	inf
0.995683	inf
0.995683	inf
0.995683	inf
0.995683	inf
0.995683	inf
0.995683	inf
0.995683	inf
0.996468	inf
0.996468	inf
0.996468	inf
0.996468	inf
0.996468	inf
0.996468	inf
0.996468	inf
0.996468	inf
0.99686	inf
0.99686	inf
0.99686	inf
0.99686	inf
0.99686	inf
0.99686	inf
0.99686	inf
0.99686	inf
0.99686	inf
0.99686	inf
0.99686	inf
0.99686	inf
0.99686	inf
0.99686	inf
0.997253	inf
0.997253	inf
0.997253	inf
0.997253	inf
0.997645	inf
0.997645	inf
0.997645	inf
0.997645	inf
0.997645	inf
0.997645	inf
0.997645	inf
0.997645	inf
0.997645	inf
0.997645	inf
0.997645	inf
0.997645	inf
0.998038	inf
0.998038	inf
0.998038	inf
0.998038	inf
0.998038	inf
0.998038	inf
0.998038	inf
0.998038	inf
0.99843	inf
0.99843	inf
0.99843	inf
0.99843	inf
0.99843	inf
0.99843	inf
0.99843	inf
0.99843	inf
0.99843	inf
0.99843	inf
0.99843	inf
0.99843	inf
0.99843	inf
0.99843	inf
0.99843	inf
0.998823	inf
0.998823	inf
0.998823	inf
0.998823	inf
0.998823	inf
0.998823	inf
0.998823	inf
0.998823	inf
0.998823	inf
0.998823	inf
0.998823	inf
0.998823	inf
0.998823	inf
0.998823	inf
0.998823	inf
0.998823	inf
0.998823	inf
0.998823	inf
0.998823	inf
0.998823	inf
0.998823	inf
0.998823	inf
0.998823	inf
0.999215	inf
0.999215	inf
0.999215	inf
0.999215	inf
0.999215	inf
0.999215	inf
0.999215	inf
0.999215	inf
0.999215	inf
0.999215	inf
0.999215	inf
0.999215	inf
0.999215	inf
0.999215	inf
0.999215	inf
