# Persistence diagram <GML/1010.gml>
#
# Dimension   : 0
# Entries     : 847
# Betti number: 9
0	inf
0	0.995748
0	0.990646
0	0.985544
0	0.992347
0	0.996599
0	0.986395
0	0.996599
0	inf
0	0.990646
0	0.997449
0	0.992347
0	0.980442
0	0.992347
0	0.993197
0	0.998299
0	0.995748
0	0.985544
0	0.990646
0	0.998299
0	0.995748
0	0.991497
0	0.990646
0	0.987245
0	0.998299
0	0.985544
0	0.986395
0	0.998299
0	0.995748
0	0.995748
0	0.994898
0	0.995748
0	0.992347
0	0.995748
0	inf
0	0.994898
0	0.981293
0	0.988946
0	0.981293
0	0.980442
0	0.996599
0	0.990646
0	0.988095
0	0.993197
0	0.994898
0	0.982143
0	0.996599
0	0.982143
0	0.994898
0	0.982993
0	0.996599
0	0.998299
0	0.992347
0	0.998299
0	0.996599
0	0.980442
0	0.982993
0	0.998299
0	0.996599
0	0.968537
0	0.986395
0	0.998299
0	0.995748
0	0.997449
0	0.985544
0	0.993197
0	0.968537
0	0.998299
0	0.982993
0	0.998299
0	0.985544
0	0.997449
0	0.994898
0	0.994898
0	0.998299
0	0.989796
0	0.996599
0	0.998299
0	0.985544
0	0.993197
0	0.998299
0	0.992347
0	0.997449
0	0.993197
0	0.994048
0	0.993197
0	0.968537
0	0.993197
0	0.996599
0	0.968537
0	0.992347
0	0.997449
0	0.997449
0	0.986395
0	0.997449
0	0.990646
0	0.993197
0	0.991497
0	0.994898
0	0.997449
0	0.985544
0	0.996599
0	0.996599
0	0.988946
0	0.990646
0	0.998299
0	0.994898
0	0.986395
0	0.997449
0	0.997449
0	0.995748
0	0.989796
0	0.990646
0	0.990646
0	0.994898
0	0.998299
0	0.994048
0	0.985544
0	0.997449
0	0.995748
0	0.996599
0	0.987245
0	0.987245
0	0.994898
0	0.985544
0	0.998299
0	0.986395
0	0.986395
0	0.994898
0	0.998299
0	0.994898
0	0.992347
0	0.988946
0	0.991497
0	0.989796
0	inf
0	0.998299
0	0.994048
0	0.986395
0	0.996599
0	0.998299
0	0.987245
0	0.994048
0	0.985544
0	0.985544
0	0.996599
0	0.995748
0	0.995748
0	0.994048
0	0.982993
0	0.989796
0	0.997449
0	0.982143
0	0.992347
0	0.986395
0	0.994048
0	0.981293
0	0.986395
0	0.989796
0	0.990646
0	0.990646
0	0.981293
0	0.994048
0	0.989796
0	0.993197
0	0.996599
0	0.997449
0	0.982993
0	0.998299
0	0.995748
0	0.993197
0	0.996599
0	inf
0	0.996599
0	0.996599
0	0.997449
0	0.998299
0	0.988946
0	0.997449
0	0.988946
0	0.997449
0	0.980442
0	0.993197
0	0.982143
0	0.995748
0	0.991497
0	0.991497
0	0.998299
0	0.998299
0	0.985544
0	0.998299
0	0.998299
0	0.990646
0	0.993197
0	0.995748
0	0.991497
0	0.990646
0	0.992347
0	0.994898
0	0.985544
0	0.986395
0	0.990646
0	inf
0	0.994048
0	0.998299
0	0.995748
0	0.997449
0	0.998299
0	0.994898
0	0.998299
0	0.997449
0	0.990646
0	0.998299
0	0.996599
0	0.989796
0	0.989796
0	0.995748
0	0.982143
0	0.987245
0	0.998299
0	0.994898
0	0.995748
0	0.989796
0	0.982143
0	0.986395
0	0.992347
0	0.991497
0	0.992347
0	0.997449
0	inf
0	0.994898
0	0.994898
0	0.995748
0	0.988946
0	0.968537
0	0.992347
0	0.980442
0	0.968537
0	0.989796
0	0.995748
0	0.997449
0	0.981293
0	0.989796
0	0.981293
0	0.980442
0	0.993197
0	0.996599
0	0.996599
0	0.982143
0	0.997449
0	0.989796
0	0.986395
0	0.968537
0	0.994048
0	0.994048
0	0.990646
0	0.996599
0	0.986395
0	0.990646
0	0.989796
0	0.992347
0	0.996599
0	0.968537
0	0.989796
0	0.998299
0	0.968537
0	0.995748
0	0.988946
0	0.988095
0	0.986395
0	0.989796
0	0.995748
0	0.980442
0	0.997449
0	0.985544
0	0.994898
0	0.998299
0	0.985544
0	0.990646
0	0.992347
0	0.989796
0	0.997449
0	0.968537
0	0.996599
0	0.998299
0	0.992347
0	0.998299
0	0.997449
0	0.998299
0	0.985544
0	0.992347
0	0.994048
0	0.998299
0	0.994898
0	0.990646
0	0.990646
0	0.992347
0	0.996599
0	0.998299
0	0.992347
0	0.998299
0	0.991497
0	0.995748
0	0.994048
0	0.997449
0	0.989796
0	0.986395
0	0.982143
0	0.993197
0	0.994048
0	0.991497
0	0.991497
0	0.993197
0	0.998299
0	0.980442
0	0.995748
0	0.997449
0	0.996599
0	0.990646
0	0.985544
0	0.992347
0	0.991497
0	0.995748
0	0.992347
0	0.980442
0	0.998299
0	0.996599
0	0.993197
0	0.998299
0	0.988095
0	0.995748
0	0.994898
0	0.998299
0	0.996599
0	0.992347
0	0.992347
0	0.996599
0	0.998299
0	0.996599
0	0.998299
0	0.992347
0	0.981293
0	0.994898
0	0.994898
0	0.995748
0	0.968537
0	0.990646
0	0.968537
0	0.994048
0	0.997449
0	0.998299
0	0.980442
0	0.985544
0	0.994898
0	0.982143
0	0.989796
0	0.996599
0	0.997449
0	0.998299
0	0.991497
0	0.998299
0	0.998299
0	0.986395
0	0.968537
0	0.986395
0	0.989796
0	0.997449
0	0.986395
0	inf
0	0.987245
0	0.995748
0	0.991497
0	0.985544
0	0.982993
0	0.995748
0	0.981293
0	0.990646
0	0.998299
0	0.997449
0	0.987245
0	0.997449
0	0.989796
0	0.990646
0	0.993197
0	0.990646
0	0.985544
0	0.989796
0	0.992347
0	0.998299
0	0.987245
0	0.995748
0	0.997449
0	0.998299
0	0.997449
0	0.981293
0	0.997449
0	0.994898
0	0.997449
0	0.998299
0	0.985544
0	0.998299
0	0.995748
0	0.997449
0	0.992347
0	0.998299
0	0.996599
0	0.986395
0	0.985544
0	0.988095
0	0.994048
0	0.997449
0	0.988946
0	0.995748
0	0.988095
0	0.994048
0	0.997449
0	0.989796
0	0.991497
0	0.994048
0	0.987245
0	0.982143
0	0.997449
0	0.968537
0	0.992347
0	0.993197
0	0.987245
0	0.989796
0	0.997449
0	0.996599
0	0.995748
0	0.998299
0	0.991497
0	0.990646
0	0.994898
0	0.996599
0	0.980442
0	0.980442
0	0.996599
0	0.996599
0	0.987245
0	0.995748
0	0.990646
0	0.992347
0	0.982143
0	0.980442
0	0.985544
0	0.980442
0	0.988946
0	0.985544
0	0.987245
0	0.995748
0	0.996599
0	0.998299
0	0.993197
0	0.996599
0	0.995748
0	0.99915
0	0.995748
0	0.998299
0	0.986395
0	0.997449
0	0.995748
0	0.993197
0	0.986395
0	0.990646
0	0.986395
0	0.988946
0	0.998299
0	0.994048
0	0.997449
0	0.986395
0	inf
0	0.985544
0	0.988946
0	0.968537
0	0.982143
0	0.994048
0	0.968537
0	0.996599
0	0.981293
0	0.968537
0	0.988946
0	0.997449
0	0.998299
0	0.987245
0	0.982993
0	0.992347
0	0.994898
0	0.995748
0	0.994898
0	0.996599
0	0.986395
0	0.997449
0	0.996599
0	0.997449
0	0.985544
0	0.986395
0	0.996599
0	0.996599
0	0.981293
0	0.981293
0	0.985544
0	0.993197
0	0.996599
0	0.995748
0	0.988095
0	0.982993
0	0.989796
0	0.987245
0	0.992347
0	0.994898
0	0.994898
0	0.996599
0	0.981293
0	0.996599
0	0.985544
0	0.986395
0	0.982993
0	0.989796
0	0.991497
0	0.997449
0	0.982143
0	0.986395
0	0.988095
0	0.996599
0	0.99915
0	0.998299
0	0.990646
0	0.994898
0	0.989796
0	0.990646
0	0.992347
0	0.998299
0	0.981293
0	0.992347
0	0.997449
0	0.998299
0	0.994898
0	0.968537
0	0.989796
0	0.993197
0	0.994048
0	0.998299
0	0.995748
0	0.985544
0	0.986395
0	0.987245
0	0.982993
0	0.968537
0	0.994048
0	0.990646
0	0.995748
0	0.997449
0	0.990646
0	0.994048
0	0.994048
0	0.998299
0	0.985544
0	0.982993
0	0.987245
0	0.990646
0	0.994898
0	0.985544
0	0.996599
0	0.988946
0	0.987245
0	0.992347
0	0.997449
0	0.995748
0	0.991497
0	0.992347
0	0.990646
0	0.991497
0	0.996599
0	0.993197
0	0.997449
0	0.989796
0	0.995748
0	0.994048
0	0.997449
0	0.996599
0	0.992347
0	0.997449
0	0.994898
0	0.998299
0	0.992347
0	0.998299
0	0.996599
0	0.987245
0	0.997449
0	0.997449
0	0.994898
0	0.986395
0	0.998299
0	0.996599
0	0.994898
0	0.989796
0	0.985544
0	0.993197
0	0.994048
0	0.995748
0	0.996599
0	0.993197
0	0.998299
0	0.994048
0	0.998299
0	0.998299
0	0.986395
0	0.987245
0	0.993197
0	0.994898
0	0.982143
0	0.990646
0	0.997449
0	0.991497
0	0.982993
0	0.994898
0	0.990646
0	0.998299
0	0.987245
0	0.995748
0	0.980442
0	0.991497
0	0.988946
0	0.998299
0	0.996599
0	0.997449
0	0.998299
0	0.992347
0	0.993197
0	0.993197
0	0.998299
0	0.968537
0	0.985544
0	0.982993
0	0.992347
0	0.997449
0	0.998299
0	0.993197
0	0.989796
0	0.992347
0	0.988946
0	0.998299
0	0.994048
0	0.996599
0	0.994898
0	0.987245
0	0.995748
0	0.996599
0	0.994898
0	0.998299
0	0.998299
0	0.988946
0	0.995748
0	0.990646
0	0.992347
0	0.992347
0	0.995748
0	0.994048
0	0.994898
0	0.995748
0	0.996599
0	0.994048
0	0.982143
0	0.991497
0	0.998299
0	0.998299
0	0.996599
0	0.992347
0	0.996599
0	0.990646
0	0.992347
0	0.998299
0	0.982993
0	0.986395
0	0.991497
0	0.993197
0	0.994048
0	0.994898
0	0.994898
0	0.998299
0	0.996599
0	0.993197
0	0.994898
0	0.988095
0	0.989796
0	0.989796
0	0.988946
0	0.968537
0	0.998299
0	0.998299
0	0.987245
0	0.968537
0	0.982143
0	0.996599
0	0.994048
0	0.968537
0	0.995748
0	0.985544
0	0.995748
0	0.985544
0	0.994898
0	0.997449
0	0.998299
0	0.968537
0	0.998299
0	0.994898
0	0.994898
0	0.995748
0	0.997449
0	0.992347
0	0.988946
0	0.987245
0	0.998299
0	0.998299
0	0.986395
0	0.995748
0	0.998299
0	0.992347
0	0.986395
0	0.990646
0	0.990646
0	0.985544
0	0.987245
0	0.997449
0	0.968537
0	0.968537
0	0.995748
0	0.991497
0	0.997449
0	0.998299
0	0.998299
0	0.996599
0	0.987245
0	0.981293
0	0.998299
0	0.995748
0	0.989796
0	0.981293
0	0.998299
0	0.995748
0	0.992347
0	0.990646
0	0.993197
0	0.997449
0	0.982993
0	0.992347
0	0.988946
0	0.990646
0	0.995748
0	0.991497
0	0.998299
0	0.993197
0	0.996599
0	0.990646
0	0.997449
0	0.991497
0	0.994048
0	0.990646
0	0.997449
0	0.995748
0	0.986395
0	0.994898
0	0.995748
0	0.995748
0	0.998299
0	0.994898
0	0.991497
0	0.998299
0	0.996599
0	0.987245
0	0.998299
0	0.998299
0	0.998299
0	0.997449
0	0.985544
0	0.992347
0	0.995748
0	0.987245
0	0.998299
0	0.992347
0	0.997449
0	0.998299
0	0.993197
0	0.998299
0	0.996599
0	0.986395
0	0.994898
0	0.988946
0	0.980442
0	0.987245
0	0.986395
0	0.989796
0	0.981293
0	0.996599
0	0.993197
0	0.997449
0	0.986395
0	0.995748
0	0.996599
0	0.994898
0	0.994898
0	0.994898
0	0.968537
0	0.997449
0	0.997449
0	0.998299
0	0.993197
0	0.986395
0	0.968537
0	0.990646
0	0.998299
0	0.995748
0	0.997449
0	0.994898
0	0.995748
0	0.998299
0	0.994048
0	0.998299
0	0.980442
0	0.994048
0	0.998299
0	0.988095
0	0.998299
0	0.982143
0	0.985544
0	0.995748
0	0.995748
0	0.986395
0	0.982143
0	0.990646
0	0.986395
0	0.985544
0	0.997449
0	0.989796
0	0.982993
0	0.989796
0	0.986395
0	0.991497
0	0.994898
0	0.992347
0	0.997449
0	0.986395
0	0.982993
0	0.980442
0	0.989796
0	0.992347


