# Persistence diagram <GML/1013.gml>
#
# Dimension   : 1
# Entries     : 69
# Betti number: 69
0.997061	inf
0.997061	inf
0.997061	inf
0.997061	inf
0.997387	inf
0.997387	inf
0.997387	inf
0.997387	inf
0.997387	inf
0.997387	inf
0.997714	inf
0.997714	inf
0.997714	inf
0.997714	inf
0.997714	inf
0.997714	inf
0.997714	inf
0.99804	inf
0.99804	inf
0.99804	inf
0.99804	inf
0.99804	inf
0.99804	inf
0.99804	inf
0.99804	inf
0.99804	inf
0.99804	inf
0.99804	inf
0.998367	inf
0.998367	inf
0.998367	inf
0.998367	inf
0.998367	inf
0.998367	inf
0.998367	inf
0.998367	inf
0.998367	inf
0.998367	inf
0.998694	inf
0.998694	inf
0.998694	inf
0.998694	inf
0.998694	inf
0.998694	inf
0.998694	inf
0.998694	inf
0.998694	inf
0.99902	inf
0.99902	inf
0.99902	inf
0.99902	inf
0.99902	inf
0.99902	inf
0.99902	inf
0.99902	inf
0.99902	inf
0.99902	inf
0.99902	inf
0.99902	inf
0.99902	inf
0.99902	inf
0.999347	inf
0.999347	inf
0.999347	inf
0.999347	inf
0.999347	inf
0.999347	inf
0.999347	inf
0.999347	inf
