# Persistence diagram <GML/1014.gml>
#
# Dimension   : 0
# Entries     : 364
# Betti number: 3
0	inf
0	0.99596
0	0.996633
0	0.994613
0	0.998653
0	0.99798
0	0.993939
0	0.996633
0	inf
0	0.997306
0	0.989226
0	0.995286
0	0.991919
0	0.993939
0	0.99798
0	0.997306
0	0.993266
0	0.997306
0	0.996633
0	0.99596
0	0.996633
0	0.996633
0	0.996633
0	0.99596
0	0.99798
0	0.99798
0	0.998653
0	0.991919
0	0.996633
0	0.998653
0	0.995286
0	0.998653
0	0.996633
0	0.991919
0	0.998653
0	0.990572
0	0.989899
0	0.990572
0	0.998653
0	0.998653
0	0.991919
0	0.998653
0	0.991919
0	0.99596
0	0.989899
0	0.99596
0	0.994613
0	0.991919
0	0.994613
0	0.989226
0	0.99798
0	0.99798
0	0.989226
0	0.99596
0	0.99798
0	0.998653
0	0.997306
0	0.995286
0	0.996633
0	0.996633
0	0.989226
0	0.998653
0	0.998653
0	0.991919
0	0.99596
0	0.99798
0	0.99596
0	0.995286
0	0.993939
0	0.998653
0	0.993939
0	0.995286
0	0.994613
0	0.995286
0	0.994613
0	0.996633
0	0.991919
0	0.99798
0	0.991919
0	0.99798
0	0.995286
0	0.998653
0	0.995286
0	0.991919
0	0.996633
0	0.99798
0	0.994613
0	0.996633
0	0.99798
0	0.989899
0	0.997306
0	0.994613
0	0.994613
0	0.994613
0	0.995286
0	0.997306
0	0.99798
0	0.99596
0	0.997306
0	0.996633
0	0.989226
0	0.995286
0	0.989226
0	0.996633
0	0.996633
0	0.991919
0	0.997306
0	0.996633
0	0.997306
0	0.991919
0	0.99596
0	0.991919
0	0.996633
0	0.99596
0	0.997306
0	0.998653
0	0.997306
0	0.996633
0	0.999327
0	0.989226
0	0.991919
0	0.991919
0	0.991919
0	0.993266
0	0.997306
0	0.99798
0	0.998653
0	0.991919
0	0.99798
0	0.99798
0	0.99596
0	0.994613
0	0.99596
0	0.996633
0	0.997306
0	0.99596
0	0.99596
0	0.995286
0	0.990572
0	0.993939
0	0.989226
0	0.996633
0	0.993266
0	0.99596
0	0.994613
0	0.989226
0	0.998653
0	0.99798
0	0.994613
0	0.989226
0	0.989899
0	0.989899
0	0.998653
0	0.996633
0	0.989226
0	0.998653
0	0.990572
0	0.996633
0	0.99596
0	0.989899
0	inf
0	0.99596
0	0.99798
0	0.990572
0	0.990572
0	0.99798
0	0.993939
0	0.993266
0	0.99596
0	0.989899
0	0.995286
0	0.997306
0	0.990572
0	0.990572
0	0.997306
0	0.99596
0	0.995286
0	0.993939
0	0.999327
0	0.989899
0	0.994613
0	0.994613
0	0.99596
0	0.997306
0	0.990572
0	0.998653
0	0.994613
0	0.997306
0	0.996633
0	0.998653
0	0.996633
0	0.998653
0	0.996633
0	0.994613
0	0.99798
0	0.989226
0	0.998653
0	0.99596
0	0.99798
0	0.997306
0	0.99798
0	0.989226
0	0.996633
0	0.995286
0	0.993266
0	0.99798
0	0.99798
0	0.995286
0	0.989226
0	0.997306
0	0.989899
0	0.998653
0	0.998653
0	0.990572
0	0.989899
0	0.99798
0	0.99596
0	0.995286
0	0.997306
0	0.989899
0	0.99596
0	0.997306
0	0.99798
0	0.996633
0	0.997306
0	0.997306
0	0.989226
0	0.99798
0	0.991919
0	0.991919
0	0.993266
0	0.998653
0	0.99798
0	0.997306
0	0.995286
0	0.99798
0	0.992593
0	0.995286
0	0.995286
0	0.989226
0	0.989226
0	0.996633
0	0.994613
0	0.99798
0	0.994613
0	0.997306
0	0.995286
0	0.996633
0	0.996633
0	0.996633
0	0.996633
0	0.995286
0	0.991919
0	0.990572
0	0.991919
0	0.99798
0	0.989226
0	0.998653
0	0.992593
0	0.99798
0	0.994613
0	0.998653
0	0.989226
0	0.993939
0	0.998653
0	0.991919
0	0.995286
0	0.989899
0	0.99596
0	0.997306
0	0.997306
0	0.99596
0	0.989899
0	0.994613
0	0.996633
0	0.995286
0	0.997306
0	0.998653
0	0.994613
0	0.998653
0	0.993939
0	0.99596
0	0.997306
0	0.993939
0	0.99596
0	0.990572
0	0.996633
0	0.997306
0	0.994613
0	0.994613
0	0.989226
0	0.990572
0	0.996633
0	0.993266
0	0.996633
0	0.989899
0	0.997306
0	0.997306
0	0.989226
0	0.99798
0	0.997306
0	0.995286
0	0.989899
0	0.994613
0	0.989226
0	0.998653
0	0.993266
0	0.994613
0	0.993266
0	0.997306
0	0.992593
0	0.99596
0	0.996633
0	0.989899
0	0.994613
0	0.989899
0	0.99798
0	0.993939
0	0.998653
0	0.99798
0	0.99596
0	0.998653
0	0.989226
0	0.993939
0	0.99798
0	0.997306
0	0.99596
0	0.990572
0	0.994613
0	0.993939
0	0.997306
0	0.995286
0	0.991919
0	0.997306
0	0.998653
0	0.996633
0	0.995286
0	0.995286
0	0.993939
0	0.989899
0	0.99798
0	0.996633
0	0.990572
0	0.991919
0	0.991919
0	0.998653
0	0.99596
0	0.993939
0	0.99798
0	0.997306
0	0.99596
0	0.997306
0	0.993266
0	0.998653
0	0.996633
0	0.995286
0	0.99798
0	0.992593
0	0.99596
0	0.998653
0	0.994613
0	0.997306
0	0.99596
0	0.993939


