# Persistence diagram <GML/1016.gml>
#
# Dimension   : 0
# Entries     : 791
# Betti number: 3
0	inf
0	0.998833
0	0.994553
0	0.943969
0	0.943969
0	0.994163
0	0.998833
0	0.998054
0	0.994163
0	0.997276
0	0.996887
0	0.998444
0	0.997276
0	0.945914
0	0.99572
0	0.943969
0	0.998444
0	0.994163
0	0.999222
0	0.943969
0	0.996109
0	0.996109
0	0.994163
0	0.996109
0	0.994163
0	0.99572
0	0.994942
0	0.945914
0	0.994942
0	0.943969
0	0.999222
0	0.99572
0	0.99572
0	0.995331
0	0.996498
0	0.945914
0	0.943969
0	0.996109
0	0.994942
0	0.994942
0	0.990661
0	0.997665
0	0.998054
0	0.996109
0	0.996887
0	0.994163
0	0.998833
0	0.945914
0	0.994553
0	0.994163
0	0.996887
0	0.993774
0	0.992607
0	0.997665
0	0.998054
0	0.945914
0	0.943969
0	0.997276
0	0.998444
0	0.945914
0	0.990661
0	0.945914
0	0.943969
0	0.997276
0	0.996109
0	0.999222
0	0.943969
0	0.990661
0	0.998444
0	0.998444
0	0.943969
0	0.943969
0	0.945914
0	0.994553
0	0.992607
0	0.99572
0	0.994942
0	0.998054
0	0.998444
0	0.998054
0	0.998054
0	0.998833
0	0.945914
0	0.998833
0	0.945914
0	0.999222
0	0.945914
0	0.943969
0	0.999222
0	0.998054
0	0.999222
0	0.996887
0	0.996887
0	0.994942
0	0.995331
0	0.945914
0	0.996498
0	0.993774
0	0.945914
0	0.943969
0	0.999222
0	0.998833
0	0.945914
0	0.997665
0	0.997276
0	0.998833
0	0.998444
0	0.99572
0	0.998444
0	0.943969
0	0.998444
0	0.998833
0	0.99572
0	0.998833
0	0.994942
0	0.945914
0	0.999222
0	0.945914
0	0.998833
0	0.999222
0	0.998444
0	0.999222
0	0.996887
0	0.998833
0	0.945914
0	0.996498
0	0.995331
0	0.995331
0	0.994942
0	0.998444
0	0.998833
0	0.992607
0	0.945914
0	0.945914
0	0.999222
0	0.999222
0	0.945914
0	0.995331
0	0.945914
0	0.997276
0	0.996887
0	0.997276
0	0.945914
0	0.996109
0	0.998833
0	0.943969
0	0.998444
0	0.995331
0	0.990661
0	0.994163
0	0.998054
0	0.943969
0	0.945914
0	0.998833
0	0.991829
0	0.999222
0	0.994163
0	0.994163
0	0.994163
0	0.996887
0	0.945914
0	0.990661
0	0.990661
0	0.996887
0	0.995331
0	0.945914
0	0.998054
0	0.943969
0	0.999222
0	0.996498
0	0.992607
0	0.997665
0	0.999222
0	0.998444
0	0.998444
0	0.998054
0	0.996887
0	0.997665
0	0.996887
0	0.995331
0	0.996498
0	0.994942
0	0.992607
0	0.999222
0	0.992607
0	0.996887
0	0.996109
0	0.998833
0	0.998054
0	0.995331
0	0.996498
0	0.943969
0	0.998833
0	0.945914
0	0.992607
0	0.943969
0	0.998054
0	0.945914
0	0.994163
0	0.992607
0	0.996109
0	0.994942
0	0.99572
0	0.996887
0	0.945914
0	0.99572
0	0.99572
0	0.994163
0	0.994163
0	0.994942
0	0.998444
0	0.996109
0	0.998054
0	0.943969
0	0.994942
0	0.943969
0	0.943969
0	0.997276
0	0.998054
0	0.996887
0	0.998833
0	0.994942
0	0.943969
0	0.945914
0	0.998833
0	0.943969
0	0.994163
0	0.997276
0	0.994163
0	0.996887
0	0.943969
0	0.996498
0	0.992607
0	0.997665
0	0.994942
0	0.943969
0	0.943969
0	0.997665
0	0.998444
0	0.998833
0	0.999222
0	0.998444
0	0.999222
0	0.99572
0	0.943969
0	0.998833
0	0.994163
0	0.998444
0	0.996887
0	0.997665
0	0.945914
0	0.998833
0	0.99572
0	0.999222
0	0.945914
0	0.945914
0	0.996498
0	0.998833
0	0.994163
0	0.999222
0	0.943969
0	0.997665
0	0.996887
0	0.996109
0	0.996887
0	0.943969
0	0.998833
0	0.943969
0	0.998833
0	0.99572
0	0.943969
0	0.999222
0	0.997665
0	0.997665
0	0.998444
0	0.997276
0	0.945914
0	0.995331
0	0.990661
0	0.995331
0	0.994163
0	0.990661
0	0.991829
0	0.997276
0	0.997665
0	0.996887
0	0.999222
0	0.997665
0	0.995331
0	0.996109
0	0.943969
0	0.943969
0	0.999222
0	0.998054
0	0.998833
0	0.997665
0	0.943969
0	0.998444
0	0.994553
0	0.997276
0	0.945914
0	0.99572
0	0.998444
0	0.945914
0	0.998054
0	0.997665
0	0.999222
0	0.996887
0	0.998833
0	0.945914
0	0.943969
0	0.945914
0	0.997276
0	0.997665
0	0.997276
0	0.945914
0	0.998444
0	0.945914
0	0.996887
0	0.997276
0	0.999222
0	0.945914
0	0.997665
0	0.994163
0	0.943969
0	0.994163
0	0.998833
0	0.943969
0	0.945914
0	0.994553
0	0.945914
0	0.945914
0	0.943969
0	0.995331
0	0.992607
0	0.994163
0	0.999222
0	0.996887
0	0.991829
0	0.997276
0	0.945914
0	0.999222
0	0.945914
0	0.945914
0	0.996887
0	0.996498
0	0.995331
0	0.99572
0	0.990661
0	0.998833
0	0.998054
0	0.943969
0	0.990661
0	0.998054
0	0.997276
0	0.998833
0	0.997665
0	0.998833
0	0.943969
0	0.997276
0	0.998444
0	0.998444
0	0.997665
0	0.943969
0	0.998444
0	0.999222
0	0.998833
0	0.997665
0	inf
0	0.996887
0	0.993774
0	0.999222
0	0.994163
0	0.998054
0	0.993774
0	0.990661
0	0.998054
0	0.998054
0	0.943969
0	0.996498
0	0.993774
0	0.994553
0	0.997276
0	0.997276
0	0.991829
0	0.994163
0	0.991829
0	0.945914
0	0.994942
0	0.996887
0	0.999222
0	0.998833
0	0.998444
0	0.997665
0	0.999222
0	0.998444
0	0.994163
0	0.943969
0	0.998833
0	0.943969
0	0.997276
0	0.994163
0	0.994163
0	0.995331
0	0.998833
0	0.998054
0	0.943969
0	0.998444
0	0.998833
0	0.997665
0	0.943969
0	0.998054
0	0.997665
0	0.943969
0	0.996887
0	0.945914
0	0.998054
0	0.999222
0	0.943969
0	0.999222
0	0.994163
0	0.992607
0	0.945914
0	0.945914
0	0.997665
0	0.945914
0	0.998444
0	0.945914
0	0.943969
0	0.997665
0	0.996887
0	0.996498
0	0.995331
0	0.996109
0	0.999222
0	0.998833
0	0.990661
0	0.996109
0	0.99572
0	0.998833
0	0.998833
0	0.991829
0	0.992607
0	0.991829
0	0.943969
0	0.996498
0	0.996109
0	0.998833
0	0.995331
0	0.943969
0	0.998444
0	0.994163
0	0.998444
0	0.997276
0	0.990661
0	0.996498
0	0.999222
0	0.999222
0	0.994942
0	0.998444
0	0.999222
0	0.945914
0	0.943969
0	0.996498
0	0.945914
0	0.945914
0	0.998444
0	0.943969
0	0.945914
0	0.999222
0	0.994163
0	0.997665
0	0.997665
0	0.994942
0	0.992607
0	0.994942
0	0.998444
0	0.998054
0	0.999222
0	0.994553
0	0.997276
0	0.998054
0	0.999222
0	0.998054
0	0.993774
0	0.943969
0	0.998833
0	0.998833
0	0.992607
0	0.943969
0	0.943969
0	0.999222
0	0.995331
0	0.998054
0	0.997665
0	0.943969
0	0.999222
0	0.996498
0	0.997665
0	0.945914
0	0.997665
0	0.998833
0	0.943969
0	0.996887
0	0.943969
0	0.998054
0	0.99572
0	0.994163
0	0.998833
0	0.998444
0	0.943969
0	0.945914
0	0.996109
0	0.998444
0	0.943969
0	0.994942
0	0.997665
0	0.998833
0	0.945914
0	0.999222
0	0.998444
0	inf
0	0.945914
0	0.998444
0	0.994163
0	0.990661
0	0.998054
0	0.996887
0	0.998054
0	0.997276
0	0.999222
0	0.994942
0	0.998444
0	0.998833
0	0.997276
0	0.998833
0	0.943969
0	0.998833
0	0.994163
0	0.943969
0	0.997665
0	0.998833
0	0.997665
0	0.943969
0	0.996887
0	0.997276
0	0.997665
0	0.945914
0	0.997276
0	0.990661
0	0.945914
0	0.943969
0	0.992607
0	0.994163
0	0.994163
0	0.995331
0	0.996887
0	0.997665
0	0.945914
0	0.999222
0	0.996109
0	0.945914
0	0.998444
0	0.994163
0	0.943969
0	0.998054
0	0.943969
0	0.996109
0	0.943969
0	0.994163
0	0.943969
0	0.998054
0	0.945914
0	0.943969
0	0.943969
0	0.943969
0	0.994163
0	0.999222
0	0.998054
0	0.998833
0	0.945914
0	0.999222
0	0.943969
0	0.996109
0	0.943969
0	0.943969
0	0.999222
0	0.996498
0	0.995331
0	0.945914
0	0.99572
0	0.999222
0	0.999222
0	0.999222
0	0.994163
0	0.999222
0	0.992607
0	0.996109
0	0.998833
0	0.945914
0	0.943969
0	0.992607
0	0.998444
0	0.994163
0	0.997276
0	0.945914
0	0.945914
0	0.992607
0	0.945914
0	0.998054
0	0.998833
0	0.998444
0	0.998833
0	0.998444
0	0.943969
0	0.998054
0	0.998444
0	0.998833
0	0.999222
0	0.997276
0	0.993774
0	0.994942
0	0.994163
0	0.994163
0	0.945914
0	0.994942
0	0.945914
0	0.995331
0	0.943969
0	0.943969
0	0.998444
0	0.945914
0	0.998444
0	0.945914
0	0.996498
0	0.995331
0	0.999222
0	0.943969
0	0.945914
0	0.998444
0	0.997276
0	0.998833
0	0.996887
0	0.998444
0	0.945914
0	0.998833
0	0.996887
0	0.945914
0	0.999222
0	0.998444
0	0.998833
0	0.997665
0	0.945914
0	0.998444
0	0.998833
0	0.997276
0	0.998444
0	0.998054
0	0.996109
0	0.998833
0	0.99572
0	0.943969
0	0.945914
0	0.996887
0	0.996887
0	0.999222
0	0.998054
0	0.998054
0	0.996887
0	0.943969
0	0.998444
0	0.998054
0	0.945914
0	0.998444
0	0.999222
0	0.945914
0	0.945914
0	0.998833
0	0.996887
0	0.943969
0	0.998444
0	0.998444
0	0.945914
0	0.943969
0	0.997665
0	0.993774
0	0.995331
0	0.999222
0	0.990661
0	0.997276
0	0.945914
0	0.995331
0	0.943969
0	0.945914
0	0.945914
0	0.997276
0	0.999222
0	0.996887
0	0.997665
0	0.999611
0	0.998054
0	0.994163
0	0.997665
0	0.945914
0	0.997276
0	0.999222
0	0.945914
0	0.994942
0	0.943969
0	0.997665
0	0.994163
0	0.998833
0	0.999222
0	0.994163
0	0.996887
0	0.995331
0	0.943969
0	0.998444
0	0.997276
0	0.995331
0	0.943969
0	0.943969
0	0.945914
0	0.998444
0	0.945914
0	0.994942
0	0.996887
0	0.945914
0	0.999222
0	0.997276
0	0.993774
0	0.943969
0	0.996109
0	0.945914
0	0.993774
0	0.994942
0	0.994163
0	0.997665
0	0.994942
0	0.943969
0	0.992607
0	0.996887
0	0.99572
0	0.993774
0	0.998054
0	0.945914
0	0.997276
0	0.998833
0	0.994553
0	0.999611
0	0.945914
0	0.994942
0	0.999222
0	0.997276
0	0.943969
0	0.998833
0	0.945914
0	0.996109
0	0.996887
0	0.999222
0	0.945914
0	0.943969
0	0.996498
0	0.999222
0	0.998833
0	0.993774
0	0.990661
0	0.997665
0	0.998054
0	0.997665
0	0.997276
0	0.997276
0	0.999222
0	0.996498
0	0.994163
0	0.943969
0	0.99572
0	0.996109
0	0.992607
0	0.998833
0	0.997276
0	0.997665
0	0.998054
0	0.998833
0	0.945914
0	0.996887
0	0.998444
0	0.945914
0	0.996887
0	0.99572
0	0.991829


