# Persistence diagram <GML/1016.gml>
#
# Dimension   : 1
# Entries     : 140
# Betti number: 139
0.991829	inf
0.991829	inf
0.992607	inf
0.993774	inf
0.994163	inf
0.994163	inf
0.994163	inf
0.994163	inf
0.994163	0.996498
0.994163	inf
0.994942	inf
0.994942	inf
0.994942	inf
0.994942	inf
0.994942	inf
0.994942	inf
0.995331	inf
0.995331	inf
0.995331	inf
0.995331	inf
0.995331	inf
0.995331	inf
0.99572	inf
0.99572	inf
0.99572	inf
0.99572	inf
0.996109	inf
0.996109	inf
0.996109	inf
0.996498	inf
0.996498	inf
0.996498	inf
0.996498	inf
0.996498	inf
0.996887	inf
0.996887	inf
0.996887	inf
0.996887	inf
0.996887	inf
0.996887	inf
0.996887	inf
0.996887	inf
0.996887	inf
0.996887	inf
0.997276	inf
0.997276	inf
0.997276	inf
0.997276	inf
0.997276	inf
0.997276	inf
0.997665	inf
0.997665	inf
0.997665	inf
0.997665	inf
0.997665	inf
0.997665	inf
0.997665	inf
0.997665	inf
0.997665	inf
0.997665	inf
0.997665	inf
0.997665	inf
0.997665	inf
0.997665	inf
0.997665	inf
0.997665	inf
0.997665	inf
0.998054	inf
0.998054	inf
0.998054	inf
0.998054	inf
0.998054	inf
0.998054	inf
0.998054	inf
0.998054	inf
0.998054	inf
0.998054	inf
0.998054	inf
0.998054	inf
0.998054	inf
0.998054	inf
0.998054	inf
0.998054	inf
0.998054	inf
0.998054	inf
0.998054	inf
0.998444	inf
0.998444	inf
0.998444	inf
0.998444	inf
0.998444	inf
0.998444	inf
0.998444	inf
0.998444	inf
0.998444	inf
0.998444	inf
0.998444	inf
0.998444	inf
0.998444	inf
0.998444	inf
0.998444	inf
0.998444	inf
0.998444	inf
0.998833	inf
0.998833	inf
0.998833	inf
0.998833	inf
0.998833	inf
0.998833	inf
0.998833	inf
0.998833	inf
0.998833	inf
0.998833	inf
0.998833	inf
0.998833	inf
0.998833	inf
0.998833	inf
0.998833	inf
0.998833	inf
0.998833	inf
0.998833	inf
0.998833	inf
0.998833	inf
0.998833	inf
0.998833	inf
0.998833	inf
0.999222	inf
0.999222	inf
0.999222	inf
0.999222	inf
0.999222	inf
0.999222	inf
0.999222	inf
0.999222	inf
0.999222	inf
0.999222	inf
0.999222	inf
0.999222	inf
0.999222	inf
0.999222	inf
