# Persistence diagram <GML/1017.gml>
#
# Dimension   : 0
# Entries     : 703
# Betti number: 15
0	inf
0	0.99
0	0.982
0	inf
0	0.997
0	0.995
0	0.991
0	0.991
0	0.985
0	0.983
0	0.986
0	inf
0	0.994
0	0.997
0	0.993
0	0.984
0	0.998
0	0.989
0	0.929
0	0.986
0	0.988
0	0.996
0	inf
0	0.971
0	0.998
0	0.991
0	0.971
0	inf
0	0.996
0	0.998
0	0.995
0	0.993
0	inf
0	0.997
0	0.992
0	0.997
0	0.998
0	0.989
0	0.984
0	0.986
0	0.982
0	0.984
0	0.996
0	0.996
0	0.998
0	0.99
0	0.982
0	0.983
0	0.993
0	0.99
0	0.929
0	0.929
0	0.971
0	0.929
0	0.971
0	0.996
0	0.996
0	0.989
0	0.988
0	0.996
0	0.998
0	0.995
0	0.986
0	0.99
0	0.995
0	0.986
0	0.998
0	0.998
0	0.996
0	0.996
0	0.996
0	0.988
0	0.998
0	0.989
0	0.989
0	0.982
0	0.991
0	0.998
0	0.993
0	0.986
0	0.986
0	0.984
0	0.998
0	0.989
0	0.995
0	0.997
0	0.992
0	0.99
0	0.984
0	0.929
0	0.998
0	0.993
0	0.986
0	0.996
0	0.999
0	0.929
0	0.993
0	0.983
0	0.989
0	inf
0	0.986
0	0.996
0	0.995
0	0.99
0	0.988
0	0.988
0	0.994
0	inf
0	0.989
0	0.988
0	0.991
0	0.996
0	0.985
0	0.999
0	0.989
0	0.997
0	0.998
0	0.986
0	0.929
0	0.998
0	0.996
0	0.929
0	0.998
0	0.929
0	0.971
0	0.929
0	0.996
0	0.992
0	0.995
0	0.988
0	0.993
0	0.996
0	0.987
0	0.994
0	0.929
0	0.99
0	0.988
0	0.989
0	0.995
0	0.971
0	0.997
0	0.998
0	0.986
0	0.993
0	0.989
0	0.998
0	0.996
0	0.995
0	0.986
0	0.997
0	0.995
0	0.985
0	0.986
0	0.993
0	0.988
0	0.986
0	0.983
0	inf
0	0.995
0	0.989
0	0.995
0	0.929
0	0.988
0	0.967
0	0.993
0	0.988
0	0.998
0	0.997
0	0.993
0	0.994
0	0.989
0	0.971
0	0.996
0	0.929
0	0.929
0	0.984
0	0.994
0	0.992
0	0.929
0	0.996
0	0.989
0	0.998
0	0.995
0	0.994
0	0.986
0	0.997
0	0.987
0	0.992
0	0.967
0	0.985
0	0.971
0	0.996
0	0.983
0	0.929
0	0.967
0	0.997
0	0.994
0	0.997
0	0.988
0	inf
0	0.982
0	0.997
0	0.995
0	0.998
0	0.997
0	0.993
0	0.997
0	0.996
0	0.992
0	0.996
0	0.992
0	0.989
0	0.992
0	0.986
0	0.986
0	0.997
0	0.99
0	0.997
0	0.989
0	0.998
0	0.983
0	0.998
0	0.996
0	0.967
0	0.99
0	0.988
0	0.929
0	0.998
0	0.929
0	0.929
0	0.982
0	0.997
0	0.929
0	0.995
0	0.996
0	0.996
0	0.996
0	0.992
0	0.995
0	0.929
0	0.983
0	0.998
0	0.985
0	0.982
0	0.993
0	0.984
0	0.985
0	0.967
0	0.983
0	0.998
0	0.996
0	0.998
0	0.99
0	0.984
0	0.992
0	0.99
0	0.997
0	0.997
0	0.929
0	0.988
0	0.997
0	0.983
0	0.99
0	0.967
0	0.997
0	0.986
0	0.985
0	0.993
0	0.967
0	0.999
0	0.998
0	0.983
0	0.929
0	0.995
0	0.993
0	0.971
0	0.996
0	0.99
0	0.929
0	0.967
0	0.987
0	0.993
0	0.995
0	0.929
0	0.971
0	0.994
0	0.992
0	0.967
0	0.993
0	0.984
0	0.996
0	0.995
0	0.993
0	0.985
0	0.998
0	0.988
0	inf
0	0.997
0	0.996
0	0.983
0	0.984
0	0.967
0	0.992
0	0.929
0	0.983
0	0.929
0	0.929
0	0.971
0	0.998
0	0.989
0	0.967
0	0.989
0	0.998
0	0.996
0	0.929
0	0.984
0	0.988
0	0.983
0	0.997
0	0.998
0	0.998
0	0.929
0	0.998
0	inf
0	0.997
0	0.995
0	0.99
0	0.988
0	0.998
0	0.997
0	0.993
0	0.988
0	0.993
0	0.971
0	0.998
0	0.971
0	0.984
0	0.984
0	0.996
0	0.988
0	0.998
0	0.998
0	0.992
0	0.998
0	0.998
0	0.995
0	0.99
0	0.995
0	0.994
0	0.967
0	0.967
0	0.988
0	0.982
0	0.996
0	0.982
0	0.996
0	0.987
0	0.929
0	0.996
0	0.984
0	0.995
0	0.99
0	inf
0	0.99
0	0.996
0	0.929
0	0.996
0	0.996
0	0.986
0	0.982
0	0.988
0	0.989
0	0.967
0	0.996
0	0.992
0	0.988
0	0.987
0	0.987
0	0.971
0	0.989
0	0.993
0	0.993
0	0.994
0	0.992
0	0.971
0	0.989
0	0.984
0	0.989
0	0.998
0	0.993
0	0.984
0	0.989
0	0.998
0	inf
0	0.971
0	0.996
0	0.996
0	0.986
0	0.998
0	0.995
0	0.971
0	0.995
0	0.997
0	0.993
0	0.982
0	0.99
0	0.984
0	0.996
0	0.984
0	0.99
0	0.967
0	0.988
0	0.993
0	0.984
0	0.989
0	0.986
0	0.995
0	0.998
0	0.929
0	0.987
0	0.999
0	0.971
0	0.99
0	0.99
0	0.982
0	0.995
0	0.984
0	0.996
0	0.983
0	0.998
0	0.989
0	0.929
0	0.996
0	0.993
0	0.99
0	0.984
0	0.998
0	0.994
0	0.929
0	0.983
0	0.993
0	0.996
0	0.983
0	0.967
0	0.982
0	0.998
0	0.997
0	0.998
0	0.995
0	0.992
0	0.99
0	0.996
0	0.986
0	0.988
0	0.998
0	0.929
0	0.994
0	0.989
0	0.992
0	0.987
0	0.988
0	0.971
0	0.995
0	0.998
0	0.986
0	0.984
0	0.993
0	0.988
0	0.993
0	0.985
0	0.993
0	0.993
0	0.967
0	0.998
0	0.992
0	0.982
0	0.998
0	0.998
0	0.989
0	0.997
0	0.997
0	0.967
0	0.989
0	0.992
0	0.997
0	0.993
0	0.993
0	0.996
0	0.982
0	0.998
0	0.986
0	0.997
0	0.99
0	0.995
0	0.989
0	0.997
0	0.984
0	0.988
0	0.997
0	0.996
0	0.983
0	0.988
0	0.986
0	0.929
0	0.999
0	0.998
0	0.929
0	0.986
0	0.986
0	0.929
0	0.996
0	0.986
0	0.998
0	0.989
0	0.983
0	0.997
0	0.989
0	0.986
0	0.929
0	0.988
0	0.967
0	0.995
0	0.998
0	0.985
0	0.983
0	0.986
0	0.999
0	0.99
0	0.929
0	0.982
0	0.999
0	0.998
0	0.997
0	0.996
0	0.989
0	0.989
0	0.99
0	0.985
0	0.989
0	0.986
0	0.987
0	0.992
0	0.967
0	0.993
0	0.985
0	0.992
0	0.967
0	0.986
0	0.971
0	0.995
0	0.993
0	0.986
0	0.997
0	0.997
0	0.992
0	0.996
0	0.929
0	0.993
0	0.994
0	0.99
0	0.929
0	0.971
0	0.996
0	0.998
0	0.992
0	0.984
0	0.993
0	0.984
0	0.99
0	0.993
0	0.994
0	0.99
0	0.997
0	0.999
0	0.987
0	0.996
0	0.967
0	0.983
0	0.995
0	0.99
0	0.998
0	0.995
0	0.988
0	0.988
0	0.929
0	0.995
0	0.99
0	0.997
0	0.989
0	0.996
0	0.996
0	0.989
0	0.993
0	0.967
0	0.991
0	0.971
0	0.988
0	0.929
0	0.982
0	0.993
0	0.989
0	0.984
0	0.995
0	0.982
0	0.993
0	0.998
0	0.992
0	0.986
0	0.999
0	0.998
0	0.989
0	0.99
0	0.988
0	0.986
0	0.999
0	0.998
0	0.983
0	0.986
0	0.998
0	0.995
0	0.999
0	0.985
0	0.989
0	0.967
0	0.998
0	0.983
0	0.993
0	0.993
0	0.992
0	0.983
0	0.998
0	0.995
0	0.929
0	0.997
0	0.984
0	inf
0	0.993
0	0.988
0	0.929
0	0.996
0	0.99
0	0.995
0	0.998
0	0.971
0	0.991
0	0.983
0	0.929
0	0.989
0	0.929
0	0.967
0	0.993
0	0.929
0	0.929
0	0.995
0	0.929
0	0.994
0	0.967
0	0.996
0	0.998
0	0.984
0	0.994
0	0.929
0	0.989
0	0.996
0	0.996
0	0.983
0	0.983
0	0.989
0	0.995
0	0.996
0	0.997
0	0.991
0	0.997
0	0.993
0	0.99
0	0.989
0	0.993
0	0.995
0	0.993
0	0.989
0	0.999
0	0.989
0	0.983
0	0.986
0	0.997
0	0.998
0	0.998
0	0.993
0	0.929
0	0.998
0	0.988
0	0.971
0	0.994
0	0.997
0	0.989
0	0.987
0	0.997
0	0.998
0	0.998
0	0.997
0	0.984
0	0.971
0	0.998


