# Persistence diagram <GML/1019.gml>
#
# Dimension   : 0
# Entries     : 564
# Betti number: 3
0	inf
0	0.994752
0	0.998251
0	0.997668
0	0.995335
0	0.994752
0	0.995335
0	0.997668
0	0.998251
0	0.991254
0	0.994752
0	0.994752
0	0.998834
0	0.996501
0	0.997668
0	0.991837
0	0.996501
0	0.994752
0	0.995918
0	0.994752
0	0.988338
0	0.998251
0	0.995918
0	0.994752
0	0.995335
0	0.998834
0	0.997085
0	0.998251
0	0.988338
0	0.994752
0	0.989504
0	0.994169
0	0.995335
0	0.994752
0	0.994752
0	0.995918
0	0.997085
0	0.995918
0	0.995335
0	0.995918
0	0.998834
0	0.998834
0	0.995918
0	0.998834
0	0.996501
0	0.997668
0	0.996501
0	0.998251
0	0.997668
0	0.989504
0	0.995335
0	0.998834
0	0.995918
0	0.994169
0	0.994752
0	0.996501
0	0.997668
0	0.995335
0	0.994752
0	0.995335
0	0.997085
0	0.994169
0	0.994752
0	0.996501
0	0.998251
0	0.996501
0	0.998251
0	0.991254
0	0.998251
0	0.998251
0	0.996501
0	0.997668
0	0.99242
0	0.997085
0	0.998834
0	0.998834
0	0.994752
0	0.998251
0	0.995335
0	0.998834
0	0.995918
0	0.996501
0	0.997085
0	0.998251
0	0.994169
0	0.99242
0	0.994752
0	0.997668
0	0.998834
0	0.998834
0	inf
0	0.995335
0	0.996501
0	0.998834
0	0.998251
0	0.995918
0	0.995335
0	0.989504
0	0.997668
0	0.994752
0	0.997668
0	0.998834
0	0.998834
0	0.997668
0	0.997085
0	0.993003
0	0.995335
0	0.998834
0	0.995918
0	0.994752
0	0.994169
0	0.998834
0	0.994169
0	0.995918
0	0.996501
0	0.994752
0	0.994752
0	0.998834
0	0.997668
0	0.991254
0	0.998251
0	0.998251
0	0.993003
0	0.991837
0	0.994169
0	0.997668
0	0.99242
0	0.996501
0	0.998834
0	0.995335
0	0.997668
0	0.991254
0	0.998251
0	0.996501
0	0.994169
0	inf
0	0.991254
0	0.996501
0	0.998834
0	0.991254
0	0.995918
0	0.993003
0	0.991254
0	0.994752
0	0.993003
0	0.997668
0	0.994752
0	0.99242
0	0.998834
0	0.998834
0	0.998834
0	0.994752
0	0.998251
0	0.995918
0	0.996501
0	0.996501
0	0.995335
0	0.997668
0	0.996501
0	0.991254
0	0.994752
0	0.996501
0	0.998834
0	0.994752
0	0.993586
0	0.998834
0	0.998834
0	0.998251
0	0.995918
0	0.991254
0	0.991254
0	0.994169
0	0.994752
0	0.997085
0	0.997668
0	0.998834
0	0.994752
0	0.997085
0	0.994169
0	0.994169
0	0.998251
0	0.995335
0	0.994169
0	0.995335
0	0.997668
0	0.993003
0	0.989504
0	0.995335
0	0.991254
0	0.996501
0	0.991837
0	0.997668
0	0.998251
0	0.997668
0	0.998834
0	0.993586
0	0.998251
0	0.991254
0	0.994169
0	0.994752
0	0.995335
0	0.995335
0	0.995335
0	0.997668
0	0.997085
0	0.998834
0	0.998834
0	0.997085
0	0.997668
0	0.997085
0	0.991837
0	0.998251
0	0.998251
0	0.99242
0	0.989504
0	0.995335
0	0.998251
0	0.998834
0	0.995335
0	0.994169
0	0.998251
0	0.993003
0	0.995918
0	0.994169
0	0.994169
0	0.996501
0	0.998834
0	0.998834
0	0.995918
0	0.994752
0	0.999417
0	0.996501
0	0.991254
0	0.995918
0	0.994169
0	0.995918
0	0.995335
0	0.995918
0	0.997668
0	0.998834
0	0.995335
0	0.998251
0	0.989504
0	0.998251
0	0.997085
0	0.994752
0	0.994752
0	0.988338
0	0.994752
0	0.995335
0	0.998834
0	0.989504
0	0.997085
0	0.997085
0	0.991254
0	0.994169
0	0.998834
0	0.998834
0	0.997085
0	0.998251
0	0.998251
0	0.997668
0	0.994752
0	0.998834
0	0.998251
0	0.997085
0	0.991837
0	0.998834
0	0.995918
0	0.991837
0	0.997668
0	0.997085
0	0.995335
0	0.998251
0	0.997668
0	0.998834
0	0.995335
0	0.994752
0	0.994752
0	0.993003
0	0.991837
0	0.994752
0	0.998251
0	0.996501
0	0.995335
0	0.998251
0	0.988338
0	0.997668
0	0.997085
0	0.995918
0	0.991254
0	0.993003
0	0.997085
0	0.998251
0	0.991837
0	0.994169
0	0.994752
0	0.994169
0	0.993003
0	0.994169
0	0.997085
0	0.995335
0	0.994752
0	0.995335
0	0.994169
0	0.995335
0	0.996501
0	0.998834
0	0.996501
0	0.995335
0	0.996501
0	0.993586
0	0.997668
0	0.993003
0	0.996501
0	0.989504
0	0.998251
0	0.998834
0	0.998834
0	0.995335
0	0.995335
0	0.998834
0	0.998834
0	0.997668
0	0.99242
0	0.996501
0	0.998251
0	0.995335
0	0.993586
0	0.995335
0	0.998834
0	0.998834
0	0.998251
0	0.997668
0	0.995918
0	0.994169
0	0.997668
0	0.994752
0	0.998251
0	0.994169
0	0.998834
0	0.997085
0	0.994752
0	0.99242
0	0.993003
0	0.994169
0	0.994752
0	0.993003
0	0.991254
0	0.994752
0	0.995918
0	0.995335
0	0.998834
0	0.996501
0	0.997668
0	0.998834
0	0.995335
0	0.989504
0	0.988338
0	0.996501
0	0.997085
0	0.993003
0	0.997085
0	0.994169
0	0.995335
0	0.998251
0	0.991254
0	0.993586
0	0.995335
0	0.994169
0	0.991837
0	0.998834
0	0.997085
0	0.989504
0	0.998251
0	0.993586
0	0.998834
0	0.998834
0	0.994169
0	0.997668
0	0.991254
0	0.995335
0	0.995335
0	0.995918
0	0.998834
0	0.99242
0	0.998834
0	0.997668
0	0.995918
0	0.995918
0	0.994752
0	0.991254
0	0.997668
0	0.994752
0	0.989504
0	0.995918
0	0.996501
0	0.998834
0	0.998834
0	0.991254
0	0.997085
0	0.997085
0	0.998251
0	0.989504
0	0.991254
0	0.988338
0	0.993586
0	0.997085
0	0.995335
0	0.998834
0	0.998251
0	0.993003
0	0.994169
0	0.994752
0	0.998834
0	0.997668
0	0.998834
0	0.997668
0	0.994752
0	0.998251
0	0.993586
0	0.995335
0	0.998251
0	0.995335
0	0.994752
0	0.997085
0	0.994752
0	0.997668
0	0.994752
0	0.991837
0	0.993003
0	0.998834
0	0.996501
0	0.999417
0	0.997085
0	0.994752
0	0.995918
0	0.995335
0	0.991254
0	0.996501
0	0.991837
0	0.994169
0	0.995918
0	0.996501
0	0.997085
0	0.997085
0	0.995335
0	0.998251
0	0.995918
0	0.998834
0	0.99242
0	0.994752
0	0.998834
0	0.998251
0	0.997085
0	0.997085
0	0.996501
0	0.991254
0	0.998834
0	0.996501
0	0.989504
0	0.997085
0	0.998834
0	0.998251
0	0.994169
0	0.995335
0	0.988338
0	0.996501
0	0.995918
0	0.995918
0	0.994752
0	0.994752
0	0.988338
0	0.998834
0	0.994752
0	0.998834
0	0.991254
0	0.998834
0	0.993586
0	0.991254
0	0.991254
0	0.995335
0	0.998251
0	0.997085
0	0.998834
0	0.995918
0	0.995335
0	0.991837
0	0.998834
0	0.995335
0	0.997668
0	0.997085
0	0.993003
0	0.994752
0	0.998251
0	0.994752
0	0.994752
0	0.995335
0	0.998251
0	0.994752
0	0.998834
0	0.996501
0	0.995918
0	0.997085
0	0.995918
0	0.998834
0	0.997668
0	0.995335
0	0.998834
0	0.994169
0	0.994752
0	0.996501
0	0.988338
0	0.995918
0	0.995918
0	0.995918
0	0.996501
0	0.994752
0	0.988338
0	0.998834
0	0.998251
0	0.997085
0	0.995335
0	0.995918
0	0.99242
0	0.996501
0	0.993003
0	0.998251
0	0.998834
0	0.998834
0	0.998834
0	0.998834
0	0.998251
0	0.988338
0	0.989504
0	0.994752
0	0.997668
0	0.993003
0	0.99242
0	0.995918
0	0.994752
0	0.995918
0	0.997085
0	0.988338
0	0.997085
0	0.998251
0	0.994752
0	0.998834
0	0.997085
0	0.988338
0	0.994169
0	0.996501
0	0.998834
0	0.998834
0	0.998834
0	0.996501
0	0.997668
0	0.993003
0	0.993003
0	0.995918
0	0.995335
0	0.995918
0	0.991254
0	0.997668


