# Persistence diagram <GML/1023.gml>
#
# Dimension   : 1
# Entries     : 103
# Betti number: 102
0.991002	inf
0.991002	inf
0.991002	inf
0.993865	inf
0.993865	inf
0.994274	inf
0.994274	inf
0.994274	inf
0.995092	inf
0.995092	inf
0.995092	inf
0.995092	0.996728
0.996319	inf
0.996319	inf
0.996319	inf
0.996728	inf
0.996728	inf
0.996728	inf
0.996728	inf
0.996728	inf
0.996728	inf
0.996728	inf
0.997137	inf
0.997137	inf
0.997137	inf
0.997137	inf
0.997137	inf
0.997137	inf
0.997137	inf
0.997546	inf
0.997546	inf
0.997546	inf
0.997546	inf
0.997546	inf
0.997546	inf
0.997546	inf
0.997546	inf
0.997546	inf
0.997546	inf
0.997546	inf
0.997546	inf
0.997546	inf
0.997955	inf
0.997955	inf
0.997955	inf
0.997955	inf
0.997955	inf
0.997955	inf
0.997955	inf
0.997955	inf
0.997955	inf
0.997955	inf
0.997955	inf
0.997955	inf
0.997955	inf
0.997955	inf
0.997955	inf
0.998364	inf
0.998364	inf
0.998364	inf
0.998364	inf
0.998364	inf
0.998364	inf
0.998364	inf
0.998364	inf
0.998364	inf
0.998364	inf
0.998364	inf
0.998364	inf
0.998364	inf
0.998773	inf
0.998773	inf
0.998773	inf
0.998773	inf
0.998773	inf
0.998773	inf
0.998773	inf
0.998773	inf
0.998773	inf
0.998773	inf
0.998773	inf
0.998773	inf
0.998773	inf
0.998773	inf
0.998773	inf
0.998773	inf
0.998773	inf
0.999182	inf
0.999182	inf
0.999182	inf
0.999182	inf
0.999182	inf
0.999182	inf
0.999182	inf
0.999182	inf
0.999182	inf
0.999182	inf
0.999182	inf
0.999182	inf
0.999182	inf
0.999182	inf
0.999182	inf
0.999182	inf
