# Persistence diagram <GML/1024.gml>
#
# Dimension   : 1
# Entries     : 92
# Betti number: 92
0.994579	inf
0.995413	inf
0.995413	inf
0.995413	inf
0.995413	inf
0.995413	inf
0.99583	inf
0.99583	inf
0.996247	inf
0.996247	inf
0.996664	inf
0.996664	inf
0.997081	inf
0.997081	inf
0.997081	inf
0.997081	inf
0.997081	inf
0.997081	inf
0.997081	inf
0.997081	inf
0.997081	inf
0.997081	inf
0.997081	inf
0.997498	inf
0.997498	inf
0.997498	inf
0.997498	inf
0.997498	inf
0.997498	inf
0.997915	inf
0.997915	inf
0.997915	inf
0.997915	inf
0.997915	inf
0.997915	inf
0.997915	inf
0.997915	inf
0.997915	inf
0.997915	inf
0.997915	inf
0.997915	inf
0.998332	inf
0.998332	inf
0.998332	inf
0.998332	inf
0.998332	inf
0.998332	inf
0.998332	inf
0.998332	inf
0.998332	inf
0.998332	inf
0.998332	inf
0.998749	inf
0.998749	inf
0.998749	inf
0.998749	inf
0.998749	inf
0.998749	inf
0.998749	inf
0.998749	inf
0.998749	inf
0.998749	inf
0.998749	inf
0.998749	inf
0.998749	inf
0.998749	inf
0.998749	inf
0.998749	inf
0.998749	inf
0.998749	inf
0.998749	inf
0.998749	inf
0.998749	inf
0.998749	inf
0.998749	inf
0.999166	inf
0.999166	inf
0.999166	inf
0.999166	inf
0.999166	inf
0.999166	inf
0.999166	inf
0.999166	inf
0.999166	inf
0.999166	inf
0.999166	inf
0.999166	inf
0.999166	inf
0.999166	inf
0.999166	inf
0.999166	inf
0.999166	inf
