# Persistence diagram <GML/1026.gml>
#
# Dimension   : 0
# Entries     : 734
# Betti number: 2
0	inf
0	0.982422
0	0.974609
0	0.992188
0	0.990234
0	0.976562
0	0.988281
0	0.982422
0	0.990234
0	0.974609
0	0.984375
0	0.986328
0	0.923828
0	0.964844
0	inf
0	0.996094
0	0.976562
0	0.988281
0	0.978516
0	0.988281
0	0.933594
0	0.960938
0	0.966797
0	0.984375
0	0.992188
0	0.990234
0	0.923828
0	0.970703
0	0.992188
0	0.978516
0	0.933594
0	0.992188
0	0.988281
0	0.976562
0	0.964844
0	0.966797
0	0.992188
0	0.996094
0	0.996094
0	0.923828
0	0.933594
0	0.960938
0	0.923828
0	0.933594
0	0.923828
0	0.982422
0	0.982422
0	0.972656
0	0.933594
0	0.996094
0	0.990234
0	0.960938
0	0.988281
0	0.996094
0	0.988281
0	0.960938
0	0.984375
0	0.988281
0	0.984375
0	0.964844
0	0.986328
0	0.994141
0	0.992188
0	0.984375
0	0.923828
0	0.984375
0	0.964844
0	0.980469
0	0.982422
0	0.972656
0	0.978516
0	0.978516
0	0.990234
0	0.972656
0	0.966797
0	0.986328
0	0.982422
0	0.988281
0	0.994141
0	0.984375
0	0.978516
0	0.996094
0	0.994141
0	0.990234
0	0.988281
0	0.988281
0	0.984375
0	0.964844
0	0.933594
0	0.964844
0	0.980469
0	0.990234
0	0.988281
0	0.980469
0	0.996094
0	0.984375
0	0.988281
0	0.982422
0	0.994141
0	0.992188
0	0.988281
0	0.972656
0	0.992188
0	0.974609
0	0.933594
0	0.992188
0	0.996094
0	0.994141
0	0.988281
0	0.980469
0	0.988281
0	0.966797
0	0.982422
0	0.992188
0	0.984375
0	0.978516
0	0.964844
0	0.984375
0	0.966797
0	0.972656
0	0.960938
0	0.964844
0	0.966797
0	0.976562
0	0.984375
0	0.988281
0	0.978516
0	0.966797
0	0.982422
0	0.976562
0	0.992188
0	0.970703
0	0.984375
0	0.966797
0	0.994141
0	0.996094
0	0.978516
0	0.994141
0	0.986328
0	0.966797
0	0.923828
0	0.994141
0	0.990234
0	0.990234
0	0.972656
0	0.992188
0	0.923828
0	0.988281
0	0.996094
0	0.984375
0	0.982422
0	0.978516
0	0.974609
0	0.986328
0	0.988281
0	0.974609
0	0.994141
0	0.974609
0	0.933594
0	0.988281
0	0.974609
0	0.990234
0	0.996094
0	0.984375
0	0.994141
0	0.992188
0	0.982422
0	0.984375
0	0.986328
0	0.992188
0	0.923828
0	0.984375
0	0.996094
0	0.962891
0	0.923828
0	0.978516
0	0.996094
0	0.978516
0	0.990234
0	0.933594
0	0.986328
0	0.933594
0	0.986328
0	0.966797
0	0.964844
0	0.992188
0	0.986328
0	0.988281
0	0.982422
0	0.988281
0	0.982422
0	0.994141
0	0.994141
0	0.986328
0	0.964844
0	0.994141
0	0.923828
0	0.990234
0	0.923828
0	0.923828
0	0.964844
0	0.998047
0	0.966797
0	0.974609
0	0.990234
0	0.994141
0	0.933594
0	0.966797
0	0.992188
0	0.992188
0	0.994141
0	0.976562
0	0.933594
0	0.994141
0	0.923828
0	0.960938
0	0.976562
0	0.984375
0	0.976562
0	0.960938
0	0.982422
0	0.966797
0	0.982422
0	0.933594
0	0.992188
0	0.966797
0	0.984375
0	0.988281
0	0.982422
0	0.994141
0	0.984375
0	0.994141
0	0.960938
0	0.964844
0	0.986328
0	0.996094
0	0.964844
0	0.964844
0	0.990234
0	0.966797
0	0.978516
0	0.978516
0	0.984375
0	0.966797
0	0.982422
0	0.923828
0	0.992188
0	0.978516
0	0.986328
0	0.994141
0	0.996094
0	0.986328
0	0.984375
0	0.990234
0	0.988281
0	0.982422
0	0.994141
0	0.933594
0	0.982422
0	0.923828
0	0.990234
0	0.994141
0	0.980469
0	0.996094
0	0.974609
0	0.933594
0	0.992188
0	0.923828
0	0.978516
0	0.982422
0	0.996094
0	0.988281
0	0.923828
0	0.972656
0	0.986328
0	0.996094
0	0.976562
0	0.964844
0	0.980469
0	0.996094
0	0.994141
0	0.972656
0	0.986328
0	0.923828
0	0.974609
0	0.988281
0	0.970703
0	0.986328
0	0.986328
0	0.984375
0	0.988281
0	0.962891
0	0.996094
0	0.923828
0	0.988281
0	0.984375
0	0.988281
0	0.970703
0	0.990234
0	0.988281
0	0.974609
0	0.988281
0	0.978516
0	0.933594
0	0.984375
0	0.990234
0	0.974609
0	0.982422
0	0.990234
0	0.992188
0	0.996094
0	0.974609
0	0.996094
0	0.982422
0	0.966797
0	0.966797
0	0.923828
0	0.976562
0	0.966797
0	0.994141
0	0.962891
0	0.966797
0	0.986328
0	0.980469
0	0.986328
0	0.974609
0	0.964844
0	0.994141
0	0.994141
0	0.984375
0	0.964844
0	0.994141
0	0.988281
0	0.970703
0	0.986328
0	0.992188
0	0.996094
0	0.976562
0	0.992188
0	0.974609
0	0.988281
0	0.988281
0	0.966797
0	0.986328
0	0.988281
0	0.992188
0	0.988281
0	0.986328
0	0.994141
0	0.978516
0	0.978516
0	0.988281
0	0.978516
0	0.988281
0	0.988281
0	0.992188
0	0.988281
0	0.962891
0	0.978516
0	0.978516
0	0.972656
0	0.966797
0	0.980469
0	0.984375
0	0.962891
0	0.982422
0	0.986328
0	0.992188
0	0.966797
0	0.982422
0	0.923828
0	0.988281
0	0.996094
0	0.974609
0	0.988281
0	0.933594
0	0.994141
0	0.923828
0	0.994141
0	0.994141
0	0.972656
0	0.923828
0	0.980469
0	0.994141
0	0.982422
0	0.986328
0	0.992188
0	0.990234
0	0.978516
0	0.984375
0	0.923828
0	0.986328
0	0.984375
0	0.974609
0	0.980469
0	0.988281
0	0.974609
0	0.996094
0	0.988281
0	0.994141
0	0.982422
0	0.972656
0	0.992188
0	0.933594
0	0.996094
0	0.972656
0	0.994141
0	0.933594
0	0.966797
0	0.996094
0	0.966797
0	0.974609
0	0.986328
0	0.980469
0	0.982422
0	0.986328
0	0.990234
0	0.984375
0	0.974609
0	0.988281
0	0.988281
0	0.923828
0	0.923828
0	0.986328
0	0.974609
0	0.974609
0	0.988281
0	0.923828
0	0.974609
0	0.966797
0	0.976562
0	0.978516
0	0.960938
0	0.970703
0	0.988281
0	0.974609
0	0.923828
0	0.988281
0	0.962891
0	0.986328
0	0.984375
0	0.978516
0	0.992188
0	0.990234
0	0.978516
0	0.992188
0	0.994141
0	0.966797
0	0.980469
0	0.996094
0	0.992188
0	0.980469
0	0.984375
0	0.970703
0	0.976562
0	0.984375
0	0.933594
0	0.996094
0	0.923828
0	0.980469
0	0.996094
0	0.972656
0	0.974609
0	0.978516
0	0.992188
0	0.988281
0	0.972656
0	0.992188
0	0.966797
0	0.988281
0	0.984375
0	0.994141
0	0.992188
0	0.988281
0	0.960938
0	0.964844
0	0.966797
0	0.976562
0	0.966797
0	0.933594
0	0.986328
0	0.988281
0	0.966797
0	0.964844
0	0.990234
0	0.982422
0	0.964844
0	0.996094
0	0.990234
0	0.994141
0	0.988281
0	0.988281
0	0.992188
0	0.990234
0	0.933594
0	0.970703
0	0.990234
0	0.966797
0	0.996094
0	0.996094
0	0.994141
0	0.986328
0	0.980469
0	0.984375
0	0.982422
0	0.990234
0	0.986328
0	0.966797
0	0.984375
0	0.978516
0	0.992188
0	0.980469
0	0.992188
0	0.992188
0	0.992188
0	0.984375
0	0.966797
0	0.980469
0	0.986328
0	0.984375
0	0.972656
0	0.986328
0	0.996094
0	0.966797
0	0.964844
0	0.966797
0	0.966797
0	0.933594
0	0.988281
0	0.986328
0	0.970703
0	0.992188
0	0.974609
0	0.976562
0	0.992188
0	0.996094
0	0.980469
0	0.923828
0	0.996094
0	0.992188
0	0.962891
0	0.994141
0	0.980469
0	0.978516
0	0.994141
0	0.923828
0	0.964844
0	0.982422
0	0.970703
0	0.988281
0	0.966797
0	0.992188
0	0.992188
0	0.984375
0	0.966797
0	0.994141
0	0.982422
0	0.970703
0	0.984375
0	0.978516
0	0.988281
0	0.933594
0	0.974609
0	0.986328
0	0.966797
0	0.992188
0	0.988281
0	0.923828
0	0.976562
0	0.986328
0	0.988281
0	0.988281
0	0.966797
0	0.980469
0	0.992188
0	0.986328
0	0.978516
0	0.988281
0	0.988281
0	0.964844
0	0.986328
0	0.996094
0	0.978516
0	0.994141
0	0.996094
0	0.982422
0	0.974609
0	0.964844
0	0.994141
0	0.986328
0	0.992188
0	0.996094
0	0.982422
0	0.966797
0	0.978516
0	0.982422
0	0.992188
0	0.994141
0	0.990234
0	0.933594
0	0.980469
0	0.984375
0	0.990234
0	0.992188
0	0.933594
0	0.992188
0	0.974609
0	0.984375
0	0.988281
0	0.964844
0	0.978516
0	0.970703
0	0.976562
0	0.996094
0	0.978516
0	0.970703
0	0.976562
0	0.996094
0	0.992188
0	0.972656
0	0.994141
0	0.986328
0	0.974609
0	0.966797
0	0.982422
0	0.972656
0	0.986328
0	0.974609
0	0.923828
0	0.994141
0	0.984375
0	0.986328
0	0.986328
0	0.986328
0	0.990234
0	0.996094
0	0.980469
0	0.990234
0	0.984375
0	0.986328
0	0.923828
0	0.988281
0	0.996094
0	0.982422
0	0.962891
0	0.976562
0	0.966797
0	0.962891
0	0.960938
0	0.980469
0	0.990234
0	0.990234
0	0.994141
0	0.978516
0	0.992188
0	0.996094
0	0.984375
0	0.982422
0	0.966797
0	0.974609
0	0.982422
0	0.966797
0	0.974609
0	0.966797
0	0.984375
0	0.992188
0	0.992188
0	0.996094
0	0.982422
0	0.962891
0	0.933594
0	0.988281
0	0.990234
0	0.976562
0	0.966797
0	0.984375
0	0.966797
0	0.992188
0	0.986328
0	0.990234
0	0.972656
0	0.984375
0	0.966797
0	0.990234
0	0.960938
0	0.990234
0	0.962891
0	0.990234
0	0.996094
0	0.992188
0	0.974609
0	0.992188
0	0.966797
0	0.988281
0	0.986328
0	0.982422
0	0.990234
0	0.962891
0	0.933594
0	0.990234
0	0.923828
0	0.986328
0	0.990234
0	0.990234
0	0.960938
0	0.992188
0	0.964844
0	0.992188
0	0.960938
0	0.933594
0	0.994141
0	0.984375
0	0.976562
0	0.986328
0	0.994141
0	0.982422
0	0.990234
0	0.990234
0	0.990234
0	0.974609
0	0.966797
0	0.988281
0	0.984375
0	0.923828
0	0.984375
0	0.992188
0	0.990234
0	0.982422
0	0.933594
0	0.980469
0	0.962891
0	0.974609
0	0.988281
0	0.933594


