# Persistence diagram <GML/1026.gml>
#
# Dimension   : 1
# Entries     : 265
# Betti number: 264
0.960938	inf
0.960938	inf
0.964844	inf
0.964844	inf
0.964844	inf
0.964844	inf
0.966797	inf
0.966797	inf
0.966797	inf
0.966797	inf
0.966797	inf
0.966797	inf
0.966797	inf
0.966797	inf
0.970703	inf
0.972656	inf
0.974609	inf
0.974609	inf
0.974609	inf
0.974609	inf
0.974609	inf
0.974609	inf
0.974609	inf
0.974609	inf
0.974609	inf
0.974609	inf
0.974609	inf
0.974609	inf
0.974609	inf
0.974609	inf
0.974609	inf
0.974609	inf
0.974609	inf
0.974609	inf
0.974609	inf
0.974609	inf
0.976562	inf
0.976562	inf
0.976562	inf
0.976562	inf
0.976562	inf
0.976562	inf
0.976562	inf
0.978516	inf
0.978516	inf
0.978516	inf
0.978516	inf
0.978516	inf
0.978516	inf
0.978516	inf
0.978516	inf
0.978516	inf
0.978516	inf
0.978516	inf
0.978516	inf
0.978516	inf
0.978516	inf
0.978516	inf
0.978516	inf
0.980469	inf
0.980469	inf
0.980469	inf
0.982422	inf
0.982422	inf
0.982422	inf
0.982422	inf
0.982422	inf
0.982422	inf
0.982422	inf
0.982422	inf
0.982422	inf
0.982422	inf
0.982422	inf
0.982422	inf
0.982422	inf
0.982422	inf
0.982422	inf
0.982422	inf
0.982422	inf
0.982422	inf
0.982422	inf
0.982422	inf
0.982422	inf
0.982422	inf
0.982422	inf
0.982422	0.988281
0.984375	inf
0.984375	inf
0.984375	inf
0.984375	inf
0.984375	inf
0.984375	inf
0.984375	inf
0.984375	inf
0.984375	inf
0.984375	inf
0.984375	inf
0.984375	inf
0.984375	inf
0.984375	inf
0.984375	inf
0.984375	inf
0.984375	inf
0.984375	inf
0.984375	inf
0.984375	inf
0.984375	inf
0.984375	inf
0.984375	inf
0.984375	inf
0.984375	inf
0.984375	inf
0.986328	inf
0.986328	inf
0.986328	inf
0.986328	inf
0.986328	inf
0.986328	inf
0.986328	inf
0.986328	inf
0.986328	inf
0.986328	inf
0.986328	inf
0.986328	inf
0.986328	inf
0.986328	inf
0.986328	inf
0.986328	inf
0.986328	inf
0.986328	inf
0.986328	inf
0.988281	inf
0.988281	inf
0.988281	inf
0.988281	inf
0.988281	inf
0.988281	inf
0.988281	inf
0.988281	inf
0.988281	inf
0.988281	inf
0.988281	inf
0.988281	inf
0.988281	inf
0.988281	inf
0.988281	inf
0.988281	inf
0.988281	inf
0.988281	inf
0.988281	inf
0.988281	inf
0.988281	inf
0.988281	inf
0.988281	inf
0.988281	inf
0.988281	inf
0.988281	inf
0.988281	inf
0.988281	inf
0.988281	inf
0.988281	inf
0.988281	inf
0.988281	inf
0.988281	inf
0.988281	inf
0.988281	inf
0.988281	inf
0.988281	inf
0.988281	inf
0.988281	inf
0.988281	inf
0.988281	inf
0.988281	inf
0.988281	inf
0.990234	inf
0.990234	inf
0.990234	inf
0.990234	inf
0.990234	inf
0.990234	inf
0.990234	inf
0.990234	inf
0.990234	inf
0.990234	inf
0.990234	inf
0.990234	inf
0.990234	inf
0.990234	inf
0.990234	inf
0.990234	inf
0.990234	inf
0.990234	inf
0.990234	inf
0.992188	inf
0.992188	inf
0.992188	inf
0.992188	inf
0.992188	inf
0.992188	inf
0.992188	inf
0.992188	inf
0.992188	inf
0.992188	inf
0.992188	inf
0.992188	inf
0.992188	inf
0.992188	inf
0.992188	inf
0.992188	inf
0.992188	inf
0.992188	inf
0.992188	inf
0.992188	inf
0.992188	inf
0.992188	inf
0.992188	inf
0.992188	inf
0.992188	inf
0.994141	inf
0.994141	inf
0.994141	inf
0.994141	inf
0.994141	inf
0.994141	inf
0.994141	inf
0.994141	inf
0.994141	inf
0.994141	inf
0.994141	inf
0.994141	inf
0.994141	inf
0.994141	inf
0.994141	inf
0.994141	inf
0.994141	inf
0.994141	inf
0.994141	inf
0.994141	inf
0.994141	inf
0.994141	inf
0.994141	inf
0.994141	inf
0.994141	inf
0.994141	inf
0.994141	inf
0.994141	inf
0.994141	inf
0.994141	inf
0.994141	inf
0.994141	inf
0.994141	inf
0.994141	inf
0.994141	inf
0.994141	inf
0.994141	inf
0.994141	inf
0.996094	inf
0.996094	inf
0.996094	inf
0.996094	inf
0.996094	inf
0.996094	inf
0.996094	inf
0.996094	inf
0.996094	inf
