# Persistence diagram <GML/1027.gml>
#
# Dimension   : 0
# Entries     : 336
# Betti number: 1
0	inf
0	0.986987
0	0.961962
0	0.992993
0	0.981982
0	0.995996
0	0.986987
0	0.961962
0	0.997998
0	0.996997
0	0.997998
0	0.98999
0	0.981982
0	0.996997
0	0.997998
0	0.992993
0	0.996997
0	0.990991
0	0.961962
0	0.994995
0	0.990991
0	0.986987
0	0.995996
0	0.997998
0	0.98999
0	0.961962
0	0.97998
0	0.978979
0	0.994995
0	0.990991
0	0.97998
0	0.995996
0	0.961962
0	0.995996
0	0.995996
0	0.978979
0	0.994995
0	0.990991
0	0.978979
0	0.997998
0	0.961962
0	0.986987
0	0.978979
0	0.993994
0	0.981982
0	0.98999
0	0.97998
0	0.995996
0	0.996997
0	0.961962
0	0.997998
0	0.990991
0	0.961962
0	0.981982
0	0.978979
0	0.995996
0	0.97998
0	0.995996
0	0.997998
0	0.98999
0	0.997998
0	0.997998
0	0.990991
0	0.961962
0	0.995996
0	0.994995
0	0.994995
0	0.978979
0	0.993994
0	0.990991
0	0.992993
0	0.992993
0	0.98999
0	0.997998
0	0.996997
0	0.997998
0	0.986987
0	0.996997
0	0.994995
0	0.961962
0	0.981982
0	0.961962
0	0.995996
0	0.996997
0	0.961962
0	0.996997
0	0.992993
0	0.995996
0	0.997998
0	0.978979
0	0.961962
0	0.995996
0	0.997998
0	0.995996
0	0.996997
0	0.992993
0	0.98999
0	0.981982
0	0.996997
0	0.996997
0	0.994995
0	0.994995
0	0.997998
0	0.98999
0	0.994995
0	0.98999
0	0.997998
0	0.996997
0	0.991992
0	0.996997
0	0.997998
0	0.996997
0	0.961962
0	0.978979
0	0.993994
0	0.996997
0	0.991992
0	0.997998
0	0.97998
0	0.996997
0	0.997998
0	0.97998
0	0.996997
0	0.978979
0	0.992993
0	0.997998
0	0.995996
0	0.98999
0	0.995996
0	0.961962
0	0.996997
0	0.986987
0	0.991992
0	0.996997
0	0.961962
0	0.961962
0	0.996997
0	0.995996
0	0.97998
0	0.996997
0	0.997998
0	0.981982
0	0.996997
0	0.994995
0	0.98999
0	0.996997
0	0.961962
0	0.98999
0	0.981982
0	0.993994
0	0.996997
0	0.993994
0	0.986987
0	0.97998
0	0.996997
0	0.996997
0	0.997998
0	0.98999
0	0.995996
0	0.997998
0	0.990991
0	0.991992
0	0.997998
0	0.992993
0	0.986987
0	0.961962
0	0.997998
0	0.990991
0	0.995996
0	0.994995
0	0.990991
0	0.986987
0	0.981982
0	0.995996
0	0.993994
0	0.961962
0	0.97998
0	0.993994
0	0.997998
0	0.995996
0	0.961962
0	0.978979
0	0.996997
0	0.995996
0	0.98999
0	0.991992
0	0.996997
0	0.981982
0	0.981982
0	0.997998
0	0.994995
0	0.961962
0	0.978979
0	0.992993
0	0.997998
0	0.995996
0	0.991992
0	0.993994
0	0.994995
0	0.981982
0	0.995996
0	0.961962
0	0.993994
0	0.996997
0	0.986987
0	0.961962
0	0.996997
0	0.997998
0	0.961962
0	0.97998
0	0.990991
0	0.990991
0	0.997998
0	0.996997
0	0.995996
0	0.996997
0	0.991992
0	0.994995
0	0.997998
0	0.961962
0	0.993994
0	0.994995
0	0.98999
0	0.997998
0	0.994995
0	0.993994
0	0.992993
0	0.996997
0	0.997998
0	0.995996
0	0.997998
0	0.978979
0	0.997998
0	0.997998
0	0.97998
0	0.978979
0	0.997998
0	0.996997
0	0.992993
0	0.990991
0	0.961962
0	0.990991
0	0.997998
0	0.961962
0	0.98999
0	0.996997
0	0.996997
0	0.961962
0	0.991992
0	0.995996
0	0.993994
0	0.993994
0	0.997998
0	0.996997
0	0.996997
0	0.993994
0	0.990991
0	0.961962
0	0.996997
0	0.997998
0	0.994995
0	0.993994
0	0.961962
0	0.996997
0	0.990991
0	0.997998
0	0.997998
0	0.990991
0	0.990991
0	0.996997
0	0.994995
0	0.981982
0	0.978979
0	0.996997
0	0.981982
0	0.98999
0	0.97998
0	0.991992
0	0.986987
0	0.995996
0	0.978979
0	0.995996
0	0.996997
0	0.97998
0	0.997998
0	0.991992
0	0.994995
0	0.996997
0	0.994995
0	0.961962
0	0.997998
0	0.995996
0	0.997998
0	0.997998
0	0.991992
0	0.978979
0	0.991992
0	0.996997
0	0.997998
0	0.978979
0	0.996997
0	0.994995
0	0.97998
0	0.986987
0	0.997998
0	0.97998
0	0.961962
0	0.996997
0	0.997998
0	0.997998
0	0.997998
0	0.996997
0	0.996997
0	0.981982
0	0.995996
0	0.990991
0	0.995996
0	0.996997
0	0.990991
0	0.992993
0	0.997998
0	0.994995
0	0.978979
0	0.996997
0	0.97998
0	0.993994
0	0.995996
0	0.961962
0	0.996997
0	0.993994
0	0.993994
0	0.992993
0	0.991992
0	0.98999
0	0.996997
0	0.997998


