# Persistence diagram <GML/1028.gml>
#
# Dimension   : 1
# Entries     : 143
# Betti number: 142
0.985016	inf
0.985804	inf
0.98817	inf
0.988959	inf
0.988959	inf
0.988959	inf
0.988959	inf
0.988959	inf
0.988959	inf
0.988959	inf
0.988959	inf
0.988959	inf
0.990536	inf
0.992114	inf
0.992114	inf
0.992114	inf
0.992114	inf
0.992114	inf
0.992114	inf
0.992114	inf
0.992114	inf
0.992114	inf
0.992114	inf
0.992114	inf
0.992114	inf
0.992114	inf
0.992114	inf
0.992902	inf
0.992902	inf
0.993691	inf
0.993691	inf
0.993691	inf
0.993691	inf
0.993691	inf
0.993691	inf
0.993691	inf
0.993691	inf
0.993691	inf
0.993691	inf
0.993691	inf
0.993691	inf
0.993691	inf
0.993691	inf
0.993691	inf
0.994479	inf
0.994479	inf
0.994479	inf
0.994479	inf
0.994479	inf
0.994479	inf
0.994479	inf
0.994479	inf
0.994479	inf
0.994479	inf
0.994479	inf
0.994479	inf
0.994479	inf
0.995268	inf
0.995268	inf
0.995268	inf
0.995268	inf
0.995268	inf
0.995268	inf
0.995268	inf
0.995268	inf
0.995268	inf
0.995268	inf
0.995268	inf
0.995268	inf
0.995268	inf
0.995268	inf
0.996057	inf
0.996057	inf
0.996057	inf
0.996057	inf
0.996057	inf
0.996057	inf
0.996057	inf
0.996057	inf
0.996057	inf
0.996057	inf
0.996057	inf
0.996057	inf
0.996057	inf
0.996057	inf
0.996057	inf
0.996057	inf
0.996057	inf
0.996057	inf
0.996057	inf
0.996057	inf
0.996845	inf
0.996845	inf
0.996845	inf
0.996845	inf
0.996845	0.997634
0.996845	inf
0.996845	inf
0.996845	inf
0.996845	inf
0.996845	inf
0.996845	inf
0.996845	inf
0.996845	inf
0.996845	inf
0.996845	inf
0.996845	inf
0.996845	inf
0.996845	inf
0.996845	inf
0.997634	inf
0.997634	inf
0.997634	inf
0.997634	inf
0.997634	inf
0.997634	inf
0.997634	inf
0.997634	inf
0.997634	inf
0.997634	inf
0.997634	inf
0.997634	inf
0.997634	inf
0.997634	inf
0.997634	inf
0.997634	inf
0.997634	inf
0.997634	inf
0.997634	inf
0.997634	inf
0.998423	inf
0.998423	inf
0.998423	inf
0.998423	inf
0.998423	inf
0.998423	inf
0.998423	inf
0.998423	inf
0.998423	inf
0.998423	inf
0.998423	inf
0.998423	inf
0.998423	inf
