# Persistence diagram <GML/1030.gml>
#
# Dimension   : 1
# Entries     : 74
# Betti number: 74
0.98371	inf
0.98552	inf
0.98552	inf
0.98552	inf
0.98552	inf
0.98552	inf
0.98733	inf
0.98733	inf
0.98733	inf
0.98733	inf
0.98733	inf
0.98914	inf
0.990045	inf
0.99095	inf
0.99095	inf
0.99095	inf
0.991855	inf
0.991855	inf
0.991855	inf
0.99276	inf
0.99276	inf
0.993665	inf
0.993665	inf
0.993665	inf
0.99457	inf
0.99457	inf
0.99457	inf
0.99457	inf
0.99457	inf
0.99457	inf
0.99457	inf
0.99457	inf
0.99457	inf
0.995475	inf
0.995475	inf
0.995475	inf
0.995475	inf
0.995475	inf
0.995475	inf
0.995475	inf
0.995475	inf
0.995475	inf
0.995475	inf
0.995475	inf
0.995475	inf
0.995475	inf
0.995475	inf
0.995475	inf
0.99638	inf
0.99638	inf
0.99638	inf
0.99638	inf
0.99638	inf
0.99638	inf
0.99638	inf
0.99638	inf
0.99638	inf
0.99638	inf
0.997285	inf
0.997285	inf
0.997285	inf
0.997285	inf
0.997285	inf
0.997285	inf
0.997285	inf
0.997285	inf
0.99819	inf
0.99819	inf
0.99819	inf
0.99819	inf
0.99819	inf
0.99819	inf
0.99819	inf
0.99819	inf
