# Persistence diagram <GML/1035.gml>
#
# Dimension   : 1
# Entries     : 44
# Betti number: 44
0.980301	inf
0.980301	inf
0.983778	inf
0.989571	inf
0.99073	inf
0.99073	inf
0.991889	inf
0.991889	inf
0.991889	inf
0.991889	inf
0.991889	inf
0.991889	inf
0.991889	inf
0.991889	inf
0.991889	inf
0.991889	inf
0.993048	inf
0.993048	inf
0.993048	inf
0.994206	inf
0.994206	inf
0.994206	inf
0.994206	inf
0.994206	inf
0.995365	inf
0.995365	inf
0.995365	inf
0.995365	inf
0.995365	inf
0.995365	inf
0.995365	inf
0.996524	inf
0.996524	inf
0.996524	inf
0.996524	inf
0.996524	inf
0.996524	inf
0.996524	inf
0.996524	inf
0.997683	inf
0.997683	inf
0.997683	inf
0.997683	inf
0.997683	inf
