# Persistence diagram <GML/1036.gml>
#
# Dimension   : 0
# Entries     : 659
# Betti number: 5
0	inf
0	0.997073
0	0.996487
0	0.992974
0	0.995902
0	0.995316
0	0.990047
0	0.995316
0	0.998244
0	0.997073
0	0.990047
0	0.995902
0	0.997658
0	0.992974
0	inf
0	0.995316
0	0.996487
0	0.997073
0	0.995902
0	0.99356
0	0.995902
0	0.998244
0	0.990047
0	0.995902
0	0.992389
0	0.997658
0	0.997073
0	0.998244
0	0.997073
0	0.995902
0	0.995902
0	0.99356
0	0.997658
0	0.997073
0	inf
0	0.991218
0	0.998244
0	0.992974
0	0.995316
0	0.998829
0	0.992974
0	0.998829
0	0.99356
0	0.996487
0	0.995316
0	0.998244
0	inf
0	0.99356
0	0.997658
0	0.998244
0	0.997658
0	0.997658
0	0.992389
0	0.998244
0	0.996487
0	0.992389
0	0.99356
0	0.998829
0	0.992389
0	0.997073
0	0.997073
0	0.998829
0	0.987705
0	0.991218
0	0.997073
0	0.995902
0	0.998829
0	0.997658
0	0.998829
0	0.998829
0	0.998244
0	0.995316
0	0.998244
0	0.996487
0	0.99356
0	0.99356
0	0.991803
0	0.991218
0	0.995316
0	0.997658
0	0.995902
0	0.977166
0	0.992389
0	0.991803
0	0.995902
0	0.996487
0	0.998244
0	0.996487
0	0.997658
0	0.997073
0	0.998244
0	0.992389
0	0.998244
0	0.998829
0	0.994731
0	0.995902
0	0.991218
0	0.995316
0	0.998244
0	0.996487
0	0.99356
0	0.997658
0	0.997658
0	0.998829
0	0.992389
0	0.997073
0	0.991218
0	0.998244
0	0.995316
0	0.998244
0	0.998244
0	0.995316
0	0.992974
0	0.998829
0	0.998829
0	0.997073
0	0.992974
0	0.997658
0	0.998829
0	0.998829
0	0.998829
0	0.996487
0	0.992974
0	0.991218
0	0.995316
0	0.995902
0	0.998244
0	0.998829
0	0.998829
0	0.991803
0	0.997073
0	0.991218
0	0.995902
0	0.995316
0	0.998244
0	0.997073
0	0.99356
0	0.998829
0	0.99356
0	0.998244
0	0.996487
0	0.997073
0	0.991218
0	0.995316
0	0.992389
0	0.994145
0	0.997658
0	0.994731
0	0.992974
0	0.99356
0	0.994731
0	0.995902
0	0.996487
0	0.99356
0	0.998244
0	0.995316
0	0.987705
0	0.99356
0	0.997658
0	0.992974
0	0.995316
0	0.995316
0	0.998829
0	0.998829
0	0.998244
0	0.995902
0	0.997073
0	0.995316
0	0.99356
0	0.997658
0	0.998829
0	0.992389
0	0.996487
0	0.995902
0	0.992389
0	0.998244
0	0.990047
0	0.997658
0	0.994731
0	0.998829
0	0.998244
0	0.994731
0	0.996487
0	0.995902
0	0.998244
0	0.995316
0	0.992974
0	0.995316
0	0.99356
0	0.992389
0	0.997658
0	0.998244
0	0.99356
0	0.995902
0	0.995316
0	0.995902
0	0.997658
0	0.995316
0	0.997073
0	0.998829
0	0.998244
0	0.998829
0	0.997658
0	0.997073
0	0.992389
0	0.990047
0	0.998829
0	0.991218
0	0.997658
0	0.991218
0	0.992389
0	0.998244
0	0.998829
0	0.991218
0	0.998244
0	0.99356
0	0.994145
0	0.994145
0	0.997658
0	0.998244
0	0.99356
0	0.995316
0	0.997658
0	0.997073
0	0.995316
0	0.998829
0	0.998829
0	0.998829
0	0.991218
0	0.995902
0	0.99356
0	0.995316
0	0.995316
0	0.997073
0	0.998244
0	0.998829
0	0.995316
0	0.99356
0	0.990047
0	0.998244
0	0.99356
0	0.987705
0	0.994731
0	0.977166
0	0.997073
0	0.998244
0	0.997658
0	0.996487
0	0.994731
0	0.998244
0	0.997073
0	0.996487
0	0.997658
0	0.997073
0	0.998244
0	0.997658
0	0.995316
0	0.992974
0	0.995316
0	0.998244
0	0.998829
0	0.991803
0	0.998829
0	0.991218
0	0.998829
0	0.987705
0	0.995316
0	0.997073
0	0.992389
0	0.996487
0	0.998829
0	0.99356
0	0.995316
0	0.996487
0	0.995316
0	0.997658
0	0.997073
0	0.995316
0	0.992974
0	0.998244
0	0.992974
0	0.995316
0	0.995316
0	0.996487
0	0.998244
0	0.997658
0	0.995902
0	0.998829
0	0.99356
0	0.998829
0	0.992389
0	0.998829
0	0.995902
0	0.999415
0	0.987705
0	0.998829
0	0.992389
0	0.999415
0	0.987705
0	0.998244
0	0.992974
0	0.996487
0	0.995316
0	0.991803
0	0.998829
0	0.997073
0	0.995316
0	0.997658
0	0.992974
0	0.994145
0	0.998829
0	0.998829
0	0.992389
0	0.995316
0	0.992974
0	0.992974
0	0.987705
0	0.992389
0	0.99356
0	0.998829
0	0.992389
0	0.998829
0	0.997073
0	0.997073
0	0.998829
0	0.998829
0	0.997658
0	0.998829
0	0.991218
0	0.996487
0	0.998244
0	0.997073
0	0.997658
0	0.998829
0	0.995316
0	0.997658
0	0.994731
0	0.998244
0	0.992389
0	0.995902
0	0.990047
0	0.995902
0	0.995316
0	0.998244
0	0.99356
0	0.99356
0	0.998244
0	0.998829
0	0.991803
0	0.997073
0	0.997658
0	0.998244
0	0.997658
0	0.995902
0	0.998829
0	0.998829
0	0.995902
0	0.995316
0	0.992974
0	0.995902
0	0.991218
0	0.991218
0	0.998244
0	0.995316
0	0.997658
0	0.998829
0	0.990047
0	0.997658
0	0.995316
0	0.997658
0	0.994145
0	0.992974
0	0.99356
0	0.997073
0	0.996487
0	0.987705
0	0.994731
0	0.991218
0	0.998244
0	0.998244
0	0.998244
0	0.992974
0	0.996487
0	0.995316
0	0.991218
0	0.996487
0	0.998829
0	0.994145
0	0.998244
0	0.990047
0	0.990047
0	0.996487
0	0.995316
0	0.994731
0	0.992974
0	0.977166
0	0.994145
0	0.99356
0	0.992389
0	0.994145
0	0.998829
0	0.992974
0	0.992389
0	0.991218
0	0.997073
0	0.997073
0	0.99356
0	0.998244
0	0.987705
0	0.997073
0	0.997073
0	0.998829
0	0.997073
0	0.996487
0	0.996487
0	0.996487
0	0.998244
0	0.991218
0	0.998244
0	0.995902
0	0.992389
0	0.997658
0	0.995902
0	0.998244
0	0.987705
0	0.998244
0	0.991218
0	0.998244
0	0.992974
0	0.997658
0	0.994145
0	0.994731
0	0.996487
0	0.996487
0	0.995316
0	0.994145
0	0.995902
0	0.995902
0	0.997073
0	0.998829
0	0.998244
0	0.991803
0	0.992974
0	0.995902
0	0.998829
0	0.991218
0	0.991218
0	0.994145
0	0.998244
0	0.992389
0	0.992389
0	0.995316
0	0.997073
0	0.996487
0	0.998244
0	0.997658
0	0.995316
0	0.996487
0	0.992974
0	0.998244
0	0.994731
0	0.99356
0	0.998829
0	0.99356
0	0.998829
0	0.998829
0	0.997658
0	0.998244
0	0.994731
0	0.994145
0	0.996487
0	0.990047
0	0.996487
0	0.998829
0	0.995316
0	0.995316
0	0.995316
0	0.992974
0	0.995902
0	0.99356
0	0.998829
0	0.996487
0	0.99356
0	0.99356
0	0.998829
0	0.996487
0	0.997658
0	0.994145
0	0.995316
0	0.995902
0	0.997658
0	0.977166
0	0.998244
0	0.991218
0	0.998829
0	0.995316
0	0.994731
0	0.998244
0	0.997073
0	0.996487
0	0.99356
0	0.99356
0	0.992389
0	0.987705
0	0.996487
0	0.99356
0	0.998829
0	0.998244
0	0.997073
0	0.995902
0	0.995902
0	0.998244
0	0.995316
0	0.992389
0	0.995902
0	0.997658
0	0.990047
0	0.992974
0	0.995902
0	inf
0	0.995316
0	0.992389
0	0.99356
0	0.997073
0	0.996487
0	0.998829
0	0.998829
0	0.998829
0	0.995316
0	0.99356
0	0.995316
0	0.995902
0	0.995902
0	0.997658
0	0.996487
0	0.998244
0	0.995902
0	0.995902
0	0.992389
0	0.991218
0	0.99356
0	0.995902
0	0.997073
0	0.998244
0	0.997658
0	0.99356
0	0.995316
0	0.992974
0	0.987705
0	0.99356
0	0.998829
0	0.998829
0	0.997658
0	0.998244
0	0.994731
0	0.997073
0	0.998829
0	0.998829
0	0.998829
0	0.997073
0	0.992389
0	0.998829
0	0.997658
0	0.990047
0	0.992974
0	0.998829
0	0.992974
0	0.990047
0	0.996487
0	0.998829
0	0.994145
0	0.998244
0	0.995902
0	0.99356
0	0.995316
0	0.992389
0	0.999415
0	0.992974
0	0.992974
0	0.992389
0	0.991803
0	0.998829
0	0.995316
0	0.995316
0	0.997073
0	0.998244
0	0.995902
0	0.995902
0	0.995902
0	0.998244
0	0.998244
0	0.998829
0	0.992389
0	0.998829
0	0.997073
0	0.997658
0	0.997073
0	0.995316
0	0.997658
0	0.992389
0	0.995316
0	0.992389
0	0.997658
0	0.998829
0	0.992974
0	0.994731
0	0.998829
0	0.998829
0	0.997658
0	0.998829
0	0.995902
0	0.991218
0	0.998829
0	0.995316
0	0.995902
0	0.998244
0	0.994731
0	0.992389
0	0.991803
0	0.992389
0	0.995316
0	0.995316
0	0.994731
0	0.995316
0	0.998244
0	0.990047
0	0.991803
0	0.99356
0	0.998829
0	0.992974
0	0.996487
0	0.998244
0	0.992389
0	0.992389
0	0.992974
0	0.997658
0	0.998244
0	0.998829
0	0.998829
0	0.992974
0	0.997073
0	0.992974
0	0.995316
0	0.998829
0	0.996487
0	0.998829
0	0.998244
0	0.996487
0	0.992389
0	0.992389
0	0.998829
0	0.995316
0	0.994731
0	0.995316
0	0.998829
0	0.991218
0	0.997073
0	0.995316
0	0.996487


