# Persistence diagram <GML/1040.gml>
#
# Dimension   : 0
# Entries     : 1280
# Betti number: 6
0	inf
0	0.997057
0	0.997792
0	0.993377
0	0.997792
0	0.988227
0	0.985283
0	0.995585
0	0.986019
0	0.997057
0	0.974982
0	0.991906
0	0.996321
0	0.998528
0	0.992642
0	0.986755
0	0.993377
0	0.994113
0	0.975717
0	0.991906
0	0.990434
0	0.994849
0	0.994113
0	0.994113
0	0.993377
0	0.988227
0	0.996321
0	0.995585
0	0.998528
0	0.995585
0	0.997792
0	0.974982
0	0.995585
0	0.994113
0	0.991906
0	0.997792
0	0.992642
0	0.991906
0	0.997057
0	0.981604
0	0.992642
0	0.994849
0	0.998528
0	0.998528
0	0.993377
0	0.994849
0	0.991906
0	0.975717
0	0.983812
0	0.997792
0	0.998528
0	0.983812
0	0.994113
0	0.997057
0	0.998528
0	0.996321
0	0.99117
0	0.974982
0	0.974982
0	0.995585
0	0.998528
0	0.992642
0	0.993377
0	0.994849
0	0.99117
0	0.996321
0	0.975717
0	0.997792
0	0.986019
0	0.997057
0	0.975717
0	0.994849
0	0.986019
0	0.993377
0	0.981604
0	0.997057
0	0.989698
0	0.99117
0	0.985283
0	0.988227
0	0.98234
0	0.985283
0	0.997792
0	0.974982
0	0.974982
0	0.994113
0	0.994113
0	0.975717
0	0.988962
0	0.998528
0	0.991906
0	0.996321
0	0.992642
0	0.998528
0	0.992642
0	0.991906
0	0.994113
0	0.989698
0	0.998528
0	0.998528
0	0.994849
0	0.996321
0	0.991906
0	0.997792
0	0.998528
0	0.99117
0	0.994849
0	0.985283
0	0.993377
0	0.981604
0	0.997057
0	0.992642
0	0.994113
0	0.992642
0	0.99117
0	0.994113
0	0.988962
0	0.983076
0	0.992642
0	0.992642
0	inf
0	0.984547
0	0.988227
0	0.997792
0	0.994849
0	0.997057
0	0.974982
0	0.995585
0	0.997792
0	0.994113
0	0.991906
0	0.997792
0	0.991906
0	0.98234
0	0.997792
0	0.991906
0	inf
0	0.986019
0	0.975717
0	0.977925
0	0.997792
0	0.998528
0	0.992642
0	0.988227
0	0.986019
0	0.990434
0	0.994113
0	0.992642
0	0.989698
0	0.992642
0	0.994113
0	0.988962
0	0.995585
0	0.989698
0	0.989698
0	0.977925
0	0.996321
0	0.974982
0	0.997792
0	0.987491
0	0.997057
0	0.991906
0	0.996321
0	0.981604
0	0.988962
0	0.997792
0	0.994113
0	0.974982
0	0.998528
0	0.994113
0	0.997792
0	0.986019
0	0.990434
0	0.997792
0	0.975717
0	0.996321
0	0.991906
0	0.992642
0	0.997057
0	0.994113
0	0.991906
0	0.991906
0	0.991906
0	0.998528
0	0.997057
0	0.992642
0	0.98234
0	0.992642
0	0.994113
0	0.991906
0	0.986755
0	0.986755
0	0.98234
0	0.994849
0	0.977925
0	0.975717
0	0.994849
0	0.985283
0	0.985283
0	0.994849
0	0.996321
0	0.997792
0	0.986755
0	0.998528
0	0.992642
0	0.997057
0	0.998528
0	0.997792
0	0.993377
0	0.996321
0	0.992642
0	0.997792
0	0.997057
0	0.99117
0	0.986755
0	0.997057
0	0.997057
0	0.989698
0	0.998528
0	0.99117
0	0.997057
0	0.998528
0	0.994113
0	0.998528
0	0.996321
0	0.988227
0	0.998528
0	0.997792
0	0.991906
0	0.992642
0	0.998528
0	inf
0	0.998528
0	0.981604
0	0.992642
0	0.998528
0	0.998528
0	0.994849
0	0.995585
0	0.995585
0	0.996321
0	0.998528
0	0.992642
0	0.987491
0	0.995585
0	0.988962
0	0.992642
0	0.974982
0	0.991906
0	0.986019
0	0.996321
0	0.992642
0	0.994849
0	0.997057
0	0.997792
0	0.986755
0	0.993377
0	0.998528
0	0.998528
0	0.997792
0	0.998528
0	0.992642
0	0.992642
0	0.995585
0	0.983076
0	0.991906
0	0.996321
0	0.992642
0	0.988227
0	0.997792
0	0.988227
0	0.997792
0	0.988227
0	0.994849
0	0.974982
0	0.99117
0	0.992642
0	0.997792
0	0.998528
0	0.992642
0	0.977925
0	0.989698
0	0.992642
0	0.991906
0	0.977925
0	0.998528
0	0.996321
0	0.994113
0	0.986019
0	0.987491
0	0.994113
0	0.988227
0	0.997792
0	0.988962
0	0.996321
0	0.997792
0	0.974982
0	0.990434
0	0.99117
0	0.986755
0	0.988962
0	0.987491
0	0.998528
0	0.988227
0	0.997057
0	0.98234
0	0.997792
0	0.977925
0	0.991906
0	0.994849
0	0.996321
0	0.990434
0	0.997792
0	0.991906
0	0.997792
0	0.997792
0	0.988962
0	0.996321
0	0.986019
0	0.98234
0	0.975717
0	0.991906
0	0.98234
0	0.994113
0	0.990434
0	0.986019
0	0.997792
0	0.995585
0	0.981604
0	0.997792
0	0.988962
0	0.988962
0	0.992642
0	0.988227
0	0.997057
0	0.994849
0	0.977925
0	0.998528
0	0.974982
0	0.997057
0	0.994849
0	0.986755
0	0.991906
0	0.988227
0	0.986755
0	0.998528
0	0.981604
0	0.991906
0	0.983076
0	0.99117
0	0.988227
0	0.997057
0	0.992642
0	0.994113
0	0.993377
0	0.997057
0	inf
0	0.994113
0	0.997792
0	0.994849
0	0.993377
0	0.974982
0	0.990434
0	0.998528
0	0.975717
0	0.990434
0	0.977925
0	0.994113
0	0.996321
0	0.993377
0	0.996321
0	0.992642
0	0.997057
0	0.997057
0	0.998528
0	0.997792
0	0.997792
0	0.994113
0	0.998528
0	0.997057
0	0.994113
0	0.99117
0	0.993377
0	0.986019
0	0.988962
0	0.991906
0	0.993377
0	0.975717
0	0.99117
0	0.988227
0	0.994849
0	0.996321
0	0.981604
0	0.98234
0	0.997057
0	0.975717
0	0.997057
0	0.994113
0	0.992642
0	0.998528
0	0.992642
0	0.994113
0	0.991906
0	0.991906
0	0.993377
0	0.995585
0	0.997792
0	0.997792
0	0.997057
0	0.997792
0	0.997057
0	0.997057
0	0.986019
0	0.994113
0	0.992642
0	0.994113
0	0.986755
0	0.994113
0	0.981604
0	0.985283
0	0.98234
0	0.989698
0	0.985283
0	0.975717
0	0.989698
0	0.991906
0	0.991906
0	0.992642
0	0.986755
0	0.994849
0	0.975717
0	0.997057
0	0.997792
0	0.997792
0	0.98234
0	0.997057
0	0.983076
0	0.997792
0	0.99117
0	0.994113
0	0.985283
0	0.986755
0	0.989698
0	0.977925
0	0.991906
0	0.987491
0	0.975717
0	0.997792
0	0.989698
0	0.997792
0	0.985283
0	0.993377
0	0.983076
0	0.997057
0	0.996321
0	0.991906
0	0.981604
0	0.997792
0	0.998528
0	0.998528
0	0.995585
0	0.994849
0	0.994113
0	0.996321
0	0.997057
0	0.997792
0	0.988962
0	0.998528
0	0.998528
0	0.990434
0	0.994849
0	0.997792
0	0.995585
0	0.988227
0	0.997057
0	0.998528
0	0.997057
0	0.997057
0	0.988962
0	0.997792
0	0.986019
0	0.997057
0	0.992642
0	0.997792
0	0.996321
0	0.984547
0	0.992642
0	0.997057
0	0.992642
0	0.997792
0	0.983076
0	0.995585
0	0.983812
0	0.989698
0	0.997057
0	0.995585
0	0.997792
0	0.988227
0	0.983076
0	0.998528
0	0.998528
0	0.995585
0	0.993377
0	0.986019
0	0.997057
0	0.99117
0	0.992642
0	0.997792
0	0.998528
0	0.993377
0	0.989698
0	0.997057
0	0.997057
0	0.997057
0	0.984547
0	0.992642
0	0.997057
0	0.995585
0	0.988962
0	0.991906
0	0.995585
0	0.997792
0	0.975717
0	0.983812
0	0.986019
0	0.991906
0	0.994113
0	0.993377
0	0.975717
0	0.99117
0	0.981604
0	0.998528
0	0.992642
0	0.997792
0	0.995585
0	0.986755
0	0.997792
0	0.998528
0	0.998528
0	0.986019
0	0.988227
0	0.993377
0	0.997792
0	0.983812
0	0.99117
0	0.99117
0	0.994849
0	0.991906
0	0.998528
0	0.995585
0	0.997057
0	0.998528
0	0.997792
0	0.975717
0	0.991906
0	0.986755
0	0.996321
0	0.99117
0	0.993377
0	0.974982
0	0.993377
0	0.994113
0	inf
0	0.974982
0	0.994113
0	0.996321
0	0.974982
0	0.997057
0	0.977925
0	0.990434
0	0.997792
0	0.994113
0	0.997057
0	0.988962
0	0.989698
0	0.984547
0	0.988962
0	0.981604
0	0.98234
0	0.998528
0	0.994113
0	0.998528
0	0.997057
0	0.997057
0	0.998528
0	0.998528
0	0.997792
0	0.991906
0	0.997057
0	0.997792
0	0.988227
0	0.983812
0	0.994849
0	0.986019
0	0.997057
0	0.994849
0	0.992642
0	0.986019
0	0.992642
0	0.992642
0	0.977925
0	0.997057
0	0.984547
0	0.988962
0	0.991906
0	0.998528
0	0.986755
0	0.988962
0	0.997057
0	0.994113
0	0.997057
0	0.992642
0	0.991906
0	0.986755
0	0.991906
0	0.997792
0	0.997057
0	0.997792
0	0.991906
0	0.996321
0	0.992642
0	0.996321
0	0.983812
0	0.997057
0	0.998528
0	0.984547
0	0.995585
0	0.992642
0	0.994113
0	0.993377
0	0.992642
0	0.997057
0	0.975717
0	0.977925
0	0.985283
0	0.994113
0	0.994849
0	0.988962
0	0.991906
0	0.996321
0	0.986755
0	0.996321
0	0.994113
0	0.992642
0	0.997792
0	0.983812
0	0.997057
0	0.994113
0	0.992642
0	0.998528
0	0.997792
0	0.992642
0	0.997792
0	0.994113
0	0.986019
0	0.998528
0	0.995585
0	0.997792
0	0.997057
0	0.995585
0	0.984547
0	0.998528
0	0.998528
0	0.990434
0	0.994849
0	0.998528
0	0.988227
0	0.997057
0	0.991906
0	0.988227
0	0.974982
0	0.996321
0	0.99117
0	0.974982
0	0.997792
0	0.99117
0	0.993377
0	0.993377
0	0.998528
0	0.997792
0	0.991906
0	0.986755
0	0.986755
0	0.997792
0	0.994849
0	0.998528
0	0.975717
0	0.985283
0	0.996321
0	0.986019
0	0.997792
0	0.993377
0	0.989698
0	0.997792
0	0.998528
0	0.997792
0	0.998528
0	0.997057
0	0.997792
0	0.995585
0	0.997792
0	0.993377
0	0.997792
0	0.986019
0	0.997057
0	0.996321
0	0.986755
0	0.974982
0	0.997057
0	0.983812
0	0.995585
0	0.983812
0	0.988962
0	0.995585
0	0.98234
0	0.989698
0	0.986755
0	0.995585
0	0.99117
0	0.997057
0	0.98234
0	0.986755
0	0.992642
0	0.986019
0	0.988227
0	0.995585
0	0.991906
0	0.983812
0	0.988227
0	0.994113
0	0.983812
0	0.977925
0	0.996321
0	0.986755
0	0.994849
0	0.993377
0	0.977925
0	0.990434
0	0.991906
0	0.995585
0	0.998528
0	0.996321
0	0.997792
0	0.997792
0	0.999264
0	0.986755
0	0.99117
0	0.991906
0	0.992642
0	0.998528
0	0.996321
0	0.988227
0	0.988227
0	0.997792
0	0.994113
0	0.977925
0	0.992642
0	0.994849
0	0.991906
0	0.996321
0	0.997057
0	0.995585
0	0.998528
0	0.988962
0	0.990434
0	0.992642
0	0.974982
0	0.995585
0	0.998528
0	0.988962
0	0.994849
0	0.994113
0	0.987491
0	0.988962
0	0.984547
0	0.992642
0	0.99117
0	0.995585
0	0.989698
0	0.975717
0	0.991906
0	0.991906
0	0.997792
0	0.988227
0	0.996321
0	0.997792
0	0.994113
0	0.998528
0	0.992642
0	0.995585
0	0.997792
0	0.986755
0	0.984547
0	0.997057
0	0.988962
0	0.974982
0	0.983812
0	0.98234
0	0.998528
0	0.985283
0	0.994849
0	0.993377
0	0.997792
0	0.992642
0	0.997057
0	0.988962
0	0.998528
0	0.994849
0	0.998528
0	0.994849
0	0.996321
0	0.994849
0	0.986019
0	0.994849
0	0.998528
0	0.974982
0	0.985283
0	0.989698
0	0.992642
0	0.992642
0	0.986755
0	0.989698
0	0.994113
0	0.996321
0	0.992642
0	0.991906
0	0.983076
0	0.975717
0	0.991906
0	0.988227
0	0.975717
0	0.98234
0	0.989698
0	0.988962
0	0.991906
0	0.997792
0	0.986755
0	0.992642
0	0.993377
0	0.997792
0	0.989698
0	0.991906
0	0.996321
0	0.992642
0	0.996321
0	0.997792
0	0.998528
0	0.998528
0	0.997792
0	0.994849
0	0.994849
0	0.996321
0	0.991906
0	0.997057
0	0.997057
0	0.993377
0	0.996321
0	0.990434
0	0.992642
0	0.997792
0	0.989698
0	0.996321
0	0.997057
0	0.997792
0	0.975717
0	0.996321
0	0.994113
0	0.988227
0	0.997792
0	0.997792
0	0.994849
0	0.995585
0	0.997792
0	0.992642
0	0.977925
0	0.981604
0	0.99117
0	0.995585
0	0.995585
0	0.992642
0	0.996321
0	0.992642
0	0.999264
0	0.987491
0	0.988962
0	0.989698
0	0.995585
0	0.997792
0	0.99117
0	0.997057
0	0.993377
0	0.997792
0	0.974982
0	0.994113
0	0.998528
0	0.990434
0	0.988227
0	0.986019
0	0.994849
0	0.997792
0	0.986755
0	0.974982
0	0.992642
0	0.993377
0	0.975717
0	0.998528
0	0.996321
0	0.998528
0	0.995585
0	0.996321
0	0.983076
0	0.997057
0	0.992642
0	0.996321
0	0.992642
0	0.994849
0	0.991906
0	0.998528
0	0.997057
0	0.974982
0	0.997057
0	0.992642
0	0.997792
0	0.994113
0	0.986755
0	0.997792
0	0.997057
0	0.977925
0	0.990434
0	0.992642
0	0.996321
0	0.998528
0	0.992642
0	0.998528
0	0.990434
0	0.998528
0	0.993377
0	0.983812
0	0.997792
0	0.988962
0	0.995585
0	0.986019
0	0.994113
0	0.988962
0	0.996321
0	0.997057
0	0.988227
0	0.984547
0	0.998528
0	0.99117
0	0.995585
0	0.998528
0	0.995585
0	0.997057
0	0.999264
0	0.998528
0	0.985283
0	0.994113
0	0.997057
0	0.997792
0	0.997792
0	0.998528
0	0.995585
0	0.991906
0	0.985283
0	0.998528
0	0.996321
0	0.986755
0	0.988227
0	0.998528
0	0.985283
0	0.998528
0	0.984547
0	0.986019
0	0.998528
0	0.981604
0	0.997057
0	0.993377
0	0.997792
0	0.991906
0	0.99117
0	0.989698
0	0.987491
0	0.995585
0	0.986755
0	0.983812
0	0.997057
0	0.997792
0	0.992642
0	0.975717
0	0.984547
0	0.993377
0	0.997792
0	0.994113
0	0.992642
0	0.997792
0	0.991906
0	0.988227
0	0.998528
0	0.992642
0	0.986019
0	0.98234
0	0.994113
0	0.998528
0	0.998528
0	0.997057
0	0.998528
0	0.997792
0	0.986019
0	0.986755
0	0.997792
0	0.989698
0	0.995585
0	0.984547
0	0.983076
0	0.994113
0	0.993377
0	0.989698
0	0.98234
0	0.995585
0	0.997057
0	0.998528
0	0.983076
0	0.98234
0	0.998528
0	0.992642
0	0.977925
0	0.997792
0	0.992642
0	0.994113
0	0.995585
0	0.997792
0	0.983076
0	0.974982
0	0.99117
0	0.995585
0	0.991906
0	0.999264
0	0.996321
0	0.991906
0	0.988962
0	0.993377
0	0.985283
0	0.998528
0	0.996321
0	0.975717
0	0.993377
0	0.988962
0	0.994113
0	0.994113
0	0.999264
0	0.996321
0	0.998528
0	0.98234
0	0.98234
0	0.994113
0	0.977925
0	0.991906
0	0.998528
0	0.992642
0	0.99117
0	0.98234
0	0.986019
0	0.988962
0	0.985283
0	0.997792
0	0.988227
0	0.997057
0	0.983076
0	0.994849
0	0.995585
0	0.997792
0	0.994113
0	0.986755
0	0.986019
0	0.995585
0	0.991906
0	0.994113
0	0.998528
0	0.986019
0	0.996321
0	0.993377
0	0.991906
0	0.997792
0	0.986755
0	0.995585
0	0.996321
0	0.988962
0	0.986019
0	0.991906
0	0.984547
0	0.98234
0	0.981604
0	0.993377
0	0.985283
0	0.997792
0	0.994113
0	0.998528
0	0.996321
0	0.986019
0	0.991906
0	0.996321
0	0.99117
0	0.994113
0	0.986019
0	0.998528
0	0.997057
0	0.997057
0	0.983076
0	0.994113
0	0.996321
0	0.985283
0	0.991906
0	0.988962
0	0.985283
0	0.996321
0	0.981604
0	0.997792
0	0.995585
0	0.997057
0	0.993377
0	0.995585
0	0.996321
0	0.995585
0	0.99117
0	0.998528
0	0.99117
0	0.996321
0	0.981604
0	0.997792
0	0.997057
0	0.998528
0	0.991906
0	0.992642
0	0.996321
0	0.996321
0	0.981604
0	0.998528
0	0.988227
0	0.994113
0	0.995585
0	0.997057
0	0.992642
0	0.994113
0	0.998528
0	0.997792
0	0.987491
0	0.992642
0	0.988962
0	0.991906
0	0.997057
0	0.992642
0	0.998528
0	0.995585
0	0.991906
0	0.988227
0	0.988962
0	0.989698
0	0.989698
0	0.997792
0	0.988962
0	0.994849
0	0.998528
0	0.986019
0	0.986755
0	0.992642
0	0.986019
0	0.985283
0	0.995585
0	0.974982
0	0.989698
0	0.994849
0	0.997792
0	0.996321
0	0.994113
0	0.998528
0	0.996321
0	0.986019
0	0.992642
0	0.993377
0	0.994849
0	0.993377
0	0.994113
0	0.988962
0	0.995585
0	0.997792
0	0.996321
0	0.987491
0	0.989698
0	0.974982
0	0.994113
0	0.997057
0	0.998528
0	0.994113
0	0.988227
0	0.998528
0	0.993377
0	0.989698
0	0.975717
0	0.988962
0	0.99117
0	0.991906
0	0.996321
0	0.995585
0	0.993377
0	0.994849
0	0.981604
0	0.989698
0	0.992642
0	0.993377
0	0.993377
0	0.992642
0	0.995585
0	0.997792
0	0.998528
0	0.988962
0	0.992642
0	0.99117
0	0.997057
0	0.997792
0	0.975717
0	0.991906
0	0.997057
0	0.992642
0	0.995585
0	0.996321
0	0.998528
0	0.989698
0	0.995585
0	0.993377
0	0.984547
0	0.995585
0	0.991906
0	0.993377
0	0.991906
0	0.996321
0	0.986019
0	0.995585
0	0.998528
0	0.996321
0	0.998528
0	0.974982
0	0.997057
0	0.995585
0	0.989698
0	0.998528
0	0.977925
0	0.984547
0	0.998528
0	0.983076
0	0.997792
0	0.994849
0	0.997792
0	0.995585
0	0.996321
0	0.986755
0	0.975717
0	0.997057
0	0.992642
0	0.992642
0	0.996321
0	0.994113
0	0.988962
0	0.997057
0	0.989698
0	0.992642
0	0.994113
0	0.998528
0	0.998528
0	0.994113
0	0.997792
0	0.986019
0	0.975717
0	0.992642
0	0.988962
0	0.996321
0	0.997792
0	0.997057
0	0.997792
0	0.998528


