# Persistence diagram <GML/1041.gml>
#
# Dimension   : 0
# Entries     : 646
# Betti number: 6
0	inf
0	0.994313
0	0.98673
0	0.996209
0	0.980095
0	0.983886
0	0.982938
0	0.995261
0	0.981991
0	0.995261
0	0.981991
0	0.984834
0	0.996209
0	0.994313
0	0.995261
0	0.996209
0	0.996209
0	0.995261
0	0.981991
0	0.996209
0	0.997156
0	0.996209
0	0.996209
0	0.998104
0	0.985782
0	0.998104
0	0.996209
0	0.991469
0	0.995261
0	0.998104
0	0.997156
0	0.996209
0	0.981991
0	0.995261
0	0.996209
0	0.980095
0	0.998104
0	0.995261
0	0.98673
0	0.991469
0	0.995261
0	0.997156
0	0.98673
0	0.985782
0	0.978199
0	0.982938
0	0.997156
0	0.995261
0	0.997156
0	0.964929
0	0.995261
0	0.997156
0	0.988626
0	0.996209
0	0.980095
0	0.983886
0	0.991469
0	0.985782
0	0.989573
0	0.98673
0	0.981991
0	0.978199
0	0.998104
0	0.984834
0	0.996209
0	0.982938
0	0.98673
0	0.989573
0	0.995261
0	0.995261
0	0.980095
0	0.978199
0	0.998104
0	0.996209
0	0.996209
0	0.995261
0	0.993365
0	0.988626
0	0.987678
0	0.989573
0	0.992417
0	0.998104
0	0.998104
0	inf
0	0.982938
0	0.980095
0	0.98673
0	0.998104
0	0.994313
0	0.992417
0	0.997156
0	0.995261
0	0.998104
0	0.985782
0	0.985782
0	0.980095
0	0.964929
0	0.982938
0	0.985782
0	0.993365
0	0.985782
0	0.996209
0	0.997156
0	0.989573
0	0.980095
0	inf
0	0.995261
0	0.997156
0	0.98673
0	0.995261
0	0.992417
0	0.998104
0	0.985782
0	0.981991
0	0.997156
0	0.983886
0	0.985782
0	0.996209
0	0.997156
0	0.998104
0	0.991469
0	0.995261
0	0.997156
0	0.978199
0	inf
0	0.984834
0	0.980095
0	0.997156
0	0.995261
0	0.985782
0	inf
0	0.992417
0	0.994313
0	0.995261
0	0.995261
0	0.996209
0	0.992417
0	0.995261
0	0.994313
0	0.981991
0	0.998104
0	0.98673
0	0.997156
0	0.978199
0	0.998104
0	0.981991
0	0.995261
0	0.992417
0	0.982938
0	0.995261
0	0.964929
0	0.995261
0	0.988626
0	0.997156
0	0.98673
0	0.998104
0	0.998104
0	0.997156
0	0.995261
0	0.993365
0	0.994313
0	0.995261
0	0.981991
0	0.995261
0	0.989573
0	0.982938
0	0.995261
0	0.991469
0	0.990521
0	0.996209
0	0.997156
0	0.991469
0	0.985782
0	0.997156
0	0.993365
0	0.991469
0	0.995261
0	0.985782
0	0.993365
0	0.980095
0	0.998104
0	0.997156
0	0.985782
0	0.991469
0	0.993365
0	0.983886
0	0.997156
0	0.985782
0	0.993365
0	0.988626
0	0.997156
0	0.989573
0	0.996209
0	0.984834
0	0.993365
0	0.98673
0	0.991469
0	0.995261
0	0.991469
0	0.997156
0	0.989573
0	0.964929
0	0.989573
0	0.991469
0	0.998104
0	0.993365
0	0.982938
0	0.995261
0	0.995261
0	0.998104
0	0.994313
0	0.992417
0	0.964929
0	0.997156
0	0.993365
0	0.993365
0	0.999052
0	0.995261
0	0.997156
0	0.995261
0	0.991469
0	0.982938
0	0.994313
0	0.980095
0	0.993365
0	0.996209
0	0.996209
0	0.995261
0	0.964929
0	0.994313
0	0.964929
0	0.998104
0	0.998104
0	0.981991
0	0.982938
0	0.996209
0	0.998104
0	0.993365
0	0.997156
0	0.996209
0	0.995261
0	0.997156
0	0.964929
0	0.98673
0	0.998104
0	0.994313
0	0.985782
0	0.994313
0	0.984834
0	0.998104
0	0.987678
0	0.982938
0	0.978199
0	0.989573
0	0.983886
0	0.989573
0	0.994313
0	0.998104
0	0.992417
0	0.995261
0	0.98673
0	0.982938
0	0.997156
0	0.998104
0	0.990521
0	0.988626
0	0.978199
0	0.982938
0	0.985782
0	0.995261
0	0.997156
0	0.988626
0	0.997156
0	0.985782
0	0.984834
0	0.988626
0	0.990521
0	0.997156
0	0.980095
0	0.991469
0	0.964929
0	0.980095
0	0.988626
0	0.997156
0	0.982938
0	0.995261
0	0.988626
0	0.992417
0	0.980095
0	0.995261
0	0.992417
0	0.995261
0	0.994313
0	0.995261
0	0.994313
0	0.997156
0	0.994313
0	0.98673
0	0.995261
0	0.998104
0	0.998104
0	0.991469
0	0.98673
0	0.997156
0	0.993365
0	0.995261
0	0.985782
0	0.987678
0	0.994313
0	0.989573
0	0.997156
0	0.995261
0	0.982938
0	0.983886
0	0.989573
0	0.996209
0	0.982938
0	0.998104
0	0.989573
0	0.997156
0	0.992417
0	0.998104
0	0.995261
0	0.990521
0	0.996209
0	0.982938
0	0.985782
0	0.988626
0	0.992417
0	0.998104
0	0.98673
0	0.994313
0	0.981991
0	0.998104
0	0.991469
0	0.996209
0	0.994313
0	0.994313
0	0.992417
0	0.993365
0	0.998104
0	0.994313
0	0.982938
0	0.990521
0	0.981991
0	0.982938
0	0.980095
0	0.983886
0	0.998104
0	0.989573
0	0.981991
0	0.998104
0	0.994313
0	0.995261
0	0.998104
0	0.997156
0	0.983886
0	0.997156
0	0.998104
0	0.98673
0	0.994313
0	0.98673
0	0.982938
0	0.995261
0	0.989573
0	0.985782
0	0.997156
0	0.997156
0	0.996209
0	0.995261
0	0.998104
0	0.996209
0	0.995261
0	0.985782
0	0.995261
0	0.996209
0	0.983886
0	0.994313
0	0.992417
0	0.98673
0	0.981991
0	0.988626
0	0.998104
0	0.997156
0	0.984834
0	0.98673
0	0.997156
0	0.980095
0	0.993365
0	0.995261
0	0.997156
0	0.98673
0	0.983886
0	0.98673
0	0.978199
0	0.996209
0	0.990521
0	0.995261
0	0.988626
0	0.997156
0	0.995261
0	0.993365
0	0.989573
0	0.995261
0	0.994313
0	0.996209
0	0.985782
0	0.978199
0	0.996209
0	0.994313
0	0.995261
0	0.964929
0	0.983886
0	0.983886
0	0.996209
0	0.981991
0	0.98673
0	0.988626
0	0.996209
0	0.994313
0	0.996209
0	0.989573
0	0.998104
0	0.980095
0	0.985782
0	0.994313
0	0.998104
0	0.998104
0	0.997156
0	0.995261
0	0.982938
0	0.964929
0	0.988626
0	0.995261
0	0.985782
0	0.978199
0	0.980095
0	0.987678
0	0.998104
0	0.997156
0	0.980095
0	0.985782
0	0.998104
0	0.993365
0	0.999052
0	0.981991
0	0.995261
0	0.994313
0	0.995261
0	0.997156
0	0.98673
0	0.982938
0	0.994313
0	0.982938
0	0.996209
0	0.978199
0	0.998104
0	0.996209
0	0.996209
0	0.988626
0	0.994313
0	0.998104
0	0.995261
0	inf
0	0.994313
0	0.996209
0	0.989573
0	0.998104
0	0.984834
0	0.994313
0	0.997156
0	0.993365
0	0.997156
0	0.994313
0	0.987678
0	0.998104
0	0.990521
0	0.987678
0	0.995261
0	0.998104
0	0.994313
0	0.989573
0	0.996209
0	0.992417
0	0.993365
0	0.998104
0	0.994313
0	0.998104
0	0.985782
0	0.985782
0	0.98673
0	0.996209
0	0.978199
0	0.988626
0	0.992417
0	0.991469
0	0.983886
0	0.995261
0	0.983886
0	0.997156
0	0.991469
0	0.997156
0	0.994313
0	0.992417
0	0.988626
0	0.995261
0	0.978199
0	0.994313
0	0.978199
0	0.994313
0	0.978199
0	0.985782
0	0.998104
0	0.989573
0	0.995261
0	0.98673
0	0.996209
0	0.985782
0	0.993365
0	0.984834
0	0.996209
0	0.980095
0	0.997156
0	0.982938
0	0.995261
0	0.988626
0	0.998104
0	0.998104
0	0.996209
0	0.988626
0	0.998104
0	0.997156
0	0.995261
0	0.98673
0	0.995261
0	0.998104
0	0.985782
0	0.999052
0	0.996209
0	0.994313
0	0.985782
0	0.997156
0	0.993365
0	0.994313
0	0.997156
0	0.984834
0	0.982938
0	0.983886
0	0.993365
0	0.997156
0	0.995261
0	0.989573
0	0.997156
0	0.988626
0	0.998104
0	0.997156
0	0.982938
0	0.978199
0	0.997156
0	0.985782
0	0.991469
0	0.995261
0	0.995261
0	0.995261
0	0.984834
0	0.995261
0	0.997156
0	0.995261
0	0.982938
0	0.997156
0	0.992417
0	0.996209
0	0.98673
0	0.978199
0	0.982938
0	0.994313
0	0.996209
0	0.992417
0	0.997156
0	0.990521
0	0.998104
0	0.996209
0	0.995261
0	0.993365
0	0.997156
0	0.994313
0	0.995261
0	0.997156
0	0.98673
0	0.997156
0	0.990521
0	0.997156
0	0.995261
0	0.985782
0	0.992417
0	0.992417
0	0.992417
0	0.988626
0	0.997156
0	0.984834
0	0.989573
0	0.997156
0	0.995261
0	0.993365
0	0.994313
0	0.993365
0	0.996209
0	0.997156
0	0.988626
0	0.992417
0	0.997156
0	0.998104
0	0.985782
0	0.997156
0	0.978199
0	0.988626
0	0.982938
0	0.992417
0	0.985782
0	0.995261
0	0.993365
0	0.988626
0	0.978199
0	0.998104
0	0.997156
0	0.992417
0	0.98673
0	0.998104
0	0.985782
0	0.989573
0	0.994313
0	0.996209
0	0.98673
0	0.994313
0	0.996209
0	0.997156
0	0.996209
0	0.982938
0	0.993365
0	0.996209
0	0.997156
0	0.985782
0	0.985782
0	0.996209
0	0.984834
0	0.984834


