# Persistence diagram <GML/1042.gml>
#
# Dimension   : 0
# Entries     : 1090
# Betti number: 8
0	inf
0	0.982744
0	0.960311
0	0.988783
0	0.996549
0	0.994823
0	0.990509
0	0.996549
0	0.992235
0	0.997412
0	0.998274
0	0.997412
0	inf
0	0.996549
0	0.987058
0	0.995686
0	0.987058
0	0.998274
0	0.996549
0	0.998274
0	0.993097
0	0.984469
0	0.995686
0	0.99396
0	0.981018
0	0.988783
0	0.992235
0	0.992235
0	0.997412
0	0.987921
0	0.997412
0	0.998274
0	0.979292
0	0.983607
0	0.998274
0	0.988783
0	0.995686
0	0.991372
0	0.989646
0	0.998274
0	0.989646
0	0.998274
0	0.998274
0	0.987058
0	0.997412
0	0.990509
0	0.997412
0	0.975841
0	0.990509
0	0.989646
0	0.988783
0	0.992235
0	0.99396
0	0.987058
0	0.987921
0	0.987921
0	0.995686
0	0.997412
0	0.987921
0	0.975841
0	0.990509
0	0.960311
0	0.992235
0	0.990509
0	0.986195
0	0.998274
0	0.979292
0	0.987921
0	0.99396
0	0.995686
0	0.989646
0	0.988783
0	0.998274
0	0.989646
0	0.997412
0	inf
0	0.981018
0	0.994823
0	0.998274
0	0.989646
0	0.993097
0	0.986195
0	0.998274
0	0.987058
0	0.996549
0	0.998274
0	0.99396
0	0.997412
0	0.979292
0	0.995686
0	0.988783
0	0.998274
0	0.997412
0	0.981018
0	0.993097
0	0.960311
0	0.984469
0	0.960311
0	0.998274
0	0.990509
0	0.990509
0	0.987921
0	0.979292
0	0.975841
0	0.988783
0	0.997412
0	0.987058
0	0.990509
0	0.997412
0	0.991372
0	0.992235
0	0.993097
0	0.994823
0	0.998274
0	0.998274
0	0.989646
0	0.991372
0	0.993097
0	0.989646
0	0.988783
0	0.988783
0	0.997412
0	0.997412
0	0.984469
0	0.996549
0	0.989646
0	0.987921
0	0.987921
0	0.99396
0	0.990509
0	0.994823
0	0.99396
0	0.993097
0	0.986195
0	0.979292
0	0.987921
0	0.998274
0	0.996549
0	0.986195
0	0.995686
0	0.990509
0	0.997412
0	0.998274
0	0.993097
0	0.99396
0	0.990509
0	0.991372
0	0.993097
0	0.989646
0	0.99396
0	0.998274
0	0.995686
0	0.987058
0	0.984469
0	0.979292
0	0.998274
0	0.992235
0	0.992235
0	0.988783
0	0.992235
0	0.997412
0	0.989646
0	0.998274
0	0.989646
0	0.990509
0	inf
0	0.997412
0	0.999137
0	0.99396
0	0.982744
0	0.988783
0	0.998274
0	0.996549
0	0.988783
0	0.995686
0	0.993097
0	0.990509
0	0.988783
0	0.983607
0	0.987921
0	0.998274
0	0.99396
0	0.998274
0	0.981018
0	0.987921
0	0.989646
0	0.996549
0	0.985332
0	0.983607
0	0.987921
0	0.990509
0	0.987058
0	0.992235
0	0.991372
0	0.984469
0	0.99396
0	0.996549
0	0.998274
0	0.983607
0	0.991372
0	0.989646
0	0.979292
0	0.987921
0	0.984469
0	0.983607
0	0.988783
0	0.979292
0	0.990509
0	0.987058
0	0.988783
0	0.994823
0	0.996549
0	0.993097
0	0.998274
0	0.998274
0	0.987058
0	0.984469
0	0.998274
0	0.995686
0	0.998274
0	0.987058
0	0.991372
0	0.991372
0	0.997412
0	0.997412
0	0.997412
0	0.998274
0	0.995686
0	0.998274
0	0.992235
0	0.993097
0	inf
0	0.998274
0	0.987921
0	0.998274
0	0.993097
0	0.991372
0	0.975841
0	0.993097
0	0.986195
0	0.997412
0	0.996549
0	0.987921
0	0.983607
0	0.992235
0	0.989646
0	0.997412
0	0.979292
0	0.998274
0	0.986195
0	0.985332
0	0.994823
0	0.993097
0	0.994823
0	0.998274
0	0.990509
0	0.992235
0	0.997412
0	0.996549
0	0.997412
0	0.987921
0	0.998274
0	0.981018
0	0.992235
0	0.998274
0	0.993097
0	0.989646
0	0.997412
0	0.989646
0	0.992235
0	0.998274
0	0.983607
0	0.960311
0	0.989646
0	0.995686
0	0.960311
0	0.998274
0	0.998274
0	0.998274
0	0.990509
0	0.998274
0	0.996549
0	0.995686
0	0.998274
0	0.983607
0	0.993097
0	0.983607
0	0.998274
0	0.987921
0	0.998274
0	0.992235
0	0.986195
0	0.982744
0	0.995686
0	0.997412
0	0.997412
0	0.996549
0	0.990509
0	0.979292
0	0.982744
0	0.987921
0	0.984469
0	0.984469
0	0.990509
0	0.996549
0	0.997412
0	0.998274
0	0.998274
0	0.988783
0	0.975841
0	0.987921
0	0.996549
0	0.996549
0	0.991372
0	0.99396
0	0.990509
0	0.997412
0	0.99396
0	0.99396
0	0.995686
0	0.997412
0	0.998274
0	0.997412
0	0.998274
0	0.996549
0	0.997412
0	0.990509
0	0.975841
0	0.989646
0	0.984469
0	0.998274
0	0.990509
0	0.997412
0	0.987921
0	0.987921
0	0.99396
0	0.993097
0	0.990509
0	0.993097
0	0.975841
0	0.990509
0	0.993097
0	0.987058
0	0.993097
0	0.960311
0	0.996549
0	0.981018
0	0.997412
0	0.987921
0	0.984469
0	0.99396
0	0.99396
0	0.987058
0	0.99396
0	0.987921
0	0.99396
0	0.997412
0	0.987921
0	0.998274
0	0.989646
0	0.988783
0	0.996549
0	0.988783
0	0.960311
0	0.993097
0	0.983607
0	0.990509
0	0.998274
0	0.981018
0	0.99396
0	0.992235
0	0.986195
0	0.995686
0	0.985332
0	0.998274
0	0.99396
0	0.986195
0	0.988783
0	0.993097
0	0.989646
0	0.99396
0	0.991372
0	0.997412
0	0.987921
0	0.960311
0	0.991372
0	0.979292
0	0.990509
0	0.997412
0	inf
0	0.997412
0	0.985332
0	0.983607
0	0.989646
0	0.982744
0	0.975841
0	0.998274
0	0.995686
0	0.975841
0	0.960311
0	0.997412
0	0.993097
0	0.991372
0	0.993097
0	0.996549
0	0.987921
0	0.996549
0	0.991372
0	0.983607
0	0.991372
0	0.960311
0	0.990509
0	0.995686
0	0.997412
0	0.992235
0	0.989646
0	0.995686
0	0.99396
0	0.992235
0	0.987921
0	0.987058
0	0.987921
0	0.975841
0	0.993097
0	0.991372
0	0.984469
0	0.991372
0	0.997412
0	0.989646
0	0.997412
0	0.981018
0	0.975841
0	0.991372
0	0.993097
0	0.960311
0	0.997412
0	0.986195
0	0.989646
0	0.989646
0	0.995686
0	0.991372
0	0.960311
0	0.983607
0	0.990509
0	0.975841
0	0.987921
0	0.993097
0	0.960311
0	0.983607
0	0.987921
0	0.995686
0	0.997412
0	0.987921
0	0.994823
0	0.987921
0	0.997412
0	0.997412
0	0.998274
0	0.998274
0	0.987921
0	0.997412
0	0.994823
0	0.997412
0	0.991372
0	0.996549
0	0.987921
0	0.998274
0	0.989646
0	0.986195
0	0.996549
0	0.991372
0	0.993097
0	0.990509
0	0.995686
0	0.981018
0	0.979292
0	0.983607
0	0.997412
0	0.998274
0	0.989646
0	0.996549
0	0.983607
0	0.987921
0	0.993097
0	0.993097
0	0.984469
0	inf
0	0.989646
0	0.995686
0	0.994823
0	0.993097
0	0.994823
0	0.993097
0	0.986195
0	0.987921
0	0.990509
0	0.986195
0	0.99396
0	0.992235
0	0.979292
0	0.981018
0	0.996549
0	0.996549
0	0.989646
0	0.995686
0	0.995686
0	0.99396
0	0.986195
0	0.983607
0	0.997412
0	0.982744
0	0.960311
0	0.994823
0	0.998274
0	0.992235
0	0.998274
0	0.984469
0	0.991372
0	0.987921
0	0.990509
0	0.993097
0	0.99396
0	0.998274
0	0.992235
0	0.996549
0	0.989646
0	0.991372
0	0.991372
0	0.984469
0	0.987921
0	0.992235
0	0.994823
0	0.986195
0	0.99396
0	0.991372
0	0.996549
0	0.989646
0	0.984469
0	0.992235
0	0.988783
0	0.996549
0	0.990509
0	0.997412
0	0.997412
0	0.99396
0	0.979292
0	0.987921
0	0.995686
0	0.988783
0	0.998274
0	0.996549
0	0.988783
0	0.989646
0	0.992235
0	0.993097
0	0.991372
0	0.993097
0	0.975841
0	0.993097
0	0.987921
0	0.988783
0	0.987921
0	0.998274
0	0.975841
0	0.991372
0	0.992235
0	0.998274
0	0.997412
0	0.99396
0	0.989646
0	0.987058
0	0.998274
0	0.979292
0	0.984469
0	0.975841
0	0.994823
0	0.991372
0	0.989646
0	0.997412
0	0.995686
0	0.997412
0	0.989646
0	0.993097
0	0.99396
0	0.990509
0	0.985332
0	0.988783
0	0.992235
0	0.995686
0	0.987921
0	0.990509
0	0.993097
0	0.997412
0	0.998274
0	0.981018
0	0.989646
0	0.960311
0	0.988783
0	0.981018
0	0.997412
0	0.994823
0	0.998274
0	0.996549
0	0.996549
0	0.987921
0	0.990509
0	0.994823
0	0.992235
0	0.997412
0	0.989646
0	0.988783
0	0.991372
0	0.990509
0	0.986195
0	0.990509
0	0.990509
0	0.994823
0	0.987921
0	0.992235
0	0.993097
0	0.995686
0	0.993097
0	0.990509
0	0.990509
0	0.986195
0	0.985332
0	0.991372
0	0.991372
0	0.960311
0	inf
0	0.988783
0	0.99396
0	0.985332
0	0.988783
0	0.979292
0	0.997412
0	0.996549
0	0.990509
0	0.99396
0	0.998274
0	0.997412
0	0.996549
0	0.995686
0	0.993097
0	0.997412
0	0.99396
0	0.989646
0	0.992235
0	0.994823
0	0.960311
0	0.992235
0	0.99396
0	0.99396
0	0.990509
0	0.992235
0	0.996549
0	0.997412
0	0.998274
0	0.996549
0	0.989646
0	0.998274
0	0.994823
0	0.989646
0	0.987921
0	0.984469
0	0.99396
0	0.998274
0	0.999137
0	0.994823
0	0.996549
0	0.984469
0	0.995686
0	0.987058
0	0.960311
0	0.998274
0	0.960311
0	0.994823
0	0.990509
0	0.993097
0	0.987921
0	0.983607
0	0.998274
0	0.990509
0	0.979292
0	0.99396
0	0.990509
0	0.995686
0	0.999137
0	0.998274
0	0.982744
0	0.990509
0	0.996549
0	0.993097
0	0.994823
0	0.99396
0	0.981018
0	0.997412
0	0.995686
0	0.985332
0	0.99396
0	0.99396
0	0.983607
0	0.984469
0	0.989646
0	0.990509
0	0.989646
0	0.987921
0	0.990509
0	0.989646
0	0.992235
0	0.998274
0	0.992235
0	0.998274
0	0.986195
0	0.987921
0	0.989646
0	0.994823
0	0.989646
0	0.996549
0	0.987921
0	0.984469
0	0.975841
0	0.983607
0	0.991372
0	0.993097
0	0.991372
0	0.987921
0	0.989646
0	0.995686
0	0.988783
0	0.99396
0	0.995686
0	0.986195
0	0.998274
0	0.987921
0	0.987921
0	0.992235
0	0.990509
0	0.998274
0	0.99396
0	0.975841
0	0.984469
0	0.993097
0	0.986195
0	0.994823
0	0.985332
0	0.997412
0	0.991372
0	0.989646
0	0.993097
0	0.993097
0	0.997412
0	0.992235
0	0.993097
0	0.987058
0	0.988783
0	0.997412
0	0.997412
0	0.989646
0	0.979292
0	0.997412
0	0.987058
0	0.986195
0	0.992235
0	0.99396
0	0.993097
0	0.993097
0	0.975841
0	0.987921
0	0.987921
0	0.987058
0	0.987921
0	0.998274
0	0.993097
0	0.994823
0	0.99396
0	0.984469
0	0.997412
0	0.987058
0	0.981018
0	0.990509
0	0.998274
0	0.990509
0	0.982744
0	0.994823
0	0.989646
0	0.988783
0	0.995686
0	0.997412
0	0.981018
0	0.986195
0	0.988783
0	0.996549
0	0.992235
0	0.995686
0	0.996549
0	0.997412
0	0.998274
0	0.985332
0	0.981018
0	0.987058
0	0.983607
0	0.99396
0	0.992235
0	0.992235
0	0.998274
0	0.960311
0	0.992235
0	0.99396
0	0.992235
0	0.990509
0	0.99396
0	0.993097
0	0.998274
0	0.998274
0	0.960311
0	0.983607
0	0.960311
0	0.996549
0	0.998274
0	0.987921
0	0.996549
0	0.989646
0	0.981018
0	0.994823
0	0.992235
0	0.991372
0	0.987921
0	0.990509
0	0.960311
0	0.992235
0	0.987921
0	0.99396
0	0.992235
0	0.993097
0	0.995686
0	0.995686
0	0.984469
0	0.996549
0	0.960311
0	0.983607
0	0.997412
0	0.993097
0	0.994823
0	0.997412
0	0.991372
0	0.991372
0	0.979292
0	0.99396
0	0.987058
0	0.995686
0	0.989646
0	0.998274
0	0.990509
0	0.984469
0	0.990509
0	0.997412
0	0.986195
0	0.994823
0	0.993097
0	0.998274
0	0.993097
0	0.994823
0	0.987921
0	0.986195
0	0.983607
0	0.987058
0	0.998274
0	0.997412
0	0.987921
0	0.990509
0	0.997412
0	0.990509
0	0.990509
0	0.997412
0	0.987058
0	0.984469
0	0.991372
0	0.995686
0	0.983607
0	0.995686
0	0.994823
0	0.960311
0	0.975841
0	0.995686
0	0.995686
0	0.989646
0	0.989646
0	0.989646
0	0.991372
0	0.994823
0	0.987058
0	0.990509
0	0.992235
0	0.960311
0	0.979292
0	0.995686
0	0.992235
0	0.987921
0	0.998274
0	0.982744
0	0.988783
0	0.994823
0	0.984469
0	0.982744
0	0.991372
0	0.993097
0	0.984469
0	0.987921
0	0.987921
0	0.986195
0	0.998274
0	0.997412
0	0.993097
0	0.993097
0	0.998274
0	0.99396
0	0.975841
0	0.991372
0	0.998274
0	0.996549
0	0.987058
0	0.992235
0	0.992235
0	0.998274
0	0.998274
0	0.99396
0	0.994823
0	0.998274
0	0.991372
0	0.983607
0	0.983607
0	0.994823
0	0.999137
0	0.990509
0	0.982744
0	0.994823
0	0.996549
0	0.997412
0	0.995686
0	0.997412
0	0.998274
0	0.987058
0	0.981018
0	0.991372
0	0.998274
0	0.982744
0	0.987058
0	0.995686
0	0.989646
0	0.998274
0	0.987058
0	0.988783
0	0.992235
0	0.988783
0	0.989646
0	0.992235
0	0.960311
0	0.99396
0	0.979292
0	0.998274
0	0.987921
0	0.993097
0	0.979292
0	0.981018
0	0.992235
0	0.992235
0	0.992235
0	0.985332
0	0.993097
0	0.993097
0	0.993097
0	0.998274
0	0.987058
0	0.998274
0	0.997412
0	0.987921
0	0.989646
0	0.992235
0	0.996549
0	0.996549
0	0.960311
0	0.988783
0	0.993097
0	0.996549
0	0.997412
0	0.99396
0	0.993097
0	0.997412
0	0.991372
0	0.984469
0	0.960311
0	0.99396
0	0.995686
0	0.987058
0	0.991372
0	0.991372
0	0.992235
0	0.982744
0	0.987921
0	0.997412
0	0.987921
0	0.990509
0	0.998274
0	0.999137
0	0.995686
0	0.998274
0	0.990509
0	0.989646
0	0.996549
0	0.987921
0	0.987921
0	0.992235
0	0.998274
0	0.993097
0	0.997412
0	0.991372
0	0.984469
0	0.992235
0	0.960311
0	0.991372
0	0.989646
0	0.996549
0	0.988783
0	0.989646
0	0.999137
0	0.994823
0	0.998274
0	0.995686
0	0.997412
0	0.982744
0	0.995686
0	0.983607
0	0.990509
0	0.960311
0	0.998274
0	0.993097
0	0.994823
0	0.996549
0	0.984469
0	0.987058
0	0.998274
0	0.975841
0	0.983607
0	0.995686
0	0.987921
0	0.990509
0	0.998274
0	0.990509
0	0.988783
0	0.99396
0	0.960311
0	0.997412
0	0.997412
0	0.988783
0	0.960311
0	0.99396
0	0.991372
0	0.990509
0	0.993097
0	0.996549
0	0.997412
0	0.996549
0	0.991372
0	0.998274
0	0.997412
0	0.994823
0	0.992235
0	0.997412
0	0.997412
0	0.986195
0	0.991372
0	0.960311
0	0.988783
0	0.990509
0	0.986195
0	0.996549
0	0.990509
0	0.998274
0	0.998274
0	0.993097
0	0.991372
0	0.997412
0	0.992235
0	0.981018
0	0.994823
0	0.998274
0	0.994823
0	0.996549
0	0.997412


