# Persistence diagram <GML/1043.gml>
#
# Dimension   : 1
# Entries     : 179
# Betti number: 179
0.983815	inf
0.987283	inf
0.990751	inf
0.991908	inf
0.991908	inf
0.992486	inf
0.993064	inf
0.993064	inf
0.993064	inf
0.993642	inf
0.993642	inf
0.993642	inf
0.993642	inf
0.993642	inf
0.993642	inf
0.99422	inf
0.99422	inf
0.99422	inf
0.99422	inf
0.99422	inf
0.99422	inf
0.99422	inf
0.99422	inf
0.99422	inf
0.994798	inf
0.994798	inf
0.994798	inf
0.994798	inf
0.994798	inf
0.994798	inf
0.995376	inf
0.995376	inf
0.995376	inf
0.995376	inf
0.995376	inf
0.995376	inf
0.995376	inf
0.995376	inf
0.995376	inf
0.995376	inf
0.995376	inf
0.995376	inf
0.995376	inf
0.995954	inf
0.995954	inf
0.995954	inf
0.995954	inf
0.995954	inf
0.995954	inf
0.995954	inf
0.995954	inf
0.995954	inf
0.995954	inf
0.995954	inf
0.995954	inf
0.995954	inf
0.995954	inf
0.995954	inf
0.995954	inf
0.995954	inf
0.995954	inf
0.995954	inf
0.995954	inf
0.995954	inf
0.995954	inf
0.995954	inf
0.995954	inf
0.995954	inf
0.995954	inf
0.995954	inf
0.996532	inf
0.996532	inf
0.996532	inf
0.996532	inf
0.996532	inf
0.996532	inf
0.996532	inf
0.996532	inf
0.996532	inf
0.996532	inf
0.99711	inf
0.99711	inf
0.99711	inf
0.99711	inf
0.99711	inf
0.99711	inf
0.99711	inf
0.99711	inf
0.99711	inf
0.99711	inf
0.99711	inf
0.99711	inf
0.99711	inf
0.99711	inf
0.99711	inf
0.99711	inf
0.99711	inf
0.99711	inf
0.99711	inf
0.99711	inf
0.99711	inf
0.99711	inf
0.99711	inf
0.997688	inf
0.997688	inf
0.997688	inf
0.997688	inf
0.997688	inf
0.997688	inf
0.997688	inf
0.997688	inf
0.997688	inf
0.997688	inf
0.997688	inf
0.997688	inf
0.997688	inf
0.997688	inf
0.997688	inf
0.997688	inf
0.997688	inf
0.997688	inf
0.997688	inf
0.997688	inf
0.997688	inf
0.997688	inf
0.997688	inf
0.997688	inf
0.997688	inf
0.997688	inf
0.997688	inf
0.997688	inf
0.997688	inf
0.997688	inf
0.997688	inf
0.997688	inf
0.997688	inf
0.997688	inf
0.998266	inf
0.998266	inf
0.998266	inf
0.998266	inf
0.998266	inf
0.998266	inf
0.998266	inf
0.998266	inf
0.998266	inf
0.998266	inf
0.998266	inf
0.998266	inf
0.998266	inf
0.998266	inf
0.998266	inf
0.998266	inf
0.998266	inf
0.998266	inf
0.998266	inf
0.998266	inf
0.998266	inf
0.998266	inf
0.998844	inf
0.998844	inf
0.998844	inf
0.998844	inf
0.998844	inf
0.998844	inf
0.998844	inf
0.998844	inf
0.998844	inf
0.998844	inf
0.998844	inf
0.998844	inf
0.998844	inf
0.998844	inf
0.998844	inf
0.998844	inf
0.998844	inf
0.998844	inf
0.998844	inf
0.998844	inf
