# Persistence diagram <GML/1051.gml>
#
# Dimension   : 0
# Entries     : 985
# Betti number: 14
0	inf
0	0.997813
0	0.995627
0	0.99344
0	0.992711
0	0.991254
0	0.991254
0	0.998542
0	0.995627
0	0.991254
0	0.997085
0	0.992711
0	inf
0	0.975219
0	0.997813
0	0.99344
0	0.998542
0	0.991254
0	0.997813
0	0.995627
0	0.986152
0	0.989067
0	0.99344
0	0.989067
0	0.998542
0	0.997085
0	inf
0	0.998542
0	0.996356
0	0.998542
0	0.997085
0	0.996356
0	0.997085
0	0.991254
0	0.992711
0	0.994898
0	0.996356
0	0.997085
0	0.992711
0	0.991254
0	0.989067
0	0.98105
0	0.998542
0	0.994898
0	0.994169
0	0.998542
0	0.985423
0	0.985423
0	inf
0	0.998542
0	0.99344
0	0.997813
0	0.985423
0	0.99344
0	0.997085
0	0.983236
0	0.983236
0	0.997085
0	0.997813
0	0.995627
0	0.998542
0	0.994898
0	0.997813
0	0.998542
0	0.98105
0	0.986152
0	inf
0	0.997085
0	0.996356
0	0.99344
0	0.997813
0	0.997085
0	0.99344
0	0.991254
0	0.997085
0	0.997085
0	0.987609
0	0.994898
0	0.975219
0	0.997813
0	0.997813
0	0.994169
0	0.975219
0	0.997085
0	0.998542
0	inf
0	0.985423
0	inf
0	0.995627
0	0.997813
0	0.994898
0	0.991983
0	0.997813
0	0.998542
0	0.996356
0	0.999271
0	0.997085
0	0.997813
0	0.998542
0	0.997813
0	0.998542
0	0.998542
0	0.986152
0	0.997813
0	0.997813
0	0.991983
0	0.992711
0	0.991254
0	0.994169
0	0.992711
0	0.998542
0	0.983236
0	0.996356
0	0.996356
0	0.99344
0	0.994898
0	0.985423
0	0.991983
0	0.994169
0	0.987609
0	0.997085
0	0.992711
0	0.995627
0	0.997813
0	0.998542
0	0.997813
0	0.991983
0	0.994169
0	0.996356
0	0.998542
0	0.994898
0	0.994898
0	0.991983
0	0.994169
0	0.99344
0	0.98105
0	0.975219
0	0.987609
0	0.992711
0	0.997813
0	0.988338
0	0.983236
0	0.998542
0	0.990525
0	0.997085
0	0.991254
0	0.991983
0	0.997085
0	0.995627
0	0.998542
0	0.991983
0	0.998542
0	0.992711
0	0.994169
0	0.995627
0	0.986152
0	0.998542
0	0.997085
0	0.994898
0	0.989067
0	0.994169
0	0.997813
0	0.994898
0	0.986152
0	0.975219
0	0.995627
0	0.997813
0	0.997813
0	0.996356
0	0.994898
0	0.997085
0	0.997813
0	0.988338
0	0.997813
0	0.998542
0	0.988338
0	0.997813
0	0.994169
0	0.99344
0	0.996356
0	0.997085
0	0.983236
0	0.994898
0	0.99344
0	0.998542
0	0.998542
0	0.995627
0	0.996356
0	0.991254
0	0.975219
0	0.991983
0	0.998542
0	0.996356
0	0.991983
0	0.994898
0	0.994898
0	0.997085
0	0.997813
0	0.996356
0	0.994898
0	0.996356
0	0.994169
0	0.99344
0	0.994898
0	0.994898
0	0.986152
0	0.975219
0	0.996356
0	0.997085
0	0.975219
0	0.998542
0	0.983236
0	0.998542
0	0.994169
0	0.994169
0	0.986152
0	0.998542
0	inf
0	0.997813
0	0.998542
0	0.997085
0	0.991254
0	0.995627
0	0.997813
0	0.986152
0	0.986152
0	0.996356
0	0.997085
0	0.997085
0	inf
0	0.994898
0	0.997085
0	0.985423
0	0.998542
0	0.996356
0	0.996356
0	0.998542
0	0.998542
0	0.992711
0	0.985423
0	0.997085
0	0.992711
0	0.991254
0	0.997085
0	0.996356
0	0.999271
0	0.994898
0	0.991983
0	0.990525
0	0.996356
0	0.997813
0	0.994169
0	0.990525
0	0.991983
0	0.991254
0	0.98105
0	0.996356
0	0.99344
0	0.991254
0	0.995627
0	0.986152
0	0.990525
0	0.986152
0	0.996356
0	0.989067
0	0.997813
0	0.988338
0	0.998542
0	0.996356
0	0.998542
0	0.998542
0	0.997085
0	0.996356
0	0.986152
0	0.992711
0	0.998542
0	0.995627
0	0.998542
0	0.99344
0	0.997813
0	0.992711
0	0.997085
0	0.995627
0	0.998542
0	0.998542
0	0.975219
0	0.986152
0	0.995627
0	0.997085
0	0.994898
0	0.997085
0	0.995627
0	0.992711
0	inf
0	0.986152
0	0.998542
0	0.990525
0	0.994898
0	0.994169
0	0.998542
0	0.997813
0	0.997085
0	0.989067
0	0.992711
0	0.998542
0	0.975219
0	0.996356
0	0.975219
0	0.990525
0	0.995627
0	0.985423
0	0.997085
0	0.994898
0	0.975219
0	0.998542
0	0.99344
0	0.99344
0	0.986152
0	0.997813
0	0.995627
0	0.99344
0	0.983236
0	0.998542
0	0.999271
0	0.998542
0	0.997085
0	0.995627
0	0.998542
0	0.998542
0	0.991983
0	0.987609
0	0.998542
0	0.991983
0	0.997813
0	0.997085
0	0.987609
0	0.997085
0	0.992711
0	0.985423
0	0.997813
0	0.986152
0	0.997813
0	0.985423
0	0.997085
0	0.990525
0	inf
0	0.98105
0	0.988338
0	0.991254
0	0.988338
0	0.997085
0	0.997813
0	0.994169
0	0.994898
0	0.994169
0	0.998542
0	0.991254
0	0.990525
0	0.988338
0	0.996356
0	0.996356
0	0.995627
0	0.998542
0	0.996356
0	0.997085
0	0.99344
0	0.994169
0	0.975219
0	0.995627
0	0.994898
0	0.994898
0	0.997085
0	0.992711
0	inf
0	0.995627
0	0.997813
0	0.998542
0	0.997813
0	0.997085
0	0.998542
0	0.997813
0	0.989067
0	0.994169
0	0.996356
0	0.994898
0	0.997813
0	0.994169
0	0.997085
0	0.986152
0	0.997085
0	0.992711
0	0.996356
0	0.992711
0	0.997085
0	0.994169
0	0.996356
0	0.996356
0	0.996356
0	0.994169
0	0.998542
0	0.995627
0	0.992711
0	0.998542
0	0.997813
0	0.994169
0	0.997813
0	0.986152
0	0.996356
0	0.996356
0	0.997085
0	0.998542
0	0.996356
0	0.985423
0	0.991983
0	0.99344
0	0.985423
0	0.994169
0	0.997085
0	0.99344
0	0.996356
0	0.998542
0	0.997085
0	0.996356
0	0.998542
0	0.994169
0	0.994898
0	0.997085
0	0.997813
0	0.998542
0	0.994898
0	0.998542
0	0.994898
0	0.996356
0	0.998542
0	0.988338
0	inf
0	0.99344
0	0.998542
0	0.997085
0	0.991254
0	0.992711
0	0.998542
0	0.985423
0	0.99344
0	0.998542
0	0.983236
0	0.994169
0	0.994169
0	0.986152
0	0.997085
0	0.994169
0	0.983236
0	0.996356
0	0.998542
0	0.997813
0	0.992711
0	0.992711
0	0.997813
0	0.991254
0	0.997813
0	0.996356
0	0.991983
0	0.983236
0	0.998542
0	0.997085
0	0.996356
0	0.998542
0	0.997085
0	0.997813
0	0.99344
0	0.996356
0	0.990525
0	0.987609
0	0.983236
0	0.991983
0	0.997813
0	0.997813
0	0.991983
0	0.996356
0	0.997085
0	0.987609
0	0.997085
0	0.986152
0	0.98105
0	0.997813
0	0.989067
0	0.997813
0	0.994898
0	0.985423
0	0.997085
0	0.995627
0	0.994898
0	0.997813
0	0.986152
0	0.994898
0	0.995627
0	0.991983
0	0.996356
0	0.995627
0	0.996356
0	0.995627
0	0.987609
0	0.996356
0	0.996356
0	0.995627
0	0.987609
0	0.992711
0	0.985423
0	0.994898
0	0.994169
0	0.997813
0	0.987609
0	0.991254
0	0.998542
0	0.998542
0	0.98105
0	0.994898
0	0.992711
0	0.997085
0	0.986152
0	0.990525
0	0.98105
0	0.997813
0	0.997813
0	0.998542
0	0.99344
0	0.997813
0	0.994898
0	0.996356
0	0.995627
0	0.997085
0	0.987609
0	0.985423
0	0.990525
0	0.997085
0	0.997085
0	0.992711
0	0.995627
0	0.989067
0	0.998542
0	0.991254
0	0.998542
0	0.990525
0	0.975219
0	0.996356
0	0.997085
0	0.988338
0	0.991983
0	0.997813
0	0.996356
0	0.991254
0	0.997085
0	0.997085
0	0.990525
0	0.994169
0	0.997085
0	0.998542
0	0.997813
0	0.995627
0	0.997813
0	0.99344
0	0.996356
0	0.995627
0	0.992711
0	0.997085
0	0.994169
0	0.99344
0	0.997813
0	0.998542
0	0.98105
0	0.99344
0	0.998542
0	0.994169
0	0.997813
0	0.997813
0	0.996356
0	0.998542
0	0.996356
0	0.986152
0	0.99344
0	0.998542
0	0.994898
0	0.975219
0	0.996356
0	0.991254
0	0.998542
0	0.991254
0	0.998542
0	0.999271
0	0.998542
0	0.997813
0	0.98105
0	0.994898
0	0.999271
0	0.997085
0	0.985423
0	0.986152
0	0.991983
0	0.989067
0	0.991983
0	0.994169
0	0.997085
0	0.996356
0	0.997813
0	0.98105
0	0.994898
0	inf
0	0.99344
0	0.991983
0	0.994169
0	0.995627
0	0.98105
0	0.997085
0	0.986152
0	0.99344
0	0.98105
0	0.99344
0	0.998542
0	0.999271
0	0.994169
0	0.998542
0	0.975219
0	0.998542
0	0.997085
0	0.983236
0	0.997085
0	0.997085
0	0.998542
0	0.988338
0	0.994169
0	0.985423
0	0.995627
0	0.997813
0	0.983236
0	0.998542
0	0.994898
0	0.997085
0	0.997085
0	0.998542
0	0.995627
0	0.994169
0	0.997813
0	0.996356
0	0.992711
0	0.986152
0	0.988338
0	0.997085
0	0.994169
0	0.997085
0	0.994169
0	0.98105
0	0.994898
0	0.994169
0	0.995627
0	0.995627
0	0.998542
0	0.997085
0	0.994898
0	0.985423
0	0.985423
0	0.991983
0	0.994898
0	0.996356
0	0.995627
0	0.997085
0	0.975219
0	0.983236
0	0.995627
0	0.999271
0	0.986152
0	0.998542
0	0.985423
0	0.986152
0	0.998542
0	0.994169
0	0.997085
0	0.994169
0	0.997813
0	0.997085
0	0.995627
0	0.997085
0	0.991254
0	0.99344
0	0.988338
0	0.997085
0	0.999271
0	0.998542
0	0.997085
0	0.986152
0	0.998542
0	0.997085
0	0.989067
0	0.996356
0	0.991254
0	0.992711
0	0.994898
0	0.997813
0	0.991254
0	0.998542
0	0.997813
0	0.985423
0	0.997813
0	0.987609
0	0.998542
0	0.975219
0	0.99344
0	0.994169
0	0.994898
0	0.998542
0	0.998542
0	0.985423
0	0.991983
0	0.994898
0	0.994898
0	0.995627
0	0.991983
0	0.998542
0	0.986152
0	0.995627
0	0.998542
0	0.990525
0	0.998542
0	0.986152
0	0.998542
0	0.998542
0	0.998542
0	0.996356
0	0.996356
0	0.997813
0	0.99344
0	0.991983
0	0.998542
0	0.986152
0	0.996356
0	0.997813
0	0.997085
0	0.996356
0	0.991983
0	0.975219
0	0.997813
0	0.991254
0	0.998542
0	0.994898
0	0.994898
0	0.991983
0	0.991983
0	0.997085
0	0.998542
0	0.996356
0	0.997085
0	0.996356
0	0.985423
0	0.998542
0	0.996356
0	0.997085
0	0.983236
0	0.996356
0	0.997813
0	0.983236
0	0.997813
0	0.99344
0	0.997085
0	0.992711
0	0.989067
0	0.997085
0	0.98105
0	0.994898
0	0.996356
0	0.994169
0	0.997813
0	0.991983
0	0.998542
0	0.997813
0	0.998542
0	0.99344
0	0.986152
0	0.989067
0	0.99344
0	0.990525
0	0.998542
0	0.98105
0	0.985423
0	0.992711
0	0.994898
0	0.995627
0	0.996356
0	0.996356
0	0.99344
0	0.998542
0	0.994898
0	0.987609
0	0.997085
0	0.986152
0	0.975219
0	0.990525
0	0.986152
0	0.997813
0	0.998542
0	0.992711
0	0.994169
0	0.998542
0	0.997813
0	0.996356
0	0.996356
0	0.997813
0	0.986152
0	0.995627
0	0.998542
0	0.994169
0	0.988338
0	0.998542
0	0.992711
0	0.997085
0	0.998542
0	0.997813
0	0.987609
0	0.997085
0	0.995627
0	0.991254
0	0.995627
0	0.997813
0	0.992711
0	0.998542
0	0.998542
0	0.985423
0	0.986152
0	0.994898
0	0.98105
0	0.994169
0	0.997085
0	0.997085
0	0.995627
0	0.975219
0	0.987609
0	0.986152
0	0.986152
0	0.995627
0	0.991254
0	0.997085
0	0.998542
0	0.991983
0	0.996356
0	0.995627
0	0.998542
0	0.997085
0	0.986152
0	0.997813
0	0.996356
0	0.994898
0	0.991254
0	0.997813
0	0.998542
0	0.997085
0	0.997813
0	0.995627
0	0.99344
0	0.995627
0	0.994169
0	0.991983
0	0.991983
0	0.975219
0	0.996356
0	0.997813
0	0.99344
0	0.983236
0	0.997813
0	0.994169
0	0.992711
0	0.995627
0	0.997813
0	0.998542
0	0.996356
0	0.998542
0	0.994898
0	0.997813
0	0.995627
0	0.98105
0	0.992711
0	0.99344
0	0.985423
0	0.997085
0	0.998542
0	0.985423
0	0.991983
0	0.995627
0	0.983236
0	0.998542
0	0.995627
0	0.985423
0	0.986152
0	0.990525
0	0.998542
0	0.997813
0	0.99344
0	0.995627
0	0.991983
0	0.992711
0	0.99344
0	0.98105
0	0.998542
0	0.992711
0	0.986152
0	0.997085
0	0.983236
0	0.99344
0	0.986152
0	0.991983
0	0.997813
0	0.998542
0	0.988338
0	0.99344
0	0.998542
0	0.997085
0	0.997813
0	0.991254
0	0.998542
0	0.975219
0	0.975219
0	0.998542
0	0.997813
0	0.992711
0	0.998542
0	0.998542
0	0.998542
0	0.991254
0	0.994169
0	0.996356
0	0.991983
0	0.994898
0	0.985423
0	0.994898
0	0.996356
0	0.995627
0	0.997813
0	0.991254
0	0.992711
0	0.983236
0	0.992711
0	0.98105
0	0.999271
0	0.99344
0	0.992711
0	0.991254
0	0.975219
0	0.997085
0	0.990525
0	0.985423
0	0.994898
0	0.992711
0	0.985423
0	0.995627
0	0.98105
0	0.998542
0	0.995627
0	0.987609
0	0.995627
0	0.991254
0	0.991254
0	0.995627
0	0.996356
0	0.986152
0	0.994898
0	0.996356
0	0.990525
0	0.997085
0	0.997085
0	0.996356
0	0.998542
0	0.991983
0	0.985423
0	0.994169
0	0.975219
0	0.997085
0	0.998542
0	0.992711
0	0.99344
0	0.991254
0	0.986152
0	0.994898
0	0.991254
0	0.983236
0	0.975219
0	0.996356
0	0.997813
0	0.995627


