# Persistence diagram <GML/1055.gml>
#
# Dimension   : 0
# Entries     : 596
# Betti number: 3
0	inf
0	0.997392
0	0.98957
0	0.996089
0	0.993481
0	0.996089
0	0.990874
0	0.994785
0	0.992177
0	0.98957
0	0.976532
0	0.976532
0	0.992177
0	0.994785
0	0.984355
0	0.972621
0	0.996089
0	0.972621
0	0.996089
0	0.984355
0	0.997392
0	0.997392
0	0.994785
0	0.996089
0	0.984355
0	0.996089
0	0.993481
0	0.988266
0	0.980443
0	0.994785
0	0.990874
0	0.993481
0	0.997392
0	0.996089
0	0.976532
0	0.997392
0	0.994785
0	0.994785
0	0.980443
0	0.994785
0	0.993481
0	0.983051
0	0.996089
0	0.988266
0	0.996089
0	0.996089
0	0.983051
0	0.992177
0	0.98957
0	0.996089
0	0.976532
0	0.992177
0	0.997392
0	0.973924
0	0.98957
0	0.980443
0	0.972621
0	0.996089
0	0.985658
0	0.992177
0	0.990874
0	0.997392
0	0.980443
0	0.992177
0	0.996089
0	0.993481
0	0.966102
0	0.997392
0	0.983051
0	0.972621
0	0.990874
0	0.997392
0	0.984355
0	0.997392
0	0.988266
0	0.993481
0	0.992177
0	0.994785
0	0.994785
0	0.983051
0	0.984355
0	0.988266
0	0.98957
0	0.997392
0	0.992177
0	0.997392
0	0.994785
0	0.996089
0	0.966102
0	0.994785
0	0.994785
0	0.988266
0	0.992177
0	0.976532
0	0.997392
0	0.98957
0	0.994785
0	0.994785
0	0.973924
0	0.997392
0	0.993481
0	0.992177
0	0.986962
0	0.976532
0	0.997392
0	0.997392
0	0.994785
0	0.988266
0	0.984355
0	0.996089
0	0.976532
0	0.972621
0	0.993481
0	0.990874
0	0.996089
0	0.997392
0	0.993481
0	0.997392
0	0.994785
0	0.986962
0	0.997392
0	0.973924
0	0.98957
0	0.997392
0	0.996089
0	0.996089
0	0.986962
0	0.993481
0	0.992177
0	0.976532
0	0.994785
0	0.992177
0	0.993481
0	0.996089
0	0.994785
0	0.990874
0	0.990874
0	0.976532
0	0.996089
0	0.994785
0	0.988266
0	0.993481
0	0.996089
0	0.997392
0	0.976532
0	0.988266
0	0.992177
0	0.98957
0	0.98957
0	0.992177
0	0.994785
0	0.988266
0	0.994785
0	0.993481
0	0.994785
0	0.996089
0	0.986962
0	0.983051
0	0.966102
0	0.983051
0	0.976532
0	0.994785
0	0.993481
0	0.996089
0	0.997392
0	0.98957
0	0.980443
0	0.990874
0	0.993481
0	0.994785
0	0.996089
0	0.993481
0	0.973924
0	0.98957
0	0.992177
0	0.994785
0	0.997392
0	0.976532
0	0.983051
0	0.966102
0	0.966102
0	0.997392
0	0.992177
0	0.997392
0	0.966102
0	0.996089
0	0.992177
0	0.992177
0	0.986962
0	0.994785
0	0.985658
0	0.980443
0	0.983051
0	0.997392
0	0.976532
0	0.98957
0	0.996089
0	0.993481
0	0.988266
0	0.996089
0	0.984355
0	0.976532
0	0.993481
0	0.985658
0	0.997392
0	0.996089
0	0.990874
0	0.994785
0	0.972621
0	0.993481
0	0.994785
0	0.997392
0	0.992177
0	0.992177
0	0.986962
0	0.997392
0	0.994785
0	0.992177
0	0.996089
0	0.980443
0	0.994785
0	0.984355
0	0.990874
0	0.983051
0	0.992177
0	0.992177
0	0.992177
0	0.992177
0	0.994785
0	0.990874
0	0.988266
0	0.990874
0	0.98957
0	0.992177
0	0.966102
0	0.997392
0	0.997392
0	0.992177
0	0.990874
0	0.983051
0	0.997392
0	0.985658
0	0.966102
0	0.996089
0	0.98957
0	0.966102
0	0.992177
0	0.997392
0	0.966102
0	0.994785
0	inf
0	0.994785
0	0.973924
0	0.993481
0	0.993481
0	0.997392
0	0.990874
0	0.994785
0	0.992177
0	0.994785
0	0.976532
0	0.996089
0	0.976532
0	0.994785
0	0.986962
0	0.996089
0	0.986962
0	0.993481
0	inf
0	0.996089
0	0.972621
0	0.993481
0	0.997392
0	0.996089
0	0.988266
0	0.997392
0	0.972621
0	0.993481
0	0.993481
0	0.994785
0	0.990874
0	0.992177
0	0.992177
0	0.966102
0	0.976532
0	0.994785
0	0.966102
0	0.992177
0	0.990874
0	0.994785
0	0.986962
0	0.996089
0	0.994785
0	0.994785
0	0.976532
0	0.985658
0	0.996089
0	0.997392
0	0.986962
0	0.990874
0	0.98957
0	0.994785
0	0.98957
0	0.997392
0	0.996089
0	0.980443
0	0.997392
0	0.997392
0	0.988266
0	0.994785
0	0.985658
0	0.966102
0	0.993481
0	0.993481
0	0.993481
0	0.992177
0	0.990874
0	0.997392
0	0.997392
0	0.997392
0	0.976532
0	0.988266
0	0.973924
0	0.997392
0	0.98957
0	0.990874
0	0.992177
0	0.985658
0	0.985658
0	0.983051
0	0.990874
0	0.996089
0	0.994785
0	0.997392
0	0.988266
0	0.996089
0	0.997392
0	0.993481
0	0.996089
0	0.996089
0	0.996089
0	0.98957
0	0.985658
0	0.996089
0	0.992177
0	0.996089
0	0.996089
0	0.992177
0	0.997392
0	0.992177
0	0.984355
0	0.976532
0	0.976532
0	0.996089
0	0.980443
0	0.994785
0	0.973924
0	0.996089
0	0.996089
0	0.993481
0	0.98957
0	0.994785
0	0.985658
0	0.996089
0	0.994785
0	0.993481
0	0.993481
0	0.992177
0	0.997392
0	0.973924
0	0.993481
0	0.98957
0	0.994785
0	0.985658
0	0.994785
0	0.966102
0	0.976532
0	0.990874
0	0.994785
0	0.993481
0	0.996089
0	0.998696
0	0.990874
0	0.990874
0	0.973924
0	0.994785
0	0.997392
0	0.992177
0	0.993481
0	0.988266
0	0.994785
0	0.994785
0	0.997392
0	0.984355
0	0.988266
0	0.984355
0	0.966102
0	0.993481
0	0.996089
0	0.994785
0	0.990874
0	0.966102
0	0.997392
0	0.983051
0	0.988266
0	0.997392
0	0.966102
0	0.976532
0	0.976532
0	0.996089
0	0.996089
0	0.988266
0	0.973924
0	0.972621
0	0.983051
0	0.976532
0	0.994785
0	0.997392
0	0.985658
0	0.98957
0	0.994785
0	0.993481
0	0.983051
0	0.976532
0	0.992177
0	0.973924
0	0.985658
0	0.976532
0	0.983051
0	0.972621
0	0.994785
0	0.994785
0	0.994785
0	0.993481
0	0.984355
0	0.980443
0	0.985658
0	0.986962
0	0.994785
0	0.976532
0	0.994785
0	0.994785
0	0.997392
0	0.973924
0	0.984355
0	0.993481
0	0.980443
0	0.996089
0	0.966102
0	0.990874
0	0.972621
0	0.997392
0	0.996089
0	0.992177
0	0.98957
0	0.990874
0	0.997392
0	0.997392
0	0.996089
0	0.990874
0	0.984355
0	0.983051
0	0.992177
0	0.993481
0	0.990874
0	0.994785
0	0.98957
0	0.993481
0	0.966102
0	0.993481
0	0.996089
0	0.98957
0	0.986962
0	0.994785
0	0.972621
0	0.972621
0	0.973924
0	0.996089
0	0.997392
0	0.992177
0	0.973924
0	0.990874
0	0.988266
0	0.996089
0	0.996089
0	0.992177
0	0.997392
0	0.983051
0	0.997392
0	0.992177
0	0.996089
0	0.992177
0	0.972621
0	0.985658
0	0.994785
0	0.994785
0	0.994785
0	0.994785
0	0.973924
0	0.992177
0	0.994785
0	0.994785
0	0.993481
0	0.993481
0	0.997392
0	0.983051
0	0.972621
0	0.996089
0	0.994785
0	0.966102
0	0.973924
0	0.992177
0	0.996089
0	0.973924
0	0.990874
0	0.996089
0	0.996089
0	0.993481
0	0.997392
0	0.993481
0	0.992177
0	0.996089
0	0.985658
0	0.972621
0	0.976532
0	0.983051
0	0.980443
0	0.992177
0	0.990874
0	0.983051
0	0.996089
0	0.996089
0	0.976532
0	0.973924
0	0.980443
0	0.983051
0	0.966102
0	0.990874
0	0.990874
0	0.990874
0	0.990874
0	0.990874
0	0.997392
0	0.990874
0	0.983051
0	0.993481
0	0.994785
0	0.992177
0	0.985658
0	0.993481
0	0.98957
0	0.996089
0	0.992177
0	0.997392
0	0.996089
0	0.990874
0	0.983051
0	0.997392
0	0.996089
0	0.983051
0	0.997392
0	0.990874
0	0.988266
0	0.990874
0	0.966102
0	0.997392
0	0.986962
0	0.984355
0	0.985658
0	0.988266
0	0.988266
0	0.996089
0	0.973924
0	0.972621
0	0.993481
0	0.993481
0	0.976532
0	0.996089
0	0.993481
0	0.997392
0	0.990874
0	0.976532
0	0.976532
0	0.980443
0	0.996089
0	0.992177
0	0.983051
0	0.990874
0	0.993481
0	0.997392
0	0.998696
0	0.993481
0	0.98957
0	0.992177
0	0.986962
0	0.993481


