# Persistence diagram <GML/1056.gml>
#
# Dimension   : 0
# Entries     : 523
# Betti number: 1
0	inf
0	0.979305
0	0.987583
0	0.984272
0	0.981788
0	0.986755
0	0.995033
0	0.987583
0	0.993377
0	0.993377
0	0.995033
0	0.995033
0	0.979305
0	0.995033
0	0.978477
0	0.955298
0	0.998344
0	0.998344
0	0.997517
0	0.989238
0	0.983444
0	0.995033
0	0.984272
0	0.986755
0	0.998344
0	0.994205
0	0.993377
0	0.998344
0	0.987583
0	0.995861
0	0.986755
0	0.994205
0	0.981788
0	0.991722
0	0.993377
0	0.994205
0	0.986755
0	0.983444
0	0.995033
0	0.996689
0	0.993377
0	0.994205
0	0.961093
0	0.986755
0	0.998344
0	0.990066
0	0.99255
0	0.99255
0	0.99255
0	0.99255
0	0.995861
0	0.994205
0	0.994205
0	0.981788
0	0.990066
0	0.986755
0	0.997517
0	0.986755
0	0.997517
0	0.997517
0	0.986755
0	0.986755
0	0.988411
0	0.981788
0	0.989238
0	0.993377
0	0.991722
0	0.993377
0	0.984272
0	0.986755
0	0.99255
0	0.996689
0	0.981788
0	0.995033
0	0.997517
0	0.984272
0	0.996689
0	0.986755
0	0.983444
0	0.997517
0	0.955298
0	0.983444
0	0.989238
0	0.993377
0	0.991722
0	0.979305
0	0.988411
0	0.99255
0	0.995033
0	0.995033
0	0.997517
0	0.997517
0	0.994205
0	0.998344
0	0.981788
0	0.996689
0	0.997517
0	0.981788
0	0.981788
0	0.996689
0	0.981788
0	0.991722
0	0.99255
0	0.984272
0	0.996689
0	0.984272
0	0.989238
0	0.991722
0	0.988411
0	0.995033
0	0.996689
0	0.991722
0	0.995033
0	0.995861
0	0.99255
0	0.993377
0	0.983444
0	0.998344
0	0.989238
0	0.993377
0	0.989238
0	0.996689
0	0.993377
0	0.989238
0	0.998344
0	0.981788
0	0.998344
0	0.986755
0	0.979305
0	0.996689
0	0.993377
0	0.997517
0	0.981788
0	0.995861
0	0.997517
0	0.998344
0	0.995033
0	0.987583
0	0.955298
0	0.987583
0	0.994205
0	0.998344
0	0.993377
0	0.955298
0	0.986755
0	0.996689
0	0.996689
0	0.986755
0	0.995033
0	0.996689
0	0.961093
0	0.995033
0	0.994205
0	0.986755
0	0.994205
0	0.993377
0	0.994205
0	0.993377
0	0.979305
0	0.983444
0	0.955298
0	0.993377
0	0.983444
0	0.995033
0	0.955298
0	0.993377
0	0.995861
0	0.995033
0	0.981788
0	0.993377
0	0.995033
0	0.990066
0	0.998344
0	0.984272
0	0.995033
0	0.995861
0	0.99255
0	0.989238
0	0.998344
0	0.995033
0	0.988411
0	0.99255
0	0.981788
0	0.995033
0	0.998344
0	0.995033
0	0.998344
0	0.997517
0	0.994205
0	0.995033
0	0.996689
0	0.994205
0	0.986755
0	0.997517
0	0.998344
0	0.988411
0	0.996689
0	0.995861
0	0.995033
0	0.990066
0	0.998344
0	0.995861
0	0.984272
0	0.987583
0	0.993377
0	0.988411
0	0.978477
0	0.998344
0	0.984272
0	0.987583
0	0.995861
0	0.99255
0	0.984272
0	0.989238
0	0.997517
0	0.955298
0	0.993377
0	0.961093
0	0.997517
0	0.990066
0	0.998344
0	0.961093
0	0.979305
0	0.995033
0	0.995033
0	0.996689
0	0.995033
0	0.996689
0	0.997517
0	0.994205
0	0.994205
0	0.995861
0	0.993377
0	0.996689
0	0.994205
0	0.986755
0	0.991722
0	0.99255
0	0.99255
0	0.995861
0	0.986755
0	0.961093
0	0.998344
0	0.995033
0	0.997517
0	0.997517
0	0.995861
0	0.986755
0	0.996689
0	0.998344
0	0.993377
0	0.991722
0	0.995033
0	0.995861
0	0.987583
0	0.997517
0	0.998344
0	0.981788
0	0.955298
0	0.997517
0	0.994205
0	0.983444
0	0.99255
0	0.983444
0	0.993377
0	0.998344
0	0.998344
0	0.994205
0	0.995861
0	0.955298
0	0.996689
0	0.991722
0	0.99255
0	0.996689
0	0.991722
0	0.994205
0	0.995033
0	0.987583
0	0.987583
0	0.997517
0	0.997517
0	0.995861
0	0.997517
0	0.986755
0	0.991722
0	0.993377
0	0.989238
0	0.986755
0	0.984272
0	0.994205
0	0.981788
0	0.996689
0	0.988411
0	0.986755
0	0.997517
0	0.997517
0	0.998344
0	0.998344
0	0.997517
0	0.998344
0	0.984272
0	0.986755
0	0.995861
0	0.961093
0	0.995861
0	0.994205
0	0.979305
0	0.994205
0	0.997517
0	0.995033
0	0.993377
0	0.984272
0	0.998344
0	0.961093
0	0.993377
0	0.984272
0	0.998344
0	0.998344
0	0.99255
0	0.998344
0	0.998344
0	0.986755
0	0.998344
0	0.997517
0	0.996689
0	0.986755
0	0.993377
0	0.998344
0	0.99255
0	0.955298
0	0.998344
0	0.961093
0	0.996689
0	0.995033
0	0.993377
0	0.981788
0	0.983444
0	0.988411
0	0.993377
0	0.997517
0	0.99255
0	0.99255
0	0.99255
0	0.99255
0	0.981788
0	0.986755
0	0.986755
0	0.99255
0	0.990066
0	0.989238
0	0.998344
0	0.993377
0	0.955298
0	0.996689
0	0.998344
0	0.996689
0	0.986755
0	0.955298
0	0.998344
0	0.998344
0	0.994205
0	0.988411
0	0.983444
0	0.983444
0	0.998344
0	0.983444
0	0.993377
0	0.998344
0	0.998344
0	0.996689
0	0.995033
0	0.995033
0	0.997517
0	0.994205
0	0.961093
0	0.984272
0	0.997517
0	0.99255
0	0.998344
0	0.979305
0	0.996689
0	0.986755
0	0.979305
0	0.979305
0	0.993377
0	0.988411
0	0.993377
0	0.99255
0	0.99255
0	0.995033
0	0.995033
0	0.997517
0	0.993377
0	0.989238
0	0.99255
0	0.997517
0	0.997517
0	0.978477
0	0.993377
0	0.998344
0	0.996689
0	0.998344
0	0.993377
0	0.986755
0	0.991722
0	0.993377
0	0.998344
0	0.996689
0	0.995861
0	0.978477
0	0.994205
0	0.998344
0	0.996689
0	0.996689
0	0.99255
0	0.995861
0	0.994205
0	0.998344
0	0.961093
0	0.998344
0	0.998344
0	0.995033
0	0.995861
0	0.993377
0	0.989238
0	0.993377
0	0.995861
0	0.995033
0	0.995033
0	0.99255
0	0.993377
0	0.998344
0	0.997517
0	0.987583
0	0.993377
0	0.987583
0	0.997517
0	0.99255
0	0.993377
0	0.991722
0	0.996689
0	0.998344
0	0.991722
0	0.994205
0	0.99255
0	0.993377
0	0.991722
0	0.99255
0	0.997517
0	0.996689
0	0.955298
0	0.993377
0	0.983444
0	0.995033
0	0.983444
0	0.994205
0	0.991722
0	0.993377
0	0.998344
0	0.998344
0	0.997517
0	0.99255
0	0.995033
0	0.991722
0	0.995861
0	0.991722
0	0.993377
0	0.993377
0	0.997517
0	0.993377
0	0.995033
0	0.993377
0	0.983444
0	0.998344
0	0.995033
0	0.997517
0	0.996689
0	0.991722
0	0.991722
0	0.987583
0	0.997517
0	0.981788
0	0.997517
0	0.997517
0	0.961093
0	0.990066
0	0.996689
0	0.99255
0	0.986755
0	0.997517
0	0.978477
0	0.99255
0	0.984272
0	0.995861
0	0.995033
0	0.99255
0	0.994205
0	0.997517
0	0.979305
0	0.994205
0	0.995861
0	0.993377
0	0.994205
0	0.989238
0	0.993377
0	0.993377
0	0.993377
0	0.998344
0	0.978477
0	0.997517
0	0.997517
0	0.991722
0	0.998344
0	0.993377
0	0.998344
0	0.998344
0	0.990066
0	0.995861
0	0.995033
0	0.981788
0	0.996689
0	0.996689
0	0.961093


