# Persistence diagram <GML/1057.gml>
#
# Dimension   : 1
# Entries     : 136
# Betti number: 135
0.979788	inf
0.979788	inf
0.979788	inf
0.985563	inf
0.985563	inf
0.985563	inf
0.985563	inf
0.986526	inf
0.986526	inf
0.986526	inf
0.986526	inf
0.986526	inf
0.986526	inf
0.986526	inf
0.986526	inf
0.987488	inf
0.98845	inf
0.98845	inf
0.98845	inf
0.989413	inf
0.989413	inf
0.990375	inf
0.991338	inf
0.991338	inf
0.9923	inf
0.9923	inf
0.9923	inf
0.9923	inf
0.9923	inf
0.9923	inf
0.9923	inf
0.9923	inf
0.9923	inf
0.993263	inf
0.993263	inf
0.993263	inf
0.993263	inf
0.993263	inf
0.993263	inf
0.993263	inf
0.993263	inf
0.993263	inf
0.994225	inf
0.994225	inf
0.994225	inf
0.994225	inf
0.994225	inf
0.994225	inf
0.994225	inf
0.994225	inf
0.994225	inf
0.994225	inf
0.994225	inf
0.994225	inf
0.994225	inf
0.994225	inf
0.994225	inf
0.994225	0.99615
0.995188	inf
0.995188	inf
0.995188	inf
0.995188	inf
0.995188	inf
0.995188	inf
0.995188	inf
0.995188	inf
0.995188	inf
0.995188	inf
0.995188	inf
0.995188	inf
0.995188	inf
0.995188	inf
0.995188	inf
0.995188	inf
0.995188	inf
0.995188	inf
0.995188	inf
0.995188	inf
0.995188	inf
0.995188	inf
0.995188	inf
0.99615	inf
0.99615	inf
0.99615	inf
0.99615	inf
0.99615	inf
0.99615	inf
0.99615	inf
0.99615	inf
0.99615	inf
0.99615	inf
0.99615	inf
0.99615	inf
0.99615	inf
0.99615	inf
0.99615	inf
0.99615	inf
0.99615	inf
0.99615	inf
0.99615	inf
0.99615	inf
0.99615	inf
0.99615	inf
0.99615	inf
0.99615	inf
0.99615	inf
0.99615	inf
0.997113	inf
0.997113	inf
0.997113	inf
0.997113	inf
0.997113	inf
0.997113	inf
0.997113	inf
0.997113	inf
0.997113	inf
0.997113	inf
0.997113	inf
0.997113	inf
0.997113	inf
0.997113	inf
0.997113	inf
0.998075	inf
0.998075	inf
0.998075	inf
0.998075	inf
0.998075	inf
0.998075	inf
0.998075	inf
0.998075	inf
0.998075	inf
0.998075	inf
0.998075	inf
0.998075	inf
0.998075	inf
0.998075	inf
