# Persistence diagram <GML/1058.gml>
#
# Dimension   : 1
# Entries     : 92
# Betti number: 92
0.983536	inf
0.985684	inf
0.987831	inf
0.988547	inf
0.988547	inf
0.989979	inf
0.989979	inf
0.989979	inf
0.989979	inf
0.989979	inf
0.990694	inf
0.990694	inf
0.990694	inf
0.99141	inf
0.99141	inf
0.99141	inf
0.99141	inf
0.992126	inf
0.992126	inf
0.992126	inf
0.992126	inf
0.992126	inf
0.992842	inf
0.993558	inf
0.993558	inf
0.993558	inf
0.994273	inf
0.994273	inf
0.994273	inf
0.994273	inf
0.994273	inf
0.994273	inf
0.994989	inf
0.994989	inf
0.994989	inf
0.994989	inf
0.994989	inf
0.994989	inf
0.994989	inf
0.995705	inf
0.995705	inf
0.995705	inf
0.995705	inf
0.995705	inf
0.996421	inf
0.996421	inf
0.996421	inf
0.996421	inf
0.996421	inf
0.996421	inf
0.996421	inf
0.996421	inf
0.996421	inf
0.997137	inf
0.997137	inf
0.997137	inf
0.997137	inf
0.997137	inf
0.997137	inf
0.997137	inf
0.997137	inf
0.997137	inf
0.997137	inf
0.997137	inf
0.997853	inf
0.997853	inf
0.997853	inf
0.997853	inf
0.997853	inf
0.997853	inf
0.997853	inf
0.997853	inf
0.997853	inf
0.997853	inf
0.997853	inf
0.998568	inf
0.998568	inf
0.998568	inf
0.998568	inf
0.998568	inf
0.998568	inf
0.998568	inf
0.998568	inf
0.998568	inf
0.998568	inf
0.998568	inf
0.998568	inf
0.998568	inf
0.998568	inf
0.998568	inf
0.998568	inf
0.998568	inf
