# Persistence diagram <GML/1060.gml>
#
# Dimension   : 0
# Entries     : 252
# Betti number: 3
0	inf
0	0.989501
0	inf
0	0.984252
0	inf
0	0.992126
0	0.994751
0	0.992126
0	0.958005
0	0.994751
0	0.986877
0	0.992126
0	0.984252
0	0.979003
0	0.992126
0	0.994751
0	0.989501
0	0.958005
0	0.992126
0	0.976378
0	0.96063
0	0.992126
0	0.984252
0	0.986877
0	0.96063
0	0.994751
0	0.984252
0	0.994751
0	0.992126
0	0.989501
0	0.984252
0	0.989501
0	0.994751
0	0.992126
0	0.986877
0	0.976378
0	0.976378
0	0.984252
0	0.973753
0	0.994751
0	0.992126
0	0.984252
0	0.981627
0	0.992126
0	0.992126
0	0.992126
0	0.989501
0	0.968504
0	0.984252
0	0.96063
0	0.984252
0	0.992126
0	0.989501
0	0.968504
0	0.958005
0	0.986877
0	0.984252
0	0.973753
0	0.986877
0	0.96063
0	0.992126
0	0.981627
0	0.992126
0	0.958005
0	0.981627
0	0.994751
0	0.992126
0	0.994751
0	0.992126
0	0.984252
0	0.984252
0	0.976378
0	0.968504
0	0.958005
0	0.986877
0	0.994751
0	0.989501
0	0.976378
0	0.989501
0	0.994751
0	0.989501
0	0.96063
0	0.96063
0	0.986877
0	0.981627
0	0.984252
0	0.984252
0	0.994751
0	0.986877
0	0.976378
0	0.981627
0	0.989501
0	0.992126
0	0.96063
0	0.981627
0	0.984252
0	0.986877
0	0.986877
0	0.973753
0	0.989501
0	0.994751
0	0.968504
0	0.96063
0	0.958005
0	0.984252
0	0.994751
0	0.958005
0	0.989501
0	0.981627
0	0.984252
0	0.994751
0	0.984252
0	0.981627
0	0.981627
0	0.986877
0	0.986877
0	0.994751
0	0.989501
0	0.96063
0	0.958005
0	0.994751
0	0.994751
0	0.984252
0	0.981627
0	0.992126
0	0.981627
0	0.981627
0	0.96063
0	0.981627
0	0.984252
0	0.994751
0	0.984252
0	0.984252
0	0.968504
0	0.992126
0	0.986877
0	0.981627
0	0.989501
0	0.994751
0	0.984252
0	0.96063
0	0.981627
0	0.958005
0	0.989501
0	0.989501
0	0.981627
0	0.984252
0	0.973753
0	0.958005
0	0.973753
0	0.986877
0	0.992126
0	0.984252
0	0.958005
0	0.979003
0	0.989501
0	0.986877
0	0.984252
0	0.968504
0	0.981627
0	0.986877
0	0.968504
0	0.994751
0	0.989501
0	0.981627
0	0.984252
0	0.994751
0	0.958005
0	0.997375
0	0.984252
0	0.992126
0	0.992126
0	0.994751
0	0.984252
0	0.968504
0	0.994751
0	0.984252
0	0.958005
0	0.986877
0	0.989501
0	0.994751
0	0.994751
0	0.981627
0	0.958005
0	0.986877
0	0.986877
0	0.992126
0	0.989501
0	0.986877
0	0.958005
0	0.989501
0	0.992126
0	0.973753
0	0.96063
0	0.994751
0	0.96063
0	0.984252
0	0.973753
0	0.986877
0	0.968504
0	0.989501
0	0.973753
0	0.96063
0	0.986877
0	0.992126
0	0.986877
0	0.984252
0	0.986877
0	0.994751
0	0.992126
0	0.986877
0	0.979003
0	0.968504
0	0.994751
0	0.979003
0	0.994751
0	0.986877
0	0.981627
0	0.981627
0	0.992126
0	0.989501
0	0.981627
0	0.976378
0	0.986877
0	0.994751
0	0.986877
0	0.994751
0	0.992126
0	0.992126
0	0.981627
0	0.984252
0	0.994751
0	0.984252
0	0.994751
0	0.989501
0	0.992126
0	0.986877
0	0.979003
0	0.989501
0	0.984252
0	0.992126
0	0.989501
0	0.986877
0	0.979003
0	0.981627
0	0.976378
0	0.992126
0	0.994751
0	0.986877
0	0.986877
0	0.986877
0	0.992126


