# Persistence diagram <GML/1060.gml>
#
# Dimension   : 1
# Entries     : 41
# Betti number: 41
0.958005	inf
0.96063	inf
0.976378	inf
0.979003	inf
0.981627	inf
0.981627	inf
0.981627	inf
0.984252	inf
0.984252	inf
0.984252	inf
0.984252	inf
0.984252	inf
0.986877	inf
0.986877	inf
0.986877	inf
0.986877	inf
0.986877	inf
0.986877	inf
0.986877	inf
0.986877	inf
0.986877	inf
0.989501	inf
0.989501	inf
0.989501	inf
0.989501	inf
0.989501	inf
0.989501	inf
0.989501	inf
0.989501	inf
0.992126	inf
0.992126	inf
0.992126	inf
0.992126	inf
0.992126	inf
0.992126	inf
0.992126	inf
0.992126	inf
0.992126	inf
0.994751	inf
0.994751	inf
0.994751	inf
