# Persistence diagram <GML/1061.gml>
#
# Dimension   : 0
# Entries     : 505
# Betti number: 2
0	inf
0	0.990921
0	0.993515
0	0.997406
0	0.994812
0	0.980545
0	0.989624
0	0.966278
0	0.988327
0	0.989624
0	0.994812
0	0.966278
0	0.992218
0	0.990921
0	0.980545
0	0.994812
0	0.970169
0	0.996109
0	0.966278
0	0.98703
0	0.971466
0	0.966278
0	0.997406
0	0.996109
0	0.993515
0	0.993515
0	0.994812
0	0.992218
0	0.989624
0	0.971466
0	0.994812
0	0.976654
0	0.997406
0	0.997406
0	0.993515
0	0.996109
0	0.989624
0	0.992218
0	0.997406
0	0.997406
0	0.996109
0	0.992218
0	0.98703
0	0.989624
0	0.970169
0	0.996109
0	0.994812
0	0.983139
0	0.989624
0	0.994812
0	0.994812
0	0.98703
0	0.989624
0	0.98703
0	0.996109
0	0.997406
0	0.993515
0	0.997406
0	0.98703
0	0.976654
0	0.992218
0	0.980545
0	0.994812
0	0.996109
0	0.98703
0	0.997406
0	0.971466
0	0.976654
0	0.980545
0	0.997406
0	0.966278
0	0.992218
0	0.994812
0	0.976654
0	0.971466
0	0.996109
0	0.966278
0	0.994812
0	0.997406
0	0.992218
0	0.98703
0	0.992218
0	0.997406
0	0.996109
0	0.98703
0	0.996109
0	0.996109
0	0.997406
0	0.984436
0	0.992218
0	0.98703
0	0.997406
0	0.993515
0	0.966278
0	0.988327
0	0.997406
0	0.994812
0	0.994812
0	0.994812
0	0.994812
0	0.98703
0	0.993515
0	0.996109
0	0.992218
0	0.997406
0	0.970169
0	0.994812
0	0.994812
0	0.997406
0	0.994812
0	0.989624
0	0.983139
0	0.970169
0	0.993515
0	0.992218
0	0.992218
0	0.990921
0	0.993515
0	0.992218
0	0.992218
0	0.992218
0	0.994812
0	0.992218
0	0.997406
0	0.989624
0	0.989624
0	0.966278
0	0.994812
0	0.992218
0	0.966278
0	0.993515
0	0.992218
0	0.966278
0	0.988327
0	0.98703
0	0.966278
0	0.997406
0	0.994812
0	0.966278
0	0.970169
0	0.994812
0	0.996109
0	0.997406
0	0.997406
0	0.988327
0	0.994812
0	0.997406
0	0.970169
0	0.966278
0	0.994812
0	0.971466
0	0.976654
0	0.990921
0	0.994812
0	0.989624
0	0.98703
0	0.966278
0	0.989624
0	0.98703
0	0.996109
0	0.997406
0	0.971466
0	0.966278
0	0.992218
0	0.997406
0	0.98703
0	0.966278
0	0.996109
0	0.966278
0	0.994812
0	0.997406
0	0.966278
0	0.992218
0	0.970169
0	0.989624
0	0.988327
0	0.994812
0	0.970169
0	0.989624
0	0.997406
0	0.966278
0	0.966278
0	0.997406
0	0.966278
0	0.990921
0	0.976654
0	0.98703
0	0.994812
0	0.997406
0	0.997406
0	0.994812
0	0.966278
0	0.997406
0	0.980545
0	0.988327
0	0.994812
0	0.98703
0	0.983139
0	0.971466
0	0.993515
0	0.997406
0	0.966278
0	0.994812
0	0.989624
0	0.989624
0	0.966278
0	0.990921
0	0.966278
0	0.992218
0	0.993515
0	0.993515
0	0.966278
0	0.996109
0	0.989624
0	0.996109
0	0.997406
0	0.971466
0	0.983139
0	0.994812
0	0.966278
0	0.994812
0	0.996109
0	0.983139
0	0.988327
0	0.989624
0	0.993515
0	0.966278
0	0.994812
0	0.966278
0	0.994812
0	0.994812
0	0.992218
0	0.993515
0	0.993515
0	0.966278
0	0.966278
0	0.98703
0	0.966278
0	0.997406
0	0.988327
0	0.997406
0	0.994812
0	0.966278
0	0.98703
0	0.966278
0	0.997406
0	0.997406
0	0.966278
0	0.98703
0	0.980545
0	0.966278
0	0.966278
0	0.966278
0	0.996109
0	0.993515
0	0.971466
0	0.997406
0	0.996109
0	0.997406
0	0.990921
0	0.98703
0	0.993515
0	0.992218
0	0.970169
0	0.980545
0	0.971466
0	0.996109
0	0.997406
0	0.994812
0	0.984436
0	0.966278
0	0.992218
0	0.988327
0	0.992218
0	0.966278
0	0.992218
0	0.98703
0	0.988327
0	0.996109
0	0.992218
0	0.971466
0	0.994812
0	0.98703
0	0.992218
0	0.997406
0	0.980545
0	0.98703
0	0.971466
0	0.997406
0	0.993515
0	0.996109
0	0.966278
0	0.989624
0	0.993515
0	0.997406
0	0.994812
0	0.983139
0	0.970169
0	0.98703
0	0.970169
0	0.966278
0	0.966278
0	0.983139
0	0.997406
0	0.997406
0	0.996109
0	0.997406
0	0.992218
0	0.997406
0	0.966278
0	0.990921
0	0.997406
0	0.970169
0	0.997406
0	0.983139
0	0.993515
0	0.98703
0	0.976654
0	0.997406
0	0.988327
0	0.971466
0	0.98703
0	0.990921
0	0.993515
0	0.997406
0	0.992218
0	0.992218
0	0.997406
0	0.992218
0	0.993515
0	0.98703
0	0.983139
0	0.993515
0	0.993515
0	0.993515
0	0.994812
0	0.976654
0	0.996109
0	0.992218
0	0.994812
0	0.996109
0	0.996109
0	0.993515
0	0.996109
0	0.98703
0	0.993515
0	0.971466
0	0.966278
0	0.994812
0	0.993515
0	0.988327
0	0.997406
0	0.966278
0	0.997406
0	0.970169
0	0.993515
0	0.970169
0	0.990921
0	0.989624
0	0.976654
0	0.997406
0	0.997406
0	0.992218
0	0.993515
0	0.970169
0	0.980545
0	0.994812
0	0.997406
0	0.971466
0	0.990921
0	0.990921
0	0.966278
0	0.992218
0	0.994812
0	0.970169
0	0.966278
0	0.992218
0	0.994812
0	0.988327
0	0.990921
0	0.970169
0	0.988327
0	0.993515
0	0.996109
0	0.994812
0	0.992218
0	0.966278
0	0.966278
0	0.992218
0	inf
0	0.996109
0	0.994812
0	0.997406
0	0.997406
0	0.993515
0	0.997406
0	0.971466
0	0.98703
0	0.996109
0	0.996109
0	0.966278
0	0.997406
0	0.997406
0	0.997406
0	0.966278
0	0.996109
0	0.997406
0	0.971466
0	0.988327
0	0.996109
0	0.996109
0	0.994812
0	0.966278
0	0.989624
0	0.997406
0	0.988327
0	0.988327
0	0.988327
0	0.966278
0	0.989624
0	0.997406
0	0.990921
0	0.993515
0	0.993515
0	0.98703
0	0.976654
0	0.997406
0	0.988327
0	0.970169
0	0.997406
0	0.994812
0	0.994812
0	0.98703
0	0.992218
0	0.992218
0	0.990921
0	0.988327
0	0.994812
0	0.994812
0	0.990921
0	0.997406
0	0.994812
0	0.98703
0	0.997406
0	0.997406
0	0.966278
0	0.993515
0	0.997406
0	0.992218
0	0.994812
0	0.994812
0	0.997406
0	0.966278
0	0.983139
0	0.996109
0	0.993515
0	0.989624
0	0.998703
0	0.966278
0	0.992218
0	0.996109
0	0.966278
0	0.997406
0	0.988327
0	0.966278
0	0.997406
0	0.990921
0	0.989624
0	0.990921
0	0.966278
0	0.993515
0	0.992218
0	0.976654
0	0.996109
0	0.971466
0	0.997406
0	0.997406
0	0.997406
0	0.970169
0	0.966278
0	0.990921
0	0.993515
0	0.98703
0	0.993515
0	0.966278
0	0.997406
0	0.971466
0	0.980545
0	0.994812
0	0.994812
0	0.966278
0	0.966278
0	0.994812
0	0.970169
0	0.992218
0	0.970169
0	0.996109
0	0.983139
0	0.992218
0	0.994812
0	0.983139
0	0.966278
0	0.966278
0	0.98703
0	0.996109


