# Persistence diagram <GML/1062.gml>
#
# Dimension   : 1
# Entries     : 94
# Betti number: 94
0.983586	inf
0.983586	inf
0.983586	inf
0.987374	inf
0.987374	inf
0.987374	inf
0.987374	inf
0.987374	inf
0.987374	inf
0.987374	inf
0.987374	inf
0.987374	inf
0.987374	inf
0.987374	inf
0.987374	inf
0.989899	inf
0.989899	inf
0.989899	inf
0.989899	inf
0.989899	inf
0.989899	inf
0.989899	inf
0.989899	inf
0.989899	inf
0.991162	inf
0.991162	inf
0.991162	inf
0.991162	inf
0.991162	inf
0.992424	inf
0.992424	inf
0.992424	inf
0.992424	inf
0.992424	inf
0.992424	inf
0.992424	inf
0.992424	inf
0.992424	inf
0.992424	inf
0.992424	inf
0.992424	inf
0.992424	inf
0.992424	inf
0.993687	inf
0.993687	inf
0.993687	inf
0.993687	inf
0.993687	inf
0.993687	inf
0.993687	inf
0.994949	inf
0.994949	inf
0.994949	inf
0.994949	inf
0.994949	inf
0.994949	inf
0.994949	inf
0.994949	inf
0.994949	inf
0.994949	inf
0.994949	inf
0.994949	inf
0.994949	inf
0.996212	inf
0.996212	inf
0.996212	inf
0.996212	inf
0.996212	inf
0.996212	inf
0.996212	inf
0.996212	inf
0.996212	inf
0.996212	inf
0.996212	inf
0.996212	inf
0.996212	inf
0.996212	inf
0.997475	inf
0.997475	inf
0.997475	inf
0.997475	inf
0.997475	inf
0.997475	inf
0.997475	inf
0.997475	inf
0.997475	inf
0.997475	inf
0.997475	inf
0.997475	inf
0.997475	inf
0.997475	inf
0.997475	inf
0.997475	inf
0.997475	inf
