# Persistence diagram <GML/1064.gml>
#
# Dimension   : 1
# Entries     : 65
# Betti number: 65
0.982107	inf
0.982107	inf
0.982107	inf
0.984095	inf
0.991054	inf
0.991054	inf
0.992048	inf
0.993042	inf
0.993042	inf
0.993042	inf
0.993042	inf
0.994036	inf
0.994036	inf
0.994036	inf
0.994036	inf
0.994036	inf
0.994036	inf
0.99503	inf
0.99503	inf
0.99503	inf
0.99503	inf
0.99503	inf
0.99503	inf
0.99503	inf
0.99503	inf
0.99503	inf
0.99503	inf
0.99503	inf
0.99503	inf
0.99503	inf
0.99503	inf
0.996024	inf
0.996024	inf
0.996024	inf
0.996024	inf
0.996024	inf
0.996024	inf
0.996024	inf
0.996024	inf
0.996024	inf
0.996024	inf
0.996024	inf
0.996024	inf
0.996024	inf
0.997018	inf
0.997018	inf
0.997018	inf
0.997018	inf
0.997018	inf
0.997018	inf
0.997018	inf
0.997018	inf
0.997018	inf
0.997018	inf
0.997018	inf
0.997018	inf
0.997018	inf
0.997018	inf
0.997018	inf
0.998012	inf
0.998012	inf
0.998012	inf
0.998012	inf
0.998012	inf
0.998012	inf
