# Persistence diagram <GML/1066.gml>
#
# Dimension   : 1
# Entries     : 175
# Betti number: 175
0.976651	inf
0.977456	inf
0.978261	inf
0.978261	inf
0.978261	inf
0.979871	inf
0.979871	inf
0.981481	inf
0.981481	inf
0.981481	inf
0.982287	inf
0.982287	inf
0.982287	inf
0.983897	inf
0.984702	inf
0.984702	inf
0.985507	inf
0.986312	inf
0.986312	inf
0.986312	inf
0.987118	inf
0.987118	inf
0.987118	inf
0.987118	inf
0.987118	inf
0.987118	inf
0.987923	inf
0.987923	inf
0.987923	inf
0.987923	inf
0.987923	inf
0.988728	inf
0.989533	inf
0.989533	inf
0.989533	inf
0.989533	inf
0.989533	inf
0.989533	inf
0.989533	inf
0.989533	inf
0.989533	inf
0.989533	inf
0.989533	inf
0.989533	inf
0.989533	inf
0.990338	inf
0.990338	inf
0.990338	inf
0.990338	inf
0.990338	inf
0.991143	inf
0.991143	inf
0.991143	inf
0.991143	inf
0.991143	inf
0.991143	inf
0.991143	inf
0.991948	inf
0.991948	inf
0.991948	inf
0.991948	inf
0.991948	inf
0.991948	inf
0.991948	inf
0.991948	inf
0.991948	inf
0.991948	inf
0.991948	inf
0.991948	inf
0.992754	inf
0.992754	inf
0.992754	inf
0.992754	inf
0.992754	inf
0.992754	inf
0.992754	inf
0.992754	inf
0.992754	inf
0.993559	inf
0.993559	inf
0.993559	inf
0.993559	inf
0.993559	inf
0.993559	inf
0.993559	inf
0.993559	inf
0.993559	inf
0.993559	inf
0.993559	inf
0.994364	inf
0.994364	inf
0.994364	inf
0.994364	inf
0.994364	inf
0.995169	inf
0.995169	inf
0.995169	inf
0.995169	inf
0.995169	inf
0.995169	inf
0.995169	inf
0.995169	inf
0.995169	inf
0.995974	inf
0.995974	inf
0.995974	inf
0.995974	inf
0.995974	inf
0.995974	inf
0.995974	inf
0.995974	inf
0.995974	inf
0.995974	inf
0.996779	inf
0.996779	inf
0.996779	inf
0.996779	inf
0.996779	inf
0.996779	inf
0.996779	inf
0.996779	inf
0.996779	inf
0.996779	inf
0.996779	inf
0.996779	inf
0.996779	inf
0.996779	inf
0.996779	inf
0.996779	inf
0.996779	inf
0.996779	inf
0.996779	inf
0.996779	inf
0.997585	inf
0.997585	inf
0.997585	inf
0.997585	inf
0.997585	inf
0.997585	inf
0.997585	inf
0.997585	inf
0.997585	inf
0.997585	inf
0.997585	inf
0.997585	inf
0.997585	inf
0.997585	inf
0.997585	inf
0.997585	inf
0.997585	inf
0.997585	inf
0.997585	inf
0.997585	inf
0.997585	inf
0.997585	inf
0.997585	inf
0.997585	inf
0.997585	inf
0.99839	inf
0.99839	inf
0.99839	inf
0.99839	inf
0.99839	inf
0.99839	inf
0.99839	inf
0.99839	inf
0.99839	inf
0.99839	inf
0.99839	inf
0.99839	inf
0.99839	inf
0.99839	inf
0.99839	inf
0.99839	inf
0.99839	inf
