# Persistence diagram <GML/1070.gml>
#
# Dimension   : 0
# Entries     : 668
# Betti number: 4
0	inf
0	0.995769
0	0.998077
0	0.995769
0	0.998077
0	0.998462
0	0.995385
0	0.998077
0	0.997308
0	0.998846
0	0.995769
0	0.999231
0	0.999231
0	0.997692
0	0.999231
0	0.993846
0	0.999231
0	0.992692
0	0.996154
0	0.998846
0	0.995
0	0.996154
0	0.992692
0	0.998077
0	0.997308
0	0.997692
0	0.998846
0	0.998077
0	0.998077
0	0.998462
0	0.997692
0	0.995385
0	0.991923
0	0.997692
0	0.999231
0	0.993846
0	0.996923
0	0.998846
0	0.998846
0	0.996923
0	0.998846
0	0.995385
0	0.997692
0	0.996923
0	0.992308
0	0.991923
0	0.995769
0	0.999231
0	0.998462
0	0.991923
0	0.999231
0	0.997692
0	0.998077
0	0.998077
0	0.999231
0	0.994615
0	0.998846
0	0.996154
0	0.999231
0	0.998462
0	0.995
0	0.999231
0	0.995385
0	inf
0	0.998077
0	0.998077
0	0.996538
0	0.995
0	0.992308
0	0.997308
0	0.995385
0	0.997692
0	0.992692
0	0.996923
0	0.998077
0	0.997692
0	0.992692
0	0.996154
0	0.994615
0	0.998462
0	0.996538
0	0.992692
0	0.999231
0	0.998077
0	0.997692
0	0.997692
0	0.998462
0	0.998846
0	0.997692
0	0.998846
0	0.996538
0	0.997692
0	0.996923
0	0.996154
0	0.995
0	0.997308
0	0.998846
0	0.998077
0	0.995
0	0.998462
0	0.999231
0	0.999231
0	0.991923
0	0.997692
0	0.997308
0	0.999231
0	0.998462
0	0.999231
0	0.992692
0	0.998077
0	0.995385
0	0.999231
0	0.999231
0	0.992692
0	0.995385
0	0.995
0	0.999231
0	0.998846
0	0.993846
0	0.999231
0	inf
0	0.998462
0	0.995385
0	0.996923
0	0.992692
0	0.996154
0	0.995769
0	0.997308
0	0.998077
0	0.995769
0	0.995385
0	0.999231
0	0.997308
0	0.998846
0	0.995769
0	0.997308
0	0.997308
0	0.996923
0	0.999231
0	0.993846
0	0.997692
0	0.997308
0	0.995
0	0.995
0	0.998846
0	0.998462
0	0.997692
0	0.997308
0	0.995769
0	0.998462
0	0.998077
0	0.999231
0	0.997308
0	0.998462
0	0.998846
0	0.991923
0	0.997692
0	0.996538
0	0.997692
0	0.992308
0	0.996154
0	0.998077
0	0.999231
0	0.991923
0	0.995385
0	0.996154
0	0.999231
0	0.997692
0	0.995385
0	0.997308
0	0.997308
0	0.995769
0	0.997308
0	0.996923
0	0.997692
0	0.995385
0	0.995
0	0.997692
0	0.997692
0	0.992692
0	0.997308
0	0.998462
0	0.997692
0	0.995769
0	0.991923
0	0.998846
0	0.997308
0	0.996923
0	0.995385
0	0.999231
0	0.999231
0	0.998077
0	0.992692
0	0.998846
0	inf
0	0.998077
0	0.997692
0	0.997692
0	0.999231
0	0.994615
0	0.997308
0	0.997692
0	0.995769
0	0.998462
0	0.999231
0	0.997692
0	0.995769
0	0.999231
0	0.998846
0	0.997692
0	0.998846
0	0.994615
0	0.995769
0	0.995
0	0.995
0	0.998077
0	0.995
0	0.996154
0	0.998462
0	0.995
0	0.999231
0	0.996154
0	0.998462
0	0.995385
0	0.998077
0	0.998462
0	0.995385
0	0.997692
0	0.999231
0	0.995769
0	0.997692
0	0.998846
0	0.997692
0	0.999231
0	0.998077
0	0.998077
0	0.998846
0	0.992308
0	0.996923
0	0.997692
0	0.996154
0	0.995
0	0.997308
0	0.996154
0	0.991923
0	0.999231
0	0.997692
0	0.995769
0	0.997308
0	0.999231
0	0.995769
0	0.998462
0	0.995385
0	0.995769
0	0.998077
0	0.995
0	0.998846
0	0.998077
0	0.992692
0	0.997308
0	0.996154
0	0.996154
0	0.997692
0	0.997308
0	0.999231
0	0.997692
0	0.995385
0	0.995385
0	0.995
0	0.995385
0	0.996923
0	0.995385
0	0.996923
0	0.992308
0	0.995385
0	0.995769
0	0.997308
0	0.998462
0	0.995
0	0.999231
0	0.996154
0	0.995769
0	0.999615
0	0.999231
0	0.996923
0	0.995385
0	0.997308
0	0.999231
0	0.999231
0	0.992692
0	0.994615
0	0.992308
0	0.992308
0	0.996154
0	0.992308
0	0.995
0	0.995769
0	0.992692
0	0.999231
0	0.995385
0	0.999231
0	0.998462
0	0.998846
0	0.994615
0	0.999231
0	0.997692
0	0.999231
0	0.995385
0	0.999231
0	0.997308
0	0.993846
0	0.998077
0	0.999231
0	0.996154
0	0.998462
0	0.995385
0	0.995
0	0.995385
0	0.992692
0	0.998462
0	0.997692
0	0.997308
0	0.995769
0	0.999231
0	0.995769
0	0.992308
0	0.998077
0	0.992692
0	0.995385
0	0.999231
0	0.999231
0	0.992308
0	0.998846
0	0.996154
0	0.996923
0	0.997692
0	0.995
0	0.998077
0	0.995385
0	0.998077
0	0.995769
0	0.998846
0	0.997308
0	0.998846
0	0.995769
0	0.992692
0	0.999231
0	0.995769
0	0.995385
0	0.998846
0	0.995385
0	0.998077
0	0.999231
0	0.997308
0	0.998462
0	0.995385
0	0.995769
0	0.998846
0	0.998077
0	0.995385
0	0.996154
0	0.997692
0	0.996923
0	0.999231
0	0.995385
0	0.998077
0	0.998846
0	0.991923
0	0.998846
0	0.997308
0	0.995769
0	0.997692
0	0.999231
0	0.994615
0	0.999231
0	0.993846
0	0.998077
0	0.999231
0	0.998846
0	0.996538
0	0.995
0	0.994615
0	0.997308
0	0.998462
0	0.997308
0	0.998077
0	0.998846
0	0.995769
0	0.998077
0	0.998077
0	0.998846
0	0.998462
0	0.998846
0	0.991923
0	0.998846
0	0.995
0	0.996154
0	0.995769
0	0.996538
0	0.997308
0	0.998846
0	0.997692
0	0.998077
0	0.998846
0	0.998462
0	0.997692
0	0.998846
0	0.996538
0	0.998462
0	0.998846
0	0.997692
0	0.998846
0	0.995385
0	0.997692
0	0.991923
0	0.995385
0	0.992308
0	0.995769
0	0.995769
0	0.999231
0	0.998077
0	0.998462
0	0.997308
0	0.995769
0	0.999231
0	0.997692
0	0.997308
0	0.997692
0	0.991923
0	0.997692
0	0.998462
0	0.997692
0	0.996154
0	0.996923
0	0.999231
0	0.995769
0	0.992692
0	0.997692
0	0.995769
0	0.995385
0	0.995769
0	0.998462
0	0.999231
0	0.998462
0	0.998462
0	0.995769
0	0.996154
0	0.999231
0	0.997692
0	0.997308
0	0.993846
0	0.999615
0	0.997692
0	0.992692
0	0.995385
0	0.997692
0	0.998462
0	0.999231
0	0.995769
0	0.998846
0	0.996538
0	0.999231
0	0.991923
0	0.996538
0	0.996923
0	0.996154
0	0.995769
0	0.996923
0	0.992692
0	0.998077
0	0.998846
0	0.993846
0	0.992692
0	0.999231
0	0.998846
0	0.998846
0	0.991923
0	0.995
0	0.996923
0	0.992692
0	0.991923
0	0.998462
0	0.997692
0	0.999231
0	0.998846
0	0.997308
0	0.992308
0	0.998846
0	0.998846
0	0.998462
0	0.996923
0	0.995
0	0.996154
0	0.996923
0	0.998846
0	0.997692
0	0.992308
0	0.995769
0	0.998462
0	0.996154
0	0.999615
0	0.999231
0	0.999231
0	0.997308
0	0.996538
0	0.995385
0	0.998077
0	0.995
0	0.992692
0	0.998462
0	0.999231
0	0.996154
0	0.992308
0	0.998846
0	0.995769
0	0.996154
0	0.999231
0	0.996538
0	0.994615
0	0.996154
0	0.999231
0	0.998846
0	0.992308
0	0.996154
0	0.997308
0	0.999231
0	0.999231
0	0.996154
0	0.996154
0	0.998846
0	0.996154
0	0.995
0	0.997692
0	0.998846
0	0.999231
0	0.998462
0	0.997692
0	0.996923
0	0.995769
0	0.995769
0	0.998846
0	0.995385
0	0.998077
0	0.998846
0	0.996538
0	0.996538
0	0.998846
0	0.997692
0	0.997308
0	0.998462
0	0.992308
0	0.994615
0	0.997692
0	0.998462
0	0.999231
0	0.996923
0	0.997308
0	0.993846
0	0.999231
0	0.995385
0	0.999231
0	0.992692
0	0.997308
0	0.997692
0	0.995
0	0.995385
0	0.995769
0	0.998462
0	0.995385
0	0.993846
0	0.997692
0	0.998846
0	0.996923
0	0.998846
0	0.998077
0	0.998846
0	0.993846
0	0.995385
0	0.996154
0	0.998077
0	0.996923
0	0.995385
0	0.997692
0	0.997692
0	0.996923
0	0.995769
0	0.999231
0	0.998077
0	0.995769
0	0.999231
0	0.998846
0	0.992692
0	0.998846
0	0.998462
0	0.997692
0	0.998846
0	0.996923
0	0.997692
0	0.994615
0	0.996154
0	0.992308
0	0.997308
0	0.998846
0	0.992692
0	0.995769
0	0.997308
0	0.995769
0	0.998462
0	0.995769
0	0.997308
0	0.995
0	0.999231
0	0.999231
0	0.999231
0	0.995385
0	0.992692
0	0.995769
0	0.998846
0	0.998462
0	0.991923
0	0.998846
0	0.991923
0	0.995385
0	0.997308
0	0.998462
0	0.998462
0	0.995769
0	0.995
0	0.998077
0	0.998077
0	0.995385
0	0.995385
0	0.993846
0	0.995769
0	0.998077
0	0.996154
0	0.995769
0	0.993846
0	0.995769
0	0.998077
0	0.998462
0	0.997692
0	0.999231
0	0.997692
0	0.997692
0	0.998462
0	0.998846
0	0.994615
0	0.997692
0	0.998462
0	0.998077
0	0.999231
0	0.993846
0	0.997308
0	0.999231
0	0.997692
0	0.995385
0	0.995385
0	0.997692
0	0.995769
0	0.997308
0	0.999231
0	0.998846
0	0.992308
0	0.997692
0	0.997692
0	0.998462
0	0.996154


