# Persistence diagram <GML/1070.gml>
#
# Dimension   : 1
# Entries     : 126
# Betti number: 126
0.992692	inf
0.992692	inf
0.992692	inf
0.995	inf
0.995385	inf
0.995385	inf
0.995385	inf
0.995769	inf
0.995769	inf
0.995769	inf
0.995769	inf
0.995769	inf
0.996154	inf
0.996154	inf
0.996538	inf
0.996923	inf
0.996923	inf
0.997308	inf
0.997308	inf
0.997308	inf
0.997308	inf
0.997308	inf
0.997308	inf
0.997308	inf
0.997308	inf
0.997308	inf
0.997308	inf
0.997308	inf
0.997308	inf
0.997692	inf
0.997692	inf
0.997692	inf
0.997692	inf
0.997692	inf
0.997692	inf
0.997692	inf
0.997692	inf
0.997692	inf
0.997692	inf
0.997692	inf
0.997692	inf
0.997692	inf
0.997692	inf
0.997692	inf
0.997692	inf
0.997692	inf
0.997692	inf
0.998077	inf
0.998077	inf
0.998077	inf
0.998077	inf
0.998077	inf
0.998077	inf
0.998077	inf
0.998077	inf
0.998077	inf
0.998077	inf
0.998077	inf
0.998077	inf
0.998077	inf
0.998077	inf
0.998077	inf
0.998077	inf
0.998462	inf
0.998462	inf
0.998462	inf
0.998462	inf
0.998462	inf
0.998462	inf
0.998462	inf
0.998462	inf
0.998462	inf
0.998462	inf
0.998462	inf
0.998462	inf
0.998462	inf
0.998462	inf
0.998462	inf
0.998462	inf
0.998462	inf
0.998462	inf
0.998462	inf
0.998462	inf
0.998462	inf
0.998462	inf
0.998462	inf
0.998462	inf
0.998462	inf
0.998846	inf
0.998846	inf
0.998846	inf
0.998846	inf
0.998846	inf
0.998846	inf
0.998846	inf
0.998846	inf
0.998846	inf
0.998846	inf
0.998846	inf
0.998846	inf
0.998846	inf
0.998846	inf
0.998846	inf
0.998846	inf
0.998846	inf
0.998846	inf
0.998846	inf
0.998846	inf
0.998846	inf
0.998846	inf
0.998846	inf
0.998846	inf
0.999231	inf
0.999231	inf
0.999231	inf
0.999231	inf
0.999231	inf
0.999231	inf
0.999231	inf
0.999231	inf
0.999231	inf
0.999231	inf
0.999231	inf
0.999231	inf
0.999231	inf
0.999231	inf
