# Persistence diagram <GML/1073.gml>
#
# Dimension   : 0
# Entries     : 869
# Betti number: 3
0	inf
0	0.986819
0	0.987698
0	0.996485
0	0.982425
0	0.98594
0	0.991213
0	0.991213
0	0.995606
0	0.97891
0	0.992091
0	0.97188
0	0.992091
0	0.998243
0	0.993849
0	0.997364
0	0.992091
0	0.990334
0	0.992091
0	0.952548
0	0.97188
0	0.996485
0	0.988576
0	0.997364
0	0.996485
0	0.994728
0	0.992091
0	0.996485
0	0.987698
0	0.993849
0	0.986819
0	0.985062
0	0.985062
0	0.998243
0	0.994728
0	0.998243
0	0.998243
0	0.991213
0	0.991213
0	0.991213
0	0.991213
0	0.995606
0	0.992091
0	0.985062
0	0.998243
0	0.996485
0	0.996485
0	0.992091
0	0.987698
0	0.98594
0	0.99297
0	0.988576
0	0.982425
0	0.997364
0	0.99297
0	0.952548
0	0.998243
0	0.998243
0	0.98594
0	0.994728
0	0.985062
0	0.992091
0	0.99297
0	0.996485
0	0.994728
0	0.986819
0	0.992091
0	0.99297
0	0.988576
0	0.998243
0	0.991213
0	0.996485
0	0.996485
0	0.99297
0	0.992091
0	0.994728
0	0.996485
0	0.988576
0	0.997364
0	0.99297
0	inf
0	0.997364
0	inf
0	0.991213
0	0.992091
0	0.986819
0	0.987698
0	0.97188
0	0.994728
0	0.99297
0	0.996485
0	0.996485
0	0.996485
0	0.997364
0	0.996485
0	0.994728
0	0.992091
0	0.993849
0	0.998243
0	0.987698
0	0.97188
0	0.990334
0	0.99297
0	0.996485
0	0.997364
0	0.995606
0	0.985062
0	0.987698
0	0.99297
0	0.998243
0	0.998243
0	0.996485
0	0.996485
0	0.985062
0	0.995606
0	0.982425
0	0.990334
0	0.97188
0	0.952548
0	0.995606
0	0.985062
0	0.994728
0	0.998243
0	0.98594
0	0.991213
0	0.992091
0	0.996485
0	0.988576
0	0.97891
0	0.993849
0	0.986819
0	0.996485
0	0.995606
0	0.97891
0	0.991213
0	0.991213
0	0.998243
0	0.988576
0	0.99297
0	0.998243
0	0.985062
0	0.97188
0	0.991213
0	0.996485
0	0.99297
0	0.990334
0	0.996485
0	0.996485
0	0.994728
0	0.991213
0	0.989455
0	0.995606
0	0.994728
0	0.994728
0	0.991213
0	0.97188
0	0.97188
0	0.98594
0	0.995606
0	0.998243
0	0.97188
0	0.993849
0	0.993849
0	0.996485
0	0.986819
0	0.991213
0	0.952548
0	0.99297
0	0.99297
0	0.994728
0	0.98594
0	0.997364
0	0.991213
0	0.986819
0	0.996485
0	0.952548
0	0.994728
0	0.99297
0	0.996485
0	0.995606
0	0.996485
0	0.97891
0	0.97188
0	0.97891
0	0.994728
0	0.986819
0	0.997364
0	0.997364
0	0.986819
0	0.986819
0	0.998243
0	0.986819
0	0.97188
0	0.99297
0	0.97188
0	0.996485
0	0.952548
0	0.992091
0	0.982425
0	0.996485
0	0.995606
0	0.993849
0	0.996485
0	0.997364
0	0.985062
0	0.998243
0	0.99297
0	0.994728
0	0.97891
0	0.98594
0	0.98594
0	0.992091
0	0.990334
0	0.982425
0	0.996485
0	0.952548
0	0.998243
0	0.99297
0	0.993849
0	0.952548
0	0.952548
0	0.998243
0	0.982425
0	0.952548
0	0.993849
0	0.998243
0	0.997364
0	0.995606
0	0.988576
0	0.997364
0	0.988576
0	0.996485
0	0.991213
0	0.994728
0	0.99297
0	0.998243
0	0.952548
0	0.985062
0	0.97188
0	0.992091
0	0.994728
0	0.996485
0	0.994728
0	0.989455
0	0.989455
0	0.998243
0	0.97188
0	0.97188
0	0.996485
0	0.987698
0	0.998243
0	0.99297
0	0.99297
0	0.952548
0	0.997364
0	0.998243
0	0.995606
0	0.995606
0	0.997364
0	0.994728
0	0.991213
0	0.986819
0	0.97188
0	0.998243
0	0.986819
0	0.995606
0	0.994728
0	0.990334
0	0.997364
0	0.99297
0	0.997364
0	0.993849
0	0.98594
0	0.97188
0	0.998243
0	0.994728
0	0.982425
0	0.99297
0	0.996485
0	0.995606
0	0.952548
0	0.993849
0	0.982425
0	0.994728
0	0.985062
0	0.998243
0	0.995606
0	0.994728
0	0.991213
0	0.998243
0	0.998243
0	0.996485
0	0.990334
0	0.985062
0	0.991213
0	0.990334
0	0.998243
0	0.993849
0	0.998243
0	0.97891
0	0.994728
0	0.985062
0	0.998243
0	0.997364
0	0.982425
0	0.997364
0	0.990334
0	0.952548
0	0.998243
0	0.99297
0	0.987698
0	0.998243
0	0.998243
0	0.997364
0	0.97188
0	0.996485
0	0.997364
0	0.995606
0	0.952548
0	0.991213
0	0.991213
0	0.952548
0	0.994728
0	0.994728
0	0.992091
0	0.992091
0	0.99297
0	0.97188
0	0.97188
0	0.988576
0	0.952548
0	0.998243
0	0.993849
0	0.99297
0	0.996485
0	0.995606
0	0.996485
0	0.991213
0	0.992091
0	0.993849
0	0.986819
0	0.996485
0	0.993849
0	0.993849
0	0.991213
0	0.97188
0	0.97891
0	0.996485
0	0.997364
0	0.952548
0	0.998243
0	0.952548
0	0.993849
0	0.98594
0	0.990334
0	0.991213
0	0.988576
0	0.994728
0	0.97891
0	0.992091
0	0.99297
0	0.99297
0	0.98594
0	0.991213
0	0.996485
0	0.98594
0	0.994728
0	0.97188
0	0.952548
0	0.98594
0	0.998243
0	0.99297
0	0.97188
0	0.993849
0	0.998243
0	0.995606
0	0.987698
0	0.995606
0	0.985062
0	0.995606
0	0.996485
0	0.997364
0	0.998243
0	0.99297
0	0.996485
0	0.97188
0	0.988576
0	0.993849
0	0.998243
0	0.995606
0	0.952548
0	0.985062
0	0.97891
0	0.992091
0	0.990334
0	0.998243
0	0.988576
0	0.996485
0	0.994728
0	0.993849
0	0.97188
0	0.996485
0	0.996485
0	0.996485
0	0.997364
0	0.97188
0	0.986819
0	0.97188
0	0.992091
0	0.952548
0	0.98594
0	0.996485
0	0.997364
0	0.995606
0	0.993849
0	0.991213
0	0.991213
0	0.996485
0	0.97188
0	0.99297
0	0.998243
0	0.952548
0	0.97891
0	0.997364
0	0.988576
0	0.996485
0	0.990334
0	0.982425
0	0.998243
0	0.990334
0	0.991213
0	0.991213
0	0.997364
0	0.996485
0	0.996485
0	0.994728
0	0.992091
0	0.998243
0	0.995606
0	0.988576
0	0.99297
0	0.992091
0	0.997364
0	0.991213
0	0.996485
0	0.998243
0	0.98594
0	0.991213
0	0.991213
0	0.990334
0	0.997364
0	0.97188
0	0.995606
0	0.988576
0	0.994728
0	0.97891
0	0.985062
0	0.952548
0	0.998243
0	0.996485
0	0.986819
0	0.991213
0	0.99297
0	0.952548
0	0.995606
0	0.97188
0	0.995606
0	0.994728
0	0.995606
0	0.998243
0	0.995606
0	0.996485
0	0.986819
0	0.996485
0	0.987698
0	0.991213
0	0.995606
0	0.987698
0	0.99297
0	0.98594
0	0.993849
0	0.952548
0	0.995606
0	0.994728
0	0.997364
0	0.998243
0	0.99297
0	0.952548
0	0.98594
0	0.996485
0	0.990334
0	0.996485
0	0.991213
0	0.998243
0	0.952548
0	0.99297
0	0.952548
0	0.998243
0	0.952548
0	0.998243
0	0.985062
0	0.997364
0	0.987698
0	0.998243
0	0.989455
0	0.99297
0	0.996485
0	0.997364
0	0.996485
0	0.952548
0	0.952548
0	0.998243
0	0.97188
0	0.991213
0	0.990334
0	0.97891
0	0.990334
0	0.995606
0	0.992091
0	0.997364
0	0.988576
0	0.985062
0	0.996485
0	0.991213
0	0.986819
0	0.952548
0	0.996485
0	0.986819
0	0.997364
0	0.985062
0	0.995606
0	0.998243
0	0.986819
0	0.991213
0	0.991213
0	0.982425
0	0.985062
0	0.993849
0	0.97188
0	0.997364
0	0.996485
0	0.996485
0	0.997364
0	0.998243
0	0.97891
0	0.99297
0	0.992091
0	0.97188
0	0.952548
0	0.991213
0	0.987698
0	0.982425
0	0.997364
0	0.987698
0	0.996485
0	0.995606
0	0.998243
0	0.996485
0	0.985062
0	0.998243
0	0.999121
0	0.996485
0	0.996485
0	0.997364
0	0.997364
0	0.97891
0	0.98594
0	0.99297
0	0.992091
0	0.989455
0	0.994728
0	0.952548
0	0.996485
0	0.995606
0	0.97188
0	0.996485
0	0.992091
0	0.994728
0	0.991213
0	0.989455
0	0.997364
0	0.997364
0	0.997364
0	0.995606
0	0.992091
0	0.995606
0	0.987698
0	0.998243
0	0.996485
0	0.97188
0	0.99297
0	0.952548
0	0.996485
0	0.992091
0	0.99297
0	0.991213
0	0.998243
0	0.97188
0	0.986819
0	0.99297
0	0.991213
0	0.996485
0	0.992091
0	0.985062
0	0.991213
0	0.995606
0	0.99297
0	0.998243
0	0.997364
0	0.99297
0	0.982425
0	0.998243
0	0.996485
0	0.996485
0	0.99297
0	0.98594
0	0.996485
0	0.998243
0	0.998243
0	0.996485
0	0.995606
0	0.98594
0	0.994728
0	0.993849
0	0.994728
0	0.991213
0	0.97188
0	0.991213
0	0.994728
0	0.996485
0	0.992091
0	0.998243
0	0.993849
0	0.952548
0	0.994728
0	0.998243
0	0.97891
0	0.998243
0	0.997364
0	0.994728
0	0.994728
0	0.98594
0	0.991213
0	0.97891
0	0.995606
0	0.99297
0	0.99297
0	0.97188
0	0.952548
0	0.998243
0	0.994728
0	0.985062
0	0.997364
0	0.998243
0	0.99297
0	0.982425
0	0.991213
0	0.992091
0	0.987698
0	0.991213
0	0.97188
0	0.996485
0	0.994728
0	0.996485
0	0.995606
0	0.990334
0	0.994728
0	0.994728
0	0.993849
0	0.989455
0	0.990334
0	0.97188
0	0.991213
0	0.99297
0	0.985062
0	0.987698
0	0.996485
0	0.99297
0	0.996485
0	0.994728
0	0.97188
0	0.997364
0	0.997364
0	0.97188
0	0.97891
0	0.997364
0	0.997364
0	0.993849
0	0.992091
0	0.997364
0	0.952548
0	0.97188
0	0.994728
0	0.997364
0	0.987698
0	0.982425
0	0.996485
0	0.986819
0	0.995606
0	0.998243
0	0.994728
0	0.997364
0	0.998243
0	0.993849
0	0.997364
0	0.998243
0	0.998243
0	0.996485
0	0.997364
0	0.996485
0	0.998243
0	0.990334
0	0.994728
0	0.992091
0	0.996485
0	0.995606
0	0.952548
0	0.992091
0	0.99297
0	0.998243
0	0.996485
0	0.996485
0	0.997364
0	0.97188
0	0.988576
0	0.987698
0	0.993849
0	0.998243
0	0.998243
0	0.97891
0	0.994728
0	0.97188
0	0.98594
0	0.995606
0	0.998243
0	0.990334
0	0.998243
0	0.97188
0	0.994728
0	0.996485
0	0.990334
0	0.996485
0	0.991213
0	0.991213
0	0.997364
0	0.996485
0	0.998243
0	0.99297
0	0.982425
0	0.985062
0	0.997364
0	0.994728
0	0.991213
0	0.996485
0	0.99297
0	0.99297
0	0.986819
0	0.995606
0	0.996485
0	0.995606
0	0.99297
0	0.99297
0	0.985062
0	0.998243
0	0.99297
0	0.97188
0	0.996485
0	0.997364
0	0.985062
0	0.985062
0	0.985062
0	0.998243
0	0.993849
0	0.98594
0	0.985062
0	0.97188
0	0.997364
0	0.985062
0	0.998243
0	0.995606
0	0.997364
0	0.997364
0	0.952548
0	0.996485
0	0.995606
0	0.996485
0	0.997364
0	0.996485
0	0.97891
0	0.988576
0	0.97188
0	0.997364
0	0.997364
0	0.998243
0	0.982425
0	0.989455
0	0.993849
0	0.952548
0	0.997364
0	0.996485
0	0.997364
0	0.97188
0	0.952548
0	0.997364
0	0.97188
0	0.952548
0	0.99297
0	0.998243
0	0.991213
0	0.993849
0	0.988576
0	0.952548
0	0.997364
0	0.996485
0	0.997364
0	0.991213
0	0.985062
0	0.99297
0	0.97188
0	0.994728
0	0.986819
0	0.994728
0	0.993849
0	0.998243
0	0.987698
0	0.987698
0	0.99297
0	0.986819
0	0.992091
0	0.998243
0	0.985062
0	0.995606
0	0.990334
0	0.987698
0	0.996485
0	0.952548
0	0.99297
0	0.992091
0	0.998243
0	0.995606
0	0.987698
0	0.997364
0	0.997364
0	0.99297
0	0.995606
0	0.998243
0	0.996485
0	0.97188
0	0.97188
0	0.996485
0	0.998243
0	0.987698
0	0.996485
0	0.990334
0	0.991213
0	0.98594
0	0.998243
0	0.995606
0	0.991213
0	0.996485
0	0.991213
0	0.993849
0	0.995606
0	0.997364
0	0.998243
0	0.97188
0	0.991213
0	0.987698
0	0.993849


