# Persistence diagram <GML/1075.gml>
#
# Dimension   : 1
# Entries     : 199
# Betti number: 199
0.977419	inf
0.978495	inf
0.98172	inf
0.98172	inf
0.98172	inf
0.98172	inf
0.98172	inf
0.982796	inf
0.982796	inf
0.983871	inf
0.983871	inf
0.983871	inf
0.983871	inf
0.986022	inf
0.986022	inf
0.986022	inf
0.987097	inf
0.987097	inf
0.987097	inf
0.987097	inf
0.988172	inf
0.988172	inf
0.988172	inf
0.988172	inf
0.988172	inf
0.988172	inf
0.988172	inf
0.988172	inf
0.988172	inf
0.988172	inf
0.988172	inf
0.988172	inf
0.988172	inf
0.989247	inf
0.989247	inf
0.990323	inf
0.990323	inf
0.990323	inf
0.990323	inf
0.991398	inf
0.991398	inf
0.991398	inf
0.991398	inf
0.991398	inf
0.991398	inf
0.991398	inf
0.991398	inf
0.991398	inf
0.991398	inf
0.991398	inf
0.991398	inf
0.992473	inf
0.992473	inf
0.992473	inf
0.992473	inf
0.992473	inf
0.992473	inf
0.992473	inf
0.992473	inf
0.992473	inf
0.992473	inf
0.992473	inf
0.992473	inf
0.992473	inf
0.992473	inf
0.992473	inf
0.992473	inf
0.992473	inf
0.992473	inf
0.992473	inf
0.993548	inf
0.993548	inf
0.993548	inf
0.993548	inf
0.993548	inf
0.993548	inf
0.993548	inf
0.993548	inf
0.993548	inf
0.993548	inf
0.993548	inf
0.993548	inf
0.993548	inf
0.993548	inf
0.993548	inf
0.993548	inf
0.994624	inf
0.994624	inf
0.994624	inf
0.994624	inf
0.994624	inf
0.994624	inf
0.994624	inf
0.994624	inf
0.994624	inf
0.994624	inf
0.994624	inf
0.994624	inf
0.994624	inf
0.994624	inf
0.994624	inf
0.994624	inf
0.994624	inf
0.994624	inf
0.994624	inf
0.994624	inf
0.994624	inf
0.994624	inf
0.994624	inf
0.994624	inf
0.994624	inf
0.994624	inf
0.994624	inf
0.994624	inf
0.994624	inf
0.994624	inf
0.994624	inf
0.994624	inf
0.995699	inf
0.995699	inf
0.995699	inf
0.995699	inf
0.995699	inf
0.995699	inf
0.995699	inf
0.995699	inf
0.995699	inf
0.995699	inf
0.995699	inf
0.995699	inf
0.995699	inf
0.995699	inf
0.995699	inf
0.995699	inf
0.995699	inf
0.995699	inf
0.995699	inf
0.995699	inf
0.995699	inf
0.995699	inf
0.995699	inf
0.995699	inf
0.995699	inf
0.995699	inf
0.995699	inf
0.995699	inf
0.995699	inf
0.996774	inf
0.996774	inf
0.996774	inf
0.996774	inf
0.996774	inf
0.996774	inf
0.996774	inf
0.996774	inf
0.996774	inf
0.996774	inf
0.996774	inf
0.996774	inf
0.996774	inf
0.996774	inf
0.996774	inf
0.996774	inf
0.996774	inf
0.996774	inf
0.996774	inf
0.996774	inf
0.996774	inf
0.996774	inf
0.996774	inf
0.996774	inf
0.996774	inf
0.996774	inf
0.996774	inf
0.996774	inf
0.996774	inf
0.996774	inf
0.996774	inf
0.996774	inf
0.996774	inf
0.997849	inf
0.997849	inf
0.997849	inf
0.997849	inf
0.997849	inf
0.997849	inf
0.997849	inf
0.997849	inf
0.997849	inf
0.997849	inf
0.997849	inf
0.997849	inf
0.997849	inf
0.997849	inf
0.997849	inf
0.997849	inf
0.997849	inf
0.997849	inf
0.997849	inf
