# Persistence diagram <GML/1075.gml>
#
# Dimension   : 0
# Entries     : 745
# Betti number: 3
0	inf
0	0.994624
0	0.982796
0	0.996774
0	0.997849
0	0.982796
0	0.995699
0	0.997849
0	0.995699
0	0.995699
0	0.988172
0	0.994624
0	0.995699
0	0.990323
0	0.986022
0	0.976344
0	0.983871
0	0.97957
0	0.997849
0	0.982796
0	0.994624
0	0.995699
0	0.988172
0	0.977419
0	0.992473
0	0.997849
0	0.992473
0	0.994624
0	0.992473
0	0.995699
0	0.997849
0	0.98172
0	0.995699
0	0.991398
0	0.983871
0	0.997849
0	0.994624
0	0.995699
0	0.997849
0	0.977419
0	0.993548
0	0.997849
0	0.992473
0	0.996774
0	0.97957
0	0.991398
0	0.972043
0	0.996774
0	0.996774
0	0.995699
0	0.986022
0	0.995699
0	0.996774
0	0.996774
0	0.992473
0	0.994624
0	0.997849
0	0.997849
0	0.997849
0	0.996774
0	0.997849
0	0.997849
0	0.997849
0	0.97957
0	0.991398
0	0.991398
0	0.996774
0	0.992473
0	0.977419
0	0.994624
0	0.978495
0	0.988172
0	0.993548
0	0.988172
0	0.996774
0	0.995699
0	0.992473
0	0.986022
0	0.996774
0	0.991398
0	0.986022
0	0.993548
0	0.994624
0	0.995699
0	0.997849
0	0.995699
0	0.994624
0	0.995699
0	0.97957
0	0.993548
0	0.996774
0	0.988172
0	0.992473
0	0.997849
0	0.992473
0	0.993548
0	0.994624
0	0.992473
0	0.977419
0	0.995699
0	0.993548
0	0.995699
0	0.997849
0	0.972043
0	0.995699
0	0.984946
0	0.997849
0	0.97957
0	0.98172
0	0.992473
0	0.996774
0	0.995699
0	0.992473
0	0.997849
0	0.996774
0	0.992473
0	0.991398
0	0.996774
0	0.986022
0	0.997849
0	0.993548
0	0.98172
0	0.990323
0	0.978495
0	0.990323
0	0.986022
0	0.996774
0	0.995699
0	0.983871
0	0.995699
0	0.994624
0	0.993548
0	0.992473
0	0.990323
0	0.995699
0	0.992473
0	0.997849
0	0.993548
0	0.975269
0	0.991398
0	0.990323
0	0.992473
0	0.992473
0	0.993548
0	0.993548
0	0.986022
0	0.994624
0	0.994624
0	0.991398
0	0.987097
0	0.995699
0	0.997849
0	0.996774
0	0.992473
0	0.995699
0	0.992473
0	0.996774
0	0.997849
0	0.992473
0	0.977419
0	0.992473
0	0.995699
0	0.997849
0	0.992473
0	0.995699
0	0.98172
0	0.992473
0	0.993548
0	0.992473
0	0.994624
0	0.975269
0	0.997849
0	0.98172
0	0.98172
0	0.991398
0	0.972043
0	0.997849
0	0.988172
0	0.982796
0	0.991398
0	0.976344
0	0.982796
0	0.982796
0	0.991398
0	0.994624
0	0.975269
0	0.992473
0	0.975269
0	0.996774
0	0.993548
0	0.997849
0	0.977419
0	0.990323
0	0.996774
0	0.976344
0	0.977419
0	0.991398
0	0.994624
0	0.994624
0	0.997849
0	0.98172
0	0.995699
0	0.996774
0	0.996774
0	0.988172
0	0.997849
0	0.997849
0	0.995699
0	0.988172
0	0.997849
0	0.983871
0	0.994624
0	0.996774
0	0.992473
0	0.988172
0	0.997849
0	0.994624
0	0.994624
0	0.995699
0	0.978495
0	0.975269
0	0.993548
0	0.994624
0	0.972043
0	0.982796
0	0.997849
0	0.997849
0	0.982796
0	0.972043
0	0.996774
0	0.995699
0	0.972043
0	0.992473
0	0.992473
0	0.986022
0	0.988172
0	0.996774
0	0.972043
0	0.995699
0	0.993548
0	0.996774
0	0.996774
0	0.995699
0	0.997849
0	0.98172
0	0.991398
0	0.993548
0	0.995699
0	0.984946
0	0.982796
0	0.992473
0	0.98172
0	0.976344
0	0.977419
0	0.995699
0	0.982796
0	0.98172
0	0.982796
0	0.996774
0	0.992473
0	0.993548
0	0.990323
0	0.993548
0	0.984946
0	0.995699
0	0.991398
0	0.997849
0	0.997849
0	0.994624
0	0.983871
0	0.997849
0	0.983871
0	0.97957
0	0.992473
0	0.991398
0	0.975269
0	0.976344
0	0.994624
0	0.982796
0	0.983871
0	0.996774
0	0.997849
0	0.996774
0	0.992473
0	0.98172
0	0.987097
0	0.997849
0	0.972043
0	0.997849
0	0.987097
0	0.996774
0	0.982796
0	0.995699
0	0.976344
0	0.997849
0	0.988172
0	0.997849
0	0.992473
0	0.987097
0	0.996774
0	0.988172
0	0.991398
0	0.987097
0	0.992473
0	0.983871
0	inf
0	0.989247
0	0.993548
0	0.983871
0	0.97957
0	0.997849
0	0.993548
0	0.989247
0	0.995699
0	0.996774
0	0.986022
0	0.996774
0	0.992473
0	0.992473
0	0.98172
0	0.995699
0	0.991398
0	0.997849
0	0.996774
0	0.983871
0	0.997849
0	0.995699
0	0.975269
0	0.990323
0	0.997849
0	0.997849
0	0.982796
0	0.996774
0	0.976344
0	0.978495
0	0.98172
0	0.992473
0	0.983871
0	0.995699
0	0.995699
0	0.995699
0	0.986022
0	0.997849
0	0.992473
0	0.972043
0	0.98172
0	0.995699
0	0.977419
0	0.997849
0	0.992473
0	0.990323
0	0.991398
0	0.995699
0	0.991398
0	0.994624
0	0.983871
0	0.997849
0	0.992473
0	0.995699
0	0.987097
0	0.977419
0	0.975269
0	0.996774
0	0.983871
0	0.994624
0	0.996774
0	0.982796
0	0.990323
0	0.982796
0	0.991398
0	0.978495
0	0.997849
0	0.996774
0	0.996774
0	0.997849
0	0.97957
0	0.978495
0	0.988172
0	0.995699
0	0.996774
0	0.996774
0	0.996774
0	0.991398
0	0.994624
0	0.97957
0	0.992473
0	0.98172
0	0.996774
0	0.996774
0	0.994624
0	0.982796
0	0.983871
0	0.982796
0	0.987097
0	0.986022
0	0.996774
0	0.992473
0	0.997849
0	0.977419
0	0.987097
0	0.982796
0	0.972043
0	0.996774
0	0.990323
0	0.994624
0	0.996774
0	0.98172
0	0.978495
0	0.994624
0	0.990323
0	0.991398
0	0.992473
0	0.987097
0	0.995699
0	0.988172
0	0.991398
0	0.991398
0	0.995699
0	0.977419
0	0.987097
0	0.992473
0	0.986022
0	0.975269
0	0.990323
0	0.996774
0	0.997849
0	0.98172
0	0.996774
0	0.991398
0	0.991398
0	0.992473
0	0.994624
0	0.996774
0	0.982796
0	0.994624
0	0.996774
0	0.996774
0	0.977419
0	0.982796
0	0.975269
0	0.996774
0	0.976344
0	0.996774
0	0.997849
0	0.997849
0	0.998925
0	0.975269
0	0.988172
0	0.983871
0	0.991398
0	0.987097
0	0.977419
0	0.982796
0	0.997849
0	0.996774
0	0.983871
0	0.992473
0	0.991398
0	0.994624
0	0.996774
0	0.993548
0	0.987097
0	0.994624
0	0.997849
0	0.996774
0	0.982796
0	0.997849
0	0.994624
0	0.982796
0	0.993548
0	0.983871
0	0.972043
0	0.991398
0	0.995699
0	0.988172
0	0.996774
0	0.992473
0	0.996774
0	0.995699
0	0.987097
0	0.994624
0	0.997849
0	0.996774
0	0.995699
0	0.992473
0	0.988172
0	0.992473
0	0.986022
0	0.995699
0	0.997849
0	0.983871
0	0.987097
0	0.996774
0	0.982796
0	0.996774
0	0.996774
0	0.984946
0	0.991398
0	0.977419
0	0.972043
0	0.97957
0	0.996774
0	0.988172
0	0.975269
0	0.993548
0	0.997849
0	0.984946
0	0.996774
0	0.988172
0	0.97957
0	0.995699
0	0.997849
0	0.996774
0	0.982796
0	0.982796
0	0.978495
0	0.972043
0	0.997849
0	0.988172
0	0.975269
0	0.992473
0	0.991398
0	0.992473
0	0.991398
0	0.97957
0	0.987097
0	0.988172
0	0.989247
0	0.990323
0	0.972043
0	0.991398
0	0.997849
0	0.988172
0	0.997849
0	0.997849
0	0.976344
0	0.990323
0	0.984946
0	0.994624
0	0.97957
0	0.984946
0	0.997849
0	0.991398
0	0.997849
0	0.977419
0	0.992473
0	0.995699
0	0.994624
0	inf
0	0.992473
0	0.996774
0	0.993548
0	0.995699
0	0.991398
0	0.995699
0	0.996774
0	0.990323
0	0.982796
0	0.996774
0	0.997849
0	0.976344
0	0.994624
0	0.98172
0	0.997849
0	0.994624
0	0.992473
0	0.975269
0	0.988172
0	0.992473
0	0.993548
0	0.982796
0	0.990323
0	0.992473
0	0.995699
0	0.997849
0	0.997849
0	0.977419
0	0.996774
0	0.987097
0	0.975269
0	0.982796
0	0.990323
0	0.984946
0	0.987097
0	0.998925
0	0.996774
0	0.996774
0	0.996774
0	0.994624
0	0.986022
0	0.980645
0	0.996774
0	0.97957
0	0.997849
0	0.997849
0	0.994624
0	0.995699
0	0.992473
0	0.997849
0	0.994624
0	0.990323
0	0.994624
0	0.996774
0	0.98172
0	0.988172
0	0.996774
0	0.992473
0	0.992473
0	0.991398
0	0.982796
0	0.986022
0	0.996774
0	0.982796
0	0.990323
0	0.995699
0	0.990323
0	0.997849
0	0.972043
0	0.997849
0	0.997849
0	0.991398
0	0.975269
0	0.994624
0	0.983871
0	0.996774
0	0.997849
0	0.977419
0	0.983871
0	0.995699
0	0.992473
0	0.992473
0	0.972043
0	0.975269
0	0.995699
0	0.991398
0	0.976344
0	0.988172
0	0.996774
0	0.990323
0	0.996774
0	0.991398
0	0.995699
0	0.994624
0	0.990323
0	0.997849
0	0.996774
0	0.991398
0	0.990323
0	0.997849
0	0.992473
0	0.991398
0	0.98172
0	0.989247
0	0.996774
0	0.991398
0	0.975269
0	0.991398
0	0.983871
0	0.988172
0	0.984946
0	0.991398
0	0.982796
0	0.991398
0	0.995699
0	0.991398
0	0.993548
0	0.995699
0	0.990323
0	0.98172
0	0.993548
0	0.995699
0	0.982796
0	0.988172
0	0.972043
0	0.975269
0	0.991398
0	0.997849
0	0.994624
0	0.97957
0	0.982796
0	0.996774
0	0.976344
0	0.997849
0	0.988172
0	0.994624
0	0.996774
0	0.995699
0	0.996774
0	0.983871
0	0.995699
0	0.98172
0	0.987097
0	0.992473
0	0.991398
0	0.98172
0	0.996774
0	0.991398
0	0.992473
0	0.991398
0	0.978495
0	0.982796
0	0.997849
0	0.986022
0	0.987097
0	0.990323
0	0.977419
0	0.995699
0	0.987097
0	0.995699
0	0.992473
0	0.984946
0	0.987097
0	0.992473
0	0.988172
0	0.990323
0	0.992473
0	0.996774
0	0.997849
0	0.996774
0	0.976344
0	0.982796
0	0.983871
0	0.977419
0	0.996774
0	0.997849
0	0.994624
0	0.994624
0	0.995699
0	0.990323
0	0.976344
0	0.997849
0	0.984946
0	0.996774
0	0.986022
0	0.996774
0	0.983871
0	0.996774
0	0.986022
0	0.987097
0	0.975269
0	0.991398
0	0.990323
0	0.991398
0	0.988172
0	0.983871


