# Persistence diagram <GML/1078.gml>
#
# Dimension   : 0
# Entries     : 476
# Betti number: 2
0	inf
0	0.977941
0	0.963235
0	0.970588
0	0.987745
0	0.995098
0	0.857843
0	0.970588
0	0.982843
0	0.857843
0	0.857843
0	0.990196
0	0.992647
0	0.857843
0	0.943627
0	0.990196
0	0.970588
0	0.992647
0	0.857843
0	0.948529
0	0.97549
0	0.965686
0	0.948529
0	0.985294
0	0.970588
0	0.992647
0	0.968137
0	0.867647
0	0.970588
0	0.977941
0	0.948529
0	0.968137
0	0.982843
0	0.992647
0	0.995098
0	0.985294
0	0.985294
0	0.97549
0	0.97549
0	0.985294
0	0.948529
0	0.867647
0	0.867647
0	0.938725
0	0.995098
0	0.985294
0	0.990196
0	0.970588
0	0.990196
0	0.985294
0	0.968137
0	0.938725
0	0.987745
0	0.982843
0	0.857843
0	0.857843
0	0.990196
0	0.970588
0	0.965686
0	0.97549
0	0.995098
0	0.982843
0	0.990196
0	0.990196
0	0.977941
0	0.987745
0	0.982843
0	0.992647
0	0.943627
0	0.985294
0	0.985294
0	0.992647
0	0.973039
0	0.990196
0	0.970588
0	0.943627
0	0.987745
0	0.857843
0	0.995098
0	0.995098
0	0.995098
0	0.970588
0	0.973039
0	0.987745
0	0.958333
0	0.857843
0	0.857843
0	0.943627
0	0.992647
0	0.938725
0	0.995098
0	0.990196
0	0.995098
0	0.995098
0	0.948529
0	0.990196
0	0.857843
0	0.968137
0	0.990196
0	0.985294
0	0.990196
0	0.992647
0	0.867647
0	0.970588
0	0.992647
0	0.977941
0	0.867647
0	0.857843
0	0.985294
0	0.992647
0	0.992647
0	0.990196
0	0.943627
0	0.968137
0	0.977941
0	0.992647
0	0.995098
0	0.982843
0	0.987745
0	0.973039
0	0.857843
0	0.938725
0	0.987745
0	0.938725
0	0.995098
0	0.867647
0	0.992647
0	0.995098
0	0.857843
0	0.982843
0	0.968137
0	0.982843
0	0.985294
0	0.857843
0	0.857843
0	0.987745
0	0.990196
0	0.948529
0	0.987745
0	0.982843
0	0.867647
0	0.987745
0	0.958333
0	0.992647
0	0.943627
0	0.943627
0	0.990196
0	0.857843
0	0.970588
0	0.992647
0	0.985294
0	0.990196
0	0.982843
0	0.973039
0	0.857843
0	0.985294
0	0.938725
0	0.987745
0	0.973039
0	0.982843
0	0.943627
0	0.965686
0	0.992647
0	0.995098
0	0.995098
0	0.977941
0	0.977941
0	0.980392
0	0.963235
0	0.995098
0	0.97549
0	0.990196
0	0.980392
0	0.963235
0	0.987745
0	0.990196
0	0.990196
0	0.995098
0	0.990196
0	0.985294
0	0.968137
0	0.857843
0	0.990196
0	0.990196
0	0.990196
0	0.970588
0	0.977941
0	0.867647
0	0.992647
0	0.985294
0	0.968137
0	0.857843
0	0.963235
0	0.973039
0	0.970588
0	0.982843
0	0.963235
0	0.867647
0	0.963235
0	0.980392
0	0.992647
0	0.987745
0	0.990196
0	0.938725
0	0.990196
0	0.990196
0	0.970588
0	0.987745
0	0.857843
0	0.992647
0	0.985294
0	0.958333
0	0.980392
0	0.943627
0	0.857843
0	0.982843
0	0.938725
0	0.857843
0	0.992647
0	0.992647
0	0.97549
0	0.990196
0	0.985294
0	0.970588
0	0.867647
0	0.985294
0	0.985294
0	0.992647
0	0.857843
0	0.980392
0	0.938725
0	0.938725
0	0.992647
0	0.992647
0	0.857843
0	0.987745
0	0.990196
0	0.990196
0	0.985294
0	0.985294
0	0.938725
0	0.970588
0	0.987745
0	0.990196
0	0.938725
0	0.958333
0	0.995098
0	0.943627
0	0.982843
0	0.992647
0	0.977941
0	0.982843
0	0.985294
0	0.973039
0	0.958333
0	0.970588
0	0.987745
0	0.948529
0	0.857843
0	0.867647
0	0.995098
0	0.992647
0	0.973039
0	0.867647
0	0.97549
0	0.867647
0	0.987745
0	0.992647
0	0.992647
0	0.980392
0	0.948529
0	0.990196
0	0.943627
0	0.990196
0	0.995098
0	0.943627
0	0.995098
0	0.965686
0	0.985294
0	0.990196
0	0.990196
0	0.992647
0	0.985294
0	0.995098
0	0.992647
0	0.977941
0	0.980392
0	0.995098
0	0.992647
0	0.987745
0	0.970588
0	0.973039
0	0.987745
0	0.982843
0	0.990196
0	0.992647
0	0.985294
0	0.990196
0	0.987745
0	0.857843
0	0.965686
0	0.995098
0	0.992647
0	0.948529
0	0.857843
0	0.990196
0	0.985294
0	0.990196
0	0.982843
0	0.948529
0	0.992647
0	0.995098
0	0.995098
0	0.943627
0	0.982843
0	0.958333
0	0.943627
0	0.982843
0	0.977941
0	0.973039
0	0.985294
0	0.992647
0	0.987745
0	0.938725
0	0.857843
0	inf
0	0.963235
0	0.857843
0	0.980392
0	0.968137
0	0.995098
0	0.995098
0	0.992647
0	0.977941
0	0.985294
0	0.992647
0	0.867647
0	0.992647
0	0.990196
0	0.857843
0	0.968137
0	0.985294
0	0.995098
0	0.943627
0	0.992647
0	0.995098
0	0.985294
0	0.985294
0	0.995098
0	0.992647
0	0.965686
0	0.995098
0	0.995098
0	0.990196
0	0.867647
0	0.992647
0	0.963235
0	0.938725
0	0.992647
0	0.938725
0	0.963235
0	0.943627
0	0.857843
0	0.943627
0	0.867647
0	0.968137
0	0.963235
0	0.995098
0	0.995098
0	0.990196
0	0.948529
0	0.968137
0	0.938725
0	0.987745
0	0.990196
0	0.963235
0	0.938725
0	0.970588
0	0.948529
0	0.948529
0	0.970588
0	0.995098
0	0.970588
0	0.990196
0	0.985294
0	0.997549
0	0.982843
0	0.982843
0	0.995098
0	0.992647
0	0.938725
0	0.958333
0	0.867647
0	0.995098
0	0.990196
0	0.97549
0	0.977941
0	0.968137
0	0.943627
0	0.990196
0	0.963235
0	0.943627
0	0.980392
0	0.968137
0	0.982843
0	0.963235
0	0.982843
0	0.992647
0	0.992647
0	0.995098
0	0.938725
0	0.970588
0	0.958333
0	0.995098
0	0.948529
0	0.990196
0	0.963235
0	0.980392
0	0.985294
0	0.992647
0	0.992647
0	0.857843
0	0.948529
0	0.857843
0	0.985294
0	0.990196
0	0.987745
0	0.987745
0	0.977941
0	0.985294
0	0.857843
0	0.958333
0	0.948529
0	0.867647
0	0.867647
0	0.990196
0	0.958333
0	0.982843
0	0.968137
0	0.857843
0	0.970588
0	0.938725
0	0.985294
0	0.970588
0	0.970588
0	0.968137
0	0.985294
0	0.963235
0	0.943627
0	0.992647
0	0.968137
0	0.938725
0	0.992647
0	0.995098
0	0.948529
0	0.857843
0	0.963235
0	0.995098
0	0.992647
0	0.857843
0	0.958333
0	0.970588
0	0.990196
0	0.985294
0	0.990196
0	0.943627
0	0.985294
0	0.857843
0	0.995098
0	0.992647
0	0.990196
0	0.995098
0	0.857843
0	0.990196
0	0.992647
0	0.982843


