# Persistence diagram <GML/1079.gml>
#
# Dimension   : 0
# Entries     : 796
# Betti number: 4
0	inf
0	0.865839
0	0.998227
0	0.998818
0	0.992317
0	0.998818
0	0.994681
0	0.992908
0	0.994681
0	0.865839
0	0.993499
0	0.998818
0	0.99409
0	0.997636
0	0.990544
0	0.992908
0	0.996454
0	0.995863
0	0.991135
0	0.992908
0	0.865839
0	0.865839
0	0.997636
0	0.992317
0	0.996454
0	0.995272
0	0.992317
0	0.995863
0	0.997045
0	0.998818
0	0.993499
0	0.865839
0	0.998227
0	0.996454
0	0.993499
0	0.99409
0	0.995863
0	0.992317
0	0.997045
0	0.996454
0	0.992317
0	0.865839
0	0.865839
0	0.865839
0	0.992317
0	0.991726
0	0.865839
0	0.997636
0	0.865839
0	0.989362
0	0.865839
0	0.998227
0	0.997045
0	0.995272
0	0.993499
0	0.995863
0	0.995863
0	0.865839
0	0.992908
0	0.865839
0	0.989953
0	0.99409
0	0.995272
0	0.99409
0	0.865839
0	0.997636
0	0.992908
0	0.995272
0	0.998227
0	0.997636
0	0.997636
0	0.994681
0	0.994681
0	0.992317
0	0.997636
0	0.997045
0	0.865839
0	0.995863
0	0.865839
0	0.991726
0	0.998227
0	0.865839
0	0.998818
0	0.865839
0	0.865839
0	0.996454
0	0.998818
0	0.992908
0	0.998227
0	0.865839
0	0.995863
0	0.865839
0	0.865839
0	inf
0	0.997636
0	0.99409
0	0.994681
0	0.998818
0	0.998818
0	0.995863
0	0.990544
0	0.997045
0	0.865839
0	0.990544
0	0.998818
0	0.994681
0	0.998227
0	0.865839
0	0.992908
0	0.865839
0	0.998818
0	0.998818
0	0.993499
0	0.989953
0	0.998227
0	0.865839
0	0.995272
0	0.865839
0	0.997636
0	0.865839
0	0.998227
0	0.991726
0	0.995272
0	0.865839
0	0.995863
0	0.991726
0	0.997636
0	0.865839
0	0.991726
0	0.995863
0	0.998818
0	0.998227
0	0.992908
0	0.865839
0	0.989362
0	0.865839
0	0.998227
0	0.99409
0	0.995272
0	0.998818
0	0.998227
0	0.998818
0	0.865839
0	0.995863
0	0.997636
0	0.865839
0	0.995272
0	0.995863
0	0.989362
0	0.865839
0	0.992908
0	0.998227
0	0.998227
0	0.865839
0	0.995863
0	0.995272
0	0.997636
0	0.995863
0	0.99409
0	0.865839
0	0.998818
0	0.865839
0	0.865839
0	0.990544
0	0.989362
0	0.997636
0	0.995272
0	0.992908
0	0.865839
0	0.993499
0	0.997636
0	0.995863
0	0.998818
0	0.998227
0	0.998818
0	0.865839
0	0.992317
0	0.998818
0	0.991726
0	0.865839
0	0.992908
0	0.865839
0	0.997045
0	0.865839
0	0.989362
0	0.995272
0	0.995863
0	0.997636
0	0.998227
0	0.865839
0	0.991135
0	0.990544
0	0.997045
0	0.993499
0	0.991726
0	0.998227
0	0.865839
0	0.865839
0	0.998227
0	0.99409
0	0.997636
0	0.997636
0	0.994681
0	0.991135
0	0.993499
0	0.865839
0	0.995863
0	0.990544
0	inf
0	0.998227
0	0.992908
0	0.998818
0	0.865839
0	0.997636
0	0.994681
0	0.994681
0	0.990544
0	0.995272
0	0.865839
0	0.992908
0	0.997636
0	0.992908
0	0.865839
0	0.865839
0	0.995863
0	0.997045
0	0.865839
0	0.865839
0	0.865839
0	0.998227
0	0.997636
0	0.998818
0	0.865839
0	0.997636
0	0.998818
0	0.989362
0	0.998818
0	0.998818
0	0.993499
0	0.998818
0	0.995863
0	0.99409
0	0.990544
0	0.998818
0	0.989362
0	0.993499
0	0.997636
0	0.992317
0	0.997636
0	0.997045
0	0.865839
0	0.995863
0	0.997045
0	0.993499
0	0.992908
0	0.990544
0	0.865839
0	0.997045
0	0.865839
0	0.991726
0	0.997636
0	0.997045
0	0.994681
0	0.993499
0	0.989362
0	0.865839
0	0.998818
0	0.997636
0	0.989362
0	0.865839
0	0.997045
0	0.999409
0	0.998227
0	0.995863
0	0.998818
0	0.998818
0	0.998818
0	0.997045
0	0.997636
0	0.998818
0	0.865839
0	0.995272
0	0.995272
0	0.865839
0	0.989362
0	0.997045
0	0.992908
0	0.991135
0	0.998818
0	0.996454
0	0.993499
0	0.998227
0	0.994681
0	0.997636
0	0.997045
0	0.995272
0	0.998818
0	0.997045
0	0.991726
0	0.997636
0	0.991135
0	0.995863
0	0.990544
0	0.998227
0	0.996454
0	0.998818
0	0.998818
0	0.989362
0	0.991135
0	0.994681
0	0.996454
0	0.998227
0	0.991726
0	0.991726
0	0.865839
0	0.865839
0	0.995863
0	0.998818
0	0.996454
0	0.997636
0	0.865839
0	0.994681
0	0.992317
0	0.865839
0	0.865839
0	0.865839
0	0.865839
0	0.994681
0	0.99409
0	0.991135
0	0.865839
0	0.992317
0	0.998818
0	0.865839
0	0.993499
0	0.865839
0	0.99409
0	0.999409
0	0.997045
0	0.998818
0	0.998818
0	0.865839
0	0.865839
0	0.865839
0	0.865839
0	0.996454
0	0.996454
0	0.865839
0	0.991726
0	0.865839
0	0.998227
0	0.998227
0	0.992317
0	0.993499
0	0.865839
0	0.865839
0	0.997636
0	0.995272
0	0.865839
0	0.997045
0	0.995863
0	0.865839
0	0.996454
0	0.989953
0	0.998227
0	0.998818
0	0.991726
0	0.997636
0	0.997636
0	0.865839
0	0.997045
0	0.998818
0	0.995863
0	0.996454
0	0.865839
0	0.992908
0	0.995272
0	0.998818
0	0.996454
0	0.991726
0	0.865839
0	0.992317
0	0.865839
0	0.998227
0	0.865839
0	0.990544
0	0.998227
0	0.995272
0	0.99409
0	0.989362
0	0.993499
0	0.990544
0	0.998818
0	0.998227
0	0.865839
0	0.865839
0	0.994681
0	0.996454
0	0.989362
0	0.991726
0	0.991135
0	0.998227
0	0.865839
0	0.996454
0	0.865839
0	0.99409
0	0.865839
0	0.865839
0	0.993499
0	0.989362
0	0.865839
0	0.997636
0	0.991726
0	0.998818
0	0.996454
0	0.992908
0	0.995863
0	0.997045
0	0.989953
0	0.995272
0	0.997636
0	0.998818
0	0.996454
0	0.992908
0	0.992317
0	0.997045
0	0.991726
0	0.865839
0	0.994681
0	0.991726
0	0.995863
0	0.865839
0	0.994681
0	0.995863
0	0.991135
0	0.995272
0	0.865839
0	0.995272
0	0.997636
0	0.865839
0	0.998227
0	0.995863
0	0.995272
0	0.995863
0	0.998227
0	0.865839
0	0.991726
0	0.865839
0	0.865839
0	0.996454
0	0.997045
0	0.998818
0	0.865839
0	0.994681
0	0.865839
0	0.865839
0	0.996454
0	0.991135
0	0.994681
0	0.865839
0	0.989953
0	0.996454
0	0.997636
0	0.997636
0	0.865839
0	0.996454
0	0.865839
0	0.995863
0	0.997636
0	0.998227
0	0.998227
0	0.865839
0	0.865839
0	0.865839
0	0.998227
0	0.995272
0	0.865839
0	0.991726
0	0.998227
0	0.992317
0	0.865839
0	0.998818
0	0.865839
0	0.997636
0	0.865839
0	0.994681
0	0.996454
0	0.998818
0	0.995863
0	0.998227
0	0.998227
0	0.998227
0	0.995863
0	0.993499
0	0.865839
0	0.997045
0	0.995863
0	0.991726
0	0.865839
0	0.995272
0	0.998227
0	0.995272
0	0.995272
0	0.997636
0	0.993499
0	0.989953
0	0.997636
0	0.865839
0	0.865839
0	0.989362
0	0.865839
0	0.995272
0	0.992908
0	0.865839
0	0.865839
0	0.997636
0	0.865839
0	0.993499
0	0.865839
0	0.991726
0	0.997636
0	0.994681
0	0.865839
0	0.998818
0	0.865839
0	0.997045
0	0.865839
0	0.99409
0	0.865839
0	0.989362
0	0.991135
0	0.992317
0	0.996454
0	0.992908
0	0.994681
0	0.997045
0	0.995863
0	0.989362
0	0.993499
0	0.995863
0	0.997045
0	0.997636
0	0.997636
0	0.996454
0	0.99409
0	0.997636
0	0.993499
0	0.865839
0	0.865839
0	0.991135
0	0.865839
0	0.865839
0	0.997045
0	0.865839
0	0.991135
0	0.865839
0	0.997045
0	0.989362
0	0.994681
0	0.989362
0	0.998818
0	0.99409
0	0.998818
0	0.989362
0	0.990544
0	0.998227
0	0.991726
0	0.998227
0	0.993499
0	0.998818
0	0.993499
0	0.989362
0	0.998227
0	0.992317
0	0.865839
0	0.990544
0	0.995863
0	0.991726
0	0.997636
0	0.993499
0	0.995272
0	0.990544
0	0.994681
0	0.998227
0	0.995272
0	0.991135
0	0.993499
0	0.865839
0	0.865839
0	0.998818
0	0.998227
0	0.865839
0	0.993499
0	0.998818
0	0.865839
0	0.995863
0	0.995863
0	0.994681
0	0.993499
0	0.997045
0	0.865839
0	0.990544
0	0.998227
0	0.995863
0	0.993499
0	0.991135
0	0.865839
0	0.993499
0	inf
0	0.992908
0	0.992908
0	0.995272
0	0.998227
0	0.995272
0	0.993499
0	0.995863
0	0.993499
0	0.994681
0	0.865839
0	0.865839
0	0.998818
0	0.865839
0	0.997636
0	0.989953
0	0.997636
0	0.989953
0	0.99409
0	0.997045
0	0.865839
0	0.993499
0	0.998818
0	0.865839
0	0.993499
0	0.990544
0	0.99409
0	0.991726
0	0.989362
0	0.992317
0	0.991135
0	0.991726
0	0.990544
0	0.865839
0	0.865839
0	0.865839
0	0.865839
0	0.998227
0	0.997045
0	0.997045
0	0.865839
0	0.997636
0	0.998818
0	0.865839
0	0.989953
0	0.992317
0	0.995863
0	0.998818
0	0.998818
0	0.997636
0	0.997045
0	0.993499
0	0.865839
0	0.991135
0	0.998818
0	0.998818
0	0.995272
0	0.993499
0	0.865839
0	0.991726
0	0.989362
0	0.993499
0	0.994681
0	0.997045
0	0.989362
0	0.990544
0	0.992908
0	0.996454
0	0.99409
0	0.865839
0	0.998227
0	0.865839
0	0.997636
0	0.990544
0	0.865839
0	0.995272
0	0.865839
0	0.865839
0	0.997045
0	0.989362
0	0.995863
0	0.998818
0	0.865839
0	0.992908
0	0.995863
0	0.865839
0	0.995272
0	0.998227
0	0.996454
0	0.997636
0	0.99409
0	0.995863
0	0.865839
0	0.995863
0	0.99409
0	0.998818
0	0.991726
0	0.994681
0	0.998818
0	0.865839
0	0.995863
0	0.997636
0	0.993499
0	0.997636
0	0.865839
0	0.989362
0	0.865839
0	0.991726
0	0.997636
0	0.998818
0	0.993499
0	0.996454
0	0.989953
0	0.998227
0	0.994681
0	0.99409
0	0.998818
0	0.992317
0	0.991726
0	0.865839
0	0.997636
0	0.865839
0	0.865839
0	0.99409
0	0.865839
0	0.865839
0	0.998818
0	0.865839
0	0.990544
0	0.865839
0	0.996454
0	0.990544
0	0.998818
0	0.997636
0	0.995272
0	0.998227
0	0.995863
0	0.992908
0	0.991726
0	0.995272
0	0.865839
0	0.994681
0	0.991135
0	0.865839
0	0.989362
0	0.991726
0	0.995863
0	0.998818
0	0.993499
0	0.990544
0	0.865839
0	0.865839
0	0.998227
0	0.995863
0	0.994681
0	0.997636
0	0.995863
0	0.995272
0	0.995272
0	0.992908
0	0.995272
0	0.992317
0	0.998227
0	0.999409
0	0.991135
0	0.865839
0	0.997045
0	0.990544
0	0.989362
0	0.996454
0	0.994681
0	0.865839
0	0.991135
0	0.997636
0	0.992908
0	0.990544
0	0.997636
0	0.997045
0	0.998818
0	0.995272
0	0.865839
0	0.990544
0	0.998818
0	0.993499
0	0.995272
0	0.993499
0	0.997636
0	0.989953


