# Persistence diagram <GML/1083.gml>
#
# Dimension   : 1
# Entries     : 215
# Betti number: 214
0.981743	inf
0.981743	inf
0.982573	inf
0.983402	inf
0.983402	inf
0.984232	inf
0.984232	inf
0.984232	inf
0.987552	inf
0.987552	inf
0.988382	inf
0.988382	inf
0.989212	inf
0.989212	inf
0.989212	inf
0.989212	inf
0.989212	inf
0.989212	inf
0.989212	inf
0.989212	inf
0.989212	inf
0.989212	inf
0.989212	inf
0.989212	inf
0.989212	inf
0.989212	inf
0.990041	inf
0.990041	inf
0.990041	inf
0.990041	inf
0.990041	inf
0.990871	inf
0.990871	inf
0.990871	inf
0.990871	inf
0.990871	inf
0.990871	inf
0.990871	inf
0.990871	inf
0.990871	0.995851
0.990871	inf
0.990871	inf
0.990871	inf
0.990871	inf
0.990871	inf
0.991701	inf
0.992531	inf
0.992531	inf
0.992531	inf
0.992531	inf
0.992531	inf
0.992531	inf
0.993361	inf
0.993361	inf
0.993361	inf
0.993361	inf
0.993361	inf
0.993361	inf
0.993361	inf
0.993361	inf
0.993361	inf
0.993361	inf
0.993361	inf
0.993361	inf
0.993361	inf
0.993361	inf
0.993361	inf
0.993361	inf
0.994191	inf
0.994191	inf
0.994191	inf
0.994191	inf
0.994191	inf
0.994191	inf
0.994191	inf
0.994191	inf
0.994191	inf
0.994191	inf
0.994191	inf
0.994191	inf
0.994191	inf
0.994191	inf
0.994191	inf
0.994191	inf
0.994191	inf
0.995021	inf
0.995021	inf
0.995021	inf
0.995021	inf
0.995021	inf
0.995021	inf
0.995021	inf
0.995021	inf
0.995021	inf
0.995021	inf
0.995021	inf
0.995021	inf
0.995021	inf
0.995021	inf
0.995021	inf
0.995021	inf
0.995021	inf
0.995851	inf
0.995851	inf
0.995851	inf
0.995851	inf
0.995851	inf
0.995851	inf
0.995851	inf
0.995851	inf
0.995851	inf
0.995851	inf
0.995851	inf
0.995851	inf
0.995851	inf
0.995851	inf
0.995851	inf
0.995851	inf
0.995851	inf
0.995851	inf
0.995851	inf
0.995851	inf
0.995851	inf
0.99668	inf
0.99668	inf
0.99668	inf
0.99668	inf
0.99668	inf
0.99668	inf
0.99668	inf
0.99668	inf
0.99668	inf
0.99668	inf
0.99668	inf
0.99668	inf
0.99668	inf
0.99668	inf
0.99668	inf
0.99668	inf
0.99668	inf
0.99668	inf
0.99668	inf
0.99668	inf
0.99668	inf
0.99668	inf
0.99668	inf
0.99668	inf
0.99668	inf
0.99668	inf
0.99668	inf
0.99668	inf
0.99668	inf
0.99668	inf
0.99668	inf
0.99668	inf
0.99668	inf
0.99668	inf
0.99668	inf
0.99668	inf
0.99668	inf
0.99668	inf
0.99668	inf
0.99668	inf
0.99751	inf
0.99751	inf
0.99751	inf
0.99751	inf
0.99751	inf
0.99751	inf
0.99751	inf
0.99751	inf
0.99751	inf
0.99751	inf
0.99751	inf
0.99751	inf
0.99751	inf
0.99751	inf
0.99751	inf
0.99751	inf
0.99751	inf
0.99751	inf
0.99751	inf
0.99751	inf
0.99751	inf
0.99751	inf
0.99751	inf
0.99751	inf
0.99751	inf
0.99834	inf
0.99834	inf
0.99834	inf
0.99834	inf
0.99834	inf
0.99834	inf
0.99834	inf
0.99834	inf
0.99834	inf
0.99834	inf
0.99834	inf
0.99834	inf
0.99834	inf
0.99834	inf
0.99834	inf
0.99834	inf
0.99834	inf
0.99834	inf
0.99834	inf
0.99834	inf
0.99834	inf
0.99834	inf
0.99834	inf
0.99834	inf
0.99834	inf
0.99834	inf
0.99834	inf
