# Persistence diagram <GML/1088.gml>
#
# Dimension   : 0
# Entries     : 310
# Betti number: 2
0	inf
0	0.985481
0	0.994555
0	inf
0	0.99637
0	0.99274
0	0.990926
0	0.987296
0	0.99274
0	0.990926
0	0.994555
0	0.994555
0	0.99637
0	0.985481
0	0.994555
0	0.990926
0	0.994555
0	0.983666
0	0.99637
0	0.99274
0	0.983666
0	0.987296
0	0.983666
0	0.987296
0	0.989111
0	0.990926
0	0.99637
0	0.983666
0	0.99274
0	0.99637
0	0.99274
0	0.983666
0	0.99637
0	0.990926
0	0.994555
0	0.99637
0	0.99274
0	0.994555
0	0.994555
0	0.989111
0	0.989111
0	0.989111
0	0.990926
0	0.983666
0	0.985481
0	0.983666
0	0.990926
0	0.994555
0	0.990926
0	0.99274
0	0.983666
0	0.994555
0	0.994555
0	0.983666
0	0.994555
0	0.987296
0	0.981851
0	0.987296
0	0.981851
0	0.99274
0	0.990926
0	0.99637
0	0.99637
0	0.994555
0	0.994555
0	0.99274
0	0.985481
0	0.99637
0	0.99637
0	0.994555
0	0.985481
0	0.99637
0	0.994555
0	0.99637
0	0.981851
0	0.983666
0	0.990926
0	0.994555
0	0.994555
0	0.99637
0	0.99274
0	0.983666
0	0.985481
0	0.990926
0	0.99637
0	0.990926
0	0.99274
0	0.99274
0	0.99274
0	0.989111
0	0.994555
0	0.99274
0	0.99274
0	0.987296
0	0.99637
0	0.987296
0	0.99274
0	0.989111
0	0.994555
0	0.987296
0	0.981851
0	0.983666
0	0.99637
0	0.985481
0	0.981851
0	0.990926
0	0.99637
0	0.99637
0	0.99637
0	0.989111
0	0.987296
0	0.989111
0	0.99637
0	0.99637
0	0.994555
0	0.99637
0	0.983666
0	0.990926
0	0.983666
0	0.985481
0	0.994555
0	0.99637
0	0.985481
0	0.994555
0	0.99637
0	0.989111
0	0.990926
0	0.981851
0	0.990926
0	0.987296
0	0.99637
0	0.994555
0	0.983666
0	0.987296
0	0.99637
0	0.99274
0	0.99274
0	0.989111
0	0.989111
0	0.994555
0	0.989111
0	0.989111
0	0.987296
0	0.994555
0	0.994555
0	0.99274
0	0.994555
0	0.987296
0	0.989111
0	0.985481
0	0.989111
0	0.989111
0	0.99637
0	0.994555
0	0.987296
0	0.983666
0	0.990926
0	0.99637
0	0.998185
0	0.987296
0	0.994555
0	0.987296
0	0.994555
0	0.99637
0	0.990926
0	0.99637
0	0.990926
0	0.99274
0	0.99274
0	0.987296
0	0.989111
0	0.983666
0	0.99274
0	0.990926
0	0.99274
0	0.990926
0	0.987296
0	0.99274
0	0.990926
0	0.990926
0	0.99637
0	0.990926
0	0.99274
0	0.994555
0	0.985481
0	0.990926
0	0.994555
0	0.990926
0	0.99274
0	0.994555
0	0.990926
0	0.994555
0	0.99637
0	0.99637
0	0.994555
0	0.985481
0	0.994555
0	0.994555
0	0.987296
0	0.99274
0	0.994555
0	0.994555
0	0.994555
0	0.983666
0	0.99637
0	0.990926
0	0.99637
0	0.983666
0	0.989111
0	0.983666
0	0.99274
0	0.981851
0	0.987296
0	0.994555
0	0.983666
0	0.99274
0	0.987296
0	0.994555
0	0.994555
0	0.994555
0	0.983666
0	0.989111
0	0.99637
0	0.99274
0	0.994555
0	0.99274
0	0.981851
0	0.994555
0	0.994555
0	0.99274
0	0.994555
0	0.989111
0	0.989111
0	0.994555
0	0.990926
0	0.994555
0	0.994555
0	0.990926
0	0.983666
0	0.99637
0	0.994555
0	0.99274
0	0.994555
0	0.994555
0	0.99637
0	0.990926
0	0.987296
0	0.99637
0	0.99637
0	0.994555
0	0.99637
0	0.987296
0	0.983666
0	0.994555
0	0.987296
0	0.989111
0	0.99274
0	0.981851
0	0.989111
0	0.994555
0	0.985481
0	0.994555
0	0.99274
0	0.989111
0	0.99637
0	0.994555
0	0.983666
0	0.985481
0	0.994555
0	0.994555
0	0.990926
0	0.99274
0	0.99274
0	0.99274
0	0.990926
0	0.989111
0	0.990926
0	0.99637
0	0.990926
0	0.994555
0	0.983666
0	0.989111
0	0.99637
0	0.987296
0	0.99637
0	0.987296
0	0.987296
0	0.99274
0	0.99637
0	0.990926
0	0.985481
0	0.990926
0	0.99274
0	0.983666
0	0.994555
0	0.983666
0	0.99274
0	0.994555
0	0.989111
0	0.985481
0	0.99637
0	0.990926
0	0.990926
0	0.990926
0	0.994555
0	0.989111
0	0.99637
0	0.990926
0	0.987296
0	0.985481


