# Persistence diagram <GML/1090.gml>
#
# Dimension   : 0
# Entries     : 101
# Betti number: 1
0	inf
0	0.99686
0	0.970173
0	0.970173
0	0.99529
0	0.99529
0	0.99529
0	0.99529
0	0.99686
0	0.99686
0	0.99529
0	0.99529
0	0.970173
0	0.99529
0	0.970173
0	0.99686
0	0.970173
0	0.982732
0	0.99686
0	0.992151
0	0.992151
0	0.992151
0	0.99686
0	0.992151
0	0.99686
0	0.99529
0	0.99529
0	0.982732
0	0.970173
0	0.99529
0	0.99529
0	0.992151
0	0.987441
0	0.992151
0	0.970173
0	0.992151
0	0.99686
0	0.99529
0	0.987441
0	0.99686
0	0.99686
0	0.992151
0	0.982732
0	0.970173
0	0.987441
0	0.987441
0	0.99686
0	0.970173
0	0.99686
0	0.99529
0	0.99529
0	0.99686
0	0.982732
0	0.99686
0	0.987441
0	0.992151
0	0.99686
0	0.982732
0	0.993721
0	0.970173
0	0.99529
0	0.99529
0	0.99529
0	0.987441
0	0.987441
0	0.970173
0	0.992151
0	0.99686
0	0.99529
0	0.992151
0	0.970173
0	0.987441
0	0.993721
0	0.982732
0	0.987441
0	0.992151
0	0.99686
0	0.99529
0	0.982732
0	0.987441
0	0.987441
0	0.99529
0	0.993721
0	0.99686
0	0.970173
0	0.993721
0	0.99686
0	0.982732
0	0.970173
0	0.99686
0	0.99529
0	0.99686
0	0.970173
0	0.99686
0	0.970173
0	0.99686
0	0.99529
0	0.987441
0	0.982732
0	0.99529
0	0.99529


