# Persistence diagram <GML/1091.gml>
#
# Dimension   : 0
# Entries     : 961
# Betti number: 2
0	inf
0	0.984541
0	0.990338
0	0.980676
0	0.983575
0	0.997101
0	0.994203
0	0.996135
0	0.986473
0	0.994203
0	0.997101
0	0.985507
0	0.997101
0	0.990338
0	0.982609
0	0.992271
0	0.997101
0	0.990338
0	0.990338
0	0.991304
0	0.996135
0	0.994203
0	0.996135
0	0.998068
0	0.988406
0	0.985507
0	0.978744
0	0.997101
0	0.991304
0	0.992271
0	0.994203
0	0.980676
0	0.988406
0	0.984541
0	0.990338
0	0.980676
0	0.978744
0	0.984541
0	0.981643
0	0.981643
0	0.98744
0	0.990338
0	0.986473
0	0.996135
0	0.996135
0	0.998068
0	0.986473
0	0.977778
0	0.986473
0	0.998068
0	0.995169
0	0.995169
0	0.981643
0	0.997101
0	0.995169
0	0.995169
0	0.982609
0	0.992271
0	0.990338
0	0.982609
0	0.977778
0	0.995169
0	0.982609
0	0.993237
0	0.98744
0	0.992271
0	0.989372
0	0.996135
0	0.981643
0	0.989372
0	0.982609
0	0.989372
0	0.994203
0	0.991304
0	0.995169
0	0.992271
0	0.97971
0	0.991304
0	0.982609
0	0.978744
0	0.992271
0	0.997101
0	0.994203
0	0.994203
0	0.993237
0	0.980676
0	0.976812
0	0.984541
0	0.996135
0	0.980676
0	0.998068
0	0.977778
0	0.990338
0	0.996135
0	0.985507
0	0.996135
0	0.991304
0	0.996135
0	0.997101
0	0.986473
0	0.998068
0	0.976812
0	0.996135
0	0.997101
0	0.980676
0	0.985507
0	0.997101
0	0.995169
0	0.983575
0	0.998068
0	0.994203
0	0.998068
0	0.997101
0	0.986473
0	0.996135
0	0.976812
0	0.995169
0	0.984541
0	0.998068
0	0.992271
0	0.976812
0	0.996135
0	0.990338
0	0.991304
0	0.992271
0	0.986473
0	0.992271
0	0.990338
0	0.989372
0	0.984541
0	0.985507
0	0.984541
0	0.994203
0	0.993237
0	0.982609
0	0.995169
0	0.996135
0	0.980676
0	0.996135
0	0.998068
0	0.992271
0	0.998068
0	0.980676
0	0.998068
0	0.982609
0	0.993237
0	0.984541
0	0.984541
0	0.997101
0	0.997101
0	0.995169
0	0.990338
0	0.998068
0	0.977778
0	0.977778
0	0.991304
0	0.977778
0	0.992271
0	0.977778
0	0.994203
0	0.986473
0	0.997101
0	0.983575
0	0.998068
0	0.997101
0	0.990338
0	0.998068
0	0.998068
0	0.97971
0	0.989372
0	0.980676
0	0.981643
0	0.982609
0	0.982609
0	0.997101
0	0.994203
0	0.995169
0	0.992271
0	0.994203
0	0.997101
0	0.982609
0	0.998068
0	0.994203
0	0.97971
0	0.996135
0	0.990338
0	0.976812
0	0.976812
0	0.997101
0	0.994203
0	0.984541
0	0.996135
0	0.984541
0	0.995169
0	0.994203
0	0.996135
0	0.996135
0	0.978744
0	0.984541
0	0.985507
0	0.984541
0	0.989372
0	0.992271
0	0.97971
0	0.997101
0	0.98744
0	0.991304
0	0.991304
0	0.992271
0	0.997101
0	0.980676
0	0.988406
0	0.984541
0	0.990338
0	0.994203
0	0.995169
0	0.990338
0	0.991304
0	0.982609
0	0.998068
0	0.996135
0	0.976812
0	0.992271
0	0.978744
0	0.981643
0	0.994203
0	0.996135
0	0.996135
0	0.993237
0	0.994203
0	0.994203
0	0.992271
0	0.989372
0	0.998068
0	0.991304
0	0.976812
0	0.994203
0	0.998068
0	0.980676
0	0.997101
0	0.997101
0	0.980676
0	0.995169
0	0.998068
0	0.995169
0	0.98744
0	0.981643
0	0.997101
0	0.996135
0	0.982609
0	0.976812
0	0.994203
0	0.996135
0	0.994203
0	0.991304
0	0.995169
0	0.980676
0	0.991304
0	0.998068
0	0.998068
0	0.983575
0	0.998068
0	0.991304
0	0.993237
0	0.996135
0	0.994203
0	0.998068
0	0.992271
0	0.976812
0	0.993237
0	0.996135
0	0.98744
0	0.993237
0	0.994203
0	0.982609
0	0.97971
0	0.994203
0	0.977778
0	0.992271
0	0.984541
0	0.998068
0	0.997101
0	0.988406
0	0.989372
0	0.982609
0	0.996135
0	0.993237
0	0.980676
0	0.995169
0	0.984541
0	0.992271
0	0.983575
0	0.994203
0	0.988406
0	0.980676
0	0.984541
0	0.983575
0	0.993237
0	0.998068
0	0.984541
0	0.993237
0	0.984541
0	0.998068
0	0.998068
0	0.977778
0	0.993237
0	0.986473
0	0.998068
0	0.997101
0	0.996135
0	0.994203
0	0.994203
0	0.998068
0	0.977778
0	0.978744
0	0.995169
0	0.991304
0	0.982609
0	0.978744
0	0.991304
0	0.990338
0	0.994203
0	0.97971
0	0.98744
0	0.991304
0	0.995169
0	0.982609
0	0.990338
0	0.992271
0	0.988406
0	0.994203
0	0.998068
0	0.991304
0	0.992271
0	0.990338
0	0.993237
0	0.995169
0	0.976812
0	0.982609
0	0.997101
0	0.994203
0	0.984541
0	0.989372
0	0.997101
0	0.998068
0	0.990338
0	0.995169
0	0.976812
0	0.980676
0	0.995169
0	0.982609
0	0.995169
0	0.991304
0	0.990338
0	0.996135
0	0.98744
0	0.996135
0	0.986473
0	0.984541
0	0.98744
0	0.998068
0	0.997101
0	0.997101
0	0.97971
0	0.985507
0	0.977778
0	0.997101
0	0.996135
0	0.996135
0	0.995169
0	0.991304
0	0.996135
0	0.982609
0	0.991304
0	0.991304
0	0.997101
0	0.992271
0	0.998068
0	0.989372
0	0.998068
0	0.986473
0	0.982609
0	0.994203
0	0.98744
0	0.994203
0	0.982609
0	0.982609
0	0.988406
0	0.998068
0	0.984541
0	0.995169
0	0.978744
0	0.985507
0	0.992271
0	0.988406
0	0.997101
0	0.984541
0	0.994203
0	0.985507
0	0.998068
0	0.997101
0	0.977778
0	0.992271
0	0.998068
0	0.994203
0	0.998068
0	0.981643
0	0.998068
0	0.996135
0	0.989372
0	0.997101
0	0.997101
0	0.995169
0	0.996135
0	0.994203
0	0.994203
0	0.997101
0	0.990338
0	0.985507
0	0.989372
0	0.996135
0	0.997101
0	0.97971
0	0.994203
0	0.992271
0	0.986473
0	0.995169
0	0.994203
0	0.998068
0	0.982609
0	0.997101
0	0.996135
0	0.998068
0	0.981643
0	0.996135
0	0.994203
0	0.977778
0	0.982609
0	0.98744
0	0.998068
0	0.995169
0	0.992271
0	0.994203
0	0.996135
0	0.984541
0	0.989372
0	0.998068
0	0.981643
0	0.996135
0	0.981643
0	0.993237
0	0.996135
0	0.98744
0	0.997101
0	0.994203
0	0.991304
0	0.996135
0	0.989372
0	0.996135
0	0.986473
0	0.992271
0	0.998068
0	0.984541
0	0.995169
0	0.984541
0	0.998068
0	0.993237
0	0.998068
0	0.998068
0	0.997101
0	0.996135
0	0.998068
0	0.984541
0	0.983575
0	0.998068
0	0.998068
0	0.980676
0	0.984541
0	0.991304
0	0.991304
0	inf
0	0.991304
0	0.997101
0	0.977778
0	0.981643
0	0.993237
0	0.995169
0	0.989372
0	0.997101
0	0.990338
0	0.997101
0	0.97971
0	0.988406
0	0.982609
0	0.997101
0	0.993237
0	0.982609
0	0.996135
0	0.97971
0	0.996135
0	0.993237
0	0.989372
0	0.998068
0	0.986473
0	0.976812
0	0.989372
0	0.984541
0	0.996135
0	0.991304
0	0.977778
0	0.984541
0	0.991304
0	0.991304
0	0.984541
0	0.990338
0	0.992271
0	0.991304
0	0.983575
0	0.980676
0	0.991304
0	0.982609
0	0.984541
0	0.991304
0	0.996135
0	0.998068
0	0.997101
0	0.981643
0	0.994203
0	0.996135
0	0.993237
0	0.993237
0	0.992271
0	0.992271
0	0.97971
0	0.986473
0	0.997101
0	0.997101
0	0.998068
0	0.993237
0	0.980676
0	0.997101
0	0.980676
0	0.984541
0	0.988406
0	0.993237
0	0.980676
0	0.993237
0	0.991304
0	0.989372
0	0.984541
0	0.986473
0	0.992271
0	0.982609
0	0.994203
0	0.997101
0	0.997101
0	0.97971
0	0.984541
0	0.989372
0	0.997101
0	0.992271
0	0.981643
0	0.996135
0	0.998068
0	0.977778
0	0.997101
0	0.977778
0	0.980676
0	0.991304
0	0.98744
0	0.998068
0	0.991304
0	0.996135
0	0.992271
0	0.997101
0	0.998068
0	0.978744
0	0.986473
0	0.995169
0	0.985507
0	0.980676
0	0.978744
0	0.996135
0	0.997101
0	0.998068
0	0.994203
0	0.997101
0	0.984541
0	0.994203
0	0.97971
0	0.991304
0	0.991304
0	0.983575
0	0.994203
0	0.997101
0	0.997101
0	0.997101
0	0.996135
0	0.985507
0	0.996135
0	0.996135
0	0.994203
0	0.995169
0	0.989372
0	0.997101
0	0.995169
0	0.997101
0	0.98744
0	0.999034
0	0.994203
0	0.981643
0	0.988406
0	0.980676
0	0.996135
0	0.984541
0	0.993237
0	0.998068
0	0.994203
0	0.98744
0	0.986473
0	0.982609
0	0.981643
0	0.997101
0	0.990338
0	0.998068
0	0.981643
0	0.998068
0	0.993237
0	0.976812
0	0.994203
0	0.991304
0	0.997101
0	0.984541
0	0.985507
0	0.981643
0	0.991304
0	0.998068
0	0.98744
0	0.997101
0	0.994203
0	0.997101
0	0.984541
0	0.984541
0	0.984541
0	0.996135
0	0.984541
0	0.993237
0	0.994203
0	0.980676
0	0.998068
0	0.990338
0	0.991304
0	0.998068
0	0.98744
0	0.990338
0	0.998068
0	0.980676
0	0.981643
0	0.998068
0	0.991304
0	0.983575
0	0.976812
0	0.998068
0	0.994203
0	0.995169
0	0.995169
0	0.983575
0	0.991304
0	0.994203
0	0.998068
0	0.994203
0	0.982609
0	0.998068
0	0.98744
0	0.995169
0	0.977778
0	0.994203
0	0.978744
0	0.981643
0	0.982609
0	0.982609
0	0.995169
0	0.998068
0	0.990338
0	0.998068
0	0.997101
0	0.996135
0	0.990338
0	0.997101
0	0.996135
0	0.992271
0	0.992271
0	0.997101
0	0.992271
0	0.990338
0	0.998068
0	0.976812
0	0.992271
0	0.982609
0	0.997101
0	0.977778
0	0.984541
0	0.991304
0	0.995169
0	0.986473
0	0.998068
0	0.996135
0	0.988406
0	0.97971
0	0.990338
0	0.982609
0	0.993237
0	0.991304
0	0.997101
0	0.997101
0	0.992271
0	0.97971
0	0.994203
0	0.995169
0	0.998068
0	0.994203
0	0.996135
0	0.995169
0	0.994203
0	0.993237
0	0.978744
0	0.996135
0	0.995169
0	0.982609
0	0.984541
0	0.985507
0	0.997101
0	0.996135
0	0.997101
0	0.984541
0	0.997101
0	0.995169
0	0.996135
0	0.989372
0	0.996135
0	0.984541
0	0.997101
0	0.998068
0	0.997101
0	0.986473
0	0.980676
0	0.992271
0	0.984541
0	0.982609
0	0.998068
0	0.982609
0	0.998068
0	0.991304
0	0.998068
0	0.998068
0	0.988406
0	0.992271
0	0.997101
0	0.984541
0	0.981643
0	0.988406
0	0.997101
0	0.990338
0	0.980676
0	0.992271
0	0.991304
0	0.998068
0	0.997101
0	0.988406
0	0.983575
0	0.998068
0	0.984541
0	0.993237
0	0.998068
0	0.994203
0	0.998068
0	0.997101
0	0.981643
0	0.991304
0	0.991304
0	0.982609
0	0.995169
0	0.998068
0	0.988406
0	0.994203
0	0.984541
0	0.989372
0	0.993237
0	0.988406
0	0.992271
0	0.992271
0	0.977778
0	0.982609
0	0.97971
0	0.984541
0	0.992271
0	0.991304
0	0.982609
0	0.998068
0	0.98744
0	0.980676
0	0.995169
0	0.989372
0	0.982609
0	0.978744
0	0.995169
0	0.988406
0	0.989372
0	0.990338
0	0.991304
0	0.989372
0	0.990338
0	0.998068
0	0.982609
0	0.982609
0	0.993237
0	0.997101
0	0.992271
0	0.992271
0	0.981643
0	0.984541
0	0.978744
0	0.998068
0	0.98744
0	0.984541
0	0.996135
0	0.984541
0	0.998068
0	0.988406
0	0.992271
0	0.98744
0	0.989372
0	0.991304
0	0.982609
0	0.994203
0	0.982609
0	0.985507
0	0.985507
0	0.995169
0	0.995169
0	0.984541
0	0.982609
0	0.994203
0	0.995169
0	0.983575
0	0.982609
0	0.988406
0	0.991304
0	0.989372
0	0.995169
0	0.980676
0	0.986473
0	0.978744
0	0.997101
0	0.994203
0	0.98744
0	0.998068
0	0.986473
0	0.997101
0	0.995169
0	0.988406
0	0.992271
0	0.992271
0	0.998068
0	0.983575
0	0.997101
0	0.996135
0	0.995169
0	0.984541
0	0.990338
0	0.97971
0	0.981643
0	0.995169
0	0.995169
0	0.988406
0	0.991304
0	0.980676
0	0.998068
0	0.992271
0	0.976812
0	0.981643
0	0.998068
0	0.982609
0	0.991304
0	0.982609
0	0.990338
0	0.984541
0	0.991304
0	0.989372
0	0.984541
0	0.981643
0	0.980676
0	0.997101
0	0.982609
0	0.998068
0	0.993237
0	0.988406
0	0.997101
0	0.994203
0	0.992271
0	0.995169
0	0.998068
0	0.997101
0	0.997101
0	0.998068
0	0.988406
0	0.995169
0	0.997101
0	0.994203
0	0.986473
0	0.996135
0	0.992271
0	0.981643
0	0.994203
0	0.995169
0	0.991304
0	0.991304
0	0.997101
0	0.996135
0	0.996135
0	0.990338
0	0.986473
0	0.994203
0	0.989372
0	0.986473
0	0.982609
0	0.981643
0	0.991304
0	0.993237
0	0.981643
0	0.986473
0	0.997101
0	0.984541
0	0.985507
0	0.989372
0	0.978744
0	0.998068
0	0.984541
0	0.982609
0	0.997101
0	0.998068
0	0.994203
0	0.996135
0	0.996135
0	0.998068
0	0.989372
0	0.997101
0	0.998068
0	0.982609
0	0.980676
0	0.995169
0	0.989372
0	0.998068
0	0.998068
0	0.989372
0	0.992271
0	0.991304
0	0.998068
0	0.991304
0	0.995169
0	0.996135


