# Persistence diagram <GML/1093.gml>
#
# Dimension   : 0
# Entries     : 313
# Betti number: 2
0	inf
0	0.994949
0	0.992424
0	0.974747
0	inf
0	0.967172
0	0.992424
0	0.987374
0	0.984848
0	0.979798
0	0.916667
0	0.987374
0	0.992424
0	0.987374
0	0.967172
0	0.994949
0	0.972222
0	0.989899
0	0.984848
0	0.982323
0	0.969697
0	0.949495
0	0.969697
0	0.989899
0	0.984848
0	0.987374
0	0.949495
0	0.989899
0	0.987374
0	0.987374
0	0.972222
0	0.987374
0	0.989899
0	0.969697
0	0.979798
0	0.916667
0	0.974747
0	0.969697
0	0.979798
0	0.949495
0	0.994949
0	0.992424
0	0.949495
0	0.916667
0	0.992424
0	0.984848
0	0.987374
0	0.987374
0	0.916667
0	0.974747
0	0.969697
0	0.979798
0	0.949495
0	0.987374
0	0.989899
0	0.916667
0	0.994949
0	0.987374
0	0.994949
0	0.974747
0	0.974747
0	0.984848
0	0.994949
0	0.994949
0	0.989899
0	0.989899
0	0.989899
0	0.972222
0	0.992424
0	0.982323
0	0.974747
0	0.984848
0	0.969697
0	0.987374
0	0.994949
0	0.987374
0	0.989899
0	0.992424
0	0.989899
0	0.979798
0	0.984848
0	0.972222
0	0.989899
0	0.984848
0	0.994949
0	0.989899
0	0.989899
0	0.916667
0	0.967172
0	0.974747
0	0.989899
0	0.974747
0	0.994949
0	0.972222
0	0.916667
0	0.984848
0	0.989899
0	0.987374
0	0.994949
0	0.979798
0	0.949495
0	0.989899
0	0.916667
0	0.992424
0	0.949495
0	0.967172
0	0.989899
0	0.992424
0	0.974747
0	0.974747
0	0.972222
0	0.992424
0	0.972222
0	0.994949
0	0.979798
0	0.974747
0	0.969697
0	0.989899
0	0.992424
0	0.989899
0	0.994949
0	0.982323
0	0.979798
0	0.984848
0	0.994949
0	0.994949
0	0.989899
0	0.949495
0	0.916667
0	0.992424
0	0.987374
0	0.916667
0	0.984848
0	0.992424
0	0.972222
0	0.987374
0	0.979798
0	0.992424
0	0.984848
0	0.977273
0	0.984848
0	0.989899
0	0.994949
0	0.992424
0	0.984848
0	0.989899
0	0.994949
0	0.989899
0	0.969697
0	0.979798
0	0.994949
0	0.982323
0	0.989899
0	0.994949
0	0.979798
0	0.987374
0	0.977273
0	0.994949
0	0.969697
0	0.989899
0	0.984848
0	0.974747
0	0.994949
0	0.992424
0	0.916667
0	0.979798
0	0.992424
0	0.984848
0	0.984848
0	0.992424
0	0.992424
0	0.992424
0	0.989899
0	0.984848
0	0.984848
0	0.989899
0	0.987374
0	0.974747
0	0.984848
0	0.992424
0	0.979798
0	0.994949
0	0.992424
0	0.989899
0	0.984848
0	0.992424
0	0.989899
0	0.969697
0	0.989899
0	0.992424
0	0.994949
0	0.974747
0	0.989899
0	0.994949
0	0.916667
0	0.987374
0	0.989899
0	0.989899
0	0.994949
0	0.979798
0	0.979798
0	0.994949
0	0.989899
0	0.992424
0	0.992424
0	0.916667
0	0.992424
0	0.984848
0	0.972222
0	0.994949
0	0.987374
0	0.916667
0	0.967172
0	0.974747
0	0.989899
0	0.989899
0	0.994949
0	0.992424
0	0.994949
0	0.994949
0	0.979798
0	0.989899
0	0.974747
0	0.974747
0	0.977273
0	0.984848
0	0.967172
0	0.989899
0	0.994949
0	0.972222
0	0.982323
0	0.982323
0	0.967172
0	0.989899
0	0.987374
0	0.989899
0	0.989899
0	0.967172
0	0.916667
0	0.949495
0	0.989899
0	0.979798
0	0.972222
0	0.992424
0	0.982323
0	0.984848
0	0.994949
0	0.994949
0	0.994949
0	0.989899
0	0.979798
0	0.992424
0	0.979798
0	0.949495
0	0.994949
0	0.989899
0	0.997475
0	0.994949
0	0.992424
0	0.987374
0	0.989899
0	0.974747
0	0.994949
0	0.992424
0	0.972222
0	0.994949
0	0.974747
0	0.989899
0	0.949495
0	0.967172
0	0.987374
0	0.949495
0	0.916667
0	0.992424
0	0.967172
0	0.972222
0	0.969697
0	0.989899
0	0.992424
0	0.994949
0	0.994949
0	0.994949
0	0.994949
0	0.994949
0	0.972222
0	0.994949
0	0.992424
0	0.982323
0	0.989899
0	0.979798
0	0.969697
0	0.994949
0	0.969697
0	0.992424
0	0.982323
0	0.982323
0	0.994949
0	0.979798
0	0.989899
0	0.969697
0	0.987374
0	0.967172
0	0.989899
0	0.992424
0	0.949495
0	0.984848
0	0.989899
0	0.972222
0	0.994949
0	0.994949
0	0.994949
0	0.987374
0	0.982323


