# Persistence diagram <GML/1094.gml>
#
# Dimension   : 1
# Entries     : 81
# Betti number: 81
0.977712	inf
0.978455	inf
0.978455	inf
0.978455	inf
0.978455	inf
0.98737	inf
0.989599	inf
0.989599	inf
0.991828	inf
0.992571	inf
0.992571	inf
0.992571	inf
0.992571	inf
0.992571	inf
0.993314	inf
0.993314	inf
0.993314	inf
0.993314	inf
0.993314	inf
0.994056	inf
0.994056	inf
0.994056	inf
0.994056	inf
0.994056	inf
0.994056	inf
0.994799	inf
0.994799	inf
0.994799	inf
0.994799	inf
0.994799	inf
0.994799	inf
0.994799	inf
0.994799	inf
0.994799	inf
0.995542	inf
0.995542	inf
0.995542	inf
0.996285	inf
0.996285	inf
0.996285	inf
0.996285	inf
0.996285	inf
0.996285	inf
0.996285	inf
0.997028	inf
0.997028	inf
0.997028	inf
0.997028	inf
0.997028	inf
0.997028	inf
0.997771	inf
0.997771	inf
0.997771	inf
0.997771	inf
0.997771	inf
0.997771	inf
0.997771	inf
0.997771	inf
0.997771	inf
0.997771	inf
0.997771	inf
0.997771	inf
0.997771	inf
0.998514	inf
0.998514	inf
0.998514	inf
0.998514	inf
0.998514	inf
0.998514	inf
0.998514	inf
0.998514	inf
0.998514	inf
0.998514	inf
0.998514	inf
0.998514	inf
0.998514	inf
0.998514	inf
0.998514	inf
0.998514	inf
0.998514	inf
0.998514	inf
