# Persistence diagram <GML/1097.gml>
#
# Dimension   : 0
# Entries     : 518
# Betti number: 5
0	inf
0	0.995504
0	0.998201
0	0.992806
0	0.992806
0	0.992806
0	0.997302
0	0.998201
0	0.995504
0	0.997302
0	0.997302
0	0.998201
0	0.998201
0	0.997302
0	0.992806
0	0.996403
0	0.991906
0	0.993705
0	0.990108
0	0.979317
0	0.997302
0	0.98741
0	0.992806
0	0.996403
0	0.996403
0	0.998201
0	0.992806
0	0.993705
0	0.993705
0	0.998201
0	0.991906
0	0.991007
0	0.993705
0	0.996403
0	0.997302
0	0.993705
0	0.994604
0	0.992806
0	0.993705
0	0.988309
0	0.998201
0	0.993705
0	0.994604
0	0.997302
0	0.992806
0	0.994604
0	0.990108
0	0.997302
0	0.996403
0	0.996403
0	0.988309
0	0.979317
0	0.979317
0	0.993705
0	0.997302
0	0.985612
0	0.993705
0	0.997302
0	0.994604
0	0.991007
0	0.990108
0	0.997302
0	0.997302
0	0.985612
0	0.993705
0	0.998201
0	inf
0	0.998201
0	0.997302
0	0.998201
0	0.985612
0	0.998201
0	0.991007
0	0.993705
0	0.98741
0	0.988309
0	0.998201
0	0.998201
0	0.995504
0	0.992806
0	0.998201
0	0.993705
0	0.998201
0	0.993705
0	0.98741
0	0.995504
0	0.998201
0	0.995504
0	0.994604
0	0.990108
0	0.98741
0	0.991007
0	0.998201
0	0.997302
0	0.996403
0	0.998201
0	0.994604
0	0.992806
0	0.993705
0	0.998201
0	0.995504
0	0.994604
0	0.994604
0	0.979317
0	0.993705
0	0.998201
0	0.993705
0	0.992806
0	0.990108
0	0.991906
0	0.998201
0	0.995504
0	0.994604
0	0.988309
0	0.990108
0	0.994604
0	0.993705
0	0.998201
0	0.994604
0	0.998201
0	0.996403
0	0.985612
0	0.998201
0	0.996403
0	0.990108
0	0.992806
0	0.998201
0	0.998201
0	0.991906
0	0.997302
0	0.988309
0	0.994604
0	0.98741
0	0.991007
0	0.991906
0	0.993705
0	0.995504
0	0.998201
0	0.990108
0	0.979317
0	0.990108
0	0.992806
0	0.993705
0	inf
0	0.998201
0	0.990108
0	0.996403
0	0.990108
0	0.994604
0	0.998201
0	0.996403
0	0.992806
0	0.994604
0	0.979317
0	0.997302
0	0.991906
0	0.997302
0	0.992806
0	0.997302
0	0.998201
0	0.998201
0	0.995504
0	0.997302
0	0.995504
0	0.995504
0	0.988309
0	0.997302
0	0.988309
0	0.996403
0	0.996403
0	0.991906
0	0.990108
0	0.997302
0	0.998201
0	0.994604
0	0.998201
0	0.994604
0	0.995504
0	0.990108
0	0.992806
0	0.995504
0	0.997302
0	0.985612
0	0.996403
0	0.998201
0	0.991906
0	0.985612
0	0.98741
0	0.997302
0	0.994604
0	0.985612
0	inf
0	0.998201
0	0.997302
0	0.996403
0	0.98741
0	0.995504
0	0.994604
0	0.996403
0	0.991906
0	0.997302
0	0.991007
0	0.990108
0	0.992806
0	0.991007
0	0.995504
0	0.985612
0	inf
0	0.991906
0	0.996403
0	0.98741
0	0.997302
0	0.997302
0	0.996403
0	0.998201
0	0.979317
0	0.996403
0	0.994604
0	0.998201
0	0.994604
0	0.994604
0	0.990108
0	0.98741
0	0.98741
0	0.988309
0	0.985612
0	0.994604
0	0.997302
0	0.993705
0	0.996403
0	0.995504
0	0.990108
0	0.994604
0	0.994604
0	0.993705
0	0.979317
0	0.996403
0	0.979317
0	0.996403
0	0.993705
0	0.998201
0	0.998201
0	0.994604
0	0.997302
0	0.997302
0	0.996403
0	0.996403
0	0.990108
0	0.991906
0	0.998201
0	0.996403
0	0.997302
0	0.998201
0	0.994604
0	0.995504
0	0.996403
0	0.995504
0	0.998201
0	0.994604
0	0.997302
0	0.997302
0	0.996403
0	0.998201
0	0.985612
0	0.993705
0	0.993705
0	0.994604
0	0.995504
0	0.992806
0	0.997302
0	0.995504
0	0.992806
0	0.994604
0	0.998201
0	0.996403
0	0.997302
0	0.993705
0	0.997302
0	0.992806
0	0.995504
0	0.996403
0	0.998201
0	0.998201
0	0.997302
0	0.991906
0	0.995504
0	0.996403
0	0.991906
0	0.994604
0	0.998201
0	0.997302
0	0.997302
0	0.997302
0	0.993705
0	0.994604
0	0.998201
0	0.992806
0	0.996403
0	0.993705
0	0.996403
0	0.997302
0	0.994604
0	0.997302
0	0.991906
0	0.992806
0	0.997302
0	0.996403
0	0.994604
0	0.997302
0	0.994604
0	0.998201
0	0.991007
0	0.997302
0	0.988309
0	0.994604
0	0.993705
0	0.996403
0	0.991007
0	0.998201
0	0.988309
0	0.994604
0	0.996403
0	0.996403
0	0.997302
0	0.997302
0	0.985612
0	0.997302
0	0.997302
0	0.993705
0	0.998201
0	0.992806
0	0.998201
0	0.998201
0	0.998201
0	0.985612
0	0.996403
0	0.993705
0	0.993705
0	0.993705
0	0.998201
0	0.995504
0	0.997302
0	0.992806
0	0.996403
0	0.996403
0	0.997302
0	0.993705
0	0.995504
0	0.997302
0	0.979317
0	0.996403
0	0.994604
0	0.998201
0	0.997302
0	0.995504
0	0.98741
0	0.998201
0	0.979317
0	0.993705
0	0.996403
0	0.993705
0	0.994604
0	0.996403
0	0.979317
0	0.992806
0	0.996403
0	0.996403
0	0.997302
0	0.997302
0	0.998201
0	0.997302
0	0.98741
0	0.995504
0	0.998201
0	0.995504
0	0.997302
0	0.991007
0	0.997302
0	0.979317
0	0.992806
0	0.998201
0	0.993705
0	0.993705
0	0.996403
0	0.979317
0	0.997302
0	0.997302
0	0.996403
0	0.993705
0	0.999101
0	0.997302
0	0.995504
0	0.992806
0	0.98741
0	0.998201
0	0.993705
0	0.997302
0	0.979317
0	0.998201
0	0.995504
0	0.990108
0	0.997302
0	0.997302
0	0.996403
0	0.992806
0	0.991906
0	0.992806
0	0.995504
0	0.993705
0	0.994604
0	0.997302
0	0.998201
0	0.998201
0	0.993705
0	0.994604
0	0.979317
0	0.990108
0	0.995504
0	0.997302
0	0.998201
0	0.992806
0	0.993705
0	0.990108
0	0.992806
0	0.998201
0	0.998201
0	0.990108
0	0.993705
0	0.991906
0	0.997302
0	0.997302
0	0.993705
0	0.997302
0	0.996403
0	0.996403
0	0.990108
0	0.98741
0	0.992806
0	0.997302
0	0.990108
0	0.996403
0	0.998201
0	0.997302
0	0.996403
0	0.992806
0	0.98741
0	0.992806
0	0.993705
0	0.997302
0	0.98741
0	0.998201
0	0.993705
0	0.996403
0	0.995504
0	0.998201
0	0.998201
0	0.979317
0	0.996403
0	0.995504
0	0.998201
0	0.993705
0	0.995504
0	0.997302
0	0.998201
0	0.992806
0	0.996403
0	0.990108
0	0.991906
0	0.994604
0	0.997302
0	0.994604
0	0.997302
0	0.997302
0	0.990108
0	0.998201
0	0.985612
0	0.991007
0	0.990108
0	0.991906
0	0.992806
0	0.994604
0	0.996403
0	0.993705
0	0.994604
0	0.998201
0	0.992806
0	0.979317
0	0.98741
0	0.995504
0	0.98741
0	0.993705
0	0.991906
0	0.994604
0	0.998201
0	0.996403
0	0.992806
0	0.998201
0	0.998201
0	0.991007
0	0.995504
0	0.994604
0	0.991906
0	0.998201
0	0.997302
0	0.999101
0	0.98741
0	0.997302
0	0.993705
0	0.990108
0	0.98741
0	0.98741
0	0.98741
0	0.990108
0	0.993705
0	0.992806
0	0.997302
0	0.992806
0	0.994604


