# Persistence diagram <GML/1100.gml>
#
# Dimension   : 0
# Entries     : 178
# Betti number: 3
0	inf
0	0.994297
0	0.992395
0	0.986692
0	0.988593
0	inf
0	0.975285
0	0.992395
0	0.975285
0	0.979087
0	0.990494
0	0.986692
0	0.973384
0	0.988593
0	0.996198
0	0.992395
0	0.996198
0	inf
0	0.984791
0	0.996198
0	0.990494
0	0.986692
0	0.986692
0	0.988593
0	0.988593
0	0.992395
0	0.979087
0	0.992395
0	0.990494
0	0.979087
0	0.992395
0	0.994297
0	0.98289
0	0.996198
0	0.996198
0	0.994297
0	0.994297
0	0.98289
0	0.992395
0	0.988593
0	0.973384
0	0.994297
0	0.988593
0	0.986692
0	0.988593
0	0.994297
0	0.994297
0	0.973384
0	0.988593
0	0.992395
0	0.990494
0	0.986692
0	0.992395
0	0.988593
0	0.98289
0	0.992395
0	0.986692
0	0.992395
0	0.992395
0	0.988593
0	0.996198
0	0.996198
0	0.994297
0	0.996198
0	0.994297
0	0.988593
0	0.986692
0	0.994297
0	0.988593
0	0.994297
0	0.992395
0	0.994297
0	0.992395
0	0.992395
0	0.994297
0	0.992395
0	0.994297
0	0.992395
0	0.986692
0	0.994297
0	0.994297
0	0.992395
0	0.988593
0	0.973384
0	0.992395
0	0.996198
0	0.992395
0	0.998099
0	0.984791
0	0.984791
0	0.996198
0	0.996198
0	0.994297
0	0.994297
0	0.98289
0	0.996198
0	0.996198
0	0.992395
0	0.992395
0	0.973384
0	0.992395
0	0.98289
0	0.994297
0	0.994297
0	0.979087
0	0.988593
0	0.988593
0	0.973384
0	0.996198
0	0.992395
0	0.992395
0	0.994297
0	0.996198
0	0.990494
0	0.996198
0	0.994297
0	0.996198
0	0.990494
0	0.988593
0	0.990494
0	0.994297
0	0.986692
0	0.992395
0	0.996198
0	0.996198
0	0.994297
0	0.984791
0	0.996198
0	0.992395
0	0.986692
0	0.992395
0	0.992395
0	0.996198
0	0.994297
0	0.994297
0	0.990494
0	0.992395
0	0.994297
0	0.975285
0	0.975285
0	0.992395
0	0.975285
0	0.975285
0	0.98289
0	0.994297
0	0.992395
0	0.996198
0	0.975285
0	0.986692
0	0.986692
0	0.996198
0	0.986692
0	0.988593
0	0.994297
0	0.979087
0	0.992395
0	0.986692
0	0.996198
0	0.986692
0	0.990494
0	0.996198
0	0.986692
0	0.996198
0	0.994297
0	0.996198
0	0.996198
0	0.979087
0	0.994297
0	0.996198
0	0.990494
0	0.975285
0	0.984791
0	0.975285
0	0.986692
0	0.996198
0	0.988593
0	0.986692
0	0.973384


