# Persistence diagram <GML/1102.gml>
#
# Dimension   : 0
# Entries     : 102
# Betti number: 5
0	inf
0	0.984925
0	inf
0	inf
0	0.98995
0	0.939698
0	0.949749
0	0.984925
0	0.974874
0	0.98995
0	0.959799
0	0.974874
0	0.939698
0	0.984925
0	0.98995
0	0.939698
0	0.969849
0	0.984925
0	0.974874
0	0.979899
0	0.979899
0	0.959799
0	0.979899
0	0.939698
0	0.984925
0	0.949749
0	0.974874
0	0.98995
0	0.979899
0	0.974874
0	0.974874
0	0.939698
0	0.98995
0	0.974874
0	0.98995
0	0.98995
0	0.98995
0	0.974874
0	0.959799
0	0.939698
0	0.939698
0	0.98995
0	0.949749
0	0.98995
0	0.959799
0	0.98995
0	0.98995
0	0.974874
0	0.974874
0	0.949749
0	0.98995
0	0.98995
0	0.974874
0	0.949749
0	0.984925
0	0.984925
0	0.98995
0	0.984925
0	inf
0	0.98995
0	0.98995
0	0.969849
0	0.984925
0	0.969849
0	0.98995
0	0.98995
0	0.974874
0	0.994975
0	0.949749
0	0.98995
0	0.974874
0	0.969849
0	0.98995
0	0.969849
0	0.98995
0	0.98995
0	0.974874
0	0.979899
0	inf
0	0.98995
0	0.979899
0	0.949749
0	0.974874
0	0.979899
0	0.939698
0	0.974874
0	0.98995
0	0.98995
0	0.98995
0	0.979899
0	0.98995
0	0.974874
0	0.98995
0	0.939698
0	0.949749
0	0.974874
0	0.98995
0	0.984925
0	0.974874
0	0.959799
0	0.974874
0	0.969849


