# Persistence diagram <GML/1103.gml>
#
# Dimension   : 0
# Entries     : 550
# Betti number: 7
0	inf
0	0.997124
0	0.998562
0	0.989935
0	0.997124
0	0.997124
0	0.976995
0	inf
0	0.989935
0	0.998562
0	0.997124
0	0.997124
0	0.996405
0	0.997843
0	0.998562
0	0.998562
0	0.989935
0	0.987779
0	0.998562
0	0.997124
0	0.995687
0	0.998562
0	0.998562
0	0.989935
0	0.990654
0	0.989935
0	0.992092
0	0.997124
0	0.994249
0	0.982027
0	0.982027
0	0.998562
0	0.997124
0	0.997124
0	0.989935
0	0.996405
0	0.996405
0	0.992811
0	0.987779
0	0.992092
0	0.976995
0	0.997843
0	0.997843
0	0.997843
0	0.997124
0	0.998562
0	0.998562
0	0.982027
0	inf
0	0.997843
0	0.997843
0	0.998562
0	0.997124
0	0.998562
0	0.976995
0	0.997843
0	0.997843
0	0.986341
0	0.998562
0	0.996405
0	0.989935
0	0.989216
0	0.987779
0	0.998562
0	0.986341
0	0.989935
0	0.998562
0	0.976995
0	0.995687
0	0.994249
0	0.992092
0	inf
0	0.99353
0	0.997843
0	0.995687
0	0.992092
0	0.990654
0	0.989216
0	0.987779
0	0.997843
0	0.997843
0	0.998562
0	0.997124
0	0.994249
0	0.995687
0	0.997124
0	0.992811
0	0.992092
0	0.998562
0	0.986341
0	0.992811
0	0.99353
0	0.989216
0	0.998562
0	0.997124
0	0.994968
0	0.998562
0	0.997843
0	0.997843
0	0.989935
0	0.997124
0	0.992092
0	0.992092
0	0.989935
0	0.997843
0	0.998562
0	0.996405
0	0.986341
0	0.998562
0	0.997124
0	0.976995
0	0.997843
0	0.982027
0	0.997843
0	0.998562
0	0.989935
0	0.997124
0	0.997843
0	0.997843
0	0.998562
0	0.997124
0	0.997124
0	0.998562
0	0.998562
0	0.997843
0	0.997124
0	0.987779
0	0.976995
0	0.997124
0	0.992092
0	inf
0	0.994968
0	0.996405
0	0.994249
0	0.976995
0	0.997843
0	0.987779
0	0.989216
0	0.998562
0	0.986341
0	0.994968
0	0.982027
0	0.989935
0	0.986341
0	0.99353
0	0.996405
0	0.998562
0	0.996405
0	0.992092
0	0.997124
0	0.995687
0	0.997843
0	0.992811
0	0.998562
0	0.997843
0	0.997843
0	inf
0	0.994249
0	0.997124
0	0.998562
0	0.994968
0	0.987779
0	0.997843
0	0.987779
0	0.99353
0	0.998562
0	0.995687
0	0.986341
0	0.990654
0	0.998562
0	0.998562
0	0.997124
0	0.997124
0	0.987779
0	0.989935
0	0.994968
0	0.99353
0	0.997843
0	0.997843
0	0.989935
0	0.976995
0	0.992092
0	0.997843
0	0.987779
0	0.982027
0	0.997843
0	0.998562
0	0.986341
0	0.989216
0	0.987779
0	0.994249
0	0.994249
0	0.989935
0	0.996405
0	0.987779
0	0.987779
0	0.992092
0	0.997843
0	0.994249
0	0.998562
0	0.989935
0	0.982027
0	0.994968
0	0.997843
0	0.990654
0	0.998562
0	0.998562
0	0.992811
0	0.999281
0	0.998562
0	0.990654
0	0.997843
0	0.994249
0	0.998562
0	0.998562
0	0.998562
0	0.999281
0	0.996405
0	0.987779
0	0.986341
0	0.992811
0	0.989935
0	0.976995
0	0.995687
0	0.989935
0	0.994249
0	0.989935
0	0.996405
0	0.997124
0	0.995687
0	0.994249
0	0.997124
0	0.994968
0	0.987779
0	0.982027
0	0.998562
0	0.994968
0	0.998562
0	0.976995
0	0.998562
0	0.995687
0	0.989935
0	0.998562
0	0.982027
0	0.997843
0	0.997124
0	0.994968
0	0.994249
0	0.994249
0	0.996405
0	0.994249
0	0.998562
0	0.976995
0	0.997843
0	0.992092
0	0.982027
0	0.994249
0	0.995687
0	0.996405
0	0.987779
0	0.997843
0	0.998562
0	0.996405
0	0.994249
0	0.997843
0	0.992811
0	0.997843
0	0.982027
0	0.982027
0	0.99353
0	0.99353
0	0.997124
0	0.994249
0	0.998562
0	0.99353
0	0.997843
0	0.997843
0	0.998562
0	0.999281
0	0.997843
0	0.994968
0	0.976995
0	0.997124
0	0.986341
0	0.997843
0	0.997843
0	0.989935
0	0.992092
0	0.994249
0	0.997124
0	0.989935
0	0.998562
0	0.997843
0	0.996405
0	0.989935
0	0.994968
0	0.976995
0	0.989935
0	0.995687
0	0.996405
0	0.99353
0	0.986341
0	0.997124
0	0.992092
0	0.994968
0	0.994968
0	0.989935
0	0.989216
0	0.998562
0	0.997843
0	0.986341
0	0.998562
0	0.99353
0	0.998562
0	0.998562
0	0.997843
0	0.997843
0	0.998562
0	0.989935
0	0.998562
0	0.997124
0	0.994249
0	0.997124
0	0.997843
0	0.998562
0	0.998562
0	0.997124
0	0.997124
0	0.982027
0	0.996405
0	0.997843
0	0.994249
0	0.995687
0	0.976995
0	0.989935
0	0.997124
0	0.996405
0	0.997843
0	0.992092
0	0.996405
0	0.996405
0	0.994968
0	0.99353
0	0.99353
0	0.99353
0	0.997843
0	0.994968
0	0.992811
0	0.990654
0	0.994249
0	0.998562
0	0.994249
0	0.982027
0	0.998562
0	0.994968
0	0.994249
0	inf
0	0.987779
0	0.99353
0	0.996405
0	0.997124
0	0.998562
0	0.99353
0	0.989935
0	0.997124
0	0.992092
0	0.994249
0	0.997124
0	0.992092
0	0.997124
0	0.994968
0	0.997124
0	0.994968
0	0.994249
0	0.997843
0	0.994249
0	0.976995
0	0.989216
0	0.997843
0	0.994968
0	0.996405
0	0.987779
0	0.994249
0	0.987779
0	0.997843
0	0.997843
0	0.992092
0	0.986341
0	0.998562
0	0.995687
0	0.997124
0	0.992811
0	0.996405
0	0.998562
0	0.994968
0	0.998562
0	0.989216
0	0.989935
0	0.997843
0	0.987779
0	0.997124
0	0.994249
0	0.994249
0	0.992092
0	0.998562
0	0.995687
0	0.989935
0	0.992092
0	0.989216
0	0.990654
0	0.989935
0	0.996405
0	0.994249
0	0.994968
0	0.998562
0	0.994249
0	0.99353
0	0.998562
0	0.997843
0	0.994968
0	0.996405
0	0.998562
0	0.989216
0	0.997124
0	0.992092
0	0.998562
0	0.989935
0	0.997843
0	0.989935
0	0.99353
0	0.976995
0	0.990654
0	0.989935
0	0.987779
0	0.992811
0	0.992811
0	0.976995
0	0.992811
0	0.997124
0	0.987779
0	0.989935
0	0.998562
0	0.998562
0	0.982027
0	0.989935
0	0.997843
0	0.989935
0	0.997124
0	0.989935
0	0.997843
0	0.999281
0	0.997843
0	0.998562
0	0.994249
0	0.997124
0	0.997124
0	0.982027
0	0.998562
0	0.997124
0	0.994968
0	0.986341
0	0.99353
0	0.996405
0	0.994968
0	0.998562
0	0.998562
0	0.998562
0	0.996405
0	0.997124
0	0.998562
0	0.998562
0	0.976995
0	0.997124
0	0.986341
0	0.996405
0	0.994249
0	0.976995
0	0.989935
0	0.992811
0	0.989935
0	0.99353
0	0.994249
0	0.994249
0	0.994968
0	0.998562
0	0.997843
0	0.994249
0	0.995687
0	0.982027
0	0.998562
0	0.994968
0	0.995687
0	0.997124
0	0.998562
0	0.994249
0	0.997124
0	0.997124
0	0.997843
0	0.997843
0	0.998562
0	0.997124
0	0.99353
0	0.976995
0	0.987779
0	0.994249
0	0.990654
0	0.995687
0	0.998562
0	0.989216
0	0.989935
0	0.997843
0	0.99353
0	0.998562
0	0.989935
0	0.997843
0	0.992811
0	0.987779
0	0.997843
0	0.976995
0	0.996405
0	0.976995
0	0.994249
0	0.994249
0	0.997843
0	0.998562
0	0.997843
0	0.998562
0	0.994249
0	0.997843
0	0.997843
0	0.982027
0	0.992092
0	0.987779
0	0.987779
0	0.997124
0	0.995687
0	0.998562
0	0.994249
0	0.995687
0	0.997843
0	0.995687
0	0.994249
0	0.994968
0	0.997843
0	0.997843
0	0.998562
0	0.990654
0	0.976995
0	0.997124
0	0.997843


