# Persistence diagram <GML/1106.gml>
#
# Dimension   : 0
# Entries     : 221
# Betti number: 2
0	inf
0	0.984106
0	0.982781
0	0.994702
0	0.997351
0	0.997351
0	0.997351
0	0.994702
0	0.990728
0	0.988079
0	0.989404
0	0.984106
0	0.986755
0	0.994702
0	0.997351
0	0.993377
0	0.986755
0	0.98543
0	0.990728
0	0.996026
0	0.993377
0	0.996026
0	0.982781
0	inf
0	0.988079
0	0.997351
0	0.989404
0	0.997351
0	0.994702
0	0.988079
0	0.994702
0	0.996026
0	0.996026
0	0.994702
0	0.990728
0	0.996026
0	0.982781
0	0.997351
0	0.989404
0	0.982781
0	0.988079
0	0.989404
0	0.98543
0	0.994702
0	0.997351
0	0.996026
0	0.990728
0	0.982781
0	0.997351
0	0.994702
0	0.994702
0	0.996026
0	0.994702
0	0.997351
0	0.98543
0	0.988079
0	0.996026
0	0.997351
0	0.994702
0	0.982781
0	0.993377
0	0.997351
0	0.982781
0	0.996026
0	0.994702
0	0.994702
0	0.994702
0	0.989404
0	0.997351
0	0.989404
0	0.984106
0	0.994702
0	0.993377
0	0.993377
0	0.994702
0	0.997351
0	0.982781
0	0.992053
0	0.989404
0	0.989404
0	0.994702
0	0.989404
0	0.982781
0	0.993377
0	0.994702
0	0.989404
0	0.993377
0	0.996026
0	0.996026
0	0.997351
0	0.997351
0	0.996026
0	0.997351
0	0.982781
0	0.997351
0	0.996026
0	0.990728
0	0.997351
0	0.996026
0	0.996026
0	0.994702
0	0.982781
0	0.997351
0	0.996026
0	0.994702
0	0.997351
0	0.986755
0	0.993377
0	0.996026
0	0.994702
0	0.993377
0	0.996026
0	0.994702
0	0.996026
0	0.994702
0	0.984106
0	0.988079
0	0.982781
0	0.994702
0	0.993377
0	0.994702
0	0.992053
0	0.986755
0	0.997351
0	0.994702
0	0.994702
0	0.997351
0	0.994702
0	0.994702
0	0.988079
0	0.993377
0	0.992053
0	0.997351
0	0.989404
0	0.997351
0	0.997351
0	0.98543
0	0.992053
0	0.994702
0	0.994702
0	0.996026
0	0.993377
0	0.982781
0	0.982781
0	0.98543
0	0.989404
0	0.986755
0	0.989404
0	0.997351
0	0.982781
0	0.997351
0	0.984106
0	0.984106
0	0.986755
0	0.994702
0	0.996026
0	0.994702
0	0.984106
0	0.982781
0	0.989404
0	0.997351
0	0.98543
0	0.986755
0	0.993377
0	0.994702
0	0.994702
0	0.98543
0	0.982781
0	0.994702
0	0.997351
0	0.993377
0	0.997351
0	0.993377
0	0.986755
0	0.996026
0	0.996026
0	0.989404
0	0.992053
0	0.986755
0	0.996026
0	0.990728
0	0.989404
0	0.996026
0	0.993377
0	0.997351
0	0.994702
0	0.994702
0	0.993377
0	0.98543
0	0.989404
0	0.984106
0	0.996026
0	0.996026
0	0.997351
0	0.994702
0	0.996026
0	0.98543
0	0.982781
0	0.984106
0	0.993377
0	0.982781
0	0.986755
0	0.993377
0	0.996026
0	0.989404
0	0.997351
0	0.997351
0	0.989404
0	0.989404
0	0.989404
0	0.997351
0	0.982781
0	0.984106
0	0.993377
0	0.997351
0	0.998675
0	0.996026
0	0.992053
0	0.992053
0	0.997351
0	0.984106


