# Persistence diagram <GML/1107.gml>
#
# Dimension   : 1
# Entries     : 45
# Betti number: 45
0.954064	inf
0.954064	inf
0.964664	inf
0.964664	inf
0.964664	inf
0.964664	inf
0.964664	inf
0.964664	inf
0.964664	inf
0.964664	inf
0.964664	inf
0.964664	inf
0.971731	inf
0.971731	inf
0.975265	inf
0.975265	inf
0.975265	inf
0.975265	inf
0.975265	inf
0.975265	inf
0.975265	inf
0.982332	inf
0.982332	inf
0.982332	inf
0.982332	inf
0.982332	inf
0.982332	inf
0.985866	inf
0.985866	inf
0.985866	inf
0.985866	inf
0.985866	inf
0.985866	inf
0.985866	inf
0.989399	inf
0.989399	inf
0.989399	inf
0.989399	inf
0.989399	inf
0.989399	inf
0.989399	inf
0.989399	inf
0.989399	inf
0.992933	inf
0.992933	inf
