# Persistence diagram <GML/1113.gml>
#
# Dimension   : 1
# Entries     : 69
# Betti number: 67
0.986943	inf
0.986943	inf
0.986943	inf
0.986943	0.994624
0.986943	inf
0.990015	inf
0.991551	inf
0.99232	inf
0.993088	inf
0.993088	inf
0.993088	inf
0.993856	inf
0.993856	inf
0.993856	inf
0.993856	inf
0.994624	inf
0.994624	inf
0.994624	inf
0.994624	inf
0.995392	inf
0.995392	0.99616
0.995392	inf
0.995392	inf
0.995392	inf
0.99616	inf
0.99616	inf
0.99616	inf
0.99616	inf
0.99616	inf
0.99616	inf
0.99616	inf
0.996928	inf
0.996928	inf
0.996928	inf
0.996928	inf
0.996928	inf
0.996928	inf
0.996928	inf
0.996928	inf
0.996928	inf
0.997696	inf
0.997696	inf
0.997696	inf
0.997696	inf
0.997696	inf
0.997696	inf
0.997696	inf
0.997696	inf
0.997696	inf
0.997696	inf
0.997696	inf
0.997696	inf
0.997696	inf
0.997696	inf
0.997696	inf
0.997696	inf
0.997696	inf
0.997696	inf
0.998464	inf
0.998464	inf
0.998464	inf
0.998464	inf
0.998464	inf
0.998464	inf
0.998464	inf
0.998464	inf
0.998464	inf
0.998464	inf
0.998464	inf
