# Persistence diagram <GML/1115.gml>
#
# Dimension   : 1
# Entries     : 59
# Betti number: 59
0.99399	inf
0.99399	inf
0.99399	inf
0.995192	inf
0.995192	inf
0.995192	inf
0.995192	inf
0.995793	inf
0.995793	inf
0.996394	inf
0.996394	inf
0.996394	inf
0.996394	inf
0.996394	inf
0.996995	inf
0.996995	inf
0.996995	inf
0.997596	inf
0.997596	inf
0.997596	inf
0.997596	inf
0.997596	inf
0.997596	inf
0.997596	inf
0.997596	inf
0.997596	inf
0.998197	inf
0.998197	inf
0.998197	inf
0.998197	inf
0.998197	inf
0.998197	inf
0.998197	inf
0.998197	inf
0.998197	inf
0.998197	inf
0.998197	inf
0.998197	inf
0.998197	inf
0.998197	inf
0.998197	inf
0.998197	inf
0.998197	inf
0.998197	inf
0.998197	inf
0.998798	inf
0.998798	inf
0.998798	inf
0.998798	inf
0.998798	inf
0.998798	inf
0.998798	inf
0.998798	inf
0.998798	inf
0.998798	inf
0.998798	inf
0.998798	inf
0.998798	inf
0.998798	inf
