# Persistence diagram <GML/1118.gml>
#
# Dimension   : 1
# Entries     : 70
# Betti number: 70
0.975904	inf
0.982932	inf
0.98494	inf
0.98996	inf
0.991968	inf
0.991968	inf
0.992972	inf
0.992972	inf
0.992972	inf
0.992972	inf
0.992972	inf
0.992972	inf
0.992972	inf
0.992972	inf
0.992972	inf
0.993976	inf
0.993976	inf
0.993976	inf
0.993976	inf
0.993976	inf
0.993976	inf
0.993976	inf
0.993976	inf
0.99498	inf
0.99498	inf
0.99498	inf
0.99498	inf
0.99498	inf
0.99498	inf
0.99498	inf
0.99498	inf
0.99498	inf
0.99498	inf
0.99498	inf
0.995984	inf
0.995984	inf
0.995984	inf
0.995984	inf
0.995984	inf
0.995984	inf
0.995984	inf
0.995984	inf
0.995984	inf
0.995984	inf
0.995984	inf
0.995984	inf
0.995984	inf
0.996988	inf
0.996988	inf
0.996988	inf
0.996988	inf
0.996988	inf
0.996988	inf
0.996988	inf
0.996988	inf
0.996988	inf
0.996988	inf
0.996988	inf
0.996988	inf
0.996988	inf
0.996988	inf
0.996988	inf
0.996988	inf
0.997992	inf
0.997992	inf
0.997992	inf
0.997992	inf
0.997992	inf
0.997992	inf
0.997992	inf
