# Persistence diagram <GML/1119.gml>
#
# Dimension   : 0
# Entries     : 170
# Betti number: 2
0	inf
0	0.980315
0	0.980315
0	0.992126
0	0.964567
0	0.940945
0	0.984252
0	0.972441
0	0.992126
0	0.980315
0	0.980315
0	0.992126
0	0.988189
0	0.984252
0	0.980315
0	0.980315
0	0.980315
0	0.976378
0	0.980315
0	0.992126
0	0.988189
0	0.992126
0	inf
0	0.980315
0	0.988189
0	0.968504
0	0.980315
0	0.976378
0	0.988189
0	0.980315
0	0.992126
0	0.984252
0	0.976378
0	0.992126
0	0.992126
0	0.940945
0	0.980315
0	0.988189
0	0.976378
0	0.988189
0	0.976378
0	0.992126
0	0.984252
0	0.984252
0	0.980315
0	0.972441
0	0.992126
0	0.976378
0	0.976378
0	0.972441
0	0.984252
0	0.968504
0	0.992126
0	0.992126
0	0.940945
0	0.992126
0	0.992126
0	0.988189
0	0.940945
0	0.992126
0	0.992126
0	0.980315
0	0.964567
0	0.984252
0	0.988189
0	0.984252
0	0.976378
0	0.988189
0	0.964567
0	0.988189
0	0.980315
0	0.992126
0	0.976378
0	0.992126
0	0.988189
0	0.992126
0	0.992126
0	0.976378
0	0.992126
0	0.984252
0	0.988189
0	0.968504
0	0.992126
0	0.976378
0	0.976378
0	0.980315
0	0.992126
0	0.980315
0	0.988189
0	0.980315
0	0.980315
0	0.976378
0	0.988189
0	0.972441
0	0.980315
0	0.988189
0	0.992126
0	0.984252
0	0.984252
0	0.988189
0	0.976378
0	0.972441
0	0.992126
0	0.980315
0	0.976378
0	0.992126
0	0.992126
0	0.976378
0	0.996063
0	0.992126
0	0.972441
0	0.992126
0	0.968504
0	0.968504
0	0.988189
0	0.988189
0	0.988189
0	0.992126
0	0.976378
0	0.992126
0	0.988189
0	0.992126
0	0.984252
0	0.980315
0	0.964567
0	0.988189
0	0.992126
0	0.992126
0	0.988189
0	0.984252
0	0.980315
0	0.972441
0	0.988189
0	0.940945
0	0.980315
0	0.988189
0	0.988189
0	0.972441
0	0.992126
0	0.988189
0	0.988189
0	0.976378
0	0.964567
0	0.940945
0	0.988189
0	0.940945
0	0.964567
0	0.980315
0	0.988189
0	0.992126
0	0.972441
0	0.992126
0	0.940945
0	0.976378
0	0.964567
0	0.988189
0	0.972441
0	0.968504
0	0.980315
0	0.940945
0	0.988189
0	0.988189
0	0.988189
0	0.984252
0	0.980315
0	0.940945
0	0.976378
0	0.964567
0	0.972441
0	0.980315


