# Persistence diagram <GML/1120.gml>
#
# Dimension   : 0
# Entries     : 655
# Betti number: 5
0	inf
0	0.976106
0	0.99292
0	0.99823
0	0.993805
0	0.99823
0	0.989381
0	0.99115
0	0.992035
0	0.972566
0	0.99646
0	0.99115
0	0.972566
0	0.99823
0	0.995575
0	0.99823
0	0.988496
0	0.99115
0	0.986726
0	0.99823
0	0.986726
0	0.99469
0	0.990265
0	0.995575
0	0.997345
0	0.976106
0	0.99646
0	0.984071
0	0.989381
0	inf
0	0.990265
0	0.981416
0	0.990265
0	0.997345
0	0.99823
0	0.99115
0	0.993805
0	0.972566
0	0.99823
0	0.995575
0	0.99823
0	0.995575
0	0.988496
0	0.992035
0	0.997345
0	0.997345
0	0.99646
0	0.99646
0	0.99823
0	0.972566
0	0.997345
0	0.99469
0	0.997345
0	0.972566
0	0.99646
0	0.997345
0	0.99469
0	0.99823
0	0.993805
0	0.972566
0	0.995575
0	0.99823
0	0.99646
0	0.986726
0	0.986726
0	0.99823
0	0.99646
0	0.993805
0	0.99823
0	0.990265
0	0.976106
0	0.990265
0	0.99823
0	0.995575
0	0.972566
0	0.990265
0	0.99115
0	0.972566
0	0.99646
0	0.972566
0	0.995575
0	0.995575
0	0.997345
0	0.989381
0	0.993805
0	0.997345
0	0.972566
0	0.990265
0	0.989381
0	0.992035
0	0.988496
0	0.988496
0	0.99115
0	0.993805
0	0.99469
0	0.99646
0	0.993805
0	0.992035
0	0.997345
0	0.997345
0	0.997345
0	0.99646
0	0.972566
0	0.984071
0	0.992035
0	0.99823
0	0.990265
0	0.99823
0	0.99823
0	0.976106
0	0.99823
0	0.972566
0	0.995575
0	0.99823
0	0.99646
0	0.99646
0	0.99469
0	0.997345
0	0.99823
0	0.99823
0	0.997345
0	inf
0	0.99469
0	0.99469
0	0.99646
0	0.995575
0	0.976106
0	0.99823
0	0.995575
0	0.993805
0	0.995575
0	0.990265
0	0.99292
0	0.988496
0	0.99646
0	0.99646
0	0.981416
0	0.99646
0	0.990265
0	0.99115
0	0.992035
0	0.997345
0	0.995575
0	0.984071
0	0.99115
0	0.99115
0	0.972566
0	0.997345
0	0.997345
0	0.976106
0	0.972566
0	0.99292
0	0.99823
0	0.99115
0	0.995575
0	0.976106
0	0.99823
0	0.976106
0	0.995575
0	0.995575
0	0.99823
0	0.992035
0	0.997345
0	0.992035
0	0.993805
0	0.992035
0	0.976106
0	0.990265
0	0.988496
0	0.99115
0	0.995575
0	0.997345
0	0.976106
0	0.99469
0	0.986726
0	0.99115
0	0.99823
0	0.99823
0	0.997345
0	0.989381
0	0.99823
0	0.984071
0	0.993805
0	0.99646
0	0.99823
0	0.995575
0	0.980531
0	0.99115
0	0.99469
0	0.990265
0	0.993805
0	0.988496
0	0.990265
0	0.981416
0	0.992035
0	0.99823
0	0.995575
0	0.993805
0	0.995575
0	0.986726
0	0.972566
0	0.988496
0	0.99292
0	0.99115
0	0.99469
0	0.99823
0	0.997345
0	0.976106
0	0.997345
0	0.992035
0	0.972566
0	0.99469
0	0.985841
0	0.99469
0	0.990265
0	0.986726
0	0.988496
0	0.99646
0	0.988496
0	0.99115
0	0.990265
0	0.989381
0	0.99823
0	0.99115
0	0.99469
0	0.988496
0	0.99823
0	0.980531
0	0.99115
0	0.988496
0	0.988496
0	0.99115
0	0.992035
0	0.976106
0	0.99646
0	0.995575
0	0.989381
0	0.99823
0	0.995575
0	0.99115
0	0.976106
0	0.99823
0	0.99646
0	0.995575
0	0.988496
0	0.995575
0	0.995575
0	0.988496
0	0.989381
0	0.997345
0	0.995575
0	0.981416
0	0.99646
0	0.993805
0	0.99823
0	0.99646
0	0.980531
0	0.99292
0	0.99115
0	0.990265
0	0.997345
0	0.99115
0	0.99469
0	0.988496
0	0.997345
0	0.99646
0	0.990265
0	0.990265
0	0.995575
0	0.985841
0	0.989381
0	0.99823
0	0.99823
0	0.993805
0	0.976106
0	0.986726
0	0.99292
0	0.986726
0	0.997345
0	0.995575
0	0.986726
0	0.992035
0	0.99469
0	0.99823
0	inf
0	0.997345
0	0.99646
0	0.992035
0	0.980531
0	0.972566
0	0.997345
0	0.997345
0	0.99292
0	0.99823
0	0.99646
0	0.99823
0	0.995575
0	0.989381
0	0.99115
0	0.981416
0	0.993805
0	0.995575
0	0.99115
0	0.99115
0	0.997345
0	0.997345
0	0.99823
0	0.99469
0	0.99115
0	0.99646
0	0.981416
0	0.997345
0	0.99646
0	0.989381
0	0.997345
0	0.993805
0	0.989381
0	0.997345
0	0.997345
0	0.993805
0	0.99646
0	0.99646
0	0.972566
0	0.976106
0	0.99646
0	0.99823
0	0.993805
0	0.985841
0	0.993805
0	0.976106
0	0.99115
0	0.99646
0	0.980531
0	0.99115
0	0.99646
0	0.997345
0	0.99469
0	0.99646
0	0.976106
0	0.99115
0	0.99646
0	0.990265
0	0.997345
0	0.990265
0	0.99646
0	0.986726
0	0.997345
0	0.980531
0	0.985841
0	0.99115
0	0.993805
0	0.99646
0	0.99115
0	0.99469
0	0.981416
0	0.99823
0	0.99646
0	0.995575
0	0.993805
0	0.99469
0	0.993805
0	0.997345
0	0.986726
0	0.99823
0	0.99646
0	0.99823
0	0.984071
0	0.980531
0	0.992035
0	0.99823
0	0.99823
0	0.99469
0	0.988496
0	0.99646
0	0.990265
0	0.976106
0	0.988496
0	0.99469
0	0.99823
0	0.988496
0	0.99823
0	0.988496
0	0.985841
0	0.99115
0	0.99646
0	0.992035
0	0.993805
0	0.993805
0	0.995575
0	0.99469
0	0.990265
0	0.99292
0	0.989381
0	0.992035
0	0.995575
0	0.997345
0	0.995575
0	0.99115
0	0.988496
0	0.99646
0	0.99115
0	0.997345
0	0.995575
0	0.988496
0	0.99115
0	0.990265
0	0.995575
0	0.99115
0	0.997345
0	0.986726
0	0.992035
0	0.990265
0	0.985841
0	0.988496
0	0.995575
0	0.992035
0	0.992035
0	0.976106
0	0.99823
0	0.99823
0	0.992035
0	0.990265
0	0.989381
0	0.99646
0	0.986726
0	0.99469
0	0.99469
0	0.981416
0	0.976106
0	0.993805
0	0.988496
0	0.997345
0	0.997345
0	0.99646
0	0.99115
0	0.99115
0	0.99823
0	0.985841
0	0.99115
0	0.99646
0	0.99469
0	0.993805
0	0.99823
0	0.99823
0	0.993805
0	0.995575
0	0.972566
0	0.99823
0	0.993805
0	0.990265
0	0.99646
0	0.976106
0	0.99469
0	0.995575
0	0.99646
0	0.99646
0	0.99115
0	0.99469
0	0.993805
0	0.99469
0	0.99823
0	0.989381
0	0.997345
0	0.997345
0	0.99469
0	0.981416
0	0.988496
0	0.997345
0	0.99292
0	0.988496
0	0.997345
0	0.99292
0	0.981416
0	0.99823
0	inf
0	0.99115
0	0.989381
0	0.980531
0	0.99646
0	0.997345
0	0.99646
0	0.993805
0	0.99469
0	0.99115
0	0.976106
0	0.99469
0	0.99115
0	0.99292
0	0.993805
0	0.99469
0	0.997345
0	0.972566
0	0.997345
0	0.99823
0	0.997345
0	0.99646
0	0.997345
0	0.992035
0	0.99823
0	0.997345
0	0.988496
0	0.972566
0	0.989381
0	0.99823
0	0.981416
0	0.988496
0	0.99646
0	0.99823
0	0.980531
0	0.972566
0	0.986726
0	0.985841
0	0.99823
0	0.997345
0	0.986726
0	0.986726
0	0.997345
0	0.99115
0	0.99646
0	0.997345
0	0.990265
0	0.990265
0	0.995575
0	0.990265
0	0.997345
0	0.99469
0	0.997345
0	0.99115
0	0.995575
0	0.988496
0	0.99115
0	0.993805
0	0.99823
0	0.995575
0	0.990265
0	0.997345
0	0.99823
0	0.992035
0	0.981416
0	0.990265
0	0.995575
0	0.980531
0	0.990265
0	0.976106
0	0.986726
0	0.986726
0	0.989381
0	0.99823
0	0.993805
0	0.99646
0	0.980531
0	0.981416
0	0.993805
0	0.988496
0	0.99823
0	0.99646
0	0.988496
0	0.99115
0	0.990265
0	0.999115
0	0.993805
0	0.99823
0	0.99115
0	0.99469
0	0.99646
0	0.990265
0	0.997345
0	0.972566
0	0.99115
0	0.988496
0	0.997345
0	0.990265
0	0.99115
0	0.997345
0	0.99823
0	0.99469
0	0.980531
0	0.993805
0	0.99646
0	0.995575
0	0.99646
0	0.99115
0	0.995575
0	0.99469
0	0.99823
0	0.995575
0	0.99115
0	0.992035
0	0.99646
0	0.99115
0	0.99646
0	0.99115
0	0.997345
0	0.99823
0	0.990265
0	0.985841
0	0.997345
0	0.995575
0	0.993805
0	0.99115
0	0.99823
0	0.995575
0	0.997345
0	0.993805
0	0.99115
0	0.997345
0	0.99115
0	0.99823
0	0.99823
0	0.976106
0	0.99646
0	0.99646
0	0.984071
0	0.99646
0	0.99115
0	0.976106
0	0.999115
0	0.995575
0	0.99646
0	0.995575
0	0.988496
0	0.99115
0	0.99292
0	0.993805
0	0.980531
0	0.988496
0	0.99469
0	0.995575
0	0.990265
0	0.997345
0	0.99823
0	0.988496
0	0.993805
0	0.99469
0	0.986726
0	0.997345
0	0.99823
0	0.992035
0	0.985841
0	0.99823
0	0.988496
0	0.99115
0	0.997345
0	0.980531
0	0.993805
0	0.99646
0	0.976106
0	0.99646
0	0.99823
0	0.997345
0	0.972566
0	0.981416
0	0.988496
0	0.972566
0	0.993805


