# Persistence diagram <GML/1120.gml>
#
# Dimension   : 1
# Entries     : 134
# Betti number: 134
0.972566	inf
0.972566	inf
0.972566	inf
0.972566	inf
0.972566	inf
0.972566	inf
0.976106	inf
0.980531	inf
0.980531	inf
0.985841	inf
0.986726	inf
0.986726	inf
0.986726	inf
0.988496	inf
0.988496	inf
0.988496	inf
0.989381	inf
0.989381	inf
0.990265	inf
0.990265	inf
0.990265	inf
0.99115	inf
0.99115	inf
0.99115	inf
0.99115	inf
0.99115	inf
0.99115	inf
0.99115	inf
0.99115	inf
0.99115	inf
0.99115	inf
0.99115	inf
0.99115	inf
0.992035	inf
0.992035	inf
0.992035	inf
0.992035	inf
0.992035	inf
0.992035	inf
0.99292	inf
0.99292	inf
0.99292	inf
0.99292	inf
0.99292	inf
0.993805	inf
0.993805	inf
0.993805	inf
0.993805	inf
0.993805	inf
0.993805	inf
0.993805	inf
0.99469	inf
0.99469	inf
0.99469	inf
0.99469	inf
0.99469	inf
0.99469	inf
0.99469	inf
0.99469	inf
0.99469	inf
0.99469	inf
0.995575	inf
0.995575	inf
0.995575	inf
0.995575	inf
0.995575	inf
0.995575	inf
0.995575	inf
0.995575	inf
0.995575	inf
0.995575	inf
0.995575	inf
0.995575	inf
0.995575	inf
0.995575	inf
0.995575	inf
0.995575	inf
0.995575	inf
0.995575	inf
0.99646	inf
0.99646	inf
0.99646	inf
0.99646	inf
0.99646	inf
0.99646	inf
0.99646	inf
0.99646	inf
0.99646	inf
0.99646	inf
0.99646	inf
0.99646	inf
0.99646	inf
0.99646	inf
0.99646	inf
0.99646	inf
0.99646	inf
0.99646	inf
0.99646	inf
0.99646	inf
0.99646	inf
0.99646	inf
0.99646	inf
0.997345	inf
0.997345	inf
0.997345	inf
0.997345	inf
0.997345	inf
0.997345	inf
0.997345	inf
0.997345	inf
0.997345	inf
0.997345	inf
0.997345	inf
0.997345	inf
0.997345	inf
0.997345	inf
0.997345	inf
0.997345	inf
0.997345	inf
0.997345	inf
0.99823	inf
0.99823	inf
0.99823	inf
0.99823	inf
0.99823	inf
0.99823	inf
0.99823	inf
0.99823	inf
0.99823	inf
0.99823	inf
0.99823	inf
0.99823	inf
0.99823	inf
0.99823	inf
