# Persistence diagram <GML/1121.gml>
#
# Dimension   : 1
# Entries     : 52
# Betti number: 52
0.937778	inf
0.953333	inf
0.962222	inf
0.971111	inf
0.971111	inf
0.973333	inf
0.975556	inf
0.98	inf
0.98	inf
0.982222	inf
0.984444	inf
0.984444	inf
0.984444	inf
0.984444	inf
0.984444	inf
0.984444	inf
0.984444	inf
0.984444	inf
0.984444	inf
0.986667	inf
0.986667	inf
0.988889	inf
0.988889	inf
0.988889	inf
0.988889	inf
0.988889	inf
0.988889	inf
0.988889	inf
0.991111	inf
0.991111	inf
0.991111	inf
0.991111	inf
0.991111	inf
0.991111	inf
0.991111	inf
0.993333	inf
0.993333	inf
0.993333	inf
0.993333	inf
0.993333	inf
0.993333	inf
0.993333	inf
0.993333	inf
0.993333	inf
0.995556	inf
0.995556	inf
0.995556	inf
0.995556	inf
0.995556	inf
0.995556	inf
0.995556	inf
0.995556	inf
