# Persistence diagram <GML/1121.gml>
#
# Dimension   : 0
# Entries     : 405
# Betti number: 2
0	inf
0	0.991111
0	0.962222
0	0.986667
0	0.962222
0	0.973333
0	0.993333
0	0.971111
0	0.995556
0	0.977778
0	0.984444
0	0.995556
0	0.988889
0	0.984444
0	0.995556
0	0.986667
0	0.988889
0	0.995556
0	0.986667
0	0.975556
0	0.971111
0	0.984444
0	0.96
0	0.988889
0	0.993333
0	0.995556
0	0.984444
0	0.953333
0	0.975556
0	0.98
0	0.984444
0	0.982222
0	0.96
0	0.993333
0	0.991111
0	0.98
0	0.953333
0	0.993333
0	0.971111
0	0.991111
0	0.986667
0	0.995556
0	0.973333
0	0.953333
0	0.975556
0	0.993333
0	0.993333
0	0.993333
0	0.993333
0	0.993333
0	0.975556
0	0.937778
0	0.962222
0	0.991111
0	0.953333
0	0.937778
0	0.98
0	0.993333
0	0.98
0	0.98
0	0.937778
0	0.953333
0	0.971111
0	0.991111
0	0.98
0	0.993333
0	0.96
0	0.973333
0	0.991111
0	0.98
0	0.953333
0	0.988889
0	0.991111
0	0.993333
0	0.988889
0	0.986667
0	0.993333
0	0.96
0	0.986667
0	0.993333
0	0.977778
0	0.993333
0	0.995556
0	0.988889
0	0.975556
0	0.937778
0	0.962222
0	0.962222
0	0.98
0	0.991111
0	0.937778
0	0.986667
0	0.973333
0	0.988889
0	0.988889
0	0.984444
0	0.991111
0	0.993333
0	0.995556
0	0.971111
0	0.993333
0	0.995556
0	0.991111
0	0.995556
0	0.993333
0	0.977778
0	0.937778
0	0.982222
0	0.953333
0	0.984444
0	0.982222
0	0.984444
0	0.982222
0	0.995556
0	0.982222
0	0.993333
0	0.993333
0	0.962222
0	0.977778
0	0.982222
0	0.937778
0	0.937778
0	0.937778
0	0.993333
0	0.995556
0	0.988889
0	0.98
0	0.937778
0	0.995556
0	0.995556
0	0.953333
0	0.995556
0	0.975556
0	0.991111
0	0.984444
0	0.988889
0	0.991111
0	0.986667
0	0.995556
0	0.984444
0	inf
0	0.991111
0	0.977778
0	0.977778
0	0.991111
0	0.991111
0	0.971111
0	0.953333
0	0.982222
0	0.984444
0	0.975556
0	0.984444
0	0.937778
0	0.984444
0	0.993333
0	0.982222
0	0.973333
0	0.995556
0	0.993333
0	0.988889
0	0.937778
0	0.993333
0	0.984444
0	0.937778
0	0.937778
0	0.995556
0	0.975556
0	0.96
0	0.995556
0	0.995556
0	0.98
0	0.953333
0	0.993333
0	0.96
0	0.971111
0	0.953333
0	0.993333
0	0.977778
0	0.971111
0	0.986667
0	0.986667
0	0.96
0	0.971111
0	0.937778
0	0.98
0	0.993333
0	0.98
0	0.995556
0	0.98
0	0.984444
0	0.995556
0	0.991111
0	0.937778
0	0.991111
0	0.984444
0	0.986667
0	0.993333
0	0.977778
0	0.984444
0	0.988889
0	0.988889
0	0.982222
0	0.962222
0	0.988889
0	0.982222
0	0.986667
0	0.993333
0	0.971111
0	0.993333
0	0.977778
0	0.98
0	0.962222
0	0.96
0	0.993333
0	0.96
0	0.986667
0	0.991111
0	0.995556
0	0.995556
0	0.977778
0	0.986667
0	0.995556
0	0.971111
0	0.96
0	0.995556
0	0.988889
0	0.971111
0	0.96
0	0.991111
0	0.995556
0	0.995556
0	0.98
0	0.995556
0	0.986667
0	0.988889
0	0.984444
0	0.971111
0	0.98
0	0.993333
0	0.953333
0	0.98
0	0.993333
0	0.984444
0	0.96
0	0.991111
0	0.995556
0	0.995556
0	0.995556
0	0.988889
0	0.98
0	0.995556
0	0.953333
0	0.962222
0	0.96
0	0.937778
0	0.973333
0	0.982222
0	0.995556
0	0.971111
0	0.995556
0	0.937778
0	0.993333
0	0.937778
0	0.995556
0	0.991111
0	0.988889
0	0.993333
0	0.993333
0	0.982222
0	0.937778
0	0.984444
0	0.971111
0	0.98
0	0.984444
0	0.993333
0	0.953333
0	0.993333
0	0.988889
0	0.984444
0	0.995556
0	0.971111
0	0.988889
0	0.975556
0	0.988889
0	0.995556
0	0.988889
0	0.995556
0	0.995556
0	0.984444
0	0.984444
0	0.977778
0	0.986667
0	0.953333
0	0.993333
0	0.962222
0	0.977778
0	0.96
0	0.962222
0	0.988889
0	0.988889
0	0.984444
0	0.984444
0	0.984444
0	0.975556
0	0.993333
0	0.993333
0	0.995556
0	0.977778
0	0.991111
0	0.977778
0	0.937778
0	0.962222
0	0.991111
0	0.993333
0	0.953333
0	0.986667
0	0.953333
0	0.993333
0	0.971111
0	0.995556
0	0.995556
0	0.991111
0	0.991111
0	0.96
0	0.993333
0	0.993333
0	0.993333
0	0.977778
0	0.937778
0	0.988889
0	0.953333
0	0.991111
0	0.973333
0	0.96
0	0.993333
0	0.98
0	0.988889
0	0.993333
0	0.953333
0	0.993333
0	0.993333
0	0.993333
0	0.937778
0	0.986667
0	0.995556
0	0.995556
0	0.96
0	0.986667
0	0.993333
0	0.988889
0	0.937778
0	0.995556
0	0.96
0	0.977778
0	0.995556
0	0.984444
0	0.977778
0	0.971111
0	0.982222
0	0.975556
0	0.971111
0	0.997778
0	0.995556
0	0.973333
0	0.993333
0	0.988889
0	0.991111
0	0.986667
0	0.995556
0	0.984444
0	0.984444
0	0.986667
0	0.973333
0	0.986667
0	0.977778
0	0.975556
0	0.993333
0	0.991111
0	0.991111
0	0.986667
0	0.993333
0	0.971111
0	0.993333
0	0.993333
0	0.953333
0	0.937778
0	0.988889
0	0.962222
0	0.991111
0	0.986667
0	0.993333
0	0.991111
0	0.937778
0	0.98
0	0.971111
0	0.988889
0	0.986667
0	0.995556
0	0.995556
0	0.937778
0	0.984444
0	0.975556
0	0.991111
0	0.993333
0	0.993333


