# Persistence diagram <GML/1122.gml>
#
# Dimension   : 0
# Entries     : 387
# Betti number: 3
0	inf
0	0.965398
0	0.99654
0	0.986159
0	0.99308
0	0.986159
0	0.984429
0	0.989619
0	0.99481
0	0.99654
0	0.980969
0	0.99654
0	0.986159
0	0.99308
0	0.987889
0	0.970588
0	0.977509
0	0.955017
0	0.965398
0	0.955017
0	0.99654
0	0.987889
0	0.987889
0	0.99308
0	0.99654
0	0.975779
0	0.99308
0	0.989619
0	inf
0	0.99308
0	0.955017
0	0.970588
0	0.984429
0	0.982699
0	0.987889
0	0.977509
0	0.982699
0	0.965398
0	0.986159
0	0.987889
0	0.986159
0	0.99308
0	0.984429
0	0.991349
0	0.980969
0	0.987889
0	0.99481
0	0.980969
0	0.991349
0	0.972318
0	0.99481
0	0.965398
0	0.99654
0	0.972318
0	0.989619
0	0.984429
0	0.984429
0	0.980969
0	0.99308
0	0.99308
0	0.987889
0	0.991349
0	0.987889
0	0.979239
0	0.982699
0	0.965398
0	0.965398
0	0.965398
0	0.984429
0	0.99654
0	0.955017
0	0.99481
0	0.984429
0	0.955017
0	0.99654
0	0.984429
0	0.991349
0	0.984429
0	0.984429
0	0.987889
0	0.987889
0	0.987889
0	0.99654
0	0.970588
0	0.99308
0	0.987889
0	0.980969
0	0.99481
0	0.99481
0	0.99481
0	0.99481
0	0.99481
0	0.99481
0	0.987889
0	0.99654
0	0.986159
0	0.99481
0	0.991349
0	0.99481
0	0.984429
0	0.99654
0	0.991349
0	0.975779
0	0.987889
0	0.99308
0	0.975779
0	0.955017
0	0.965398
0	0.955017
0	0.987889
0	0.99654
0	0.972318
0	0.975779
0	0.955017
0	0.955017
0	0.99481
0	0.980969
0	0.99654
0	0.972318
0	0.987889
0	0.972318
0	0.986159
0	0.975779
0	0.979239
0	0.99481
0	0.991349
0	0.991349
0	0.99481
0	0.99654
0	0.975779
0	0.991349
0	0.955017
0	0.986159
0	0.99827
0	0.99654
0	0.955017
0	0.99308
0	0.99308
0	0.979239
0	0.980969
0	0.99308
0	0.975779
0	0.989619
0	0.991349
0	0.99654
0	0.975779
0	0.984429
0	0.991349
0	0.99654
0	0.970588
0	0.99654
0	0.972318
0	0.99654
0	0.99308
0	0.99481
0	0.99481
0	0.99654
0	0.984429
0	0.965398
0	0.99654
0	0.979239
0	0.975779
0	0.984429
0	0.99481
0	0.989619
0	0.99308
0	0.99654
0	0.99308
0	0.986159
0	0.99308
0	0.987889
0	0.986159
0	0.980969
0	0.982699
0	0.986159
0	0.977509
0	0.986159
0	0.986159
0	0.99308
0	0.986159
0	0.99654
0	0.99654
0	0.991349
0	0.955017
0	0.99481
0	0.979239
0	0.99654
0	0.986159
0	0.99654
0	0.99654
0	0.99308
0	0.986159
0	0.980969
0	0.99654
0	0.99308
0	0.99308
0	0.99308
0	0.980969
0	0.989619
0	0.991349
0	0.989619
0	0.955017
0	0.972318
0	0.975779
0	0.955017
0	0.99481
0	0.986159
0	0.99481
0	0.99481
0	0.99654
0	0.99308
0	0.99481
0	0.975779
0	0.987889
0	0.977509
0	0.965398
0	0.979239
0	0.987889
0	0.972318
0	0.987889
0	0.984429
0	0.986159
0	0.975779
0	0.991349
0	0.99654
0	0.991349
0	inf
0	0.955017
0	0.989619
0	0.984429
0	0.970588
0	0.99308
0	0.99481
0	0.980969
0	0.955017
0	0.980969
0	0.99308
0	0.99654
0	0.99654
0	0.99481
0	0.991349
0	0.986159
0	0.970588
0	0.99654
0	0.977509
0	0.965398
0	0.977509
0	0.970588
0	0.989619
0	0.979239
0	0.99308
0	0.99308
0	0.984429
0	0.99481
0	0.955017
0	0.987889
0	0.965398
0	0.99654
0	0.99654
0	0.965398
0	0.99308
0	0.99481
0	0.99654
0	0.99481
0	0.99308
0	0.99654
0	0.970588
0	0.975779
0	0.99654
0	0.99481
0	0.965398
0	0.99308
0	0.986159
0	0.99308
0	0.989619
0	0.99308
0	0.99308
0	0.989619
0	0.99481
0	0.980969
0	0.99654
0	0.970588
0	0.984429
0	0.99481
0	0.955017
0	0.972318
0	0.99481
0	0.99481
0	0.980969
0	0.975779
0	0.99481
0	0.99308
0	0.99308
0	0.99654
0	0.979239
0	0.99654
0	0.955017
0	0.99481
0	0.972318
0	0.99654
0	0.989619
0	0.99654
0	0.99481
0	0.970588
0	0.975779
0	0.984429
0	0.99481
0	0.987889
0	0.980969
0	0.991349
0	0.991349
0	0.991349
0	0.99481
0	0.979239
0	0.979239
0	0.987889
0	0.991349
0	0.982699
0	0.955017
0	0.984429
0	0.987889
0	0.986159
0	0.99654
0	0.99308
0	0.99654
0	0.99481
0	0.975779
0	0.986159
0	0.965398
0	0.970588
0	0.99308
0	0.99481
0	0.986159
0	0.99481
0	0.955017
0	0.975779
0	0.99827
0	0.984429
0	0.975779
0	0.987889
0	0.987889
0	0.99308
0	0.991349
0	0.99481
0	0.99308
0	0.99481
0	0.987889
0	0.986159
0	0.99654
0	0.99308
0	0.991349
0	0.99481
0	0.989619
0	0.975779
0	0.982699
0	0.991349
0	0.972318
0	0.984429
0	0.984429
0	0.99308
0	0.991349
0	0.991349
0	0.99308
0	0.989619
0	0.965398
0	0.984429
0	0.980969
0	0.979239
0	0.99308
0	0.982699
0	0.965398
0	0.984429
0	0.991349
0	0.986159
0	0.955017
0	0.970588
0	0.99654
0	0.977509
0	0.989619
0	0.980969
0	0.987889
0	0.99654
0	0.980969
0	0.99481
0	0.99308
0	0.991349
0	0.987889


