# Persistence diagram <GML/1123.gml>
#
# Dimension   : 1
# Entries     : 166
# Betti number: 165
0.918033	inf
0.931148	inf
0.954098	inf
0.960656	inf
0.960656	inf
0.960656	inf
0.963934	inf
0.963934	0.970492
0.963934	inf
0.963934	inf
0.967213	inf
0.967213	inf
0.967213	inf
0.967213	inf
0.967213	inf
0.967213	inf
0.967213	inf
0.970492	inf
0.970492	inf
0.970492	inf
0.970492	inf
0.970492	inf
0.970492	inf
0.970492	inf
0.970492	inf
0.97377	inf
0.97377	inf
0.97377	inf
0.97377	inf
0.97377	inf
0.97377	inf
0.97377	inf
0.97377	inf
0.97377	inf
0.97377	inf
0.97377	inf
0.97377	inf
0.97377	inf
0.97377	inf
0.977049	inf
0.977049	inf
0.977049	inf
0.977049	inf
0.977049	inf
0.977049	inf
0.977049	inf
0.977049	inf
0.980328	inf
0.980328	inf
0.980328	inf
0.980328	inf
0.980328	inf
0.980328	inf
0.980328	inf
0.980328	inf
0.980328	inf
0.980328	inf
0.980328	inf
0.980328	inf
0.980328	inf
0.980328	inf
0.980328	inf
0.980328	inf
0.980328	inf
0.980328	inf
0.980328	inf
0.980328	inf
0.980328	inf
0.980328	inf
0.980328	inf
0.980328	inf
0.980328	inf
0.980328	inf
0.980328	inf
0.980328	inf
0.983607	inf
0.983607	inf
0.983607	inf
0.983607	inf
0.983607	inf
0.983607	inf
0.983607	inf
0.983607	inf
0.983607	inf
0.983607	inf
0.983607	inf
0.983607	inf
0.983607	inf
0.983607	inf
0.983607	inf
0.983607	inf
0.983607	inf
0.983607	inf
0.983607	inf
0.983607	inf
0.983607	inf
0.983607	inf
0.983607	inf
0.983607	inf
0.986885	inf
0.986885	inf
0.986885	inf
0.986885	inf
0.986885	inf
0.986885	inf
0.986885	inf
0.986885	inf
0.986885	inf
0.986885	inf
0.986885	inf
0.986885	inf
0.986885	inf
0.986885	inf
0.986885	inf
0.986885	inf
0.986885	inf
0.986885	inf
0.986885	inf
0.986885	inf
0.986885	inf
0.986885	inf
0.990164	inf
0.990164	inf
0.990164	inf
0.990164	inf
0.990164	inf
0.990164	inf
0.990164	inf
0.990164	inf
0.990164	inf
0.990164	inf
0.990164	inf
0.990164	inf
0.990164	inf
0.990164	inf
0.990164	inf
0.990164	inf
0.990164	inf
0.990164	inf
0.990164	inf
0.990164	inf
0.990164	inf
0.990164	inf
0.990164	inf
0.990164	inf
0.990164	inf
0.990164	inf
0.990164	inf
0.990164	inf
0.990164	inf
0.993443	inf
0.993443	inf
0.993443	inf
0.993443	inf
0.993443	inf
0.993443	inf
0.993443	inf
0.993443	inf
0.993443	inf
0.993443	inf
0.993443	inf
0.993443	inf
0.993443	inf
0.993443	inf
0.993443	inf
0.993443	inf
