# Persistence diagram <GML/1124.gml>
#
# Dimension   : 1
# Entries     : 59
# Betti number: 59
0.972689	inf
0.97479	inf
0.981092	inf
0.981092	inf
0.983193	inf
0.983193	inf
0.983193	inf
0.983193	inf
0.985294	inf
0.985294	inf
0.987395	inf
0.987395	inf
0.987395	inf
0.987395	inf
0.989496	inf
0.989496	inf
0.989496	inf
0.989496	inf
0.989496	inf
0.989496	inf
0.989496	inf
0.989496	inf
0.989496	inf
0.989496	inf
0.989496	inf
0.991597	inf
0.991597	inf
0.991597	inf
0.991597	inf
0.991597	inf
0.991597	inf
0.991597	inf
0.991597	inf
0.991597	inf
0.991597	inf
0.993697	inf
0.993697	inf
0.993697	inf
0.993697	inf
0.993697	inf
0.993697	inf
0.993697	inf
0.993697	inf
0.993697	inf
0.993697	inf
0.993697	inf
0.993697	inf
0.993697	inf
0.993697	inf
0.995798	inf
0.995798	inf
0.995798	inf
0.995798	inf
0.995798	inf
0.995798	inf
0.995798	inf
0.995798	inf
0.995798	inf
0.995798	inf
