# Persistence diagram <GML/1126.gml>
#
# Dimension   : 0
# Entries     : 222
# Betti number: 1
0	inf
0	0.993197
0	0.986395
0	0.979592
0	0.965986
0	0.993197
0	0.993197
0	0.982993
0	0.965986
0	0.982993
0	0.986395
0	0.993197
0	0.945578
0	0.965986
0	0.979592
0	0.986395
0	0.97619
0	0.952381
0	0.972789
0	0.993197
0	0.972789
0	0.952381
0	0.945578
0	0.952381
0	0.965986
0	0.979592
0	0.979592
0	0.979592
0	0.986395
0	0.982993
0	0.993197
0	0.986395
0	0.993197
0	0.982993
0	0.979592
0	0.945578
0	0.982993
0	0.982993
0	0.982993
0	0.989796
0	0.982993
0	0.972789
0	0.969388
0	0.986395
0	0.982993
0	0.989796
0	0.993197
0	0.986395
0	0.982993
0	0.982993
0	0.986395
0	0.993197
0	0.97619
0	0.97619
0	0.982993
0	0.986395
0	0.986395
0	0.952381
0	0.972789
0	0.969388
0	0.979592
0	0.986395
0	0.993197
0	0.993197
0	0.97619
0	0.952381
0	0.993197
0	0.986395
0	0.993197
0	0.982993
0	0.945578
0	0.982993
0	0.993197
0	0.945578
0	0.989796
0	0.989796
0	0.986395
0	0.986395
0	0.972789
0	0.969388
0	0.993197
0	0.97619
0	0.982993
0	0.986395
0	0.989796
0	0.993197
0	0.965986
0	0.979592
0	0.982993
0	0.982993
0	0.965986
0	0.986395
0	0.979592
0	0.993197
0	0.993197
0	0.993197
0	0.982993
0	0.965986
0	0.993197
0	0.993197
0	0.986395
0	0.965986
0	0.952381
0	0.972789
0	0.993197
0	0.965986
0	0.993197
0	0.989796
0	0.989796
0	0.989796
0	0.945578
0	0.979592
0	0.989796
0	0.972789
0	0.952381
0	0.97619
0	0.969388
0	0.986395
0	0.989796
0	0.952381
0	0.982993
0	0.989796
0	0.982993
0	0.993197
0	0.972789
0	0.986395
0	0.972789
0	0.982993
0	0.982993
0	0.993197
0	0.982993
0	0.972789
0	0.972789
0	0.969388
0	0.97619
0	0.972789
0	0.989796
0	0.965986
0	0.952381
0	0.982993
0	0.945578
0	0.993197
0	0.965986
0	0.993197
0	0.993197
0	0.972789
0	0.986395
0	0.993197
0	0.986395
0	0.97619
0	0.979592
0	0.993197
0	0.97619
0	0.993197
0	0.945578
0	0.989796
0	0.952381
0	0.972789
0	0.989796
0	0.972789
0	0.945578
0	0.993197
0	0.979592
0	0.986395
0	0.972789
0	0.965986
0	0.993197
0	0.986395
0	0.993197
0	0.972789
0	0.993197
0	0.993197
0	0.965986
0	0.986395
0	0.986395
0	0.945578
0	0.993197
0	0.989796
0	0.993197
0	0.97619
0	0.972789
0	0.979592
0	0.989796
0	0.986395
0	0.986395
0	0.952381
0	0.979592
0	0.982993
0	0.952381
0	0.986395
0	0.989796
0	0.979592
0	0.986395
0	0.982993
0	0.945578
0	0.986395
0	0.982993
0	0.965986
0	0.993197
0	0.945578
0	0.982993
0	0.972789
0	0.979592
0	0.993197
0	0.993197
0	0.993197
0	0.982993
0	0.989796
0	0.986395
0	0.979592
0	0.986395
0	0.969388
0	0.989796
0	0.969388
0	0.969388
0	0.986395
0	0.945578
0	0.993197
0	0.993197
0	0.986395
0	0.993197
0	0.969388


