# Persistence diagram <GML/1127.gml>
#
# Dimension   : 0
# Entries     : 129
# Betti number: 3
0	inf
0	0.994475
0	0.98895
0	0.986188
0	0.98895
0	0.991713
0	0.947514
0	0.991713
0	0.98895
0	0.983425
0	0.994475
0	0.994475
0	inf
0	0.983425
0	0.994475
0	0.98895
0	0.98895
0	0.994475
0	inf
0	0.983425
0	0.980663
0	0.947514
0	0.980663
0	0.947514
0	0.991713
0	0.98895
0	0.986188
0	0.986188
0	0.994475
0	0.98895
0	0.983425
0	0.991713
0	0.991713
0	0.991713
0	0.994475
0	0.983425
0	0.986188
0	0.991713
0	0.980663
0	0.994475
0	0.983425
0	0.986188
0	0.980663
0	0.994475
0	0.98895
0	0.994475
0	0.986188
0	0.98895
0	0.986188
0	0.991713
0	0.98895
0	0.986188
0	0.947514
0	0.991713
0	0.994475
0	0.994475
0	0.98895
0	0.986188
0	0.994475
0	0.983425
0	0.947514
0	0.983425
0	0.994475
0	0.98895
0	0.983425
0	0.986188
0	0.991713
0	0.947514
0	0.991713
0	0.983425
0	0.994475
0	0.994475
0	0.994475
0	0.947514
0	0.994475
0	0.983425
0	0.991713
0	0.994475
0	0.994475
0	0.991713
0	0.947514
0	0.994475
0	0.98895
0	0.983425
0	0.947514
0	0.983425
0	0.98895
0	0.986188
0	0.947514
0	0.994475
0	0.991713
0	0.983425
0	0.994475
0	0.994475
0	0.98895
0	0.98895
0	0.991713
0	0.98895
0	0.997238
0	0.994475
0	0.98895
0	0.98895
0	0.986188
0	0.994475
0	0.98895
0	0.947514
0	0.980663
0	0.98895
0	0.986188
0	0.994475
0	0.994475
0	0.98895
0	0.991713
0	0.947514
0	0.947514
0	0.991713
0	0.991713
0	0.983425
0	0.986188
0	0.947514
0	0.98895
0	0.98895
0	0.991713
0	0.947514
0	0.994475
0	0.947514
0	0.994475
0	0.98895
0	0.994475


