# Persistence diagram <GML/1128.gml>
#
# Dimension   : 0
# Entries     : 270
# Betti number: 1
0	inf
0	0.99591
0	0.95092
0	0.94274
0	0.989775
0	0.94274
0	0.985685
0	0.99182
0	0.985685
0	0.99591
0	0.99591
0	0.985685
0	0.989775
0	0.95092
0	0.97137
0	0.977505
0	0.94274
0	0.99182
0	0.99591
0	0.993865
0	0.985685
0	0.95092
0	0.95092
0	0.985685
0	0.98773
0	0.94274
0	0.99182
0	0.985685
0	0.99591
0	0.993865
0	0.98773
0	0.99591
0	0.957055
0	0.99591
0	0.957055
0	0.94274
0	0.957055
0	0.985685
0	0.94274
0	0.94274
0	0.993865
0	0.989775
0	0.957055
0	0.993865
0	0.99182
0	0.993865
0	0.94274
0	0.97137
0	0.94274
0	0.98773
0	0.98773
0	0.94274
0	0.98364
0	0.977505
0	0.99591
0	0.94274
0	0.98364
0	0.957055
0	0.98773
0	0.97137
0	0.99182
0	0.95092
0	0.985685
0	0.98364
0	0.993865
0	0.99591
0	0.99591
0	0.98773
0	0.99182
0	0.99591
0	0.97137
0	0.985685
0	0.985685
0	0.97137
0	0.99182
0	0.99182
0	0.99182
0	0.95092
0	0.99591
0	0.99182
0	0.99182
0	0.97137
0	0.98364
0	0.95092
0	0.99591
0	0.99591
0	0.95092
0	0.98773
0	0.98364
0	0.985685
0	0.94274
0	0.97137
0	0.981595
0	0.981595
0	0.97137
0	0.97137
0	0.99182
0	0.99182
0	0.98773
0	0.989775
0	0.98364
0	0.981595
0	0.95092
0	0.99591
0	0.989775
0	0.94274
0	0.99182
0	0.985685
0	0.99591
0	0.99182
0	0.95092
0	0.98773
0	0.99591
0	0.97137
0	0.985685
0	0.95092
0	0.99591
0	0.99182
0	0.99182
0	0.989775
0	0.94274
0	0.97137
0	0.99182
0	0.981595
0	0.98364
0	0.981595
0	0.98773
0	0.981595
0	0.97137
0	0.97137
0	0.94274
0	0.99591
0	0.95092
0	0.98773
0	0.99591
0	0.97137
0	0.977505
0	0.99591
0	0.99591
0	0.99591
0	0.99591
0	0.99591
0	0.98364
0	0.99591
0	0.99182
0	0.97137
0	0.99591
0	0.989775
0	0.99182
0	0.957055
0	0.95092
0	0.99591
0	0.989775
0	0.985685
0	0.98364
0	0.981595
0	0.957055
0	0.97137
0	0.985685
0	0.99182
0	0.99591
0	0.957055
0	0.98364
0	0.989775
0	0.99591
0	0.989775
0	0.97137
0	0.993865
0	0.993865
0	0.95092
0	0.98773
0	0.981595
0	0.98364
0	0.98364
0	0.977505
0	0.98773
0	0.95092
0	0.98364
0	0.981595
0	0.977505
0	0.98773
0	0.99591
0	0.98364
0	0.98364
0	0.993865
0	0.99591
0	0.977505
0	0.98773
0	0.97137
0	0.993865
0	0.993865
0	0.957055
0	0.981595
0	0.985685
0	0.985685
0	0.99591
0	0.981595
0	0.993865
0	0.993865
0	0.977505
0	0.977505
0	0.957055
0	0.985685
0	0.99591
0	0.98773
0	0.957055
0	0.98364
0	0.99182
0	0.989775
0	0.99591
0	0.94274
0	0.98364
0	0.98773
0	0.985685
0	0.993865
0	0.94274
0	0.99591
0	0.99182
0	0.97137
0	0.94274
0	0.977505
0	0.993865
0	0.97137
0	0.95092
0	0.98773
0	0.97137
0	0.98364
0	0.94274
0	0.985685
0	0.99591
0	0.98773
0	0.94274
0	0.98364
0	0.95092
0	0.95092
0	0.993865
0	0.99182
0	0.957055
0	0.97137
0	0.99591
0	0.94274
0	0.99591
0	0.981595
0	0.99591
0	0.98773
0	0.95092
0	0.985685
0	0.99591
0	0.989775
0	0.98364
0	0.99591
0	0.98773
0	0.99182
0	0.98364
0	0.957055
0	0.94274
0	0.981595
0	0.94274
0	0.95092
0	0.993865
0	0.95092
0	0.99182
0	0.94274
0	0.977505
0	0.977505
0	0.985685
0	0.99591
0	0.981595
0	0.99591
0	0.993865


