# Persistence diagram <GML/1130.gml>
#
# Dimension   : 1
# Entries     : 59
# Betti number: 59
0.989028	inf
0.992163	inf
0.992163	inf
0.992947	inf
0.992947	inf
0.992947	inf
0.994514	inf
0.994514	inf
0.994514	inf
0.995298	inf
0.995298	inf
0.995298	inf
0.995298	inf
0.995298	inf
0.995298	inf
0.995298	inf
0.995298	inf
0.995298	inf
0.996082	inf
0.996082	inf
0.996865	inf
0.996865	inf
0.996865	inf
0.996865	inf
0.996865	inf
0.996865	inf
0.996865	inf
0.996865	inf
0.996865	inf
0.996865	inf
0.996865	inf
0.997649	inf
0.997649	inf
0.997649	inf
0.997649	inf
0.997649	inf
0.997649	inf
0.997649	inf
0.997649	inf
0.997649	inf
0.997649	inf
0.997649	inf
0.998433	inf
0.998433	inf
0.998433	inf
0.998433	inf
0.998433	inf
0.998433	inf
0.998433	inf
0.998433	inf
0.998433	inf
0.998433	inf
0.998433	inf
0.998433	inf
0.998433	inf
0.998433	inf
0.998433	inf
0.998433	inf
0.998433	inf
