# Persistence diagram <GML/1132.gml>
#
# Dimension   : 1
# Entries     : 68
# Betti number: 68
0.980017	inf
0.980886	inf
0.984361	inf
0.984361	inf
0.984361	inf
0.984361	inf
0.98523	inf
0.988705	inf
0.989574	inf
0.989574	inf
0.990443	inf
0.991312	inf
0.991312	inf
0.991312	inf
0.991312	inf
0.991312	inf
0.991312	inf
0.992181	inf
0.992181	inf
0.992181	inf
0.99305	inf
0.99305	inf
0.993918	inf
0.993918	inf
0.993918	inf
0.994787	inf
0.994787	inf
0.995656	inf
0.995656	inf
0.995656	inf
0.995656	inf
0.995656	inf
0.996525	inf
0.996525	inf
0.996525	inf
0.996525	inf
0.996525	inf
0.997394	inf
0.997394	inf
0.997394	inf
0.997394	inf
0.997394	inf
0.997394	inf
0.997394	inf
0.997394	inf
0.997394	inf
0.997394	inf
0.997394	inf
0.997394	inf
0.997394	inf
0.997394	inf
0.997394	inf
0.997394	inf
0.997394	inf
0.997394	inf
0.998262	inf
0.998262	inf
0.998262	inf
0.998262	inf
0.998262	inf
0.998262	inf
0.998262	inf
0.998262	inf
0.998262	inf
0.998262	inf
0.998262	inf
0.998262	inf
0.998262	inf
