# Persistence diagram <GML/1135.gml>
#
# Dimension   : 0
# Entries     : 179
# Betti number: 2
0	inf
0	0.942857
0	0.942857
0	0.942857
0	0.971429
0	0.828571
0	0.9
0	0.871429
0	0.942857
0	0.971429
0	0.957143
0	0.942857
0	0.942857
0	0.971429
0	0.928571
0	0.928571
0	0.942857
0	0.957143
0	0.871429
0	0.971429
0	0.885714
0	0.942857
0	0.885714
0	0.914286
0	0.957143
0	0.942857
0	0.928571
0	0.942857
0	0.971429
0	0.942857
0	0.914286
0	0.9
0	0.942857
0	0.828571
0	0.957143
0	0.828571
0	0.9
0	0.957143
0	0.9
0	0.9
0	0.942857
0	0.957143
0	0.885714
0	0.942857
0	0.971429
0	0.928571
0	inf
0	0.885714
0	0.828571
0	0.971429
0	0.9
0	0.9
0	0.885714
0	0.971429
0	0.942857
0	0.914286
0	0.9
0	0.9
0	0.957143
0	0.828571
0	0.914286
0	0.885714
0	0.957143
0	0.9
0	0.9
0	0.971429
0	0.957143
0	0.871429
0	0.971429
0	0.928571
0	0.971429
0	0.942857
0	0.971429
0	0.914286
0	0.942857
0	0.871429
0	0.971429
0	0.928571
0	0.871429
0	0.942857
0	0.9
0	0.871429
0	0.942857
0	0.828571
0	0.914286
0	0.942857
0	0.957143
0	0.971429
0	0.942857
0	0.942857
0	0.928571
0	0.885714
0	0.9
0	0.914286
0	0.942857
0	0.928571
0	0.942857
0	0.914286
0	0.942857
0	0.942857
0	0.942857
0	0.885714
0	0.928571
0	0.9
0	0.971429
0	0.942857
0	0.971429
0	0.942857
0	0.942857
0	0.942857
0	0.957143
0	0.885714
0	0.971429
0	0.9
0	0.914286
0	0.957143
0	0.957143
0	0.914286
0	0.885714
0	0.971429
0	0.942857
0	0.885714
0	0.9
0	0.914286
0	0.914286
0	0.914286
0	0.942857
0	0.9
0	0.914286
0	0.971429
0	0.9
0	0.971429
0	0.957143
0	0.828571
0	0.885714
0	0.9
0	0.971429
0	0.914286
0	0.957143
0	0.914286
0	0.828571
0	0.828571
0	0.885714
0	0.942857
0	0.971429
0	0.971429
0	0.928571
0	0.9
0	0.942857
0	0.971429
0	0.928571
0	0.828571
0	0.914286
0	0.885714
0	0.942857
0	0.942857
0	0.957143
0	0.942857
0	0.928571
0	0.871429
0	0.957143
0	0.9
0	0.9
0	0.871429
0	0.957143
0	0.914286
0	0.957143
0	0.942857
0	0.9
0	0.928571
0	0.928571
0	0.971429
0	0.957143
0	0.942857
0	0.928571
0	0.957143
0	0.871429
0	0.971429
0	0.928571


