# Persistence diagram <GML/1137.gml>
#
# Dimension   : 0
# Entries     : 451
# Betti number: 5
0	inf
0	0.967816
0	0.983908
0	0.981609
0	0.963218
0	0.988506
0	0.988506
0	0.983908
0	0.988506
0	0.983908
0	0.963218
0	0.988506
0	0.993103
0	0.958621
0	0.988506
0	inf
0	0.963218
0	0.967816
0	0.995402
0	0.965517
0	0.96092
0	0.958621
0	0.990805
0	0.993103
0	0.963218
0	0.983908
0	0.988506
0	0.983908
0	0.983908
0	0.97931
0	0.988506
0	0.977011
0	0.995402
0	0.993103
0	0.965517
0	0.988506
0	0.983908
0	0.990805
0	0.995402
0	0.963218
0	0.997701
0	0.96092
0	0.96092
0	0.993103
0	0.995402
0	0.983908
0	0.988506
0	0.965517
0	0.986207
0	0.983908
0	0.990805
0	0.96092
0	0.963218
0	0.981609
0	0.995402
0	0.995402
0	0.988506
0	0.983908
0	0.958621
0	0.97931
0	0.97931
0	0.995402
0	0.97931
0	0.990805
0	0.974713
0	0.96092
0	0.995402
0	0.995402
0	0.990805
0	0.974713
0	0.983908
0	0.993103
0	0.986207
0	0.983908
0	0.983908
0	0.974713
0	0.963218
0	0.963218
0	0.972414
0	0.983908
0	0.988506
0	0.974713
0	0.963218
0	0.986207
0	0.96092
0	0.995402
0	0.963218
0	0.963218
0	inf
0	0.995402
0	inf
0	0.977011
0	0.988506
0	0.988506
0	0.965517
0	0.977011
0	0.965517
0	0.988506
0	0.963218
0	0.993103
0	0.986207
0	0.995402
0	0.995402
0	0.990805
0	0.97931
0	0.983908
0	0.97931
0	0.995402
0	0.988506
0	0.988506
0	0.97931
0	0.988506
0	0.990805
0	0.993103
0	0.995402
0	0.995402
0	0.983908
0	0.972414
0	0.977011
0	0.963218
0	0.97931
0	0.981609
0	0.983908
0	0.972414
0	0.96092
0	0.963218
0	0.983908
0	0.96092
0	0.974713
0	0.967816
0	0.986207
0	0.972414
0	0.974713
0	0.963218
0	0.96092
0	0.972414
0	0.988506
0	0.995402
0	0.981609
0	0.983908
0	0.993103
0	0.983908
0	0.958621
0	0.986207
0	0.972414
0	0.963218
0	0.988506
0	0.995402
0	0.990805
0	0.993103
0	0.988506
0	0.958621
0	0.995402
0	0.990805
0	0.988506
0	0.974713
0	0.990805
0	0.995402
0	0.990805
0	0.986207
0	0.981609
0	0.983908
0	0.958621
0	0.972414
0	0.995402
0	0.983908
0	0.995402
0	0.993103
0	0.958621
0	0.977011
0	0.990805
0	0.995402
0	0.986207
0	0.995402
0	0.983908
0	0.995402
0	0.963218
0	0.988506
0	0.995402
0	0.988506
0	0.990805
0	0.995402
0	0.97931
0	0.993103
0	0.96092
0	0.993103
0	0.972414
0	0.983908
0	0.988506
0	0.981609
0	0.995402
0	0.988506
0	0.958621
0	0.993103
0	0.983908
0	0.990805
0	0.990805
0	0.981609
0	0.995402
0	0.981609
0	0.96092
0	0.972414
0	0.96092
0	0.974713
0	0.974713
0	0.97931
0	0.990805
0	0.988506
0	0.972414
0	0.983908
0	0.993103
0	0.997701
0	0.990805
0	0.97931
0	0.963218
0	0.972414
0	0.995402
0	0.983908
0	0.990805
0	0.97931
0	0.97931
0	0.967816
0	0.995402
0	0.988506
0	0.96092
0	0.963218
0	0.974713
0	0.974713
0	0.990805
0	0.972414
0	0.986207
0	0.983908
0	0.990805
0	0.983908
0	0.993103
0	0.974713
0	0.995402
0	0.993103
0	0.993103
0	0.963218
0	0.988506
0	0.981609
0	0.986207
0	0.990805
0	0.977011
0	0.974713
0	0.993103
0	0.967816
0	0.974713
0	0.972414
0	0.995402
0	0.963218
0	0.974713
0	0.97931
0	0.990805
0	0.993103
0	0.990805
0	0.995402
0	0.993103
0	0.993103
0	0.990805
0	0.990805
0	0.990805
0	0.990805
0	0.983908
0	0.990805
0	0.97931
0	0.993103
0	0.995402
0	0.972414
0	0.963218
0	0.981609
0	0.993103
0	0.990805
0	0.963218
0	0.993103
0	0.972414
0	0.977011
0	0.981609
0	0.97931
0	0.988506
0	0.990805
0	0.963218
0	0.995402
0	0.972414
0	0.972414
0	0.995402
0	0.986207
0	0.967816
0	0.965517
0	0.993103
0	0.995402
0	0.97931
0	0.97931
0	0.993103
0	0.993103
0	0.974713
0	0.986207
0	0.981609
0	0.967816
0	0.990805
0	0.963218
0	0.958621
0	0.995402
0	0.97931
0	0.981609
0	0.974713
0	0.995402
0	0.97931
0	0.995402
0	0.995402
0	0.981609
0	0.963218
0	0.988506
0	0.986207
0	0.995402
0	0.983908
0	0.963218
0	0.997701
0	0.990805
0	0.977011
0	0.995402
0	0.974713
0	0.995402
0	0.990805
0	0.97931
0	0.963218
0	0.995402
0	0.995402
0	0.990805
0	0.986207
0	0.995402
0	0.96092
0	0.977011
0	0.995402
0	0.995402
0	0.977011
0	0.995402
0	0.963218
0	0.965517
0	0.965517
0	0.97931
0	0.97931
0	0.995402
0	inf
0	0.977011
0	0.958621
0	0.96092
0	0.981609
0	0.963218
0	0.993103
0	0.974713
0	0.974713
0	0.990805
0	0.972414
0	0.995402
0	0.995402
0	0.972414
0	0.974713
0	0.963218
0	0.993103
0	0.995402
0	0.988506
0	0.983908
0	0.993103
0	0.965517
0	0.974713
0	0.958621
0	0.981609
0	0.993103
0	0.963218
0	0.965517
0	0.995402
0	0.97931
0	0.97931
0	0.974713
0	0.972414
0	0.995402
0	0.993103
0	0.983908
0	0.983908
0	0.983908
0	0.972414
0	0.995402
0	0.993103
0	0.983908
0	0.988506
0	0.993103
0	0.958621
0	0.963218
0	0.972414
0	0.983908
0	0.963218
0	0.974713
0	0.963218
0	0.990805
0	0.995402
0	0.995402
0	0.988506
0	0.983908
0	0.963218
0	0.974713
0	0.993103
0	0.977011
0	0.995402
0	0.958621
0	0.983908
0	0.967816
0	0.963218
0	0.983908
0	0.993103
0	0.993103
0	0.972414
0	0.97931
0	0.993103
0	0.993103
0	0.988506
0	0.983908
0	0.993103
0	0.963218
0	0.983908
0	0.958621
0	0.97931
0	0.967816
0	0.97931
0	0.983908
0	0.97931
0	0.974713
0	0.967816
0	0.965517
0	0.995402
0	0.97931
0	0.997701
0	0.974713
0	0.990805
0	0.97931
0	0.977011
0	0.981609
0	0.995402
0	0.990805
0	0.990805
0	0.963218
0	0.990805
0	0.963218
0	0.988506
0	0.958621
0	0.963218
0	0.995402
0	0.967816
0	0.988506
0	0.986207


