# Persistence diagram <GML/1138.gml>
#
# Dimension   : 0
# Entries     : 748
# Betti number: 4
0	inf
0	0.995652
0	0.989855
0	0.973913
0	0.985507
0	0.994203
0	0.986957
0	0.991304
0	0.992754
0	0.995652
0	0.989855
0	0.992754
0	0.994203
0	0.986957
0	0.997101
0	0.995652
0	0.984058
0	0.991304
0	0.995652
0	0.997101
0	0.995652
0	0.995652
0	0.971014
0	0.982609
0	0.994203
0	0.994203
0	inf
0	0.994203
0	0.97971
0	0.997101
0	0.986957
0	0.976812
0	0.992754
0	0.989855
0	0.997101
0	0.997101
0	0.997101
0	0.984058
0	0.989855
0	0.995652
0	0.97971
0	0.97971
0	0.985507
0	0.989855
0	0.997101
0	0.995652
0	0.971014
0	0.994203
0	0.976812
0	0.988406
0	0.985507
0	0.972464
0	0.995652
0	0.994203
0	0.976812
0	0.985507
0	0.975362
0	0.97971
0	0.944928
0	0.97971
0	0.985507
0	0.985507
0	0.989855
0	0.988406
0	0.975362
0	0.994203
0	0.988406
0	0.986957
0	0.973913
0	0.985507
0	0.973913
0	0.995652
0	0.994203
0	0.976812
0	0.973913
0	0.988406
0	0.995652
0	0.975362
0	0.972464
0	0.944928
0	0.97971
0	0.997101
0	0.997101
0	0.973913
0	0.995652
0	0.962319
0	0.944928
0	0.985507
0	0.973913
0	0.986957
0	0.994203
0	0.995652
0	0.973913
0	0.985507
0	0.988406
0	0.988406
0	0.973913
0	0.985507
0	0.944928
0	0.994203
0	0.985507
0	0.985507
0	0.989855
0	0.989855
0	0.997101
0	0.962319
0	0.973913
0	0.985507
0	0.981159
0	0.994203
0	0.992754
0	0.971014
0	0.985507
0	0.97971
0	0.997101
0	0.989855
0	0.984058
0	0.997101
0	0.992754
0	0.985507
0	0.976812
0	0.991304
0	0.972464
0	0.994203
0	0.991304
0	0.995652
0	0.997101
0	0.988406
0	0.994203
0	0.981159
0	0.973913
0	0.984058
0	0.988406
0	0.986957
0	0.994203
0	0.97971
0	0.995652
0	0.994203
0	0.988406
0	0.989855
0	0.997101
0	0.985507
0	0.962319
0	0.944928
0	0.973913
0	0.994203
0	0.972464
0	0.985507
0	0.97971
0	0.975362
0	0.994203
0	0.944928
0	0.997101
0	0.997101
0	0.991304
0	0.982609
0	0.995652
0	0.986957
0	0.997101
0	0.944928
0	0.992754
0	0.97971
0	0.973913
0	0.988406
0	0.97971
0	0.997101
0	0.973913
0	0.992754
0	0.995652
0	0.997101
0	0.973913
0	0.985507
0	0.991304
0	0.995652
0	0.972464
0	0.944928
0	0.991304
0	0.997101
0	0.991304
0	0.985507
0	0.985507
0	0.944928
0	0.986957
0	0.986957
0	0.97971
0	0.994203
0	0.995652
0	0.994203
0	0.991304
0	0.991304
0	0.997101
0	0.972464
0	0.985507
0	0.986957
0	0.989855
0	0.973913
0	0.944928
0	0.982609
0	0.973913
0	0.975362
0	0.991304
0	0.994203
0	0.991304
0	0.988406
0	0.995652
0	0.992754
0	0.975362
0	0.992754
0	0.944928
0	0.97971
0	0.989855
0	0.994203
0	0.997101
0	0.972464
0	0.995652
0	0.986957
0	0.992754
0	0.994203
0	0.944928
0	0.962319
0	0.973913
0	0.985507
0	0.991304
0	0.989855
0	0.971014
0	0.994203
0	0.989855
0	0.997101
0	0.994203
0	0.97971
0	0.997101
0	0.994203
0	0.989855
0	0.988406
0	0.973913
0	0.982609
0	0.988406
0	0.991304
0	0.994203
0	0.973913
0	0.971014
0	0.973913
0	0.992754
0	0.994203
0	0.988406
0	0.971014
0	0.973913
0	0.992754
0	0.997101
0	0.997101
0	0.994203
0	0.997101
0	0.997101
0	0.991304
0	0.97971
0	0.989855
0	0.989855
0	0.989855
0	0.984058
0	0.995652
0	0.976812
0	0.997101
0	0.985507
0	0.989855
0	0.997101
0	0.975362
0	0.995652
0	0.973913
0	0.994203
0	0.985507
0	0.973913
0	0.944928
0	0.973913
0	0.988406
0	0.988406
0	0.985507
0	0.973913
0	0.994203
0	0.985507
0	0.972464
0	0.988406
0	0.995652
0	0.962319
0	0.985507
0	0.994203
0	0.981159
0	0.944928
0	0.995652
0	0.976812
0	0.962319
0	0.991304
0	0.984058
0	0.994203
0	0.971014
0	0.991304
0	0.973913
0	0.985507
0	0.991304
0	0.995652
0	0.973913
0	0.984058
0	0.985507
0	0.994203
0	0.981159
0	0.985507
0	0.997101
0	0.944928
0	0.989855
0	0.973913
0	0.991304
0	0.992754
0	0.989855
0	0.944928
0	0.97971
0	0.972464
0	0.997101
0	0.995652
0	0.995652
0	0.973913
0	0.97971
0	0.994203
0	0.997101
0	0.988406
0	0.972464
0	0.976812
0	0.991304
0	0.995652
0	0.962319
0	0.986957
0	0.973913
0	0.994203
0	0.991304
0	0.973913
0	0.973913
0	0.994203
0	0.989855
0	0.985507
0	0.994203
0	inf
0	0.997101
0	0.972464
0	0.986957
0	0.988406
0	0.992754
0	0.989855
0	0.994203
0	0.944928
0	0.997101
0	0.995652
0	0.995652
0	0.997101
0	0.985507
0	0.989855
0	0.989855
0	0.995652
0	0.995652
0	0.995652
0	0.995652
0	0.973913
0	0.971014
0	0.985507
0	0.985507
0	0.995652
0	0.989855
0	0.984058
0	0.994203
0	0.984058
0	0.985507
0	0.975362
0	0.97971
0	0.992754
0	0.985507
0	0.986957
0	0.984058
0	0.984058
0	inf
0	0.994203
0	0.973913
0	0.975362
0	0.962319
0	0.992754
0	0.971014
0	0.992754
0	0.995652
0	0.988406
0	0.994203
0	0.991304
0	0.994203
0	0.997101
0	0.994203
0	0.994203
0	0.986957
0	0.994203
0	0.944928
0	0.944928
0	0.991304
0	0.962319
0	0.971014
0	0.994203
0	0.997101
0	0.991304
0	0.995652
0	0.994203
0	0.997101
0	0.989855
0	0.97971
0	0.994203
0	0.988406
0	0.985507
0	0.985507
0	0.994203
0	0.994203
0	0.97971
0	0.944928
0	0.992754
0	0.962319
0	0.995652
0	0.991304
0	0.991304
0	0.971014
0	0.995652
0	0.985507
0	0.997101
0	0.97971
0	0.985507
0	0.989855
0	0.985507
0	0.992754
0	0.973913
0	0.994203
0	0.994203
0	0.994203
0	0.985507
0	0.992754
0	0.971014
0	0.997101
0	0.989855
0	0.962319
0	0.995652
0	0.976812
0	0.981159
0	0.984058
0	0.972464
0	0.997101
0	0.995652
0	0.991304
0	0.994203
0	0.994203
0	0.973913
0	0.995652
0	0.944928
0	0.985507
0	0.994203
0	0.988406
0	0.991304
0	0.973913
0	0.986957
0	0.997101
0	0.995652
0	0.995652
0	0.992754
0	0.944928
0	0.992754
0	0.984058
0	0.994203
0	0.962319
0	0.989855
0	0.992754
0	0.994203
0	0.986957
0	0.986957
0	0.995652
0	0.995652
0	0.994203
0	0.973913
0	0.991304
0	0.992754
0	0.973913
0	0.985507
0	0.944928
0	0.972464
0	0.984058
0	0.975362
0	0.995652
0	0.997101
0	0.991304
0	0.997101
0	0.973913
0	0.944928
0	0.997101
0	0.997101
0	0.973913
0	0.994203
0	0.994203
0	0.944928
0	0.973913
0	0.994203
0	0.997101
0	0.997101
0	0.992754
0	0.97971
0	0.995652
0	0.986957
0	0.991304
0	0.991304
0	0.989855
0	0.991304
0	0.986957
0	0.975362
0	0.992754
0	0.991304
0	0.997101
0	0.97971
0	0.973913
0	0.962319
0	0.986957
0	0.991304
0	0.995652
0	0.989855
0	0.973913
0	0.991304
0	0.944928
0	0.973913
0	0.989855
0	0.998551
0	0.971014
0	0.988406
0	0.986957
0	0.997101
0	0.973913
0	0.962319
0	0.986957
0	0.944928
0	0.997101
0	0.995652
0	0.985507
0	0.994203
0	0.991304
0	0.997101
0	0.995652
0	0.994203
0	0.944928
0	0.985507
0	0.989855
0	0.988406
0	0.973913
0	0.962319
0	0.991304
0	0.985507
0	0.972464
0	0.988406
0	0.989855
0	0.988406
0	0.97971
0	0.992754
0	0.991304
0	0.97971
0	0.994203
0	0.998551
0	0.991304
0	0.995652
0	0.976812
0	0.994203
0	0.973913
0	0.992754
0	0.994203
0	0.988406
0	0.988406
0	0.995652
0	0.973913
0	0.97971
0	0.995652
0	0.975362
0	0.995652
0	0.973913
0	0.944928
0	0.962319
0	0.97971
0	0.985507
0	0.975362
0	0.997101
0	0.988406
0	0.994203
0	0.991304
0	0.986957
0	0.985507
0	0.944928
0	0.971014
0	0.995652
0	0.971014
0	0.995652
0	0.985507
0	0.992754
0	0.982609
0	0.994203
0	0.995652
0	0.997101
0	0.995652
0	0.981159
0	0.988406
0	0.985507
0	0.972464
0	0.985507
0	0.97971
0	0.973913
0	0.962319
0	0.994203
0	0.997101
0	0.962319
0	0.984058
0	0.97971
0	0.962319
0	0.995652
0	0.991304
0	0.985507
0	0.976812
0	0.998551
0	0.997101
0	0.944928
0	0.994203
0	0.944928
0	0.995652
0	0.992754
0	0.988406
0	0.997101
0	0.992754
0	0.991304
0	0.986957
0	0.973913
0	0.985507
0	0.984058
0	0.962319
0	0.976812
0	0.997101
0	0.97971
0	0.975362
0	0.989855
0	0.944928
0	0.991304
0	0.995652
0	0.982609
0	0.994203
0	0.995652
0	0.962319
0	0.994203
0	0.994203
0	0.997101
0	0.985507
0	0.973913
0	0.985507
0	0.997101
0	0.992754
0	0.973913
0	0.944928
0	0.989855
0	0.995652
0	0.994203
0	0.991304
0	0.994203
0	0.997101
0	0.988406
0	0.995652
0	0.989855
0	0.994203
0	0.973913
0	0.994203
0	0.975362
0	0.973913
0	0.989855
0	0.989855
0	0.995652
0	0.995652
0	0.981159
0	0.997101
0	0.986957
0	0.992754
0	0.994203
0	0.989855
0	0.997101
0	0.988406
0	0.988406
0	0.995652
0	0.944928
0	0.975362
0	0.992754
0	0.962319
0	0.994203
0	0.994203
0	0.973913
0	0.991304
0	0.994203
0	0.988406
0	0.994203
0	0.944928
0	0.992754
0	0.986957
0	0.992754
0	0.992754
0	0.973913
0	0.97971
0	0.972464
0	0.992754
0	0.995652
0	0.997101
0	0.988406
0	0.971014
0	0.982609
0	0.997101
0	0.985507
0	0.997101
0	0.992754
0	0.989855
0	0.988406
0	0.982609
0	0.997101
0	0.971014
0	0.984058
0	0.994203
0	0.997101
0	0.997101
0	0.973913
0	0.973913
0	0.997101
0	0.994203
0	0.988406
0	0.985507
0	0.994203
0	0.997101
0	0.992754
0	0.97971
0	0.997101
0	0.985507
0	0.973913
0	0.986957
0	0.994203
0	0.992754
0	0.97971
0	0.994203
0	0.997101
0	0.989855
0	0.995652
0	0.991304
0	0.973913
0	0.997101
0	0.975362
0	0.997101
0	0.985507
0	0.997101


