# Persistence diagram <GML/1141.gml>
#
# Dimension   : 0
# Entries     : 317
# Betti number: 2
0	inf
0	0.992453
0	0.815094
0	0.815094
0	0.992453
0	0.837736
0	0.981132
0	0.94717
0	0.815094
0	0.969811
0	0.981132
0	0.984906
0	0.94717
0	0.984906
0	0.928302
0	0.837736
0	0.977358
0	0.916981
0	0.973585
0	0.969811
0	0.815094
0	0.977358
0	0.962264
0	0.981132
0	0.815094
0	0.992453
0	0.837736
0	0.992453
0	0.984906
0	0.988679
0	0.988679
0	0.837736
0	0.969811
0	0.837736
0	0.837736
0	0.988679
0	0.815094
0	0.992453
0	0.837736
0	0.815094
0	0.977358
0	0.992453
0	0.815094
0	0.928302
0	0.981132
0	0.969811
0	0.916981
0	0.962264
0	0.992453
0	0.992453
0	0.928302
0	0.962264
0	0.837736
0	0.973585
0	0.928302
0	0.973585
0	0.969811
0	0.981132
0	0.992453
0	0.962264
0	0.992453
0	0.962264
0	0.928302
0	0.815094
0	0.837736
0	0.837736
0	0.988679
0	0.988679
0	0.977358
0	0.962264
0	0.988679
0	0.837736
0	0.977358
0	0.962264
0	0.950943
0	0.977358
0	0.969811
0	0.977358
0	0.984906
0	0.950943
0	0.815094
0	0.984906
0	0.94717
0	0.977358
0	0.992453
0	0.992453
0	0.916981
0	0.94717
0	0.837736
0	0.837736
0	0.815094
0	0.992453
0	0.837736
0	0.916981
0	0.981132
0	0.984906
0	0.992453
0	0.815094
0	0.90566
0	0.992453
0	0.984906
0	0.981132
0	0.815094
0	0.962264
0	0.984906
0	0.984906
0	0.90566
0	0.950943
0	0.992453
0	0.969811
0	0.992453
0	0.94717
0	0.973585
0	0.969811
0	0.94717
0	0.962264
0	0.984906
0	0.984906
0	0.950943
0	0.984906
0	0.969811
0	0.988679
0	0.981132
0	0.969811
0	0.837736
0	0.815094
0	0.837736
0	0.837736
0	0.981132
0	0.973585
0	0.950943
0	0.984906
0	0.969811
0	0.815094
0	0.928302
0	0.90566
0	0.992453
0	0.815094
0	0.815094
0	0.977358
0	0.815094
0	0.969811
0	0.928302
0	0.969811
0	0.94717
0	0.981132
0	0.988679
0	0.988679
0	0.837736
0	0.992453
0	0.984906
0	0.988679
0	0.992453
0	0.928302
0	0.969811
0	0.977358
0	0.988679
0	0.916981
0	0.837736
0	0.992453
0	0.815094
0	0.94717
0	0.984906
0	0.815094
0	0.815094
0	0.992453
0	0.977358
0	0.962264
0	0.837736
0	0.984906
0	0.928302
0	0.981132
0	0.94717
0	0.837736
0	0.988679
0	0.962264
0	0.988679
0	inf
0	0.988679
0	0.992453
0	0.837736
0	0.981132
0	0.977358
0	0.984906
0	0.94717
0	0.962264
0	0.962264
0	0.973585
0	0.916981
0	0.981132
0	0.984906
0	0.977358
0	0.984906
0	0.837736
0	0.815094
0	0.977358
0	0.90566
0	0.837736
0	0.837736
0	0.916981
0	0.837736
0	0.984906
0	0.988679
0	0.837736
0	0.90566
0	0.928302
0	0.988679
0	0.928302
0	0.962264
0	0.969811
0	0.90566
0	0.90566
0	0.815094
0	0.977358
0	0.988679
0	0.962264
0	0.992453
0	0.984906
0	0.988679
0	0.837736
0	0.837736
0	0.90566
0	0.977358
0	0.992453
0	0.916981
0	0.977358
0	0.977358
0	0.992453
0	0.815094
0	0.90566
0	0.837736
0	0.837736
0	0.815094
0	0.988679
0	0.992453
0	0.962264
0	0.981132
0	0.981132
0	0.981132
0	0.969811
0	0.815094
0	0.815094
0	0.981132
0	0.977358
0	0.837736
0	0.973585
0	0.815094
0	0.815094
0	0.981132
0	0.815094
0	0.837736
0	0.837736
0	0.992453
0	0.916981
0	0.984906
0	0.981132
0	0.992453
0	0.837736
0	0.916981
0	0.992453
0	0.977358
0	0.815094
0	0.981132
0	0.969811
0	0.916981
0	0.977358
0	0.981132
0	0.988679
0	0.988679
0	0.973585
0	0.984906
0	0.992453
0	0.988679
0	0.977358
0	0.962264
0	0.969811
0	0.973585
0	0.988679
0	0.837736
0	0.969811
0	0.969811
0	0.928302
0	0.992453
0	0.837736
0	0.996226
0	0.815094
0	0.981132
0	0.815094
0	0.815094
0	0.815094
0	0.981132
0	0.90566
0	0.984906
0	0.984906
0	0.815094
0	0.981132
0	0.981132
0	0.981132
0	0.837736
0	0.94717
0	0.984906
0	0.992453
0	0.984906
0	0.837736
0	0.981132
0	0.977358
0	0.977358
0	0.962264
0	0.988679
0	0.90566
0	0.90566
0	0.928302
0	0.988679
0	0.984906
0	0.992453
0	0.916981
0	0.992453


