# Persistence diagram <GML/1141.gml>
#
# Dimension   : 1
# Entries     : 106
# Betti number: 103
0.90566	inf
0.90566	0.984906
0.90566	inf
0.928302	inf
0.94717	inf
0.950943	0.981132
0.950943	inf
0.950943	inf
0.950943	inf
0.950943	inf
0.950943	inf
0.950943	0.977358
0.950943	inf
0.962264	inf
0.962264	inf
0.962264	inf
0.962264	inf
0.962264	inf
0.962264	inf
0.962264	inf
0.962264	inf
0.969811	inf
0.969811	inf
0.969811	inf
0.969811	inf
0.969811	inf
0.969811	inf
0.969811	inf
0.969811	inf
0.969811	inf
0.969811	inf
0.969811	inf
0.973585	inf
0.973585	inf
0.973585	inf
0.973585	inf
0.973585	inf
0.973585	inf
0.973585	inf
0.977358	inf
0.977358	inf
0.977358	inf
0.977358	inf
0.977358	inf
0.977358	inf
0.977358	inf
0.977358	inf
0.977358	inf
0.977358	inf
0.977358	inf
0.977358	inf
0.977358	inf
0.981132	inf
0.981132	inf
0.981132	inf
0.981132	inf
0.981132	inf
0.981132	inf
0.981132	inf
0.981132	inf
0.981132	inf
0.981132	inf
0.981132	inf
0.984906	inf
0.984906	inf
0.984906	inf
0.984906	inf
0.984906	inf
0.984906	inf
0.984906	inf
0.984906	inf
0.984906	inf
0.984906	inf
0.984906	inf
0.984906	inf
0.984906	inf
0.984906	inf
0.984906	inf
0.984906	inf
0.984906	inf
0.988679	inf
0.988679	inf
0.988679	inf
0.988679	inf
0.988679	inf
0.988679	inf
0.988679	inf
0.988679	inf
0.988679	inf
0.988679	inf
0.988679	inf
0.988679	inf
0.988679	inf
0.988679	inf
0.988679	inf
0.988679	inf
0.988679	inf
0.988679	inf
0.988679	inf
0.988679	inf
0.988679	inf
0.988679	inf
0.992453	inf
0.992453	inf
0.992453	inf
0.992453	inf
