# Persistence diagram <GML/1143.gml>
#
# Dimension   : 1
# Entries     : 50
# Betti number: 50
0.981108	inf
0.981108	inf
0.982368	inf
0.982368	inf
0.982368	inf
0.982368	inf
0.982368	inf
0.988665	inf
0.989924	inf
0.992443	inf
0.992443	inf
0.992443	inf
0.993703	inf
0.993703	inf
0.993703	inf
0.993703	inf
0.993703	inf
0.993703	inf
0.993703	inf
0.993703	inf
0.993703	inf
0.994962	inf
0.994962	inf
0.994962	inf
0.994962	inf
0.994962	inf
0.994962	inf
0.994962	inf
0.996222	inf
0.996222	inf
0.996222	inf
0.996222	inf
0.996222	inf
0.996222	inf
0.996222	inf
0.996222	inf
0.996222	inf
0.997481	inf
0.997481	inf
0.997481	inf
0.997481	inf
0.997481	inf
0.997481	inf
0.997481	inf
0.997481	inf
0.997481	inf
0.997481	inf
0.997481	inf
0.997481	inf
0.997481	inf
