# Persistence diagram <GML/1145.gml>
#
# Dimension   : 0
# Entries     : 236
# Betti number: 3
0	inf
0	0.991173
0	0.988651
0	0.98739
0	0.996217
0	0.989912
0	inf
0	0.994956
0	0.983607
0	0.993695
0	0.991173
0	0.996217
0	0.993695
0	0.988651
0	0.993695
0	0.991173
0	0.994956
0	0.994956
0	0.996217
0	0.983607
0	0.997478
0	0.981084
0	0.989912
0	0.991173
0	0.984868
0	0.978562
0	0.989912
0	0.992434
0	0.978562
0	0.994956
0	0.994956
0	0.994956
0	0.994956
0	0.949559
0	0.996217
0	0.997478
0	0.996217
0	0.991173
0	0.994956
0	0.994956
0	0.994956
0	0.997478
0	0.981084
0	0.984868
0	0.996217
0	0.978562
0	0.992434
0	0.994956
0	0.989912
0	0.991173
0	0.997478
0	0.991173
0	0.983607
0	0.949559
0	0.992434
0	0.997478
0	0.988651
0	0.978562
0	0.949559
0	0.996217
0	0.993695
0	0.997478
0	0.997478
0	0.98739
0	0.996217
0	0.989912
0	0.994956
0	0.991173
0	0.994956
0	0.978562
0	0.977301
0	0.991173
0	0.991173
0	0.983607
0	0.991173
0	0.991173
0	0.993695
0	inf
0	0.989912
0	0.984868
0	0.978562
0	0.977301
0	0.994956
0	0.989912
0	0.986129
0	0.994956
0	0.991173
0	0.988651
0	0.992434
0	0.977301
0	0.949559
0	0.977301
0	0.981084
0	0.994956
0	0.996217
0	0.993695
0	0.993695
0	0.992434
0	0.993695
0	0.997478
0	0.98739
0	0.988651
0	0.984868
0	0.996217
0	0.994956
0	0.986129
0	0.984868
0	0.949559
0	0.991173
0	0.994956
0	0.996217
0	0.996217
0	0.991173
0	0.991173
0	0.988651
0	0.977301
0	0.989912
0	0.997478
0	0.993695
0	0.988651
0	0.977301
0	0.997478
0	0.977301
0	0.989912
0	0.997478
0	0.996217
0	0.998739
0	0.991173
0	0.997478
0	0.986129
0	0.949559
0	0.993695
0	0.994956
0	0.993695
0	0.997478
0	0.978562
0	0.981084
0	0.993695
0	0.949559
0	0.989912
0	0.993695
0	0.989912
0	0.994956
0	0.989912
0	0.984868
0	0.977301
0	0.98739
0	0.993695
0	0.983607
0	0.981084
0	0.997478
0	0.978562
0	0.993695
0	0.983607
0	0.949559
0	0.993695
0	0.992434
0	0.993695
0	0.997478
0	0.98739
0	0.983607
0	0.993695
0	0.997478
0	0.981084
0	0.977301
0	0.986129
0	0.988651
0	0.991173
0	0.977301
0	0.989912
0	0.998739
0	0.977301
0	0.978562
0	0.988651
0	0.996217
0	0.993695
0	0.991173
0	0.997478
0	0.983607
0	0.996217
0	0.996217
0	0.994956
0	0.994956
0	0.993695
0	0.991173
0	0.992434
0	0.989912
0	0.993695
0	0.949559
0	0.994956
0	0.997478
0	0.989912
0	0.997478
0	0.989912
0	0.997478
0	0.993695
0	0.996217
0	0.997478
0	0.978562
0	0.981084
0	0.977301
0	0.996217
0	0.981084
0	0.996217
0	0.996217
0	0.994956
0	0.993695
0	0.984868
0	0.997478
0	0.996217
0	0.993695
0	0.996217
0	0.996217
0	0.993695
0	0.989912
0	0.994956
0	0.977301
0	0.988651
0	0.997478
0	0.997478
0	0.994956
0	0.978562
0	0.949559
0	0.991173
0	0.993695
0	0.996217
0	0.949559
0	0.977301
0	0.977301
0	0.992434
0	0.994956
0	0.983607
0	0.996217
0	0.991173
0	0.996217
0	0.993695


