# Persistence diagram <GML/1147.gml>
#
# Dimension   : 0
# Entries     : 134
# Betti number: 1
0	inf
0	0.991091
0	0.994432
0	0.996659
0	0.994432
0	0.997773
0	0.994432
0	0.993318
0	0.991091
0	0.997773
0	0.989978
0	0.993318
0	0.991091
0	0.996659
0	0.991091
0	0.995546
0	0.991091
0	0.996659
0	0.997773
0	0.989978
0	0.997773
0	0.996659
0	0.991091
0	0.991091
0	0.991091
0	0.992205
0	0.994432
0	0.996659
0	0.996659
0	0.995546
0	0.995546
0	0.997773
0	0.993318
0	0.995546
0	0.992205
0	0.994432
0	0.994432
0	0.994432
0	0.989978
0	0.994432
0	0.992205
0	0.995546
0	0.991091
0	0.994432
0	0.996659
0	0.993318
0	0.992205
0	0.993318
0	0.992205
0	0.994432
0	0.994432
0	0.997773
0	0.993318
0	0.991091
0	0.994432
0	0.997773
0	0.997773
0	0.991091
0	0.995546
0	0.993318
0	0.995546
0	0.996659
0	0.992205
0	0.995546
0	0.992205
0	0.995546
0	0.996659
0	0.997773
0	0.997773
0	0.993318
0	0.996659
0	0.997773
0	0.996659
0	0.994432
0	0.996659
0	0.996659
0	0.994432
0	0.997773
0	0.996659
0	0.995546
0	0.992205
0	0.995546
0	0.993318
0	0.991091
0	0.994432
0	0.995546
0	0.993318
0	0.996659
0	0.989978
0	0.993318
0	0.994432
0	0.991091
0	0.995546
0	0.995546
0	0.996659
0	0.992205
0	0.992205
0	0.994432
0	0.989978
0	0.995546
0	0.995546
0	0.996659
0	0.995546
0	0.991091
0	0.989978
0	0.997773
0	0.997773
0	0.996659
0	0.991091
0	0.994432
0	0.993318
0	0.994432
0	0.995546
0	0.993318
0	0.992205
0	0.995546
0	0.996659
0	0.997773
0	0.997773
0	0.997773
0	0.994432
0	0.994432
0	0.997773
0	0.996659
0	0.997773
0	0.996659
0	0.991091
0	0.997773
0	0.992205
0	0.993318
0	0.997773
0	0.996659
0	0.997773
0	0.996659


