# Persistence diagram <GML/1149.gml>
#
# Dimension   : 0
# Entries     : 229
# Betti number: 2
0	inf
0	0.969925
0	0.984962
0	0.990602
0	0.996241
0	0.973684
0	0.994361
0	0.990602
0	0.992481
0	0.996241
0	0.977444
0	0.977444
0	0.983083
0	0.996241
0	0.994361
0	0.986842
0	0.990602
0	0.994361
0	0.977444
0	0.983083
0	0.979323
0	0.988722
0	0.994361
0	0.996241
0	0.973684
0	0.994361
0	0.986842
0	0.996241
0	0.983083
0	0.988722
0	0.969925
0	0.994361
0	0.977444
0	0.977444
0	0.996241
0	0.994361
0	0.996241
0	0.992481
0	0.979323
0	0.986842
0	0.986842
0	0.996241
0	0.988722
0	0.986842
0	0.996241
0	0.990602
0	0.969925
0	0.984962
0	0.986842
0	0.992481
0	0.979323
0	0.994361
0	0.996241
0	0.969925
0	0.994361
0	0.979323
0	0.986842
0	0.994361
0	0.990602
0	0.986842
0	0.996241
0	0.973684
0	0.996241
0	0.990602
0	0.979323
0	0.996241
0	0.996241
0	0.996241
0	0.983083
0	0.992481
0	inf
0	0.969925
0	0.996241
0	0.994361
0	0.979323
0	0.99812
0	0.990602
0	0.994361
0	0.994361
0	0.996241
0	0.996241
0	0.986842
0	0.994361
0	0.986842
0	0.973684
0	0.969925
0	0.984962
0	0.996241
0	0.986842
0	0.979323
0	0.969925
0	0.994361
0	0.992481
0	0.996241
0	0.994361
0	0.996241
0	0.996241
0	0.973684
0	0.986842
0	0.986842
0	0.992481
0	0.988722
0	0.994361
0	0.994361
0	0.994361
0	0.994361
0	0.969925
0	0.983083
0	0.986842
0	0.979323
0	0.986842
0	0.984962
0	0.996241
0	0.996241
0	0.969925
0	0.986842
0	0.994361
0	0.988722
0	0.986842
0	0.992481
0	0.990602
0	0.990602
0	0.983083
0	0.990602
0	0.977444
0	0.996241
0	0.996241
0	0.988722
0	0.994361
0	0.977444
0	0.994361
0	0.986842
0	0.994361
0	0.986842
0	0.992481
0	0.994361
0	0.984962
0	0.990602
0	0.994361
0	0.996241
0	0.990602
0	0.992481
0	0.992481
0	0.990602
0	0.983083
0	0.994361
0	0.996241
0	0.969925
0	0.986842
0	0.996241
0	0.973684
0	0.986842
0	0.983083
0	0.996241
0	0.983083
0	0.973684
0	0.984962
0	0.986842
0	0.977444
0	0.984962
0	0.996241
0	0.990602
0	0.994361
0	0.994361
0	0.994361
0	0.994361
0	0.994361
0	0.992481
0	0.973684
0	0.979323
0	0.994361
0	0.992481
0	0.996241
0	0.977444
0	0.986842
0	0.977444
0	0.986842
0	0.979323
0	0.996241
0	0.986842
0	0.973684
0	0.973684
0	0.994361
0	0.996241
0	0.988722
0	0.983083
0	0.973684
0	0.977444
0	0.983083
0	0.992481
0	0.984962
0	0.994361
0	0.996241
0	0.969925
0	0.994361
0	0.994361
0	0.994361
0	0.986842
0	0.994361
0	0.986842
0	0.984962
0	0.994361
0	0.996241
0	0.996241
0	0.996241
0	0.979323
0	0.986842
0	0.979323
0	0.990602
0	0.988722
0	0.994361
0	0.990602
0	0.984962
0	0.986842
0	0.986842
0	0.984962
0	0.996241
0	0.990602
0	0.994361
0	0.983083
0	0.984962
0	0.996241
0	0.988722
0	0.986842
0	0.984962
0	0.979323
0	0.983083
0	0.973684
0	0.994361


