# Persistence diagram <GML/1150.gml>
#
# Dimension   : 0
# Entries     : 185
# Betti number: 5
0	inf
0	0.981884
0	0.992754
0	0.98913
0	0.996377
0	0.994565
0	0.996377
0	0.994565
0	0.985507
0	0.996377
0	inf
0	0.990942
0	0.990942
0	0.996377
0	0.992754
0	0.996377
0	0.992754
0	0.996377
0	0.983696
0	0.992754
0	0.996377
0	0.987319
0	0.994565
0	0.994565
0	inf
0	0.987319
0	0.992754
0	0.974638
0	0.996377
0	0.990942
0	0.990942
0	0.98913
0	0.990942
0	0.996377
0	0.992754
0	0.987319
0	0.992754
0	0.98913
0	0.980072
0	inf
0	0.992754
0	0.992754
0	0.974638
0	0.996377
0	0.98913
0	0.996377
0	0.994565
0	0.996377
0	0.996377
0	0.990942
0	0.994565
0	0.983696
0	0.994565
0	0.992754
0	0.990942
0	0.98913
0	0.992754
0	0.996377
0	0.994565
0	0.996377
0	0.98913
0	0.996377
0	0.990942
0	0.992754
0	0.992754
0	0.981884
0	0.992754
0	0.985507
0	0.990942
0	0.98913
0	0.980072
0	0.994565
0	0.98913
0	0.974638
0	0.990942
0	0.981884
0	0.985507
0	0.994565
0	0.985507
0	0.992754
0	0.980072
0	0.98913
0	0.994565
0	0.994565
0	0.985507
0	0.98913
0	0.98913
0	0.996377
0	0.990942
0	0.990942
0	0.992754
0	0.996377
0	0.980072
0	0.98913
0	0.98913
0	0.987319
0	0.980072
0	0.98913
0	0.98913
0	0.996377
0	0.996377
0	0.987319
0	0.98913
0	0.98913
0	0.994565
0	0.987319
0	0.994565
0	0.98913
0	0.980072
0	0.990942
0	0.990942
0	0.994565
0	0.992754
0	0.974638
0	0.994565
0	0.998188
0	0.996377
0	0.990942
0	0.992754
0	0.994565
0	inf
0	0.981884
0	0.987319
0	0.994565
0	0.983696
0	0.996377
0	0.996377
0	0.98913
0	0.994565
0	0.992754
0	0.996377
0	0.98913
0	0.990942
0	0.996377
0	0.996377
0	0.992754
0	0.98913
0	0.98913
0	0.987319
0	0.985507
0	0.994565
0	0.992754
0	0.980072
0	0.98913
0	0.992754
0	0.996377
0	0.985507
0	0.994565
0	0.98913
0	0.98913
0	0.996377
0	0.990942
0	0.983696
0	0.994565
0	0.992754
0	0.996377
0	0.990942
0	0.994565
0	0.981884
0	0.994565
0	0.992754
0	0.974638
0	0.981884
0	0.974638
0	0.990942
0	0.996377
0	0.990942
0	0.981884
0	0.980072
0	0.98913
0	0.996377
0	0.994565
0	0.987319
0	0.994565
0	0.994565
0	0.996377
0	0.987319
0	0.98913
0	0.98913
0	0.994565
0	0.98913
0	0.990942
0	0.98913
0	0.992754
0	0.983696


