# Persistence diagram <GML/1153.gml>
#
# Dimension   : 1
# Entries     : 36
# Betti number: 36
0.966851	inf
0.966851	inf
0.966851	inf
0.972376	inf
0.972376	inf
0.972376	inf
0.972376	inf
0.980663	inf
0.983425	inf
0.983425	inf
0.986188	inf
0.986188	inf
0.986188	inf
0.986188	inf
0.986188	inf
0.986188	inf
0.986188	inf
0.986188	inf
0.986188	inf
0.98895	inf
0.98895	inf
0.98895	inf
0.98895	inf
0.98895	inf
0.98895	inf
0.98895	inf
0.98895	inf
0.98895	inf
0.991713	inf
0.991713	inf
0.991713	inf
0.994475	inf
0.994475	inf
0.994475	inf
0.994475	inf
0.994475	inf
