# Persistence diagram <GML/1156.gml>
#
# Dimension   : 0
# Entries     : 847
# Betti number: 2
0	inf
0	0.987124
0	0.989986
0	0.992847
0	0.995708
0	0.995708
0	0.972818
0	0.994278
0	0.951359
0	0.989986
0	0.968526
0	0.982833
0	0.974249
0	0.987124
0	0.988555
0	0.989986
0	0.995708
0	0.981402
0	0.988555
0	0.995708
0	0.886981
0	0.974249
0	0.886981
0	0.982833
0	0.886981
0	0.994278
0	0.991416
0	0.968526
0	0.989986
0	0.97711
0	0.984263
0	0.994278
0	0.997139
0	0.968526
0	0.997139
0	0.886981
0	0.997139
0	0.992847
0	0.992847
0	0.978541
0	0.886981
0	0.981402
0	0.989986
0	0.97711
0	0.989986
0	0.997139
0	0.978541
0	0.981402
0	0.968526
0	0.982833
0	0.969957
0	0.991416
0	0.995708
0	0.967096
0	0.968526
0	0.991416
0	0.968526
0	0.994278
0	0.992847
0	0.989986
0	0.886981
0	0.982833
0	0.984263
0	0.97711
0	0.995708
0	0.97711
0	0.987124
0	0.978541
0	0.985694
0	0.994278
0	0.886981
0	0.968526
0	0.982833
0	0.989986
0	0.997139
0	0.968526
0	0.984263
0	0.97711
0	0.886981
0	0.978541
0	0.995708
0	0.979971
0	0.995708
0	0.989986
0	0.994278
0	0.994278
0	0.992847
0	0.989986
0	0.951359
0	0.995708
0	0.995708
0	0.981402
0	0.991416
0	0.991416
0	0.992847
0	0.886981
0	0.967096
0	0.981402
0	0.984263
0	0.978541
0	0.992847
0	0.886981
0	0.967096
0	0.989986
0	0.886981
0	0.981402
0	0.97711
0	0.985694
0	0.991416
0	0.997139
0	0.991416
0	0.989986
0	0.984263
0	0.967096
0	0.97711
0	0.97711
0	0.988555
0	0.982833
0	0.979971
0	0.985694
0	0.989986
0	0.997139
0	0.97711
0	0.984263
0	0.967096
0	0.995708
0	0.987124
0	0.992847
0	0.978541
0	0.982833
0	0.994278
0	0.992847
0	0.972818
0	0.985694
0	0.991416
0	0.989986
0	0.984263
0	0.997139
0	0.97711
0	0.97568
0	0.994278
0	0.989986
0	0.997139
0	0.989986
0	0.984263
0	0.997139
0	0.886981
0	0.978541
0	0.969957
0	0.997139
0	0.985694
0	0.989986
0	0.988555
0	0.972818
0	0.972818
0	0.951359
0	0.981402
0	0.989986
0	0.886981
0	0.991416
0	0.992847
0	0.997139
0	0.995708
0	0.989986
0	0.991416
0	0.991416
0	0.992847
0	0.992847
0	0.97711
0	0.97711
0	0.972818
0	0.997139
0	0.994278
0	0.984263
0	0.991416
0	0.987124
0	0.985694
0	0.968526
0	0.991416
0	0.988555
0	0.988555
0	0.989986
0	0.968526
0	0.997139
0	0.992847
0	0.981402
0	0.988555
0	0.968526
0	0.978541
0	0.997139
0	0.988555
0	0.997139
0	0.997139
0	0.995708
0	0.994278
0	0.97711
0	0.987124
0	0.97711
0	0.995708
0	0.978541
0	0.994278
0	0.988555
0	0.987124
0	0.989986
0	0.997139
0	0.994278
0	0.987124
0	0.981402
0	0.97711
0	0.988555
0	0.997139
0	0.994278
0	0.979971
0	0.978541
0	0.981402
0	0.981402
0	0.984263
0	0.988555
0	0.985694
0	0.951359
0	0.982833
0	0.987124
0	0.967096
0	0.995708
0	0.886981
0	0.972818
0	0.951359
0	0.989986
0	0.997139
0	0.995708
0	0.987124
0	0.886981
0	0.968526
0	0.995708
0	0.974249
0	0.984263
0	0.997139
0	0.969957
0	0.988555
0	0.886981
0	0.992847
0	0.951359
0	0.985694
0	0.988555
0	0.985694
0	0.969957
0	0.994278
0	0.994278
0	0.997139
0	0.886981
0	0.967096
0	0.97711
0	0.984263
0	0.985694
0	0.995708
0	0.997139
0	0.991416
0	0.97711
0	0.992847
0	0.997139
0	0.969957
0	0.994278
0	0.978541
0	0.995708
0	0.982833
0	0.979971
0	0.886981
0	0.995708
0	0.994278
0	0.992847
0	0.991416
0	0.886981
0	0.981402
0	0.968526
0	0.978541
0	0.992847
0	inf
0	0.995708
0	0.985694
0	0.994278
0	0.988555
0	0.981402
0	0.988555
0	0.994278
0	0.978541
0	0.989986
0	0.994278
0	0.984263
0	0.989986
0	0.968526
0	0.997139
0	0.997139
0	0.978541
0	0.997139
0	0.987124
0	0.987124
0	0.989986
0	0.972818
0	0.982833
0	0.992847
0	0.886981
0	0.989986
0	0.987124
0	0.967096
0	0.987124
0	0.982833
0	0.978541
0	0.995708
0	0.994278
0	0.968526
0	0.992847
0	0.997139
0	0.951359
0	0.978541
0	0.997139
0	0.984263
0	0.969957
0	0.886981
0	0.978541
0	0.969957
0	0.994278
0	0.987124
0	0.989986
0	0.995708
0	0.979971
0	0.995708
0	0.968526
0	0.982833
0	0.969957
0	0.994278
0	0.988555
0	0.951359
0	0.997139
0	0.989986
0	0.97711
0	0.991416
0	0.984263
0	0.987124
0	0.974249
0	0.991416
0	0.995708
0	0.995708
0	0.992847
0	0.992847
0	0.989986
0	0.978541
0	0.991416
0	0.989986
0	0.992847
0	0.972818
0	0.995708
0	0.968526
0	0.992847
0	0.951359
0	0.972818
0	0.991416
0	0.987124
0	0.988555
0	0.97711
0	0.984263
0	0.989986
0	0.968526
0	0.968526
0	0.951359
0	0.995708
0	0.968526
0	0.987124
0	0.994278
0	0.979971
0	0.985694
0	0.995708
0	0.972818
0	0.981402
0	0.981402
0	0.994278
0	0.992847
0	0.991416
0	0.967096
0	0.988555
0	0.988555
0	0.982833
0	0.972818
0	0.991416
0	0.981402
0	0.994278
0	0.97711
0	0.97711
0	0.978541
0	0.995708
0	0.991416
0	0.992847
0	0.995708
0	0.997139
0	0.984263
0	0.985694
0	0.991416
0	0.991416
0	0.989986
0	0.982833
0	0.997139
0	0.988555
0	0.978541
0	0.886981
0	0.951359
0	0.994278
0	0.968526
0	0.97711
0	0.994278
0	0.974249
0	0.886981
0	0.951359
0	0.951359
0	0.951359
0	0.97711
0	0.997139
0	0.97568
0	0.967096
0	0.995708
0	0.988555
0	0.984263
0	0.991416
0	0.886981
0	0.997139
0	0.995708
0	0.994278
0	0.988555
0	0.988555
0	0.978541
0	0.997139
0	0.978541
0	0.985694
0	0.995708
0	0.972818
0	0.997139
0	0.886981
0	0.994278
0	0.995708
0	0.997139
0	0.992847
0	0.997139
0	0.951359
0	0.951359
0	0.978541
0	0.991416
0	0.994278
0	0.978541
0	0.97568
0	0.985694
0	0.886981
0	0.968526
0	0.969957
0	0.985694
0	0.985694
0	0.992847
0	0.994278
0	0.997139
0	0.994278
0	0.992847
0	0.886981
0	0.989986
0	0.994278
0	0.985694
0	0.992847
0	0.994278
0	0.988555
0	0.984263
0	0.951359
0	0.989986
0	0.967096
0	0.989986
0	0.979971
0	0.97711
0	0.985694
0	0.995708
0	0.987124
0	0.978541
0	0.994278
0	0.988555
0	0.988555
0	0.981402
0	0.994278
0	0.995708
0	0.981402
0	0.995708
0	0.991416
0	0.997139
0	0.972818
0	0.989986
0	0.97711
0	0.997139
0	0.994278
0	0.989986
0	0.995708
0	0.997139
0	0.97568
0	0.995708
0	0.997139
0	0.979971
0	0.978541
0	0.995708
0	0.989986
0	0.951359
0	0.985694
0	0.981402
0	0.991416
0	0.985694
0	0.984263
0	0.989986
0	0.997139
0	0.994278
0	0.97568
0	0.995708
0	0.997139
0	0.987124
0	0.994278
0	0.994278
0	0.981402
0	0.886981
0	0.992847
0	0.997139
0	0.995708
0	0.97711
0	0.995708
0	0.992847
0	0.985694
0	0.997139
0	0.985694
0	0.987124
0	0.972818
0	0.988555
0	0.989986
0	0.978541
0	0.968526
0	0.951359
0	0.978541
0	0.985694
0	0.997139
0	0.979971
0	0.967096
0	0.984263
0	0.988555
0	0.994278
0	0.984263
0	0.989986
0	0.988555
0	0.989986
0	0.968526
0	0.994278
0	0.997139
0	0.994278
0	0.985694
0	0.992847
0	0.886981
0	0.972818
0	0.997139
0	0.987124
0	0.995708
0	0.985694
0	0.987124
0	0.97711
0	0.995708
0	0.981402
0	0.985694
0	0.987124
0	0.97711
0	0.984263
0	0.989986
0	0.978541
0	0.997139
0	0.989986
0	0.992847
0	0.989986
0	0.997139
0	0.992847
0	0.951359
0	0.886981
0	0.978541
0	0.991416
0	0.995708
0	0.972818
0	0.972818
0	0.985694
0	0.997139
0	0.97711
0	0.991416
0	0.886981
0	0.997139
0	0.968526
0	0.97711
0	0.989986
0	0.997139
0	0.991416
0	0.997139
0	0.972818
0	0.974249
0	0.967096
0	0.989986
0	0.972818
0	0.886981
0	0.989986
0	0.994278
0	0.989986
0	0.991416
0	0.994278
0	0.985694
0	0.994278
0	0.994278
0	0.969957
0	0.886981
0	0.997139
0	0.886981
0	0.995708
0	0.988555
0	0.974249
0	0.992847
0	0.984263
0	0.981402
0	0.97711
0	0.995708
0	0.992847
0	0.985694
0	0.987124
0	0.972818
0	0.989986
0	0.968526
0	0.997139
0	0.991416
0	0.981402
0	0.994278
0	0.989986
0	0.995708
0	0.981402
0	0.991416
0	0.978541
0	0.989986
0	0.988555
0	0.991416
0	0.886981
0	0.989986
0	0.967096
0	0.985694
0	0.991416
0	0.968526
0	0.995708
0	0.972818
0	0.995708
0	0.994278
0	0.972818
0	0.984263
0	0.97711
0	0.951359
0	0.992847
0	0.995708
0	0.968526
0	0.974249
0	0.985694
0	0.967096
0	0.968526
0	0.991416
0	0.989986
0	0.992847
0	0.967096
0	0.998569
0	0.992847
0	0.984263
0	0.987124
0	0.992847
0	0.989986
0	0.988555
0	0.992847
0	0.997139
0	0.978541
0	0.978541
0	0.995708
0	0.995708
0	0.989986
0	0.995708
0	0.988555
0	0.972818
0	0.967096
0	0.985694
0	0.978541
0	0.988555
0	0.995708
0	0.997139
0	0.978541
0	0.978541
0	0.974249
0	0.969957
0	0.97711
0	0.97711
0	0.968526
0	0.97711
0	0.987124
0	0.988555
0	0.978541
0	0.997139
0	0.995708
0	0.991416
0	0.968526
0	0.994278
0	0.97711
0	0.987124
0	0.969957
0	0.951359
0	0.997139
0	0.991416
0	0.994278
0	0.991416
0	0.951359
0	0.997139
0	0.886981
0	0.988555
0	0.988555
0	0.969957
0	0.97568
0	0.994278
0	0.994278
0	0.988555
0	0.995708
0	0.997139
0	0.978541
0	0.978541
0	0.997139
0	0.997139
0	0.997139
0	0.994278
0	0.968526
0	0.951359
0	0.978541
0	0.992847
0	0.997139
0	0.972818
0	0.982833
0	0.997139
0	0.981402
0	0.886981
0	0.97711
0	0.969957
0	0.988555
0	0.969957
0	0.974249
0	0.991416
0	0.995708
0	0.997139
0	0.886981
0	0.995708
0	0.978541
0	0.985694
0	0.969957
0	0.997139
0	0.951359
0	0.987124
0	0.978541
0	0.995708
0	0.968526
0	0.968526
0	0.992847
0	0.951359
0	0.994278
0	0.978541
0	0.984263
0	0.985694
0	0.886981
0	0.995708
0	0.886981
0	0.989986
0	0.985694
0	0.985694
0	0.985694
0	0.991416
0	0.951359
0	0.997139
0	0.967096
0	0.991416
0	0.951359
0	0.995708
0	0.989986
0	0.972818
0	0.984263
0	0.969957
0	0.991416
0	0.989986
0	0.988555
0	0.972818
0	0.985694
0	0.984263
0	0.984263
0	0.989986
0	0.886981
0	0.994278
0	0.972818
0	0.978541
0	0.972818
0	0.995708
0	0.978541
0	0.969957
0	0.97711
0	0.972818
0	0.989986
0	0.991416
0	0.951359
0	0.991416
0	0.989986
0	0.982833
0	0.995708
0	0.886981
0	0.969957
0	0.995708
0	0.972818
0	0.989986
0	0.967096
0	0.997139
0	0.984263
0	0.997139
0	0.978541
0	0.968526
0	0.978541
0	0.97711
0	0.967096
0	0.997139
0	0.97711
0	0.886981
0	0.989986
0	0.951359
0	0.97711
0	0.992847
0	0.991416
0	0.992847
0	0.995708
0	0.987124
0	0.991416
0	0.951359
0	0.97711
0	0.992847
0	0.979971
0	0.985694
0	0.989986
0	0.985694
0	0.968526
0	0.978541
0	0.972818
0	0.97711
0	0.987124
0	0.985694
0	0.989986
0	0.967096


