# Persistence diagram <GML/1157.gml>
#
# Dimension   : 0
# Entries     : 127
# Betti number: 1
0	inf
0	0.984743
0	0.997226
0	0.994452
0	0.988904
0	0.988904
0	0.994452
0	0.995839
0	0.988904
0	0.994452
0	0.987517
0	0.991678
0	0.997226
0	0.997226
0	0.997226
0	0.995839
0	0.991678
0	0.994452
0	0.997226
0	0.990291
0	0.993065
0	0.997226
0	0.997226
0	0.997226
0	0.995839
0	0.994452
0	0.995839
0	0.994452
0	0.993065
0	0.991678
0	0.997226
0	0.997226
0	0.991678
0	0.994452
0	0.991678
0	0.995839
0	0.987517
0	0.995839
0	0.984743
0	0.987517
0	0.997226
0	0.997226
0	0.994452
0	0.993065
0	0.990291
0	0.991678
0	0.987517
0	0.995839
0	0.997226
0	0.994452
0	0.997226
0	0.997226
0	0.997226
0	0.997226
0	0.991678
0	0.997226
0	0.997226
0	0.990291
0	0.997226
0	0.997226
0	0.993065
0	0.995839
0	0.988904
0	0.997226
0	0.993065
0	0.988904
0	0.997226
0	0.995839
0	0.988904
0	0.994452
0	0.984743
0	0.994452
0	0.995839
0	0.995839
0	0.991678
0	0.994452
0	0.995839
0	0.993065
0	0.991678
0	0.984743
0	0.997226
0	0.997226
0	0.995839
0	0.990291
0	0.990291
0	0.995839
0	0.997226
0	0.991678
0	0.993065
0	0.997226
0	0.995839
0	0.987517
0	0.997226
0	0.995839
0	0.997226
0	0.990291
0	0.991678
0	0.997226
0	0.995839
0	0.987517
0	0.991678
0	0.994452
0	0.990291
0	0.994452
0	0.991678
0	0.987517
0	0.995839
0	0.993065
0	0.987517
0	0.994452
0	0.994452
0	0.995839
0	0.991678
0	0.987517
0	0.994452
0	0.997226
0	0.995839
0	0.997226
0	0.994452
0	0.994452
0	0.988904
0	0.995839
0	0.997226
0	0.997226
0	0.995839
0	0.997226
0	0.984743


