# Persistence diagram <GML/1160.gml>
#
# Dimension   : 0
# Entries     : 761
# Betti number: 3
0	inf
0	0.963816
0	0.995066
0	0.991776
0	0.981908
0	0.980263
0	0.988487
0	0.993421
0	0.986842
0	0.985197
0	0.991776
0	0.973684
0	0.996711
0	0.995066
0	0.996711
0	0.990132
0	0.990132
0	0.993421
0	0.988487
0	0.970395
0	0.988487
0	0.985197
0	0.996711
0	0.983553
0	0.996711
0	inf
0	0.990132
0	0.990132
0	0.991776
0	0.995066
0	0.988487
0	0.991776
0	0.990132
0	0.996711
0	0.970395
0	0.963816
0	0.995066
0	0.993421
0	0.990132
0	0.991776
0	0.976974
0	0.993421
0	0.980263
0	0.995066
0	0.991776
0	0.988487
0	0.970395
0	0.970395
0	0.991776
0	0.963816
0	0.963816
0	0.970395
0	0.975329
0	0.993421
0	0.990132
0	0.973684
0	0.985197
0	0.988487
0	0.965461
0	0.985197
0	0.995066
0	0.978618
0	0.983553
0	0.963816
0	0.995066
0	0.963816
0	0.991776
0	0.981908
0	0.980263
0	0.996711
0	0.970395
0	0.986842
0	0.965461
0	0.963816
0	0.967105
0	0.991776
0	0.975329
0	0.995066
0	0.993421
0	0.991776
0	0.970395
0	0.983553
0	0.993421
0	0.983553
0	0.976974
0	0.988487
0	0.996711
0	0.976974
0	0.983553
0	0.988487
0	0.983553
0	0.996711
0	0.993421
0	0.983553
0	0.963816
0	0.980263
0	0.996711
0	0.985197
0	0.985197
0	0.995066
0	0.983553
0	0.983553
0	0.988487
0	0.990132
0	0.990132
0	0.975329
0	0.990132
0	0.963816
0	0.996711
0	0.993421
0	0.963816
0	0.990132
0	0.986842
0	0.983553
0	0.973684
0	0.990132
0	0.996711
0	0.965461
0	0.996711
0	0.996711
0	0.981908
0	0.975329
0	0.995066
0	0.986842
0	0.967105
0	0.986842
0	0.991776
0	0.963816
0	0.983553
0	0.975329
0	0.950658
0	0.993421
0	0.950658
0	0.950658
0	0.990132
0	0.981908
0	0.988487
0	0.993421
0	0.990132
0	0.991776
0	0.996711
0	0.965461
0	0.995066
0	0.950658
0	0.970395
0	0.975329
0	0.991776
0	0.991776
0	0.983553
0	0.996711
0	0.991776
0	0.995066
0	0.996711
0	0.975329
0	0.988487
0	0.995066
0	0.980263
0	inf
0	0.990132
0	0.970395
0	0.993421
0	0.950658
0	0.983553
0	0.991776
0	0.950658
0	0.996711
0	0.995066
0	0.967105
0	0.970395
0	0.985197
0	0.995066
0	0.975329
0	0.981908
0	0.993421
0	0.995066
0	0.990132
0	0.996711
0	0.973684
0	0.993421
0	0.985197
0	0.996711
0	0.988487
0	0.995066
0	0.985197
0	0.988487
0	0.985197
0	0.996711
0	0.986842
0	0.988487
0	0.963816
0	0.980263
0	0.978618
0	0.970395
0	0.965461
0	0.995066
0	0.985197
0	0.985197
0	0.963816
0	0.988487
0	0.995066
0	0.975329
0	0.996711
0	0.993421
0	0.975329
0	0.993421
0	0.975329
0	0.985197
0	0.976974
0	0.998355
0	0.980263
0	0.993421
0	0.988487
0	0.975329
0	0.975329
0	0.976974
0	0.963816
0	0.980263
0	0.995066
0	0.976974
0	0.985197
0	0.970395
0	0.970395
0	0.978618
0	0.993421
0	0.978618
0	0.990132
0	0.963816
0	0.985197
0	0.995066
0	0.988487
0	0.990132
0	0.985197
0	0.950658
0	0.991776
0	0.978618
0	0.991776
0	0.995066
0	0.991776
0	0.996711
0	0.990132
0	0.950658
0	0.975329
0	0.986842
0	0.991776
0	0.996711
0	0.950658
0	0.983553
0	0.970395
0	0.950658
0	0.975329
0	0.990132
0	0.995066
0	0.983553
0	0.978618
0	0.996711
0	0.985197
0	0.988487
0	0.990132
0	0.986842
0	0.970395
0	0.963816
0	0.963816
0	0.986842
0	0.991776
0	0.975329
0	0.975329
0	0.996711
0	0.995066
0	0.963816
0	0.991776
0	0.993421
0	0.978618
0	0.995066
0	0.990132
0	0.985197
0	0.963816
0	0.981908
0	0.986842
0	0.967105
0	0.995066
0	0.983553
0	0.965461
0	0.995066
0	0.996711
0	0.970395
0	0.993421
0	0.967105
0	0.993421
0	0.988487
0	0.967105
0	0.985197
0	0.978618
0	0.970395
0	0.995066
0	0.963816
0	0.991776
0	0.983553
0	0.976974
0	0.993421
0	0.995066
0	0.950658
0	0.988487
0	0.990132
0	0.991776
0	0.985197
0	0.995066
0	0.996711
0	0.988487
0	0.996711
0	0.988487
0	0.995066
0	0.950658
0	0.973684
0	0.991776
0	0.970395
0	0.988487
0	0.996711
0	0.996711
0	0.988487
0	0.986842
0	0.975329
0	0.986842
0	0.970395
0	0.978618
0	0.981908
0	0.995066
0	0.996711
0	0.990132
0	0.980263
0	0.970395
0	0.990132
0	0.995066
0	0.981908
0	0.988487
0	0.996711
0	0.983553
0	0.983553
0	0.995066
0	0.983553
0	0.990132
0	0.993421
0	0.993421
0	0.995066
0	0.983553
0	0.973684
0	0.991776
0	0.973684
0	0.991776
0	0.970395
0	0.975329
0	0.995066
0	0.988487
0	0.973684
0	0.950658
0	0.993421
0	0.963816
0	0.978618
0	0.995066
0	0.970395
0	0.996711
0	0.950658
0	0.991776
0	0.975329
0	0.965461
0	0.983553
0	0.996711
0	0.985197
0	0.970395
0	0.988487
0	0.991776
0	0.973684
0	0.965461
0	0.988487
0	0.988487
0	0.970395
0	0.970395
0	0.986842
0	0.991776
0	0.985197
0	0.981908
0	0.991776
0	0.993421
0	0.983553
0	0.963816
0	0.995066
0	0.991776
0	0.985197
0	0.995066
0	0.990132
0	0.990132
0	0.988487
0	0.978618
0	0.967105
0	0.983553
0	0.996711
0	0.986842
0	0.970395
0	0.983553
0	0.950658
0	0.983553
0	0.976974
0	0.991776
0	0.981908
0	0.963816
0	0.996711
0	0.975329
0	0.967105
0	0.991776
0	0.991776
0	0.976974
0	0.991776
0	0.986842
0	0.995066
0	0.983553
0	0.988487
0	0.986842
0	0.991776
0	0.983553
0	0.990132
0	0.985197
0	0.993421
0	0.981908
0	0.983553
0	0.978618
0	0.986842
0	0.988487
0	0.980263
0	0.990132
0	0.963816
0	0.986842
0	0.988487
0	0.981908
0	0.985197
0	0.988487
0	0.995066
0	0.988487
0	0.970395
0	0.981908
0	0.983553
0	0.950658
0	0.986842
0	0.950658
0	0.975329
0	0.996711
0	0.985197
0	0.986842
0	0.967105
0	0.983553
0	0.986842
0	0.975329
0	0.986842
0	0.991776
0	0.975329
0	0.995066
0	0.996711
0	0.988487
0	0.990132
0	0.991776
0	0.991776
0	0.995066
0	0.970395
0	0.996711
0	0.980263
0	0.986842
0	0.981908
0	0.970395
0	0.976974
0	0.975329
0	0.995066
0	0.985197
0	0.995066
0	0.986842
0	0.983553
0	0.991776
0	0.975329
0	0.975329
0	0.965461
0	0.990132
0	0.963816
0	0.990132
0	0.991776
0	0.973684
0	0.981908
0	0.975329
0	0.983553
0	0.996711
0	0.986842
0	0.985197
0	0.967105
0	0.965461
0	0.991776
0	0.990132
0	0.963816
0	0.990132
0	0.981908
0	0.990132
0	0.995066
0	0.991776
0	0.970395
0	0.975329
0	0.983553
0	0.993421
0	0.993421
0	0.991776
0	0.991776
0	0.991776
0	0.985197
0	0.990132
0	0.993421
0	0.976974
0	0.975329
0	0.983553
0	0.988487
0	0.963816
0	0.970395
0	0.973684
0	0.996711
0	0.990132
0	0.980263
0	0.988487
0	0.991776
0	0.986842
0	0.988487
0	0.970395
0	0.975329
0	0.993421
0	0.990132
0	0.988487
0	0.986842
0	0.965461
0	0.983553
0	0.975329
0	0.981908
0	0.995066
0	0.993421
0	0.986842
0	0.996711
0	0.995066
0	0.975329
0	0.983553
0	0.983553
0	0.980263
0	0.950658
0	0.970395
0	0.988487
0	0.980263
0	0.983553
0	0.996711
0	0.991776
0	0.988487
0	0.970395
0	0.963816
0	0.967105
0	0.991776
0	0.983553
0	0.975329
0	0.990132
0	0.993421
0	0.975329
0	0.988487
0	0.991776
0	0.950658
0	0.967105
0	0.980263
0	0.993421
0	0.980263
0	0.996711
0	0.986842
0	0.970395
0	0.991776
0	0.983553
0	0.986842
0	0.967105
0	0.981908
0	0.973684
0	0.983553
0	0.973684
0	0.995066
0	0.986842
0	0.996711
0	0.996711
0	0.995066
0	0.985197
0	0.995066
0	0.985197
0	0.995066
0	0.983553
0	0.996711
0	0.990132
0	0.996711
0	0.983553
0	0.990132
0	0.980263
0	0.950658
0	0.995066
0	0.995066
0	0.996711
0	0.983553
0	0.983553
0	0.995066
0	0.996711
0	0.990132
0	0.990132
0	0.970395
0	0.993421
0	0.985197
0	0.965461
0	0.996711
0	0.983553
0	0.970395
0	0.975329
0	0.985197
0	0.995066
0	0.996711
0	0.995066
0	0.985197
0	0.985197
0	0.990132
0	0.995066
0	0.950658
0	0.996711
0	0.970395
0	0.975329
0	0.973684
0	0.993421
0	0.976974
0	0.993421
0	0.975329
0	0.965461
0	0.973684
0	0.986842
0	0.970395
0	0.993421
0	0.973684
0	0.986842
0	0.996711
0	0.973684
0	0.990132
0	0.985197
0	0.991776
0	0.973684
0	0.991776
0	0.985197
0	0.950658
0	0.993421
0	0.985197
0	0.981908
0	0.983553
0	0.991776
0	0.980263
0	0.991776
0	0.970395
0	0.995066
0	0.970395
0	0.983553
0	0.988487
0	0.985197
0	0.990132
0	0.991776
0	0.996711
0	0.993421
0	0.995066
0	0.978618
0	0.950658
0	0.995066
0	0.995066
0	0.970395
0	0.978618
0	0.975329
0	0.973684
0	0.990132
0	0.973684
0	0.993421
0	0.985197
0	0.988487
0	0.991776
0	0.995066
0	0.996711
0	0.985197
0	0.965461
0	0.963816
0	0.986842
0	0.990132
0	0.980263
0	0.963816
0	0.993421
0	0.988487
0	0.975329
0	0.976974
0	0.993421
0	0.991776
0	0.981908
0	0.993421
0	0.990132
0	0.990132
0	0.981908
0	0.967105
0	0.983553
0	0.990132
0	0.976974
0	0.983553
0	0.983553
0	0.963816
0	0.995066
0	0.991776
0	0.991776
0	0.985197
0	0.988487
0	0.996711
0	0.970395
0	0.991776
0	0.995066
0	0.983553
0	0.965461
0	0.981908
0	0.988487
0	0.990132
0	0.986842
0	0.980263
0	0.978618
0	0.975329
0	0.981908
0	0.975329
0	0.963816
0	0.980263
0	0.980263
0	0.990132
0	0.980263
0	0.970395
0	0.980263
0	0.990132
0	0.993421
0	0.986842
0	0.975329
0	0.985197
0	0.993421
0	0.996711
0	0.993421
0	0.950658
0	0.965461
0	0.995066
0	0.976974
0	0.996711
0	0.975329
0	0.993421
0	0.988487
0	0.967105
0	0.985197
0	0.985197
0	0.976974
0	0.996711
0	0.995066
0	0.970395
0	0.985197
0	0.995066
0	0.995066
0	0.993421
0	0.995066
0	0.963816
0	0.996711
0	0.986842


