# Persistence diagram <GML/1160.gml>
#
# Dimension   : 1
# Entries     : 214
# Betti number: 208
0.963816	inf
0.963816	inf
0.963816	inf
0.963816	inf
0.963816	inf
0.967105	inf
0.967105	inf
0.970395	inf
0.970395	inf
0.970395	inf
0.970395	inf
0.970395	inf
0.970395	inf
0.973684	inf
0.973684	inf
0.973684	inf
0.973684	inf
0.973684	0.988487
0.973684	inf
0.973684	inf
0.973684	inf
0.973684	0.985197
0.973684	inf
0.973684	inf
0.973684	inf
0.973684	inf
0.973684	inf
0.973684	inf
0.973684	inf
0.975329	inf
0.975329	inf
0.975329	inf
0.975329	inf
0.975329	inf
0.975329	0.986842
0.975329	inf
0.975329	inf
0.975329	inf
0.975329	inf
0.976974	inf
0.976974	inf
0.976974	0.985197
0.976974	inf
0.976974	inf
0.976974	inf
0.978618	inf
0.978618	inf
0.978618	inf
0.978618	inf
0.978618	inf
0.978618	0.988487
0.980263	inf
0.980263	inf
0.980263	inf
0.980263	inf
0.981908	inf
0.981908	inf
0.981908	inf
0.981908	inf
0.983553	inf
0.983553	inf
0.983553	inf
0.983553	inf
0.983553	inf
0.983553	inf
0.983553	0.988487
0.983553	inf
0.983553	inf
0.983553	inf
0.983553	inf
0.983553	inf
0.983553	inf
0.983553	inf
0.983553	inf
0.983553	inf
0.983553	inf
0.983553	inf
0.985197	inf
0.985197	inf
0.985197	inf
0.985197	inf
0.985197	inf
0.985197	inf
0.985197	inf
0.985197	inf
0.985197	inf
0.986842	inf
0.986842	inf
0.986842	inf
0.986842	inf
0.986842	inf
0.986842	inf
0.986842	inf
0.988487	inf
0.988487	inf
0.988487	inf
0.988487	inf
0.988487	inf
0.988487	inf
0.988487	inf
0.988487	inf
0.988487	inf
0.988487	inf
0.988487	inf
0.988487	inf
0.988487	inf
0.988487	inf
0.988487	inf
0.988487	inf
0.988487	inf
0.988487	inf
0.988487	inf
0.988487	inf
0.990132	inf
0.990132	inf
0.990132	inf
0.990132	inf
0.990132	inf
0.990132	inf
0.990132	inf
0.990132	inf
0.990132	inf
0.990132	inf
0.990132	inf
0.990132	inf
0.990132	inf
0.990132	inf
0.990132	inf
0.991776	inf
0.991776	inf
0.991776	inf
0.991776	inf
0.991776	inf
0.991776	inf
0.991776	inf
0.991776	inf
0.991776	inf
0.991776	inf
0.991776	inf
0.991776	inf
0.991776	inf
0.991776	inf
0.991776	inf
0.991776	inf
0.991776	inf
0.991776	inf
0.991776	inf
0.991776	inf
0.991776	inf
0.993421	inf
0.993421	inf
0.993421	inf
0.993421	inf
0.993421	inf
0.993421	inf
0.993421	inf
0.993421	inf
0.993421	inf
0.993421	inf
0.993421	inf
0.993421	inf
0.993421	inf
0.993421	inf
0.993421	inf
0.993421	inf
0.993421	inf
0.993421	inf
0.993421	inf
0.993421	inf
0.993421	inf
0.993421	inf
0.993421	inf
0.993421	inf
0.993421	inf
0.993421	inf
0.993421	inf
0.993421	inf
0.993421	inf
0.993421	inf
0.993421	inf
0.995066	inf
0.995066	inf
0.995066	inf
0.995066	inf
0.995066	inf
0.995066	inf
0.995066	inf
0.995066	inf
0.995066	inf
0.995066	inf
0.995066	inf
0.995066	inf
0.995066	inf
0.995066	inf
0.995066	inf
0.995066	inf
0.995066	inf
0.995066	inf
0.995066	inf
0.995066	inf
0.996711	inf
0.996711	inf
0.996711	inf
0.996711	inf
0.996711	inf
0.996711	inf
0.996711	inf
0.996711	inf
0.996711	inf
0.996711	inf
0.996711	inf
0.996711	inf
0.996711	inf
0.996711	inf
