# Persistence diagram <GML/1163.gml>
#
# Dimension   : 0
# Entries     : 343
# Betti number: 1
0	inf
0	0.991781
0	0.969863
0	0.978082
0	0.972603
0	0.972603
0	0.969863
0	0.947945
0	0.989041
0	0.978082
0	0.956164
0	0.975342
0	0.969863
0	0.969863
0	0.936986
0	0.956164
0	0.978082
0	0.991781
0	0.956164
0	0.975342
0	0.983562
0	0.936986
0	0.983562
0	0.969863
0	0.983562
0	0.975342
0	0.975342
0	0.975342
0	0.983562
0	0.978082
0	0.989041
0	0.969863
0	0.983562
0	0.961644
0	0.89863
0	0.953425
0	0.947945
0	0.89863
0	0.956164
0	0.947945
0	0.975342
0	0.89863
0	0.89863
0	0.969863
0	0.969863
0	0.989041
0	0.89863
0	0.972603
0	0.972603
0	0.89863
0	0.972603
0	0.967123
0	0.964384
0	0.958904
0	0.969863
0	0.989041
0	0.969863
0	0.972603
0	0.969863
0	0.983562
0	0.975342
0	0.972603
0	0.991781
0	0.964384
0	0.964384
0	0.980822
0	0.991781
0	0.972603
0	0.986301
0	0.947945
0	0.983562
0	0.953425
0	0.972603
0	0.964384
0	0.983562
0	0.969863
0	0.969863
0	0.980822
0	0.964384
0	0.975342
0	0.969863
0	0.983562
0	0.969863
0	0.969863
0	0.983562
0	0.969863
0	0.961644
0	0.975342
0	0.975342
0	0.969863
0	0.983562
0	0.958904
0	0.991781
0	0.964384
0	0.983562
0	0.989041
0	0.964384
0	0.936986
0	0.989041
0	0.975342
0	0.89863
0	0.980822
0	0.961644
0	0.991781
0	0.975342
0	0.975342
0	0.969863
0	0.991781
0	0.980822
0	0.975342
0	0.994521
0	0.969863
0	0.958904
0	0.994521
0	0.978082
0	0.969863
0	0.947945
0	0.969863
0	0.969863
0	0.972603
0	0.969863
0	0.956164
0	0.986301
0	0.947945
0	0.975342
0	0.994521
0	0.967123
0	0.975342
0	0.956164
0	0.980822
0	0.975342
0	0.975342
0	0.953425
0	0.972603
0	0.953425
0	0.961644
0	0.972603
0	0.983562
0	0.936986
0	0.991781
0	0.989041
0	0.978082
0	0.991781
0	0.956164
0	0.967123
0	0.994521
0	0.978082
0	0.964384
0	0.953425
0	0.989041
0	0.936986
0	0.953425
0	0.956164
0	0.989041
0	0.989041
0	0.956164
0	0.969863
0	0.972603
0	0.975342
0	0.983562
0	0.972603
0	0.958904
0	0.961644
0	0.972603
0	0.947945
0	0.969863
0	0.989041
0	0.994521
0	0.986301
0	0.989041
0	0.961644
0	0.89863
0	0.994521
0	0.964384
0	0.953425
0	0.989041
0	0.947945
0	0.989041
0	0.972603
0	0.994521
0	0.956164
0	0.953425
0	0.953425
0	0.989041
0	0.89863
0	0.986301
0	0.967123
0	0.983562
0	0.978082
0	0.991781
0	0.956164
0	0.969863
0	0.980822
0	0.947945
0	0.980822
0	0.956164
0	0.994521
0	0.975342
0	0.978082
0	0.936986
0	0.936986
0	0.978082
0	0.89863
0	0.980822
0	0.983562
0	0.980822
0	0.961644
0	0.936986
0	0.956164
0	0.956164
0	0.986301
0	0.964384
0	0.969863
0	0.980822
0	0.972603
0	0.975342
0	0.953425
0	0.972603
0	0.978082
0	0.972603
0	0.994521
0	0.964384
0	0.956164
0	0.991781
0	0.947945
0	0.969863
0	0.986301
0	0.986301
0	0.975342
0	0.969863
0	0.953425
0	0.936986
0	0.983562
0	0.978082
0	0.961644
0	0.983562
0	0.969863
0	0.986301
0	0.89863
0	0.969863
0	0.980822
0	0.972603
0	0.983562
0	0.975342
0	0.991781
0	0.89863
0	0.991781
0	0.978082
0	0.956164
0	0.975342
0	0.975342
0	0.956164
0	0.983562
0	0.983562
0	0.989041
0	0.953425
0	0.89863
0	0.991781
0	0.89863
0	0.978082
0	0.980822
0	0.961644
0	0.969863
0	0.983562
0	0.89863
0	0.980822
0	0.980822
0	0.980822
0	0.969863
0	0.972603
0	0.969863
0	0.978082
0	0.956164
0	0.994521
0	0.994521
0	0.991781
0	0.89863
0	0.953425
0	0.947945
0	0.969863
0	0.978082
0	0.969863
0	0.975342
0	0.967123
0	0.969863
0	0.972603
0	0.953425
0	0.967123
0	0.991781
0	0.956164
0	0.953425
0	0.978082
0	0.989041
0	0.953425
0	0.964384
0	0.978082
0	0.980822
0	0.975342
0	0.975342
0	0.947945
0	0.972603
0	0.956164
0	0.89863
0	0.89863
0	0.983562
0	0.978082
0	0.961644
0	0.991781
0	0.994521
0	0.947945
0	0.936986
0	0.956164
0	0.947945
0	0.994521
0	0.994521
0	0.936986
0	0.991781
0	0.947945
0	0.956164
0	0.89863
0	0.983562
0	0.980822
0	0.956164
0	0.975342
0	0.956164
0	0.936986
0	0.969863
0	0.969863
0	0.953425
0	0.975342
0	0.994521
0	0.972603
0	0.994521
0	0.980822
0	0.969863
0	0.964384
0	0.964384
0	0.947945
0	0.969863
0	0.991781
0	0.956164
0	0.89863
0	0.994521


