# Persistence diagram <GML/1163.gml>
#
# Dimension   : 1
# Entries     : 262
# Betti number: 259
0.89863	inf
0.89863	inf
0.89863	inf
0.89863	inf
0.89863	inf
0.89863	0.967123
0.89863	inf
0.89863	inf
0.89863	inf
0.89863	inf
0.89863	inf
0.89863	inf
0.89863	inf
0.89863	inf
0.89863	inf
0.89863	inf
0.89863	inf
0.936986	inf
0.936986	inf
0.947945	inf
0.953425	inf
0.953425	inf
0.956164	inf
0.956164	inf
0.956164	inf
0.956164	inf
0.956164	inf
0.956164	inf
0.956164	inf
0.956164	inf
0.956164	inf
0.956164	inf
0.956164	inf
0.956164	inf
0.956164	inf
0.956164	inf
0.961644	inf
0.961644	inf
0.961644	inf
0.961644	inf
0.964384	inf
0.964384	inf
0.964384	inf
0.964384	inf
0.964384	inf
0.964384	inf
0.964384	inf
0.964384	inf
0.964384	inf
0.964384	inf
0.964384	inf
0.967123	inf
0.967123	inf
0.967123	inf
0.967123	inf
0.967123	inf
0.967123	inf
0.969863	inf
0.969863	inf
0.969863	inf
0.969863	0.972603
0.969863	inf
0.969863	inf
0.969863	inf
0.969863	inf
0.969863	inf
0.969863	inf
0.969863	inf
0.969863	inf
0.969863	inf
0.969863	inf
0.969863	inf
0.969863	inf
0.969863	inf
0.969863	inf
0.969863	inf
0.969863	inf
0.969863	inf
0.969863	inf
0.969863	inf
0.969863	inf
0.969863	inf
0.969863	inf
0.969863	inf
0.969863	inf
0.969863	inf
0.969863	inf
0.972603	inf
0.972603	inf
0.972603	inf
0.972603	inf
0.972603	inf
0.972603	inf
0.972603	inf
0.972603	inf
0.972603	inf
0.972603	inf
0.972603	inf
0.972603	inf
0.972603	inf
0.972603	inf
0.972603	0.989041
0.972603	inf
0.972603	inf
0.972603	inf
0.972603	inf
0.972603	inf
0.972603	inf
0.972603	inf
0.972603	inf
0.972603	inf
0.972603	inf
0.972603	inf
0.972603	inf
0.972603	inf
0.972603	inf
0.972603	inf
0.972603	inf
0.972603	inf
0.972603	inf
0.975342	inf
0.975342	inf
0.975342	inf
0.975342	inf
0.975342	inf
0.975342	inf
0.975342	inf
0.975342	inf
0.975342	inf
0.975342	inf
0.975342	inf
0.975342	inf
0.975342	inf
0.975342	inf
0.975342	inf
0.975342	inf
0.975342	inf
0.975342	inf
0.975342	inf
0.978082	inf
0.978082	inf
0.978082	inf
0.978082	inf
0.978082	inf
0.978082	inf
0.978082	inf
0.978082	inf
0.978082	inf
0.978082	inf
0.978082	inf
0.978082	inf
0.978082	inf
0.978082	inf
0.978082	inf
0.978082	inf
0.980822	inf
0.980822	inf
0.980822	inf
0.980822	inf
0.980822	inf
0.980822	inf
0.980822	inf
0.980822	inf
0.980822	inf
0.980822	inf
0.980822	inf
0.980822	inf
0.980822	inf
0.980822	inf
0.980822	inf
0.980822	inf
0.980822	inf
0.980822	inf
0.980822	inf
0.980822	inf
0.980822	inf
0.983562	inf
0.983562	inf
0.983562	inf
0.983562	inf
0.983562	inf
0.983562	inf
0.983562	inf
0.983562	inf
0.983562	inf
0.983562	inf
0.983562	inf
0.983562	inf
0.983562	inf
0.983562	inf
0.983562	inf
0.983562	inf
0.983562	inf
0.983562	inf
0.983562	inf
0.983562	inf
0.983562	inf
0.983562	inf
0.983562	inf
0.983562	inf
0.983562	inf
0.983562	inf
0.983562	inf
0.983562	inf
0.983562	inf
0.983562	inf
0.983562	inf
0.983562	inf
0.983562	inf
0.986301	inf
0.986301	inf
0.986301	inf
0.986301	inf
0.986301	inf
0.986301	inf
0.986301	inf
0.986301	inf
0.986301	inf
0.986301	inf
0.986301	inf
0.986301	inf
0.986301	inf
0.986301	inf
0.986301	inf
0.986301	inf
0.986301	inf
0.986301	inf
0.986301	inf
0.986301	inf
0.986301	inf
0.986301	inf
0.986301	inf
0.986301	inf
0.986301	inf
0.989041	inf
0.989041	inf
0.989041	inf
0.989041	inf
0.989041	inf
0.989041	inf
0.989041	inf
0.989041	inf
0.989041	inf
0.989041	inf
0.989041	inf
0.989041	inf
0.989041	inf
0.989041	inf
0.989041	inf
0.989041	inf
0.991781	inf
0.991781	inf
0.991781	inf
0.991781	inf
0.991781	inf
0.994521	inf
0.994521	inf
0.994521	inf
0.994521	inf
0.994521	inf
0.994521	inf
0.994521	inf
