# Persistence diagram <GML/1164.gml>
#
# Dimension   : 1
# Entries     : 203
# Betti number: 202
0.983406	inf
0.985153	inf
0.985153	inf
0.985153	inf
0.985153	inf
0.985153	inf
0.985153	inf
0.9869	inf
0.988646	inf
0.988646	inf
0.988646	inf
0.988646	inf
0.988646	0.995633
0.988646	inf
0.988646	inf
0.988646	inf
0.988646	inf
0.988646	inf
0.988646	inf
0.988646	inf
0.988646	inf
0.988646	inf
0.98952	inf
0.98952	inf
0.98952	inf
0.98952	inf
0.98952	inf
0.98952	inf
0.98952	inf
0.98952	inf
0.990393	inf
0.990393	inf
0.990393	inf
0.990393	inf
0.990393	inf
0.990393	inf
0.990393	inf
0.990393	inf
0.990393	inf
0.990393	inf
0.991266	inf
0.991266	inf
0.991266	inf
0.991266	inf
0.991266	inf
0.991266	inf
0.991266	inf
0.991266	inf
0.991266	inf
0.991266	inf
0.99214	inf
0.99214	inf
0.99214	inf
0.99214	inf
0.99214	inf
0.99214	inf
0.99214	inf
0.99214	inf
0.99214	inf
0.99214	inf
0.99214	inf
0.99214	inf
0.99214	inf
0.99214	inf
0.99214	inf
0.99214	inf
0.99214	inf
0.99214	inf
0.99214	inf
0.99214	inf
0.993013	inf
0.993013	inf
0.993013	inf
0.993013	inf
0.993013	inf
0.993013	inf
0.993013	inf
0.993013	inf
0.993013	inf
0.993013	inf
0.993886	inf
0.993886	inf
0.993886	inf
0.993886	inf
0.993886	inf
0.993886	inf
0.993886	inf
0.993886	inf
0.993886	inf
0.993886	inf
0.993886	inf
0.993886	inf
0.993886	inf
0.993886	inf
0.993886	inf
0.993886	inf
0.993886	inf
0.99476	inf
0.99476	inf
0.99476	inf
0.99476	inf
0.99476	inf
0.99476	inf
0.99476	inf
0.99476	inf
0.99476	inf
0.99476	inf
0.99476	inf
0.99476	inf
0.99476	inf
0.995633	inf
0.995633	inf
0.995633	inf
0.995633	inf
0.995633	inf
0.995633	inf
0.995633	inf
0.995633	inf
0.995633	inf
0.995633	inf
0.995633	inf
0.995633	inf
0.995633	inf
0.995633	inf
0.995633	inf
0.995633	inf
0.995633	inf
0.995633	inf
0.995633	inf
0.995633	inf
0.995633	inf
0.995633	inf
0.995633	inf
0.995633	inf
0.995633	inf
0.995633	inf
0.995633	inf
0.995633	inf
0.996507	inf
0.996507	inf
0.996507	inf
0.996507	inf
0.996507	inf
0.996507	inf
0.996507	inf
0.996507	inf
0.996507	inf
0.996507	inf
0.996507	inf
0.996507	inf
0.996507	inf
0.996507	inf
0.996507	inf
0.996507	inf
0.996507	inf
0.996507	inf
0.996507	inf
0.996507	inf
0.996507	inf
0.99738	inf
0.99738	inf
0.99738	inf
0.99738	inf
0.99738	inf
0.99738	inf
0.99738	inf
0.99738	inf
0.99738	inf
0.99738	inf
0.99738	inf
0.99738	inf
0.99738	inf
0.99738	inf
0.99738	inf
0.99738	inf
0.99738	inf
0.99738	inf
0.99738	inf
0.99738	inf
0.99738	inf
0.99738	inf
0.99738	inf
0.99738	inf
0.998253	inf
0.998253	inf
0.998253	inf
0.998253	inf
0.998253	inf
0.998253	inf
0.998253	inf
0.998253	inf
0.998253	inf
0.998253	inf
0.998253	inf
0.998253	inf
0.998253	inf
0.998253	inf
0.998253	inf
0.998253	inf
0.998253	inf
0.998253	inf
0.998253	inf
0.998253	inf
