# Persistence diagram <GML/1170.gml>
#
# Dimension   : 0
# Entries     : 115
# Betti number: 6
0	inf
0	0.993103
0	0.962069
0	0.986207
0	0.993103
0	0.993103
0	inf
0	0.993103
0	0.986207
0	0.986207
0	0.993103
0	0.993103
0	inf
0	0.989655
0	0.986207
0	0.989655
0	0.986207
0	0.982759
0	inf
0	0.962069
0	0.982759
0	0.989655
0	0.989655
0	0.993103
0	0.989655
0	0.982759
0	0.986207
0	0.982759
0	0.962069
0	inf
0	0.993103
0	0.986207
0	0.986207
0	0.986207
0	0.989655
0	0.982759
0	0.962069
0	0.986207
0	0.993103
0	0.993103
0	0.982759
0	inf
0	0.993103
0	0.989655
0	0.989655
0	0.993103
0	0.982759
0	0.993103
0	0.996552
0	0.962069
0	0.993103
0	0.989655
0	0.982759
0	0.986207
0	0.993103
0	0.989655
0	0.989655
0	0.986207
0	0.989655
0	0.993103
0	0.993103
0	0.993103
0	0.993103
0	0.982759
0	0.993103
0	0.993103
0	0.993103
0	0.993103
0	0.989655
0	0.989655
0	0.993103
0	0.986207
0	0.993103
0	0.982759
0	0.989655
0	0.989655
0	0.962069
0	0.986207
0	0.982759
0	0.993103
0	0.982759
0	0.996552
0	0.989655
0	0.986207
0	0.989655
0	0.982759
0	0.993103
0	0.993103
0	0.986207
0	0.993103
0	0.982759
0	0.993103
0	0.989655
0	0.989655
0	0.982759
0	0.993103
0	0.982759
0	0.993103
0	0.986207
0	0.993103
0	0.982759
0	0.982759
0	0.986207
0	0.993103
0	0.993103
0	0.962069
0	0.993103
0	0.993103
0	0.993103
0	0.962069
0	0.986207
0	0.993103
0	0.986207
0	0.993103
0	0.982759


