# Persistence diagram <GML/1171.gml>
#
# Dimension   : 0
# Entries     : 489
# Betti number: 8
0	inf
0	0.99923
0	0.997306
0	0.996921
0	0.998845
0	0.998845
0	0.998845
0	0.993841
0	0.997306
0	0.998845
0	0.998845
0	0.997306
0	0.997691
0	0.998075
0	0.998075
0	0.99923
0	0.994996
0	0.998845
0	0.997691
0	0.990377
0	0.994996
0	0.998075
0	0.998845
0	0.99846
0	0.994996
0	0.998075
0	0.99846
0	0.995766
0	0.998075
0	0.998075
0	0.99923
0	0.996536
0	0.99846
0	0.998075
0	0.99846
0	0.997691
0	0.997306
0	0.997691
0	0.994996
0	0.995766
0	0.998075
0	0.996536
0	0.996536
0	0.99923
0	0.99846
0	0.998075
0	0.994996
0	0.997306
0	0.998075
0	0.99923
0	0.99846
0	0.998845
0	0.99923
0	0.99923
0	0.996921
0	0.996921
0	0.995381
0	0.997306
0	0.997691
0	0.996921
0	0.997691
0	0.997306
0	0.997306
0	0.994996
0	0.998075
0	inf
0	0.997691
0	0.99923
0	0.998845
0	0.998845
0	0.99923
0	0.998845
0	0.995766
0	0.998075
0	0.998075
0	0.998075
0	0.99923
0	0.99846
0	0.99846
0	0.99923
0	0.993841
0	0.997691
0	0.99846
0	0.997691
0	0.997691
0	0.998075
0	0.995381
0	0.996536
0	0.997691
0	0.99923
0	0.998075
0	0.99923
0	0.990377
0	0.996536
0	0.998075
0	0.995381
0	0.99846
0	0.996921
0	0.997691
0	0.995766
0	0.997691
0	0.99923
0	0.997306
0	0.995766
0	0.990377
0	0.998075
0	0.997306
0	0.994996
0	0.999615
0	0.998075
0	0.997306
0	0.99846
0	0.99923
0	0.996536
0	0.997691
0	0.996536
0	0.99923
0	0.99923
0	0.995381
0	0.995381
0	0.998075
0	0.99923
0	inf
0	0.998845
0	0.998075
0	0.994996
0	0.994996
0	0.998845
0	0.997306
0	0.996921
0	0.996536
0	0.999615
0	0.997691
0	0.99846
0	0.997306
0	0.993841
0	0.997306
0	0.99923
0	0.998845
0	0.997691
0	0.996921
0	0.996536
0	0.997306
0	0.996536
0	0.995766
0	0.995381
0	0.996536
0	0.994996
0	0.994996
0	0.995766
0	0.99923
0	0.997691
0	0.996921
0	0.993841
0	0.993072
0	0.99923
0	0.998845
0	0.995766
0	0.99846
0	0.990377
0	0.99923
0	0.998075
0	0.998075
0	0.99923
0	0.996536
0	0.99923
0	0.996536
0	0.99923
0	0.996921
0	0.996921
0	0.998845
0	0.998075
0	0.995766
0	0.99923
0	0.998075
0	0.996536
0	0.99846
0	0.998075
0	0.996921
0	0.99846
0	0.994996
0	0.998845
0	0.997691
0	0.998075
0	inf
0	0.995381
0	0.993072
0	0.99923
0	0.99923
0	0.998075
0	0.995766
0	0.996921
0	inf
0	0.99923
0	0.998845
0	0.998075
0	0.994996
0	0.990377
0	0.998075
0	inf
0	0.99923
0	0.99923
0	0.998845
0	0.996921
0	0.99923
0	0.997691
0	0.99846
0	0.99846
0	0.994996
0	0.99923
0	0.998075
0	0.99923
0	0.998845
0	0.997306
0	0.99923
0	0.997691
0	0.996921
0	0.994996
0	0.993072
0	0.99923
0	0.99923
0	0.994996
0	0.994996
0	0.998845
0	0.998075
0	0.996536
0	0.998845
0	0.99846
0	0.997691
0	0.994996
0	0.99846
0	inf
0	0.998845
0	0.99846
0	0.995766
0	0.99923
0	0.996536
0	0.995381
0	0.995381
0	0.99923
0	0.995766
0	0.990377
0	0.99923
0	0.99923
0	0.995766
0	0.998845
0	0.996536
0	0.997306
0	0.998075
0	0.993841
0	0.996921
0	0.998845
0	0.998845
0	0.998845
0	0.99923
0	0.996921
0	0.994996
0	0.994996
0	0.998075
0	0.995381
0	0.99923
0	0.99846
0	0.997306
0	0.99923
0	0.995766
0	0.996921
0	0.998845
0	0.995766
0	0.995766
0	0.99846
0	0.998845
0	inf
0	0.998845
0	0.994996
0	0.995381
0	0.99923
0	0.99846
0	0.99846
0	0.99923
0	0.998075
0	0.990377
0	0.993841
0	0.997691
0	0.995381
0	0.998845
0	0.99846
0	0.993072
0	0.99923
0	0.996921
0	0.995766
0	0.997691
0	0.995381
0	0.999615
0	0.99846
0	0.997691
0	0.998845
0	0.997306
0	0.99846
0	0.993072
0	0.997691
0	0.99846
0	0.995381
0	0.995381
0	0.999615
0	0.996921
0	0.998075
0	0.997691
0	0.99846
0	0.998075
0	0.998075
0	0.996921
0	0.99846
0	0.996536
0	0.994996
0	0.997306
0	0.996536
0	0.990377
0	0.995766
0	0.999615
0	0.998075
0	0.995381
0	0.998845
0	0.997691
0	0.99846
0	0.99923
0	0.996921
0	0.99846
0	0.997691
0	0.998845
0	0.99923
0	0.998845
0	0.99923
0	0.99923
0	0.998845
0	0.995381
0	0.99923
0	0.99923
0	0.997691
0	0.998845
0	0.997691
0	0.990377
0	0.996536
0	0.99923
0	0.99846
0	0.99846
0	0.993072
0	0.995381
0	0.998075
0	0.99923
0	0.99846
0	0.995766
0	0.995381
0	0.998075
0	0.99846
0	0.994996
0	0.998075
0	0.99923
0	0.994996
0	0.99923
0	0.997306
0	0.997691
0	0.996536
0	0.995381
0	0.998075
0	0.993072
0	0.996536
0	0.995766
0	0.996921
0	0.996921
0	0.998075
0	0.998845
0	0.990377
0	0.99846
0	0.99923
0	0.997306
0	0.993841
0	0.99923
0	0.998075
0	0.998845
0	0.99923
0	0.99923
0	0.993841
0	0.99923
0	0.994996
0	0.99846
0	0.997691
0	0.998075
0	0.99923
0	0.997691
0	0.997691
0	0.99923
0	0.998075
0	0.996921
0	0.99923
0	0.99923
0	0.998075
0	0.996921
0	0.99923
0	0.993072
0	0.997691
0	0.993841
0	0.995381
0	0.994996
0	0.99923
0	0.994996
0	0.99846
0	0.99846
0	0.99846
0	0.995381
0	0.99923
0	0.998075
0	0.99923
0	0.997306
0	0.990377
0	0.996536
0	0.997691
0	0.998075
0	0.99923
0	0.99923
0	0.99846
0	0.997691
0	0.998845
0	0.99846
0	0.995766
0	0.99846
0	0.998845
0	0.99923
0	0.99923
0	0.99846
0	0.993072
0	0.99923
0	0.996921
0	0.995766
0	0.997691
0	0.99923
0	0.999615
0	0.996536
0	0.99923
0	0.998075
0	0.99923
0	0.996921
0	0.995766
0	0.994996
0	0.996536
0	0.99923
0	0.997691
0	0.997306
0	0.996921
0	0.997306
0	0.990377
0	0.994996
0	0.993841
0	0.996536
0	0.993072
0	0.993072
0	0.996536
0	0.995766
0	0.998845
0	0.99846
0	0.993072
0	0.995766
0	0.995381
0	0.99923
0	0.998075
0	0.99846
0	0.995381
0	0.99846
0	0.994996
0	0.995766
0	0.993072
0	0.99846
0	0.995381
0	0.993841
0	0.99846
0	0.996536
0	0.99923
0	0.997691
0	0.994996
0	0.990377
0	0.998845
0	0.997691
0	0.996536
0	0.997306
0	0.997691
0	0.99923
0	0.99846
0	0.99846
0	0.99846
0	0.99846


