# Persistence diagram <GML/1172.gml>
#
# Dimension   : 0
# Entries     : 859
# Betti number: 8
0	inf
0	0.996975
0	0.995765
0	0.99637
0	0.998185
0	0.993345
0	0.993345
0	0.99758
0	0.99637
0	0.993345
0	0.989111
0	0.991531
0	0.995765
0	0.978826
0	0.989111
0	inf
0	0.989716
0	0.996975
0	0.991531
0	0.99758
0	0.99516
0	inf
0	0.992136
0	0.996975
0	0.989716
0	0.998185
0	0.99395
0	0.99879
0	inf
0	0.991531
0	0.99516
0	0.99395
0	0.996975
0	0.99879
0	0.998185
0	0.99758
0	0.99758
0	0.99274
0	0.989716
0	0.99879
0	0.99879
0	0.99758
0	0.99274
0	0.991531
0	0.996975
0	0.99879
0	0.99395
0	0.998185
0	0.99879
0	0.991531
0	0.99879
0	0.99274
0	0.99516
0	0.99879
0	0.985481
0	0.99758
0	0.993345
0	0.99274
0	0.99637
0	0.996975
0	0.99879
0	0.99879
0	0.991531
0	0.99274
0	0.99879
0	0.99637
0	0.99637
0	0.99395
0	0.989111
0	0.993345
0	0.99879
0	0.99879
0	0.993345
0	0.992136
0	0.993345
0	0.99879
0	0.992136
0	0.998185
0	0.991531
0	0.991531
0	0.980641
0	0.99879
0	0.99879
0	0.996975
0	0.998185
0	0.991531
0	0.994555
0	0.998185
0	0.99516
0	0.99879
0	0.995765
0	0.99516
0	0.978826
0	0.996975
0	0.99879
0	0.985481
0	0.991531
0	0.99879
0	0.980641
0	0.996975
0	0.99637
0	0.983061
0	0.991531
0	0.99395
0	0.996975
0	0.989716
0	0.99879
0	0.990926
0	0.991531
0	0.99758
0	0.99637
0	0.996975
0	0.991531
0	0.99274
0	0.996975
0	0.99758
0	0.993345
0	0.998185
0	0.99274
0	0.99637
0	0.996975
0	0.99879
0	0.99274
0	0.996975
0	0.991531
0	0.994555
0	0.99637
0	0.995765
0	0.99758
0	0.99879
0	inf
0	0.980641
0	0.99879
0	0.985481
0	0.994555
0	0.995765
0	0.994555
0	0.996975
0	0.991531
0	0.99758
0	0.99758
0	0.998185
0	0.99758
0	0.991531
0	0.99879
0	0.99637
0	0.993345
0	0.978826
0	0.99637
0	0.99395
0	0.983061
0	0.992136
0	0.99395
0	0.991531
0	0.99758
0	0.980641
0	0.99395
0	0.992136
0	0.991531
0	0.985481
0	0.978826
0	0.998185
0	0.99516
0	0.99637
0	0.989111
0	0.980641
0	0.99637
0	0.998185
0	0.993345
0	0.991531
0	0.998185
0	0.989111
0	0.99879
0	0.978826
0	0.998185
0	0.983061
0	0.992136
0	0.998185
0	0.99516
0	0.992136
0	0.995765
0	0.99274
0	0.980641
0	0.998185
0	0.99879
0	0.996975
0	0.996975
0	0.99879
0	0.985481
0	0.998185
0	0.998185
0	0.991531
0	0.998185
0	0.993345
0	0.99879
0	0.998185
0	0.990926
0	0.99879
0	0.985481
0	0.998185
0	0.998185
0	0.989716
0	0.980641
0	0.978826
0	0.995765
0	0.99758
0	0.99758
0	0.991531
0	0.998185
0	0.99637
0	0.992136
0	0.99637
0	0.99516
0	0.995765
0	0.99758
0	0.99637
0	0.99879
0	0.996975
0	0.999395
0	0.998185
0	0.995765
0	0.989716
0	0.99879
0	0.991531
0	0.996975
0	0.989716
0	0.99758
0	0.993345
0	0.995765
0	0.989716
0	0.992136
0	0.99758
0	0.978826
0	0.99274
0	0.998185
0	0.99637
0	0.99758
0	0.993345
0	0.978826
0	0.99879
0	0.991531
0	0.978826
0	0.99879
0	0.998185
0	0.985481
0	0.989716
0	0.989716
0	0.991531
0	0.983061
0	0.99516
0	0.991531
0	0.998185
0	0.99879
0	0.998185
0	0.99637
0	0.989716
0	0.992136
0	0.99637
0	0.992136
0	0.99879
0	0.989716
0	0.991531
0	0.991531
0	0.992136
0	0.992136
0	0.99516
0	0.99395
0	0.99879
0	0.993345
0	0.99637
0	0.99395
0	0.99395
0	0.996975
0	0.996975
0	0.994555
0	0.99395
0	0.99516
0	0.99758
0	0.994555
0	0.99637
0	0.989716
0	0.991531
0	0.998185
0	0.991531
0	0.980641
0	0.99879
0	0.995765
0	0.996975
0	0.980641
0	0.99637
0	0.980641
0	0.993345
0	0.99758
0	0.992136
0	0.99395
0	0.983061
0	0.990926
0	0.996975
0	0.992136
0	0.995765
0	0.980641
0	0.989716
0	0.996975
0	0.996975
0	0.983061
0	0.995765
0	0.99395
0	0.980641
0	0.99879
0	0.99758
0	0.996975
0	0.985481
0	0.978826
0	0.991531
0	0.998185
0	0.991531
0	0.996975
0	0.995765
0	0.980641
0	0.985481
0	0.99758
0	0.99758
0	0.99879
0	0.993345
0	0.995765
0	0.989111
0	0.99879
0	0.99637
0	0.978826
0	0.991531
0	0.998185
0	0.993345
0	0.99516
0	0.99879
0	0.993345
0	0.980641
0	0.99758
0	0.983061
0	0.983061
0	0.996975
0	0.99879
0	0.99516
0	0.99516
0	0.989716
0	0.991531
0	0.99758
0	0.99879
0	0.99395
0	0.998185
0	0.989716
0	0.992136
0	0.99516
0	0.994555
0	0.99879
0	0.983061
0	0.99879
0	0.993345
0	0.99879
0	0.983061
0	0.99758
0	0.99879
0	0.99879
0	0.983061
0	0.998185
0	0.99879
0	0.99758
0	0.995765
0	0.992136
0	0.99758
0	0.995765
0	0.99758
0	0.991531
0	0.99758
0	0.99395
0	0.998185
0	0.983061
0	0.978826
0	0.99879
0	0.989716
0	0.998185
0	0.996975
0	0.994555
0	0.99758
0	0.994555
0	0.99274
0	0.99637
0	0.998185
0	0.995765
0	0.99879
0	0.998185
0	0.985481
0	0.998185
0	0.99395
0	0.99274
0	0.99879
0	0.983061
0	0.99879
0	0.996975
0	0.994555
0	0.990926
0	0.99516
0	0.99395
0	0.980641
0	0.996975
0	0.989716
0	0.99395
0	0.99516
0	0.99879
0	0.980641
0	0.993345
0	0.99516
0	0.99879
0	0.996975
0	0.996975
0	0.998185
0	0.991531
0	0.99274
0	0.989716
0	0.992136
0	0.99637
0	0.99879
0	0.991531
0	0.989111
0	0.99516
0	0.995765
0	0.99395
0	0.99879
0	0.99516
0	0.998185
0	0.993345
0	0.989111
0	0.99879
0	0.989111
0	0.992136
0	0.996975
0	0.99395
0	0.991531
0	0.978826
0	0.99637
0	0.983061
0	0.99274
0	0.99758
0	0.99516
0	0.99274
0	0.996975
0	0.990926
0	0.993345
0	0.99758
0	0.991531
0	0.989716
0	0.99758
0	0.989716
0	0.989111
0	0.989716
0	0.991531
0	0.99516
0	0.998185
0	0.996975
0	0.992136
0	0.991531
0	0.992136
0	0.99879
0	0.99879
0	0.983061
0	0.99758
0	0.996975
0	0.99758
0	0.991531
0	0.993345
0	0.99274
0	0.991531
0	0.99395
0	inf
0	0.99637
0	0.998185
0	0.994555
0	0.991531
0	0.998185
0	0.99758
0	0.99637
0	0.99637
0	0.998185
0	0.99758
0	0.992136
0	0.996975
0	0.99637
0	0.993345
0	0.996975
0	0.996975
0	0.998185
0	0.99879
0	0.994555
0	0.995765
0	0.99879
0	0.99879
0	0.99516
0	0.998185
0	0.99879
0	0.995765
0	0.998185
0	0.998185
0	0.99395
0	0.99516
0	0.980641
0	0.991531
0	0.99879
0	0.998185
0	0.991531
0	0.99758
0	0.978826
0	0.991531
0	0.980641
0	0.99879
0	0.99879
0	0.99879
0	0.99879
0	0.99637
0	0.995765
0	0.993345
0	0.995765
0	0.980641
0	0.99395
0	0.998185
0	0.989716
0	0.991531
0	0.99758
0	0.995765
0	0.99879
0	0.998185
0	0.99516
0	0.99879
0	0.995765
0	0.99516
0	0.99637
0	0.99758
0	0.978826
0	0.991531
0	0.99758
0	0.99879
0	0.99395
0	0.99516
0	0.989716
0	0.99516
0	0.994555
0	0.991531
0	0.978826
0	0.99637
0	0.99879
0	0.998185
0	inf
0	0.99879
0	0.980641
0	0.991531
0	0.995765
0	0.99274
0	0.995765
0	0.983061
0	0.991531
0	0.99879
0	0.996975
0	0.99879
0	0.994555
0	0.993345
0	0.99879
0	0.985481
0	0.989716
0	0.99758
0	0.995765
0	0.99879
0	0.993345
0	0.998185
0	0.991531
0	0.99879
0	0.980641
0	0.991531
0	0.996975
0	0.989716
0	0.99879
0	0.99879
0	0.99879
0	0.99758
0	0.99637
0	0.991531
0	0.99879
0	0.989111
0	0.99879
0	0.996975
0	0.989111
0	0.978826
0	0.99879
0	0.99395
0	0.995765
0	0.995765
0	0.99516
0	0.99879
0	0.995765
0	0.99274
0	0.99395
0	0.989716
0	0.99637
0	0.99395
0	0.99637
0	0.996975
0	0.99516
0	0.998185
0	0.99879
0	0.99758
0	0.998185
0	0.994555
0	0.99879
0	0.99395
0	0.992136
0	0.99395
0	0.99758
0	0.99758
0	0.989716
0	0.992136
0	0.99395
0	0.983061
0	0.99516
0	0.99879
0	0.99879
0	0.996975
0	0.989716
0	0.980641
0	0.980641
0	0.99516
0	0.99879
0	0.998185
0	0.99758
0	0.989716
0	0.989716
0	0.985481
0	0.99758
0	0.99516
0	0.991531
0	0.99879
0	0.99274
0	0.991531
0	0.980641
0	0.998185
0	0.990926
0	0.99395
0	0.991531
0	0.99637
0	0.989111
0	0.992136
0	0.993345
0	0.993345
0	0.993345
0	0.983061
0	0.99637
0	0.99879
0	0.99274
0	0.991531
0	0.978826
0	0.998185
0	0.99758
0	0.994555
0	0.993345
0	0.998185
0	0.978826
0	0.978826
0	0.998185
0	0.985481
0	0.992136
0	0.99637
0	0.994555
0	0.99758
0	0.980641
0	0.99879
0	0.992136
0	0.995765
0	0.99637
0	0.99879
0	0.99516
0	0.991531
0	0.999395
0	0.978826
0	0.99879
0	0.99395
0	0.99879
0	0.978826
0	0.998185
0	0.991531
0	0.99637
0	0.99637
0	0.99637
0	0.994555
0	0.99637
0	0.99395
0	0.989716
0	0.980641
0	0.996975
0	0.99879
0	0.99879
0	0.991531
0	0.99758
0	0.995765
0	0.983061
0	0.990926
0	0.99637
0	0.992136
0	0.978826
0	0.994555
0	0.991531
0	0.998185
0	0.993345
0	0.99879
0	0.989716
0	0.99637
0	0.991531
0	0.99395
0	0.998185
0	0.99879
0	0.990926
0	0.99395
0	0.99879
0	0.996975
0	0.992136
0	0.998185
0	0.99637
0	0.99758
0	0.99516
0	0.99758
0	0.99637
0	0.99879
0	0.992136
0	0.99758
0	0.996975
0	0.992136
0	0.99395
0	0.993345
0	0.993345
0	0.990926
0	0.995765
0	0.994555
0	0.995765
0	0.999395
0	0.994555
0	0.996975
0	0.993345
0	0.994555
0	0.989716
0	0.99395
0	0.99879
0	0.992136
0	0.99395
0	0.992136
0	0.99516
0	0.992136
0	0.998185
0	0.983061
0	0.998185
0	0.980641
0	0.99879
0	0.99879
0	0.996975
0	0.998185
0	0.99879
0	0.995765
0	0.99274
0	0.99395
0	0.99637
0	0.99274
0	0.99879
0	0.991531
0	0.983061
0	0.99879
0	0.99879
0	0.99879
0	0.99879
0	0.99758
0	0.991531
0	0.99758
0	0.993345
0	0.991531
0	0.998185
0	0.991531
0	0.989716
0	0.99516
0	0.993345
0	0.990926
0	0.998185
0	0.998185
0	0.989111
0	0.991531
0	0.995765
0	0.99395
0	0.99879
0	0.99879
0	0.99758
0	0.99758
0	0.99758
0	0.99879
0	0.99516
0	0.991531
0	0.998185
0	0.99758
0	inf
0	0.99395
0	0.978826
0	0.994555
0	0.978826
0	0.991531
0	0.993345
0	0.990926
0	0.983061
0	0.998185
0	0.992136
0	0.991531
0	0.998185
0	0.996975
0	0.989111
0	0.991531
0	0.99879
0	0.999395
0	0.991531
0	0.978826
0	0.99879
0	0.991531
0	0.978826
0	0.99879
0	0.999395
0	0.99516
0	0.978826
0	0.99516
0	0.99637
0	0.995765
0	0.99395
0	0.99758
0	0.992136
0	0.99395
0	0.99758
0	0.99758
0	0.99879
0	0.993345
0	0.990926
0	0.99879
0	0.992136
0	0.99274
0	0.996975
0	0.99516
0	0.998185
0	0.989716
0	0.99758
0	0.994555
0	0.991531
0	0.99879
0	0.991531
0	0.99758
0	0.998185
0	0.985481
0	0.983061
0	0.993345
0	0.993345
0	0.99637
0	0.99879
0	0.991531


