# Persistence diagram <GML/1173.gml>
#
# Dimension   : 1
# Entries     : 101
# Betti number: 101
0.988412	inf
0.988412	inf
0.993991	inf
0.99485	inf
0.99485	inf
0.99485	inf
0.99485	inf
0.99485	inf
0.995279	inf
0.995279	inf
0.995279	inf
0.995708	inf
0.995708	inf
0.995708	inf
0.995708	inf
0.995708	inf
0.995708	inf
0.995708	inf
0.995708	inf
0.996137	inf
0.996567	inf
0.996567	inf
0.996567	inf
0.996567	inf
0.996996	inf
0.996996	inf
0.996996	inf
0.996996	inf
0.996996	inf
0.996996	inf
0.996996	inf
0.997425	inf
0.997425	inf
0.997425	inf
0.997425	inf
0.997854	inf
0.997854	inf
0.997854	inf
0.997854	inf
0.997854	inf
0.997854	inf
0.997854	inf
0.997854	inf
0.997854	inf
0.998283	inf
0.998283	inf
0.998283	inf
0.998283	inf
0.998283	inf
0.998283	inf
0.998283	inf
0.998283	inf
0.998283	inf
0.998283	inf
0.998283	inf
0.998283	inf
0.998283	inf
0.998283	inf
0.998283	inf
0.998283	inf
0.998283	inf
0.998283	inf
0.998283	inf
0.998283	inf
0.998283	inf
0.998283	inf
0.998283	inf
0.998283	inf
0.998283	inf
0.998712	inf
0.998712	inf
0.998712	inf
0.998712	inf
0.998712	inf
0.998712	inf
0.998712	inf
0.998712	inf
0.998712	inf
0.998712	inf
0.998712	inf
0.998712	inf
0.998712	inf
0.998712	inf
0.998712	inf
0.998712	inf
0.998712	inf
0.998712	inf
0.998712	inf
0.998712	inf
0.999142	inf
0.999142	inf
0.999142	inf
0.999142	inf
0.999142	inf
0.999142	inf
0.999142	inf
0.999142	inf
0.999142	inf
0.999142	inf
0.999142	inf
0.999142	inf
