# Persistence diagram <GML/1173.gml>
#
# Dimension   : 0
# Entries     : 694
# Betti number: 14
0	inf
0	0.995708
0	0.992275
0	0.996137
0	0.995708
0	0.99485
0	0.99485
0	0.992275
0	0.995708
0	0.997425
0	0.996137
0	0.996567
0	0.999142
0	0.995279
0	0.996567
0	0.998283
0	0.99485
0	0.996137
0	0.994421
0	0.993991
0	0.998712
0	inf
0	0.99485
0	0.996996
0	0.992275
0	0.997854
0	inf
0	0.988412
0	0.998712
0	0.996137
0	0.999142
0	0.992275
0	0.999142
0	0.998712
0	0.997854
0	0.996996
0	0.997854
0	0.996137
0	0.976824
0	0.998712
0	0.999142
0	0.994421
0	0.993991
0	0.996996
0	0.997854
0	0.996567
0	0.99485
0	0.99485
0	0.976824
0	0.994421
0	0.998712
0	0.999142
0	0.997425
0	0.997854
0	0.976824
0	0.997425
0	0.998712
0	0.976824
0	0.993133
0	0.999142
0	0.999142
0	0.997854
0	0.998712
0	0.998712
0	0.993133
0	0.998283
0	0.999142
0	0.998283
0	0.995708
0	0.996567
0	0.99485
0	0.997425
0	0.997854
0	0.998712
0	0.976824
0	0.99485
0	0.997425
0	0.998712
0	0.988412
0	0.998712
0	0.998283
0	0.999142
0	0.996567
0	0.999142
0	0.996996
0	0.993991
0	0.999142
0	0.997854
0	0.992275
0	0.998712
0	0.997854
0	0.997425
0	0.999142
0	0.999142
0	0.993133
0	0.99485
0	0.99485
0	0.998283
0	0.976824
0	0.995279
0	0.996567
0	0.992275
0	0.994421
0	0.998712
0	0.996137
0	0.988412
0	0.992275
0	0.997854
0	0.999142
0	0.998712
0	0.998283
0	0.997425
0	0.998283
0	0.999142
0	0.996137
0	0.993133
0	0.976824
0	0.996137
0	0.997425
0	0.998712
0	0.998712
0	0.999142
0	0.996567
0	0.992275
0	0.99485
0	0.997854
0	0.992275
0	0.99485
0	0.997854
0	0.998283
0	0.998712
0	0.996567
0	0.995279
0	0.976824
0	0.998283
0	0.996137
0	0.996996
0	0.999142
0	0.998712
0	0.996567
0	0.999142
0	0.998712
0	0.999142
0	0.997854
0	0.996567
0	0.996567
0	0.99485
0	0.996996
0	0.994421
0	0.996567
0	0.998283
0	0.999142
0	0.997854
0	0.993991
0	0.996137
0	0.999142
0	0.993133
0	0.995708
0	0.998283
0	0.997425
0	0.99485
0	0.992275
0	0.995708
0	0.997854
0	0.999142
0	0.993991
0	0.993991
0	0.995708
0	0.998283
0	0.992275
0	0.997854
0	0.997854
0	0.997854
0	0.997854
0	0.99485
0	0.976824
0	0.996996
0	inf
0	0.998712
0	0.997854
0	0.997854
0	0.997854
0	0.992275
0	0.998712
0	0.998283
0	0.99485
0	0.997425
0	0.976824
0	0.997854
0	0.996996
0	0.997425
0	0.993133
0	0.993133
0	0.997854
0	0.998712
0	0.995708
0	0.997425
0	0.976824
0	0.993991
0	0.999142
0	0.992275
0	0.999142
0	0.998283
0	0.994421
0	0.992275
0	0.997425
0	0.998283
0	0.999142
0	0.998283
0	0.998712
0	0.997425
0	0.995708
0	0.999142
0	0.999142
0	0.998712
0	0.99485
0	0.998712
0	0.997425
0	0.995708
0	0.976824
0	0.976824
0	0.997425
0	0.997854
0	0.997854
0	0.996996
0	0.997425
0	0.996996
0	0.996567
0	0.999142
0	0.998283
0	0.997854
0	0.995279
0	0.997425
0	0.999142
0	0.997854
0	0.997854
0	0.988412
0	0.997854
0	0.996137
0	0.996567
0	0.999142
0	0.99485
0	0.998283
0	0.995279
0	0.976824
0	0.995279
0	0.996996
0	inf
0	0.994421
0	0.993991
0	0.998712
0	0.998712
0	0.992275
0	0.997854
0	0.997854
0	0.996567
0	0.999142
0	0.996137
0	0.995279
0	0.998712
0	0.997425
0	0.999142
0	0.993991
0	inf
0	0.998712
0	inf
0	0.997854
0	0.999142
0	0.993991
0	0.996567
0	0.996567
0	0.992275
0	0.992275
0	0.996567
0	0.976824
0	0.997854
0	0.996996
0	0.998712
0	0.976824
0	0.998712
0	0.99485
0	0.999142
0	0.976824
0	0.999142
0	0.995279
0	0.998712
0	0.992275
0	0.995279
0	0.993133
0	0.998712
0	0.997854
0	0.993991
0	0.976824
0	0.993133
0	0.988412
0	0.995279
0	0.988412
0	0.997425
0	0.998283
0	0.999142
0	0.999142
0	0.997854
0	0.992275
0	0.997854
0	0.998283
0	0.993991
0	0.996996
0	inf
0	0.997425
0	0.998283
0	0.998283
0	0.999142
0	0.992275
0	0.993991
0	0.993133
0	0.993991
0	0.998712
0	0.995279
0	0.995708
0	0.976824
0	0.993991
0	inf
0	0.998712
0	0.988412
0	0.997854
0	0.996996
0	0.999142
0	0.996996
0	0.998712
0	0.996996
0	0.993133
0	inf
0	0.998283
0	0.99485
0	0.996996
0	0.996137
0	0.996996
0	0.995708
0	0.99485
0	0.999142
0	0.997854
0	0.999142
0	0.992275
0	0.996567
0	0.997854
0	0.998283
0	0.995708
0	0.994421
0	0.976824
0	0.999142
0	0.997854
0	0.998283
0	0.995279
0	0.995708
0	0.993991
0	0.998712
0	0.992275
0	0.988412
0	0.996567
0	0.993991
0	0.997425
0	0.976824
0	0.996137
0	0.997425
0	0.996137
0	0.999142
0	inf
0	0.999571
0	0.992275
0	0.994421
0	0.997425
0	0.999142
0	0.997425
0	0.998712
0	0.995279
0	0.996567
0	0.996137
0	0.988412
0	0.998283
0	0.997425
0	0.998712
0	0.976824
0	0.996996
0	0.999571
0	0.999142
0	0.998712
0	0.999142
0	0.998712
0	0.976824
0	0.988412
0	0.996996
0	0.996137
0	0.998283
0	0.997854
0	0.995708
0	0.998283
0	0.993133
0	0.999142
0	0.976824
0	0.996567
0	0.993133
0	0.996567
0	0.999142
0	0.99485
0	0.988412
0	0.998283
0	0.997854
0	0.999142
0	0.976824
0	0.996996
0	0.999142
0	0.999142
0	0.996137
0	0.997425
0	inf
0	0.994421
0	0.994421
0	0.99485
0	0.998283
0	0.998283
0	0.999142
0	0.976824
0	0.995708
0	0.996137
0	0.99485
0	0.994421
0	0.999142
0	0.994421
0	0.995708
0	0.999142
0	0.997854
0	0.998712
0	0.998712
0	0.99485
0	0.99485
0	0.999142
0	inf
0	0.998283
0	0.996137
0	0.992275
0	0.995279
0	0.99485
0	0.998712
0	0.995279
0	0.998283
0	0.992275
0	0.999142
0	0.997425
0	0.997425
0	0.998712
0	0.996996
0	0.999142
0	0.997854
0	0.999571
0	0.997854
0	0.995708
0	0.997854
0	0.999142
0	0.995708
0	0.995708
0	0.996567
0	0.997425
0	0.992275
0	0.999142
0	0.998712
0	0.993991
0	0.998283
0	0.988412
0	0.996996
0	0.996996
0	0.998712
0	0.996567
0	0.997854
0	0.998283
0	0.998712
0	0.997854
0	0.992275
0	0.996137
0	0.997425
0	0.995708
0	0.993133
0	0.996996
0	0.996567
0	0.999142
0	0.99485
0	inf
0	0.988412
0	0.997854
0	0.988412
0	0.99485
0	0.997854
0	0.997425
0	0.998283
0	0.998283
0	0.998283
0	0.988412
0	0.998712
0	0.993991
0	0.976824
0	0.995708
0	0.99485
0	0.995279
0	0.995279
0	0.995279
0	0.996137
0	0.998712
0	0.999142
0	0.976824
0	0.996137
0	0.999571
0	0.997425
0	0.998712
0	0.999142
0	0.997854
0	0.996567
0	0.998712
0	0.999142
0	0.99485
0	0.999571
0	0.999571
0	0.993133
0	0.997854
0	0.995708
0	0.998283
0	0.99485
0	0.995708
0	0.995708
0	0.998283
0	0.99485
0	0.988412
0	0.997854
0	0.992275
0	0.998712
0	0.999571
0	0.992275
0	0.992275
0	0.996996
0	0.999142
0	0.999142
0	0.998712
0	0.997425
0	0.996567
0	0.993133
0	0.994421
0	0.998712
0	0.998283
0	0.999571
0	0.996996
0	0.998283
0	0.994421
0	0.994421
0	0.995279
0	0.976824
0	0.998283
0	0.997854
0	0.993133
0	0.999142
0	0.997854
0	0.994421
0	0.996996
0	0.998712
0	0.996567
0	0.997854
0	0.999142
0	0.998712
0	0.998712
0	0.998712
0	0.992275
0	0.998712
0	0.999142
0	0.999142
0	0.997425
0	0.988412
0	0.994421
0	0.997854
0	0.998712
0	0.996996
0	0.999142
0	0.995708
0	0.997425
0	0.998712
0	0.999142
0	0.993133
0	0.995708
0	0.999142
0	0.995708
0	0.995708
0	0.997425
0	0.992275
0	0.976824
0	0.996567
0	0.999571
0	0.997854
0	0.996567
0	0.976824
0	0.998283
0	0.99485
0	0.995708
0	0.995708
0	0.995279
0	0.998283
0	0.997425
0	0.99485
0	0.997854
0	0.976824
0	0.988412
0	0.996567
0	0.997854
0	0.998283
0	0.997854
0	0.998283
0	0.999142
0	0.993991
0	0.996137
0	0.99485
0	0.99485
0	0.996996
0	0.999142
0	0.99485
0	0.998283
0	0.996137
0	0.999142
0	0.995708
0	0.998712
0	0.993133
0	0.996567
0	0.992275
0	0.997425
0	0.993991
0	0.997854
0	0.988412
0	0.998712
0	0.997854
0	0.995708
0	0.988412
0	0.997854
0	0.998712
0	0.988412
0	0.998283
0	0.988412
0	0.995708
0	0.998283
0	0.997425
0	0.993991
0	0.988412
0	0.999142
0	0.993133
0	0.997854
0	0.976824
0	0.998283
0	0.992275
0	0.996996
0	0.993991
0	0.994421
0	0.999142
0	0.997854
0	0.992275
0	0.99485
0	0.998712
0	0.993991
0	0.996996
0	0.998283
0	0.999142
0	0.999571
0	0.99485
0	0.996567
0	0.996567
0	0.99485
0	0.998283
0	0.996567
0	0.993133
0	0.999142
0	0.997425
0	0.993133
0	0.996137
0	0.996996
0	0.995279
0	0.992275
0	0.998712
0	0.997425
0	0.988412
0	0.999142
0	0.976824
0	0.99485
0	0.998712
0	0.996567
0	0.997854
0	0.992275
0	0.994421
0	0.992275
0	0.999142
0	0.999142
0	0.996137
0	0.998712


