# Persistence diagram <GML/1175.gml>
#
# Dimension   : 1
# Entries     : 86
# Betti number: 86
0.474359	inf
0.474359	inf
0.474359	inf
0.474359	inf
0.474359	inf
0.474359	inf
0.474359	inf
0.474359	inf
0.474359	inf
0.474359	inf
0.474359	inf
0.474359	inf
0.474359	inf
0.474359	inf
0.474359	inf
0.474359	inf
0.474359	inf
0.474359	inf
0.474359	inf
0.474359	inf
0.474359	inf
0.474359	inf
0.474359	inf
0.474359	inf
0.474359	inf
0.474359	inf
0.474359	inf
0.474359	inf
0.474359	inf
0.474359	inf
0.474359	inf
0.474359	inf
0.474359	inf
0.474359	inf
0.474359	inf
0.474359	inf
0.474359	inf
0.474359	inf
0.474359	inf
0.474359	inf
0.474359	inf
0.474359	inf
0.474359	inf
0.474359	inf
0.474359	inf
0.474359	inf
0.474359	inf
0.474359	inf
0.474359	inf
0.474359	inf
0.474359	inf
0.474359	inf
0.474359	inf
0.474359	inf
0.474359	inf
0.474359	inf
0.474359	inf
0.474359	inf
0.474359	inf
0.474359	inf
0.474359	inf
0.474359	inf
0.474359	inf
0.474359	inf
0.474359	inf
0.474359	inf
0.474359	inf
0.474359	inf
0.474359	inf
0.474359	inf
0.474359	inf
0.474359	inf
0.961538	inf
0.967949	inf
0.974359	inf
0.974359	inf
0.974359	inf
0.974359	inf
0.974359	inf
0.974359	inf
0.974359	inf
0.974359	inf
0.980769	inf
0.980769	inf
0.980769	inf
0.987179	inf
