# Persistence diagram <GML/1176.gml>
#
# Dimension   : 0
# Entries     : 282
# Betti number: 2
0	inf
0	0.974138
0	0.982759
0	0.939655
0	0.844828
0	0.982759
0	0.12931
0	0.956897
0	0.974138
0	0.12931
0	0.12931
0	0.931034
0	0.931034
0	0.974138
0	0.931034
0	0.974138
0	0.844828
0	0.982759
0	0.12931
0	0.12931
0	0.956897
0	0.965517
0	0.974138
0	0.956897
0	0.844828
0	0.974138
0	0.844828
0	0.931034
0	0.844828
0	0.974138
0	0.948276
0	0.965517
0	0.974138
0	0.12931
0	0.974138
0	0.12931
0	0.12931
0	0.974138
0	0.12931
0	inf
0	0.12931
0	0.12931
0	0.956897
0	0.982759
0	0.948276
0	0.974138
0	0.982759
0	0.948276
0	0.956897
0	0.982759
0	0.844828
0	0.844828
0	0.931034
0	0.974138
0	0.931034
0	0.844828
0	0.982759
0	0.12931
0	0.844828
0	0.948276
0	0.956897
0	0.956897
0	0.965517
0	0.12931
0	0.12931
0	0.974138
0	0.12931
0	0.965517
0	0.12931
0	0.974138
0	0.12931
0	0.12931
0	0.965517
0	0.956897
0	0.956897
0	0.956897
0	0.965517
0	0.982759
0	0.974138
0	0.982759
0	0.965517
0	0.982759
0	0.974138
0	0.965517
0	0.982759
0	0.982759
0	0.12931
0	0.956897
0	0.12931
0	0.12931
0	0.965517
0	0.965517
0	0.974138
0	0.12931
0	0.12931
0	0.956897
0	0.12931
0	0.965517
0	0.12931
0	0.12931
0	0.956897
0	0.956897
0	0.956897
0	0.948276
0	0.956897
0	0.939655
0	0.12931
0	0.12931
0	0.12931
0	0.982759
0	0.12931
0	0.982759
0	0.982759
0	0.12931
0	0.12931
0	0.931034
0	0.844828
0	0.965517
0	0.12931
0	0.974138
0	0.948276
0	0.948276
0	0.956897
0	0.982759
0	0.974138
0	0.982759
0	0.12931
0	0.12931
0	0.982759
0	0.948276
0	0.844828
0	0.948276
0	0.956897
0	0.974138
0	0.931034
0	0.982759
0	0.931034
0	0.974138
0	0.12931
0	0.965517
0	0.965517
0	0.974138
0	0.982759
0	0.931034
0	0.844828
0	0.948276
0	0.965517
0	0.12931
0	0.931034
0	0.12931
0	0.12931
0	0.982759
0	0.974138
0	0.982759
0	0.956897
0	0.931034
0	0.12931
0	0.931034
0	0.12931
0	0.12931
0	0.982759
0	0.12931
0	0.12931
0	0.931034
0	0.948276
0	0.12931
0	0.982759
0	0.974138
0	0.948276
0	0.948276
0	0.948276
0	0.931034
0	0.956897
0	0.931034
0	0.12931
0	0.965517
0	0.12931
0	0.956897
0	0.12931
0	0.974138
0	0.965517
0	0.844828
0	0.982759
0	0.12931
0	0.12931
0	0.965517
0	0.974138
0	0.965517
0	0.965517
0	0.12931
0	0.982759
0	0.12931
0	0.982759
0	0.965517
0	0.956897
0	0.982759
0	0.982759
0	0.12931
0	0.12931
0	0.982759
0	0.965517
0	0.991379
0	0.956897
0	0.12931
0	0.12931
0	0.965517
0	0.12931
0	0.974138
0	0.931034
0	0.12931
0	0.939655
0	0.931034
0	0.12931
0	0.956897
0	0.12931
0	0.974138
0	0.974138
0	0.965517
0	0.965517
0	0.982759
0	0.12931
0	0.12931
0	0.12931
0	0.931034
0	0.956897
0	0.12931
0	0.982759
0	0.965517
0	0.982759
0	0.974138
0	0.12931
0	0.965517
0	0.844828
0	0.982759
0	0.956897
0	0.12931
0	0.12931
0	0.931034
0	0.974138
0	0.982759
0	0.12931
0	0.12931
0	0.12931
0	0.12931
0	0.12931
0	0.956897
0	0.939655
0	0.12931
0	0.12931
0	0.948276
0	0.982759
0	0.844828
0	0.974138
0	0.948276
0	0.974138
0	0.965517
0	0.12931
0	0.931034
0	0.12931
0	0.12931
0	0.956897
0	0.982759
0	0.931034
0	0.948276
0	0.956897
0	0.965517
0	0.982759
0	0.844828
0	0.931034
0	0.931034
0	0.982759
0	0.974138
0	0.974138
0	0.974138
0	0.12931
0	0.844828
0	0.12931
0	0.948276
0	0.974138
0	0.974138
0	0.12931
0	0.948276


