# Persistence diagram <GML/1177.gml>
#
# Dimension   : 0
# Entries     : 255
# Betti number: 3
0	inf
0	0.948529
0	0.977941
0	0.970588
0	0.963235
0	0.977941
0	0.397059
0	0.397059
0	0.970588
0	0.985294
0	0.985294
0	0.955882
0	0.970588
0	0.977941
0	0.963235
0	0.970588
0	0.985294
0	0.985294
0	0.985294
0	inf
0	0.970588
0	0.977941
0	0.985294
0	0.985294
0	0.985294
0	0.977941
0	0.970588
0	0.985294
0	0.970588
0	0.985294
0	0.970588
0	0.970588
0	0.985294
0	0.970588
0	0.985294
0	0.985294
0	0.963235
0	0.970588
0	0.985294
0	0.948529
0	0.397059
0	0.977941
0	0.875
0	0.963235
0	0.963235
0	0.948529
0	0.963235
0	0.985294
0	0.977941
0	0.985294
0	0.963235
0	0.970588
0	0.977941
0	0.985294
0	0.875
0	0.397059
0	0.985294
0	0.977941
0	0.985294
0	0.963235
0	0.977941
0	0.970588
0	0.397059
0	0.985294
0	0.985294
0	0.985294
0	0.397059
0	0.977941
0	0.977941
0	0.985294
0	0.397059
0	0.977941
0	0.985294
0	0.985294
0	0.397059
0	0.397059
0	0.970588
0	0.963235
0	0.977941
0	0.977941
0	0.397059
0	0.977941
0	0.985294
0	0.963235
0	0.970588
0	inf
0	0.977941
0	0.977941
0	0.977941
0	0.970588
0	0.985294
0	0.963235
0	0.963235
0	0.963235
0	0.970588
0	0.397059
0	0.977941
0	0.985294
0	0.977941
0	0.963235
0	0.977941
0	0.985294
0	0.985294
0	0.985294
0	0.977941
0	0.963235
0	0.985294
0	0.948529
0	0.977941
0	0.985294
0	0.977941
0	0.875
0	0.970588
0	0.970588
0	0.977941
0	0.875
0	0.985294
0	0.977941
0	0.875
0	0.970588
0	0.397059
0	0.970588
0	0.970588
0	0.985294
0	0.970588
0	0.977941
0	0.963235
0	0.948529
0	0.977941
0	0.397059
0	0.977941
0	0.955882
0	0.970588
0	0.977941
0	0.985294
0	0.985294
0	0.985294
0	0.955882
0	0.977941
0	0.397059
0	0.985294
0	0.977941
0	0.948529
0	0.397059
0	0.977941
0	0.977941
0	0.963235
0	0.992647
0	0.970588
0	0.985294
0	0.970588
0	0.977941
0	0.397059
0	0.977941
0	0.985294
0	0.875
0	0.397059
0	0.970588
0	0.977941
0	0.397059
0	0.985294
0	0.970588
0	0.977941
0	0.397059
0	0.977941
0	0.963235
0	0.875
0	0.985294
0	0.948529
0	0.955882
0	0.970588
0	0.963235
0	0.397059
0	0.875
0	0.977941
0	0.977941
0	0.970588
0	0.985294
0	0.963235
0	0.985294
0	0.970588
0	0.955882
0	0.397059
0	0.875
0	0.397059
0	0.977941
0	0.397059
0	0.970588
0	0.397059
0	0.977941
0	0.397059
0	0.397059
0	0.970588
0	0.985294
0	0.397059
0	0.977941
0	0.985294
0	0.397059
0	0.970588
0	0.970588
0	0.963235
0	0.970588
0	0.977941
0	0.963235
0	0.977941
0	0.955882
0	0.963235
0	0.875
0	0.977941
0	0.970588
0	0.948529
0	0.977941
0	0.875
0	0.948529
0	0.948529
0	0.977941
0	0.397059
0	0.970588
0	0.963235
0	0.992647
0	0.970588
0	0.985294
0	0.977941
0	0.970588
0	0.875
0	0.977941
0	0.977941
0	0.977941
0	0.970588
0	0.985294
0	0.977941
0	0.963235
0	0.977941
0	0.397059
0	0.985294
0	0.948529
0	0.970588
0	0.977941
0	0.977941
0	0.977941
0	0.970588
0	0.977941
0	0.977941
0	0.977941
0	0.985294
0	0.985294
0	0.397059
0	0.985294
0	0.985294
0	0.977941
0	0.875
0	0.963235
0	0.985294
0	0.977941
0	0.985294


