# Persistence diagram <GML/1179.gml>
#
# Dimension   : 0
# Entries     : 125
# Betti number: 1
0	inf
0	0.981221
0	0.43662
0	0.43662
0	0.981221
0	0.43662
0	0.99061
0	0.43662
0	0.981221
0	0.981221
0	0.43662
0	0.99061
0	0.99061
0	0.43662
0	0.985915
0	0.957746
0	0.43662
0	0.99061
0	0.43662
0	0.43662
0	0.43662
0	0.99061
0	0.43662
0	0.43662
0	0.99061
0	0.971831
0	0.43662
0	0.43662
0	0.43662
0	0.43662
0	0.43662
0	0.43662
0	0.43662
0	0.981221
0	0.957746
0	0.99061
0	0.99061
0	0.957746
0	0.43662
0	0.43662
0	0.99061
0	0.981221
0	0.43662
0	0.43662
0	0.43662
0	0.43662
0	0.43662
0	0.43662
0	0.43662
0	0.43662
0	0.43662
0	0.985915
0	0.43662
0	0.43662
0	0.99061
0	0.976526
0	0.43662
0	0.981221
0	0.43662
0	0.43662
0	0.43662
0	0.43662
0	0.43662
0	0.981221
0	0.99061
0	0.43662
0	0.43662
0	0.981221
0	0.981221
0	0.43662
0	0.981221
0	0.971831
0	0.971831
0	0.43662
0	0.43662
0	0.971831
0	0.971831
0	0.985915
0	0.957746
0	0.981221
0	0.985915
0	0.43662
0	0.99061
0	0.43662
0	0.976526
0	0.43662
0	0.985915
0	0.976526
0	0.99061
0	0.43662
0	0.981221
0	0.985915
0	0.43662
0	0.985915
0	0.957746
0	0.99061
0	0.957746
0	0.43662
0	0.43662
0	0.43662
0	0.43662
0	0.985915
0	0.43662
0	0.981221
0	0.981221
0	0.43662
0	0.981221
0	0.99061
0	0.43662
0	0.43662
0	0.43662
0	0.43662
0	0.43662
0	0.43662
0	0.43662
0	0.981221
0	0.976526
0	0.43662
0	0.43662
0	0.957746
0	0.43662
0	0.957746
0	0.99061
0	0.981221
0	0.985915


