# Persistence diagram <GML/1184.gml>
#
# Dimension   : 0
# Entries     : 78
# Betti number: 1
0	inf
0	0.973684
0	0.984211
0	0.2
0	0.952632
0	0.2
0	0.989474
0	0.2
0	0.984211
0	0.978947
0	0.2
0	0.952632
0	0.2
0	0.2
0	0.952632
0	0.2
0	0.2
0	0.952632
0	0.2
0	0.2
0	0.989474
0	0.2
0	0.973684
0	0.2
0	0.2
0	0.2
0	0.2
0	0.2
0	0.2
0	0.2
0	0.2
0	0.2
0	0.989474
0	0.2
0	0.984211
0	0.2
0	0.978947
0	0.2
0	0.963158
0	0.2
0	0.2
0	0.984211
0	0.2
0	0.2
0	0.2
0	0.2
0	0.978947
0	0.984211
0	0.2
0	0.2
0	0.973684
0	0.2
0	0.952632
0	0.2
0	0.2
0	0.973684
0	0.2
0	0.984211
0	0.973684
0	0.989474
0	0.2
0	0.2
0	0.2
0	0.2
0	0.2
0	0.984211
0	0.2
0	0.984211
0	0.952632
0	0.2
0	0.2
0	0.984211
0	0.2
0	0.2
0	0.2
0	0.2
0	0.963158
0	0.984211


