# Persistence diagram <GML/1188.gml>
#
# Dimension   : 0
# Entries     : 90
# Betti number: 2
0	inf
0	0.952941
0	0.952941
0	0.964706
0	0.905882
0	0.823529
0	0.823529
0	0.941176
0	0.941176
0	0.952941
0	0.952941
0	0.941176
0	0.952941
0	0.823529
0	0.941176
0	0.823529
0	0.905882
0	0.964706
0	0.870588
0	0.870588
0	0.941176
0	0.823529
0	0.976471
0	0.870588
0	0.870588
0	0.976471
0	0.929412
0	0.929412
0	0.941176
0	0.905882
0	0.823529
0	0.870588
0	0.929412
0	0.870588
0	0.964706
0	0.941176
0	0.941176
0	0.952941
0	0.823529
0	0.823529
0	0.952941
0	0.952941
0	0.952941
0	0.964706
0	0.929412
0	0.929412
0	0.823529
0	0.964706
0	0.964706
0	0.976471
0	0.952941
0	0.929412
0	0.823529
0	0.976471
0	0.941176
0	0.952941
0	0.964706
0	0.952941
0	0.964706
0	0.952941
0	0.929412
0	0.905882
0	0.870588
0	0.870588
0	0.823529
0	0.976471
0	0.952941
0	0.823529
0	0.870588
0	0.952941
0	0.823529
0	0.870588
0	0.976471
0	inf
0	0.941176
0	0.976471
0	0.976471
0	0.988235
0	0.941176
0	0.952941
0	0.823529
0	0.964706
0	0.823529
0	0.952941
0	0.976471
0	0.905882
0	0.952941
0	0.976471
0	0.952941
0	0.870588


