# Persistence diagram <GML/1191.gml>
#
# Dimension   : 0
# Entries     : 179
# Betti number: 2
0	inf
0	0.987179
0	0.980769
0	0.961538
0	0.980769
0	0.967949
0	0.967949
0	inf
0	0.987179
0	0.974359
0	0.987179
0	0.980769
0	0.987179
0	0.987179
0	0.980769
0	0.967949
0	0.987179
0	0.987179
0	0.942308
0	0.923077
0	0.942308
0	0.980769
0	0.987179
0	0.942308
0	0.967949
0	0.980769
0	0.961538
0	0.974359
0	0.987179
0	0.987179
0	0.967949
0	0.987179
0	0.987179
0	0.980769
0	0.980769
0	0.987179
0	0.980769
0	0.980769
0	0.987179
0	0.923077
0	0.942308
0	0.974359
0	0.967949
0	0.987179
0	0.987179
0	0.942308
0	0.987179
0	0.987179
0	0.967949
0	0.987179
0	0.974359
0	0.974359
0	0.974359
0	0.967949
0	0.987179
0	0.987179
0	0.980769
0	0.987179
0	0.980769
0	0.967949
0	0.474359
0	0.923077
0	0.974359
0	0.923077
0	0.980769
0	0.942308
0	0.987179
0	0.474359
0	0.980769
0	0.974359
0	0.923077
0	0.974359
0	0.967949
0	0.980769
0	0.942308
0	0.974359
0	0.474359
0	0.942308
0	0.987179
0	0.987179
0	0.987179
0	0.99359
0	0.987179
0	0.987179
0	0.980769
0	0.923077
0	0.980769
0	0.987179
0	0.987179
0	0.474359
0	0.987179
0	0.987179
0	0.987179
0	0.942308
0	0.942308
0	0.987179
0	0.474359
0	0.474359
0	0.980769
0	0.974359
0	0.967949
0	0.980769
0	0.987179
0	0.987179
0	0.987179
0	0.967949
0	0.987179
0	0.923077
0	0.987179
0	0.980769
0	0.961538
0	0.974359
0	0.980769
0	0.474359
0	0.980769
0	0.974359
0	0.980769
0	0.987179
0	0.980769
0	0.980769
0	0.974359
0	0.987179
0	0.987179
0	0.942308
0	0.967949
0	0.974359
0	0.987179
0	0.980769
0	0.987179
0	0.923077
0	0.987179
0	0.980769
0	0.942308
0	0.980769
0	0.980769
0	0.987179
0	0.974359
0	0.974359
0	0.974359
0	0.987179
0	0.974359
0	0.987179
0	0.987179
0	0.974359
0	0.987179
0	0.967949
0	0.987179
0	0.961538
0	0.474359
0	0.961538
0	0.974359
0	0.942308
0	0.980769
0	0.980769
0	0.987179
0	0.987179
0	0.987179
0	0.987179
0	0.987179
0	0.987179
0	0.987179
0	0.980769
0	0.942308
0	0.987179
0	0.987179
0	0.961538
0	0.987179
0	0.923077
0	0.967949
0	0.974359
0	0.987179
0	0.974359
0	0.987179
0	0.980769
0	0.987179
0	0.923077
0	0.974359
0	0.987179
0	0.942308


