# Persistence diagram <GML/1193.gml>
#
# Dimension   : 0
# Entries     : 232
# Betti number: 2
0	inf
0	0.512195
0	0.969512
0	0.987805
0	0.969512
0	0.981707
0	0.981707
0	0.981707
0	0.969512
0	0.981707
0	0.981707
0	0.987805
0	0.512195
0	0.981707
0	0.969512
0	0.97561
0	0.981707
0	0.981707
0	0.97561
0	0.512195
0	0.512195
0	0.97561
0	0.987805
0	0.969512
0	0.97561
0	0.512195
0	0.987805
0	0.512195
0	0.981707
0	0.512195
0	0.512195
0	0.932927
0	0.97561
0	0.981707
0	0.969512
0	0.969512
0	0.987805
0	0.987805
0	0.512195
0	0.981707
0	0.512195
0	0.981707
0	0.932927
0	0.969512
0	0.97561
0	0.981707
0	0.97561
0	0.969512
0	0.987805
0	0.969512
0	0.987805
0	0.969512
0	0.987805
0	0.932927
0	0.512195
0	0.981707
0	0.987805
0	0.963415
0	0.981707
0	0.987805
0	0.981707
0	0.969512
0	0.987805
0	0.969512
0	0.512195
0	0.987805
0	0.981707
0	0.512195
0	0.987805
0	0.969512
0	0.969512
0	0.987805
0	0.957317
0	0.969512
0	0.987805
0	0.987805
0	0.95122
0	0.95122
0	0.969512
0	0.981707
0	0.987805
0	0.987805
0	0.957317
0	0.957317
0	0.97561
0	0.957317
0	0.97561
0	0.95122
0	0.987805
0	0.987805
0	0.987805
0	0.97561
0	0.987805
0	0.95122
0	0.97561
0	0.981707
0	0.987805
0	0.987805
0	0.987805
0	0.97561
0	0.969512
0	0.512195
0	0.512195
0	0.97561
0	0.987805
0	0.97561
0	0.987805
0	0.969512
0	0.512195
0	0.97561
0	0.97561
0	0.987805
0	0.981707
0	0.512195
0	0.969512
0	0.969512
0	0.981707
0	0.969512
0	0.969512
0	0.981707
0	0.981707
0	0.987805
0	0.969512
0	0.969512
0	0.512195
0	0.981707
0	0.969512
0	0.987805
0	0.987805
0	0.932927
0	0.987805
0	0.987805
0	0.987805
0	0.512195
0	0.963415
0	0.987805
0	0.932927
0	0.987805
0	0.969512
0	0.932927
0	0.981707
0	0.957317
0	0.969512
0	0.969512
0	0.512195
0	0.987805
0	0.981707
0	inf
0	0.981707
0	0.969512
0	0.987805
0	0.969512
0	0.512195
0	0.512195
0	0.512195
0	0.981707
0	0.987805
0	0.97561
0	0.987805
0	0.981707
0	0.981707
0	0.987805
0	0.969512
0	0.987805
0	0.95122
0	0.97561
0	0.957317
0	0.97561
0	0.987805
0	0.969512
0	0.97561
0	0.987805
0	0.981707
0	0.987805
0	0.97561
0	0.512195
0	0.987805
0	0.981707
0	0.969512
0	0.932927
0	0.981707
0	0.987805
0	0.981707
0	0.512195
0	0.987805
0	0.987805
0	0.963415
0	0.981707
0	0.969512
0	0.969512
0	0.963415
0	0.969512
0	0.969512
0	0.981707
0	0.987805
0	0.981707
0	0.981707
0	0.987805
0	0.97561
0	0.932927
0	0.95122
0	0.512195
0	0.987805
0	0.981707
0	0.987805
0	0.981707
0	0.97561
0	0.97561
0	0.987805
0	0.981707
0	0.97561
0	0.987805
0	0.97561
0	0.987805
0	0.987805
0	0.981707
0	0.981707
0	0.512195
0	0.97561
0	0.512195
0	0.981707
0	0.981707
0	0.987805
0	0.512195
0	0.981707
0	0.987805
0	0.987805
0	0.97561
0	0.987805
0	0.987805
0	0.987805
0	0.957317


