# Persistence diagram <GML/1195.gml>
#
# Dimension   : 0
# Entries     : 179
# Betti number: 1
0	inf
0	0.960526
0	0.980263
0	0.973684
0	0.940789
0	0.486842
0	0.486842
0	0.986842
0	0.980263
0	0.986842
0	0.980263
0	0.934211
0	0.934211
0	0.914474
0	0.986842
0	0.986842
0	0.940789
0	0.973684
0	0.960526
0	0.986842
0	0.967105
0	0.980263
0	0.980263
0	0.973684
0	0.980263
0	0.914474
0	0.914474
0	0.927632
0	0.986842
0	0.986842
0	0.927632
0	0.973684
0	0.986842
0	0.914474
0	0.973684
0	0.980263
0	0.914474
0	0.973684
0	0.967105
0	0.986842
0	0.486842
0	0.486842
0	0.940789
0	0.967105
0	0.986842
0	0.986842
0	0.980263
0	0.953947
0	0.486842
0	0.967105
0	0.960526
0	0.927632
0	0.980263
0	0.967105
0	0.986842
0	0.980263
0	0.980263
0	0.967105
0	0.940789
0	0.927632
0	0.986842
0	0.980263
0	0.980263
0	0.986842
0	0.953947
0	0.986842
0	0.980263
0	0.486842
0	0.486842
0	0.914474
0	0.960526
0	0.986842
0	0.960526
0	0.953947
0	0.986842
0	0.986842
0	0.986842
0	0.986842
0	0.986842
0	0.486842
0	0.986842
0	0.940789
0	0.973684
0	0.960526
0	0.986842
0	0.986842
0	0.986842
0	0.973684
0	0.986842
0	0.986842
0	0.486842
0	0.973684
0	0.980263
0	0.927632
0	0.980263
0	0.914474
0	0.967105
0	0.986842
0	0.967105
0	0.986842
0	0.986842
0	0.960526
0	0.986842
0	0.953947
0	0.486842
0	0.960526
0	0.986842
0	0.486842
0	0.986842
0	0.927632
0	0.973684
0	0.986842
0	0.934211
0	0.914474
0	0.973684
0	0.980263
0	0.486842
0	0.914474
0	0.940789
0	0.927632
0	0.986842
0	0.486842
0	0.986842
0	0.953947
0	0.980263
0	0.973684
0	0.973684
0	0.986842
0	0.940789
0	0.980263
0	0.973684
0	0.960526
0	0.940789
0	0.980263
0	0.986842
0	0.934211
0	0.973684
0	0.967105
0	0.914474
0	0.980263
0	0.967105
0	0.934211
0	0.986842
0	0.486842
0	0.973684
0	0.960526
0	0.953947
0	0.973684
0	0.486842
0	0.986842
0	0.967105
0	0.980263
0	0.973684
0	0.980263
0	0.934211
0	0.967105
0	0.973684
0	0.973684
0	0.980263
0	0.486842
0	0.980263
0	0.986842
0	0.940789
0	0.973684
0	0.980263
0	0.986842
0	0.960526
0	0.486842
0	0.980263
0	0.486842
0	0.986842
0	0.986842
0	0.486842
0	0.986842
0	0.960526
0	0.986842
0	0.986842
0	0.927632
0	0.934211


