# Persistence diagram <GML/1196.gml>
#
# Dimension   : 0
# Entries     : 237
# Betti number: 3
0	inf
0	0.233577
0	0.233577
0	inf
0	0.233577
0	0.978102
0	0.978102
0	0.948905
0	0.978102
0	0.992701
0	0.978102
0	0.978102
0	0.956204
0	0.233577
0	0.970803
0	0.963504
0	0.978102
0	0.970803
0	0.233577
0	0.985401
0	0.970803
0	0.233577
0	0.985401
0	0.233577
0	0.978102
0	0.978102
0	0.978102
0	0.934307
0	0.233577
0	0.233577
0	0.89781
0	0.985401
0	0.934307
0	0.978102
0	0.978102
0	0.963504
0	0.233577
0	0.934307
0	0.233577
0	0.233577
0	0.233577
0	0.970803
0	0.978102
0	0.233577
0	0.89781
0	0.985401
0	0.970803
0	0.233577
0	0.963504
0	0.956204
0	0.233577
0	0.934307
0	0.941606
0	0.89781
0	0.233577
0	0.985401
0	0.978102
0	0.963504
0	0.978102
0	0.941606
0	0.233577
0	0.978102
0	0.978102
0	0.963504
0	0.978102
0	0.978102
0	0.233577
0	0.970803
0	0.985401
0	0.978102
0	0.985401
0	0.963504
0	0.978102
0	0.956204
0	0.233577
0	0.978102
0	0.233577
0	0.233577
0	0.978102
0	0.985401
0	0.233577
0	0.970803
0	0.978102
0	0.970803
0	0.970803
0	0.941606
0	0.233577
0	0.978102
0	0.963504
0	0.978102
0	0.89781
0	0.963504
0	0.941606
0	0.985401
0	0.978102
0	0.948905
0	0.233577
0	0.233577
0	0.970803
0	0.985401
0	0.956204
0	0.233577
0	0.948905
0	0.233577
0	0.985401
0	0.978102
0	0.970803
0	0.233577
0	0.233577
0	0.233577
0	0.233577
0	0.970803
0	0.934307
0	0.89781
0	0.970803
0	0.233577
0	0.233577
0	0.978102
0	0.978102
0	0.985401
0	0.963504
0	0.978102
0	0.233577
0	0.233577
0	0.985401
0	0.978102
0	0.934307
0	0.985401
0	0.985401
0	0.233577
0	0.978102
0	inf
0	0.233577
0	0.233577
0	0.89781
0	0.985401
0	0.970803
0	0.985401
0	0.978102
0	0.233577
0	0.934307
0	0.985401
0	0.233577
0	0.963504
0	0.978102
0	0.985401
0	0.233577
0	0.233577
0	0.941606
0	0.970803
0	0.963504
0	0.233577
0	0.978102
0	0.985401
0	0.978102
0	0.978102
0	0.948905
0	0.89781
0	0.978102
0	0.956204
0	0.978102
0	0.978102
0	0.970803
0	0.89781
0	0.985401
0	0.985401
0	0.970803
0	0.89781
0	0.978102
0	0.233577
0	0.233577
0	0.934307
0	0.941606
0	0.934307
0	0.970803
0	0.978102
0	0.978102
0	0.970803
0	0.233577
0	0.233577
0	0.233577
0	0.970803
0	0.233577
0	0.978102
0	0.233577
0	0.985401
0	0.233577
0	0.978102
0	0.978102
0	0.89781
0	0.89781
0	0.970803
0	0.963504
0	0.233577
0	0.934307
0	0.934307
0	0.89781
0	0.233577
0	0.978102
0	0.934307
0	0.233577
0	0.233577
0	0.970803
0	0.934307
0	0.233577
0	0.970803
0	0.970803
0	0.233577
0	0.233577
0	0.963504
0	0.985401
0	0.941606
0	0.963504
0	0.992701
0	0.978102
0	0.233577
0	0.233577
0	0.956204
0	0.978102
0	0.978102
0	0.985401
0	0.985401
0	0.233577
0	0.978102
0	0.985401
0	0.233577
0	0.970803
0	0.233577
0	0.89781
0	0.233577
0	0.978102
0	0.978102
0	0.233577
0	0.233577
0	0.985401
0	0.978102
0	0.970803


