# Persistence diagram <GML/1198.gml>
#
# Dimension   : 1
# Entries     : 51
# Betti number: 48
0.694215	inf
0.694215	inf
0.694215	inf
0.694215	inf
0.694215	inf
0.694215	inf
0.694215	inf
0.694215	inf
0.694215	inf
0.694215	inf
0.694215	inf
0.694215	0.975207
0.694215	inf
0.694215	inf
0.694215	inf
0.694215	inf
0.694215	inf
0.694215	inf
0.694215	inf
0.694215	inf
0.694215	inf
0.694215	inf
0.694215	inf
0.694215	inf
0.694215	inf
0.694215	inf
0.694215	inf
0.694215	inf
0.694215	inf
0.694215	inf
0.694215	inf
0.694215	0.971074
0.694215	inf
0.694215	inf
0.694215	inf
0.694215	inf
0.694215	inf
0.694215	inf
0.694215	0.971074
0.694215	inf
0.694215	inf
0.96281	inf
0.96281	inf
0.96281	inf
0.983471	inf
0.987603	inf
0.987603	inf
0.987603	inf
0.991736	inf
0.991736	inf
0.991736	inf
