# Persistence diagram <GML/1201.gml>
#
# Dimension   : 1
# Entries     : 77
# Betti number: 75
0.5	inf
0.5	inf
0.5	inf
0.5	inf
0.5	0.955357
0.5	inf
0.5	inf
0.5	inf
0.5	inf
0.5	inf
0.5	inf
0.5	inf
0.5	inf
0.5	inf
0.5	inf
0.5	inf
0.5	inf
0.5	inf
0.5	inf
0.5	inf
0.5	inf
0.6875	inf
0.830357	inf
0.830357	inf
0.830357	inf
0.830357	inf
0.830357	inf
0.830357	inf
0.830357	0.973214
0.830357	inf
0.830357	inf
0.830357	inf
0.830357	inf
0.848214	inf
0.848214	inf
0.848214	inf
0.848214	inf
0.848214	inf
0.848214	inf
0.848214	inf
0.848214	inf
0.848214	inf
0.848214	inf
0.848214	inf
0.848214	inf
0.848214	inf
0.848214	inf
0.848214	inf
0.883929	inf
0.883929	inf
0.883929	inf
0.883929	inf
0.883929	inf
0.883929	inf
0.883929	inf
0.883929	inf
0.883929	inf
0.892857	inf
0.892857	inf
0.892857	inf
0.892857	inf
0.892857	inf
0.892857	inf
0.892857	inf
0.892857	inf
0.892857	inf
0.946429	inf
0.955357	inf
0.955357	inf
0.964286	inf
0.964286	inf
0.973214	inf
0.973214	inf
0.973214	inf
0.973214	inf
0.973214	inf
0.982143	inf
