# Persistence diagram <GML/1205.gml>
#
# Dimension   : 1
# Entries     : 124
# Betti number: 117
0.464567	inf
0.464567	inf
0.464567	inf
0.464567	inf
0.464567	inf
0.464567	inf
0.464567	inf
0.464567	inf
0.464567	inf
0.464567	inf
0.464567	inf
0.464567	inf
0.464567	inf
0.464567	inf
0.464567	inf
0.464567	inf
0.464567	inf
0.464567	inf
0.464567	inf
0.464567	inf
0.464567	inf
0.464567	inf
0.464567	inf
0.464567	inf
0.464567	inf
0.464567	inf
0.464567	inf
0.464567	inf
0.464567	inf
0.464567	inf
0.464567	inf
0.464567	inf
0.464567	inf
0.464567	inf
0.464567	inf
0.464567	inf
0.464567	inf
0.464567	inf
0.464567	inf
0.464567	inf
0.464567	inf
0.464567	inf
0.464567	inf
0.464567	inf
0.464567	inf
0.464567	inf
0.464567	inf
0.464567	inf
0.464567	inf
0.464567	inf
0.464567	inf
0.464567	inf
0.464567	inf
0.464567	inf
0.464567	inf
0.464567	inf
0.464567	inf
0.464567	inf
0.464567	inf
0.464567	inf
0.464567	inf
0.464567	inf
0.464567	0.976378
0.464567	inf
0.464567	0.976378
0.464567	inf
0.464567	inf
0.464567	inf
0.464567	inf
0.464567	0.984252
0.464567	inf
0.464567	inf
0.464567	0.976378
0.464567	inf
0.464567	inf
0.464567	inf
0.464567	inf
0.464567	inf
0.464567	inf
0.464567	inf
0.464567	inf
0.464567	inf
0.464567	inf
0.464567	inf
0.464567	inf
0.464567	inf
0.464567	inf
0.464567	inf
0.464567	inf
0.464567	inf
0.464567	inf
0.464567	inf
0.464567	inf
0.464567	inf
0.464567	inf
0.464567	inf
0.464567	inf
0.464567	inf
0.464567	inf
0.464567	inf
0.464567	inf
0.464567	inf
0.464567	inf
0.464567	inf
0.464567	0.976378
0.464567	inf
0.464567	0.980315
0.464567	inf
0.464567	inf
0.464567	inf
0.464567	inf
0.464567	inf
0.464567	inf
0.464567	inf
0.464567	inf
0.464567	0.980315
0.464567	inf
0.464567	inf
0.464567	inf
0.464567	inf
0.464567	inf
0.464567	inf
0.464567	inf
0.464567	inf
