# Persistence diagram <GML/1207.gml>
#
# Dimension   : 0
# Entries     : 176
# Betti number: 3
0	inf
0	0.981481
0	0.969136
0	0.259259
0	0.259259
0	0.981481
0	0.259259
0	0.975309
0	0.981481
0	0.259259
0	0.981481
0	0.975309
0	0.259259
0	0.975309
0	0.987654
0	0.987654
0	0.987654
0	0.987654
0	0.987654
0	0.987654
0	0.975309
0	0.944444
0	0.981481
0	0.950617
0	0.259259
0	0.981481
0	0.987654
0	0.975309
0	0.950617
0	0.981481
0	0.259259
0	0.950617
0	0.981481
0	0.962963
0	0.969136
0	0.950617
0	0.981481
0	0.975309
0	inf
0	0.259259
0	0.259259
0	0.981481
0	0.950617
0	0.981481
0	0.987654
0	0.981481
0	0.981481
0	0.259259
0	0.981481
0	0.950617
0	0.981481
0	0.981481
0	0.969136
0	0.987654
0	0.981481
0	0.944444
0	0.950617
0	0.969136
0	0.981481
0	0.981481
0	0.969136
0	0.981481
0	0.981481
0	0.259259
0	inf
0	0.981481
0	0.259259
0	0.950617
0	0.981481
0	0.259259
0	0.981481
0	0.259259
0	0.981481
0	0.259259
0	0.969136
0	0.981481
0	0.259259
0	0.987654
0	0.259259
0	0.950617
0	0.987654
0	0.981481
0	0.981481
0	0.259259
0	0.259259
0	0.259259
0	0.259259
0	0.981481
0	0.259259
0	0.975309
0	0.981481
0	0.981481
0	0.259259
0	0.981481
0	0.259259
0	0.975309
0	0.987654
0	0.259259
0	0.981481
0	0.969136
0	0.993827
0	0.981481
0	0.981481
0	0.259259
0	0.981481
0	0.981481
0	0.987654
0	0.981481
0	0.944444
0	0.259259
0	0.259259
0	0.981481
0	0.259259
0	0.981481
0	0.259259
0	0.981481
0	0.950617
0	0.969136
0	0.981481
0	0.987654
0	0.981481
0	0.987654
0	0.987654
0	0.981481
0	0.969136
0	0.259259
0	0.950617
0	0.987654
0	0.981481
0	0.987654
0	0.259259
0	0.944444
0	0.259259
0	0.259259
0	0.259259
0	0.259259
0	0.944444
0	0.259259
0	0.987654
0	0.950617
0	0.259259
0	0.987654
0	0.259259
0	0.987654
0	0.259259
0	0.259259
0	0.259259
0	0.975309
0	0.962963
0	0.981481
0	0.944444
0	0.259259
0	0.962963
0	0.981481
0	0.962963
0	0.981481
0	0.975309
0	0.950617
0	0.981481
0	0.981481
0	0.259259
0	0.987654
0	0.950617
0	0.981481
0	0.987654
0	0.975309
0	0.981481
0	0.993827
0	0.981481
0	0.981481
0	0.259259
0	0.259259
0	0.987654
0	0.944444
0	0.987654
0	0.981481


