# Persistence diagram <GML/1208.gml>
#
# Dimension   : 1
# Entries     : 114
# Betti number: 110
0.0764706	inf
0.0764706	inf
0.0764706	inf
0.0764706	inf
0.0764706	inf
0.0764706	inf
0.0764706	inf
0.0764706	inf
0.0764706	inf
0.0764706	inf
0.0764706	inf
0.0764706	inf
0.0764706	inf
0.0764706	inf
0.0764706	inf
0.0764706	inf
0.0764706	inf
0.0764706	inf
0.0764706	inf
0.0764706	inf
0.0764706	inf
0.0764706	0.970588
0.0764706	inf
0.0764706	inf
0.0764706	inf
0.0764706	inf
0.0764706	inf
0.0764706	inf
0.0764706	inf
0.0764706	inf
0.0764706	inf
0.0764706	inf
0.0764706	inf
0.0764706	inf
0.0764706	inf
0.0764706	inf
0.0764706	inf
0.0764706	inf
0.0764706	inf
0.0764706	inf
0.0764706	inf
0.0764706	inf
0.0764706	inf
0.0764706	inf
0.0764706	inf
0.0764706	inf
0.0764706	inf
0.0764706	inf
0.0764706	inf
0.0764706	inf
0.0764706	inf
0.0764706	inf
0.0764706	inf
0.0764706	inf
0.0764706	inf
0.0764706	inf
0.0764706	inf
0.0764706	inf
0.0764706	inf
0.0764706	inf
0.0764706	inf
0.0764706	0.976471
0.0764706	inf
0.0764706	0.970588
0.0764706	inf
0.0764706	inf
0.0764706	inf
0.0764706	inf
0.0764706	inf
0.0764706	inf
0.0764706	inf
0.0764706	inf
0.0764706	inf
0.0764706	inf
0.0764706	inf
0.0764706	inf
0.0764706	inf
0.0764706	inf
0.0764706	0.982353
0.0764706	inf
0.0764706	inf
0.0764706	inf
0.0764706	inf
0.0764706	inf
0.0764706	inf
0.0764706	inf
0.0764706	inf
0.0764706	inf
0.0764706	inf
0.0764706	inf
0.0764706	inf
0.0764706	inf
0.0764706	inf
0.0764706	inf
0.0764706	inf
0.0764706	inf
0.0764706	inf
0.0764706	inf
0.0764706	inf
0.0764706	inf
0.0764706	inf
0.0764706	inf
0.0764706	inf
0.0764706	inf
0.0764706	inf
0.970588	inf
0.970588	inf
0.970588	inf
0.976471	inf
0.976471	inf
0.982353	inf
0.982353	inf
0.982353	inf
0.988235	inf
