# Persistence diagram <GML/1214.gml>
#
# Dimension   : 1
# Entries     : 63
# Betti number: 60
0.388889	inf
0.388889	inf
0.388889	inf
0.388889	inf
0.388889	inf
0.388889	inf
0.388889	inf
0.388889	inf
0.388889	inf
0.388889	inf
0.388889	0.953704
0.388889	inf
0.388889	inf
0.388889	0.953704
0.388889	inf
0.388889	inf
0.388889	0.953704
0.388889	inf
0.388889	inf
0.388889	inf
0.388889	inf
0.388889	inf
0.388889	inf
0.388889	inf
0.388889	inf
0.388889	inf
0.388889	inf
0.388889	inf
0.388889	inf
0.388889	inf
0.388889	inf
0.388889	inf
0.388889	inf
0.388889	inf
0.388889	inf
0.388889	inf
0.388889	inf
0.388889	inf
0.388889	inf
0.388889	inf
0.388889	inf
0.388889	inf
0.388889	inf
0.388889	inf
0.388889	inf
0.388889	inf
0.388889	inf
0.388889	inf
0.388889	inf
0.388889	inf
0.388889	inf
0.388889	inf
0.388889	inf
0.388889	inf
0.388889	inf
0.388889	inf
0.388889	inf
0.388889	inf
0.388889	inf
0.962963	inf
0.972222	inf
0.981481	inf
0.981481	inf
