# Persistence diagram <GML/1218.gml>
#
# Dimension   : 0
# Entries     : 229
# Betti number: 2
0	inf
0	0.122449
0	0.122449
0	0.959184
0	0.122449
0	0.122449
0	0.979592
0	0.979592
0	0.965986
0	0.122449
0	0.122449
0	0.959184
0	0.972789
0	0.829932
0	0.986395
0	0.122449
0	0.979592
0	0.986395
0	0.965986
0	0.972789
0	0.972789
0	0.979592
0	0.122449
0	0.986395
0	0.979592
0	0.122449
0	0.979592
0	0.829932
0	0.122449
0	0.122449
0	0.986395
0	0.965986
0	0.122449
0	0.92517
0	0.829932
0	0.959184
0	0.829932
0	0.986395
0	0.122449
0	inf
0	0.993197
0	0.986395
0	0.986395
0	0.122449
0	0.952381
0	0.122449
0	0.952381
0	0.972789
0	0.979592
0	0.979592
0	0.122449
0	0.122449
0	0.911565
0	0.952381
0	0.986395
0	0.122449
0	0.972789
0	0.122449
0	0.986395
0	0.911565
0	0.122449
0	0.972789
0	0.122449
0	0.979592
0	0.965986
0	0.122449
0	0.965986
0	0.92517
0	0.122449
0	0.122449
0	0.829932
0	0.122449
0	0.829932
0	0.122449
0	0.972789
0	0.952381
0	0.122449
0	0.972789
0	0.122449
0	0.122449
0	0.829932
0	0.965986
0	0.122449
0	0.122449
0	0.122449
0	0.829932
0	0.965986
0	0.979592
0	0.122449
0	0.122449
0	0.972789
0	0.972789
0	0.972789
0	0.952381
0	0.986395
0	0.959184
0	0.972789
0	0.122449
0	0.972789
0	0.972789
0	0.122449
0	0.986395
0	0.122449
0	0.986395
0	0.965986
0	0.92517
0	0.972789
0	0.979592
0	0.952381
0	0.92517
0	0.829932
0	0.979592
0	0.972789
0	0.979592
0	0.122449
0	0.122449
0	0.986395
0	0.979592
0	0.972789
0	0.122449
0	0.972789
0	0.92517
0	0.122449
0	0.979592
0	0.122449
0	0.122449
0	0.972789
0	0.122449
0	0.122449
0	0.122449
0	0.911565
0	0.829932
0	0.122449
0	0.122449
0	0.122449
0	0.979592
0	0.979592
0	0.122449
0	0.986395
0	0.122449
0	0.986395
0	0.986395
0	0.965986
0	0.979592
0	0.122449
0	0.829932
0	0.986395
0	0.122449
0	0.829932
0	0.122449
0	0.122449
0	0.122449
0	0.972789
0	0.986395
0	0.979592
0	0.92517
0	0.986395
0	0.911565
0	0.829932
0	0.972789
0	0.952381
0	0.122449
0	0.986395
0	0.122449
0	0.122449
0	0.952381
0	0.965986
0	0.979592
0	0.986395
0	0.122449
0	0.122449
0	0.986395
0	0.972789
0	0.972789
0	0.979592
0	0.829932
0	0.122449
0	0.979592
0	0.829932
0	0.986395
0	0.122449
0	0.979592
0	0.122449
0	0.911565
0	0.122449
0	0.829932
0	0.122449
0	0.972789
0	0.911565
0	0.986395
0	0.122449
0	0.92517
0	0.979592
0	0.965986
0	0.122449
0	0.829932
0	0.122449
0	0.829932
0	0.979592
0	0.979592
0	0.986395
0	0.952381
0	0.92517
0	0.122449
0	0.979592
0	0.986395
0	0.829932
0	0.972789
0	0.986395
0	0.965986
0	0.979592
0	0.829932
0	0.122449
0	0.92517
0	0.986395
0	0.122449
0	0.965986
0	0.972789
0	0.122449
0	0.965986
0	0.979592
0	0.122449
0	0.122449
0	0.979592
0	0.972789
0	0.965986
0	0.829932
0	0.122449
0	0.122449


