# Persistence diagram <GML/1222.gml>
#
# Dimension   : 0
# Entries     : 127
# Betti number: 2
0	inf
0	0.221429
0	0.964286
0	0.978571
0	0.978571
0	0.978571
0	0.95
0	0.978571
0	0.221429
0	0.978571
0	0.971429
0	0.985714
0	0.85
0	0.971429
0	0.964286
0	inf
0	0.221429
0	0.978571
0	0.221429
0	0.978571
0	0.221429
0	0.971429
0	0.964286
0	0.221429
0	0.985714
0	0.985714
0	0.985714
0	0.221429
0	0.85
0	0.221429
0	0.978571
0	0.221429
0	0.221429
0	0.221429
0	0.85
0	0.221429
0	0.85
0	0.85
0	0.978571
0	0.964286
0	0.978571
0	0.964286
0	0.221429
0	0.95
0	0.985714
0	0.964286
0	0.978571
0	0.221429
0	0.221429
0	0.978571
0	0.971429
0	0.95
0	0.95
0	0.971429
0	0.978571
0	0.85
0	0.978571
0	0.978571
0	0.992857
0	0.221429
0	0.978571
0	0.221429
0	0.964286
0	0.971429
0	0.221429
0	0.978571
0	0.221429
0	0.985714
0	0.978571
0	0.85
0	0.971429
0	0.221429
0	0.221429
0	0.985714
0	0.978571
0	0.964286
0	0.95
0	0.978571
0	0.978571
0	0.971429
0	0.971429
0	0.985714
0	0.85
0	0.221429
0	0.985714
0	0.221429
0	0.964286
0	0.95
0	0.978571
0	0.221429
0	0.985714
0	0.985714
0	0.971429
0	0.221429
0	0.971429
0	0.85
0	0.221429
0	0.978571
0	0.964286
0	0.221429
0	0.221429
0	0.221429
0	0.978571
0	0.85
0	0.964286
0	0.978571
0	0.971429
0	0.985714
0	0.971429
0	0.964286
0	0.964286
0	0.985714
0	0.221429
0	0.85
0	0.978571
0	0.964286
0	0.985714
0	0.221429
0	0.95
0	0.985714
0	0.985714
0	0.964286
0	0.221429
0	0.978571
0	0.971429
0	0.964286
0	0.221429


