# Persistence diagram <GML/1224.gml>
#
# Dimension   : 1
# Entries     : 46
# Betti number: 42
0.449367	inf
0.449367	inf
0.449367	inf
0.449367	inf
0.449367	inf
0.449367	inf
0.449367	inf
0.449367	inf
0.449367	inf
0.449367	inf
0.449367	inf
0.449367	inf
0.449367	inf
0.449367	inf
0.449367	inf
0.449367	0.955696
0.449367	inf
0.449367	inf
0.449367	inf
0.449367	inf
0.449367	inf
0.449367	inf
0.449367	inf
0.449367	inf
0.449367	inf
0.449367	inf
0.449367	inf
0.449367	inf
0.449367	0.949367
0.449367	inf
0.449367	inf
0.449367	inf
0.449367	0.955696
0.449367	inf
0.449367	0.949367
0.449367	inf
0.449367	inf
0.449367	inf
0.449367	inf
0.911392	inf
0.974684	inf
0.981013	inf
0.987342	inf
0.987342	inf
0.987342	inf
0.987342	inf
