# Persistence diagram <GML/1225.gml>
#
# Dimension   : 0
# Entries     : 164
# Betti number: 1
0	inf
0	0.483412
0	0.483412
0	0.990521
0	0.985782
0	0.483412
0	0.990521
0	0.990521
0	0.981043
0	0.985782
0	0.483412
0	0.483412
0	0.483412
0	0.483412
0	0.483412
0	0.483412
0	0.483412
0	0.981043
0	0.971564
0	0.483412
0	0.985782
0	0.483412
0	0.962085
0	0.483412
0	0.483412
0	0.976303
0	0.985782
0	0.985782
0	0.483412
0	0.985782
0	0.985782
0	0.985782
0	0.483412
0	0.990521
0	0.990521
0	0.985782
0	0.483412
0	0.483412
0	0.483412
0	0.985782
0	0.952607
0	0.483412
0	0.985782
0	0.976303
0	0.976303
0	0.990521
0	0.483412
0	0.483412
0	0.990521
0	0.981043
0	0.990521
0	0.981043
0	0.985782
0	0.990521
0	0.483412
0	0.985782
0	0.990521
0	0.976303
0	0.985782
0	0.483412
0	0.985782
0	0.985782
0	0.483412
0	0.985782
0	0.952607
0	0.976303
0	0.952607
0	0.483412
0	0.981043
0	0.971564
0	0.981043
0	0.483412
0	0.985782
0	0.483412
0	0.976303
0	0.952607
0	0.990521
0	0.990521
0	0.985782
0	0.981043
0	0.976303
0	0.483412
0	0.483412
0	0.985782
0	0.483412
0	0.985782
0	0.981043
0	0.985782
0	0.483412
0	0.985782
0	0.483412
0	0.483412
0	0.952607
0	0.990521
0	0.483412
0	0.985782
0	0.952607
0	0.483412
0	0.981043
0	0.483412
0	0.483412
0	0.483412
0	0.962085
0	0.483412
0	0.483412
0	0.985782
0	0.990521
0	0.985782
0	0.990521
0	0.985782
0	0.483412
0	0.483412
0	0.985782
0	0.990521
0	0.976303
0	0.971564
0	0.985782
0	0.483412
0	0.990521
0	0.483412
0	0.962085
0	0.985782
0	0.985782
0	0.962085
0	0.985782
0	0.985782
0	0.952607
0	0.483412
0	0.990521
0	0.483412
0	0.976303
0	0.985782
0	0.483412
0	0.981043
0	0.483412
0	0.981043
0	0.483412
0	0.962085
0	0.990521
0	0.962085
0	0.483412
0	0.981043
0	0.985782
0	0.985782
0	0.985782
0	0.985782
0	0.976303
0	0.985782
0	0.962085
0	0.990521
0	0.990521
0	0.981043
0	0.483412
0	0.483412
0	0.976303
0	0.483412
0	0.985782
0	0.483412
0	0.990521
0	0.483412
0	0.990521
0	0.985782
0	0.990521
0	0.990521


