# Persistence diagram <GML/1225.gml>
#
# Dimension   : 1
# Entries     : 56
# Betti number: 54
0.483412	inf
0.483412	inf
0.483412	inf
0.483412	inf
0.483412	inf
0.483412	inf
0.483412	inf
0.483412	inf
0.483412	inf
0.483412	inf
0.483412	inf
0.483412	inf
0.483412	inf
0.483412	inf
0.483412	inf
0.483412	inf
0.483412	inf
0.483412	inf
0.483412	inf
0.483412	inf
0.483412	inf
0.483412	inf
0.483412	inf
0.483412	inf
0.483412	inf
0.483412	inf
0.483412	inf
0.483412	inf
0.483412	0.952607
0.483412	inf
0.483412	inf
0.483412	inf
0.483412	inf
0.483412	0.971564
0.483412	inf
0.483412	inf
0.483412	inf
0.483412	inf
0.483412	inf
0.483412	inf
0.483412	inf
0.483412	inf
0.483412	inf
0.483412	inf
0.483412	inf
0.483412	inf
0.483412	inf
0.483412	inf
0.483412	inf
0.483412	inf
0.483412	inf
0.483412	inf
0.483412	inf
0.981043	inf
0.985782	inf
0.985782	inf
