# Persistence diagram <GML/1232.gml>
#
# Dimension   : 1
# Entries     : 47
# Betti number: 47
0.897959	inf
0.897959	inf
0.897959	inf
0.897959	inf
0.897959	inf
0.897959	inf
0.897959	inf
0.897959	inf
0.897959	inf
0.897959	inf
0.897959	inf
0.913265	inf
0.913265	inf
0.94898	inf
0.94898	inf
0.94898	inf
0.94898	inf
0.94898	inf
0.94898	inf
0.94898	inf
0.94898	inf
0.954082	inf
0.954082	inf
0.959184	inf
0.964286	inf
0.964286	inf
0.969388	inf
0.97449	inf
0.97449	inf
0.979592	inf
0.979592	inf
0.979592	inf
0.979592	inf
0.979592	inf
0.979592	inf
0.979592	inf
0.984694	inf
0.984694	inf
0.984694	inf
0.984694	inf
0.984694	inf
0.984694	inf
0.984694	inf
0.984694	inf
0.984694	inf
0.984694	inf
0.989796	inf
