# Persistence diagram <GML/1233.gml>
#
# Dimension   : 0
# Entries     : 213
# Betti number: 1
0	inf
0	0.428571
0	0.966387
0	0.983193
0	0.915966
0	0.428571
0	0.957983
0	0.310924
0	0.983193
0	0.428571
0	0.428571
0	0.428571
0	0.428571
0	0.428571
0	0.983193
0	0.97479
0	0.310924
0	0.310924
0	0.957983
0	0.97479
0	0.983193
0	0.428571
0	0.97479
0	0.941176
0	0.310924
0	0.966387
0	0.97479
0	0.966387
0	0.966387
0	0.966387
0	0.310924
0	0.428571
0	0.97479
0	0.428571
0	0.97479
0	0.428571
0	0.966387
0	0.97479
0	0.966387
0	0.310924
0	0.428571
0	0.983193
0	0.966387
0	0.941176
0	0.941176
0	0.97479
0	0.941176
0	0.428571
0	0.428571
0	0.97479
0	0.957983
0	0.966387
0	0.915966
0	0.428571
0	0.310924
0	0.966387
0	0.983193
0	0.966387
0	0.428571
0	0.428571
0	0.957983
0	0.97479
0	0.310924
0	0.428571
0	0.428571
0	0.428571
0	0.428571
0	0.966387
0	0.966387
0	0.957983
0	0.428571
0	0.310924
0	0.915966
0	0.428571
0	0.428571
0	0.941176
0	0.966387
0	0.310924
0	0.97479
0	0.915966
0	0.983193
0	0.983193
0	0.97479
0	0.983193
0	0.983193
0	0.957983
0	0.310924
0	0.966387
0	0.97479
0	0.428571
0	0.957983
0	0.97479
0	0.983193
0	0.310924
0	0.915966
0	0.983193
0	0.983193
0	0.966387
0	0.97479
0	0.428571
0	0.97479
0	0.983193
0	0.983193
0	0.983193
0	0.966387
0	0.966387
0	0.983193
0	0.983193
0	0.97479
0	0.97479
0	0.941176
0	0.310924
0	0.310924
0	0.428571
0	0.310924
0	0.310924
0	0.966387
0	0.941176
0	0.966387
0	0.97479
0	0.428571
0	0.428571
0	0.983193
0	0.428571
0	0.97479
0	0.966387
0	0.310924
0	0.310924
0	0.310924
0	0.97479
0	0.97479
0	0.428571
0	0.428571
0	0.941176
0	0.310924
0	0.983193
0	0.966387
0	0.957983
0	0.428571
0	0.983193
0	0.983193
0	0.983193
0	0.310924
0	0.310924
0	0.97479
0	0.310924
0	0.428571
0	0.310924
0	0.310924
0	0.983193
0	0.966387
0	0.983193
0	0.941176
0	0.310924
0	0.966387
0	0.966387
0	0.428571
0	0.428571
0	0.310924
0	0.983193
0	0.941176
0	0.966387
0	0.966387
0	0.983193
0	0.966387
0	0.941176
0	0.428571
0	0.428571
0	0.983193
0	0.941176
0	0.983193
0	0.966387
0	0.983193
0	0.428571
0	0.983193
0	0.310924
0	0.310924
0	0.957983
0	0.983193
0	0.966387
0	0.966387
0	0.983193
0	0.310924
0	0.310924
0	0.941176
0	0.428571
0	0.983193
0	0.310924
0	0.941176
0	0.310924
0	0.966387
0	0.97479
0	0.97479
0	0.983193
0	0.941176
0	0.941176
0	0.428571
0	0.310924
0	0.310924
0	0.310924
0	0.966387
0	0.310924
0	0.915966
0	0.428571
0	0.310924
0	0.310924
0	0.983193
0	0.983193
0	0.97479
0	0.915966
0	0.310924
0	0.428571
0	0.966387


