# Persistence diagram <GML/1234.gml>
#
# Dimension   : 0
# Entries     : 153
# Betti number: 1
0	inf
0	0.288732
0	0.985915
0	0.288732
0	0.922535
0	0.978873
0	0.978873
0	0.964789
0	0.288732
0	0.957746
0	0.288732
0	0.288732
0	0.93662
0	0.957746
0	0.964789
0	0.978873
0	0.985915
0	0.922535
0	0.957746
0	0.957746
0	0.288732
0	0.288732
0	0.957746
0	0.288732
0	0.978873
0	0.288732
0	0.288732
0	0.901408
0	0.943662
0	0.957746
0	0.964789
0	0.288732
0	0.288732
0	0.971831
0	0.985915
0	0.288732
0	0.922535
0	0.985915
0	0.901408
0	0.922535
0	0.288732
0	0.978873
0	0.288732
0	0.288732
0	0.985915
0	0.943662
0	0.985915
0	0.901408
0	0.985915
0	0.978873
0	0.922535
0	0.978873
0	0.288732
0	0.943662
0	0.971831
0	0.288732
0	0.957746
0	0.922535
0	0.971831
0	0.957746
0	0.943662
0	0.971831
0	0.922535
0	0.288732
0	0.922535
0	0.943662
0	0.978873
0	0.943662
0	0.971831
0	0.288732
0	0.964789
0	0.93662
0	0.288732
0	0.901408
0	0.288732
0	0.922535
0	0.288732
0	0.288732
0	0.971831
0	0.943662
0	0.964789
0	0.288732
0	0.288732
0	0.957746
0	0.288732
0	0.922535
0	0.985915
0	0.288732
0	0.971831
0	0.288732
0	0.288732
0	0.957746
0	0.971831
0	0.978873
0	0.978873
0	0.985915
0	0.978873
0	0.943662
0	0.985915
0	0.971831
0	0.943662
0	0.971831
0	0.922535
0	0.922535
0	0.957746
0	0.288732
0	0.288732
0	0.922535
0	0.288732
0	0.978873
0	0.288732
0	0.901408
0	0.978873
0	0.901408
0	0.971831
0	0.922535
0	0.964789
0	0.964789
0	0.957746
0	0.901408
0	0.288732
0	0.288732
0	0.978873
0	0.922535
0	0.950704
0	0.978873
0	0.943662
0	0.943662
0	0.985915
0	0.978873
0	0.978873
0	0.957746
0	0.964789
0	0.288732
0	0.957746
0	0.922535
0	0.985915
0	0.971831
0	0.288732
0	0.922535
0	0.985915
0	0.922535
0	0.978873
0	0.288732
0	0.288732
0	0.957746
0	0.950704
0	0.288732
0	0.288732
0	0.957746
0	0.922535
0	0.288732
0	0.985915


