# Persistence diagram <GML/1235.gml>
#
# Dimension   : 1
# Entries     : 67
# Betti number: 66
0.227941	inf
0.227941	inf
0.227941	inf
0.227941	inf
0.227941	inf
0.227941	inf
0.227941	inf
0.227941	inf
0.227941	inf
0.227941	inf
0.227941	inf
0.227941	inf
0.227941	inf
0.227941	inf
0.227941	inf
0.227941	inf
0.227941	inf
0.227941	0.933824
0.227941	inf
0.227941	inf
0.227941	inf
0.227941	inf
0.227941	inf
0.227941	inf
0.227941	inf
0.227941	inf
0.227941	inf
0.227941	inf
0.227941	inf
0.227941	inf
0.227941	inf
0.227941	inf
0.227941	inf
0.227941	inf
0.227941	inf
0.227941	inf
0.227941	inf
0.227941	inf
0.227941	inf
0.227941	inf
0.227941	inf
0.227941	inf
0.227941	inf
0.227941	inf
0.227941	inf
0.227941	inf
0.227941	inf
0.227941	inf
0.227941	inf
0.227941	inf
0.227941	inf
0.227941	inf
0.227941	inf
0.227941	inf
0.227941	inf
0.227941	inf
0.227941	inf
0.227941	inf
0.227941	inf
0.227941	inf
0.227941	inf
0.933824	inf
0.955882	inf
0.963235	inf
0.977941	inf
0.977941	inf
0.985294	inf
