# Persistence diagram <GML/1242.gml>
#
# Dimension   : 0
# Entries     : 177
# Betti number: 3
0	inf
0	0.95092
0	0.98773
0	0.98773
0	0.98773
0	0.981595
0	0.98773
0	0.98773
0	0.969325
0	0.969325
0	0.981595
0	0.969325
0	0.97546
0	0.98773
0	0.96319
0	0.97546
0	0.98773
0	0.969325
0	0.981595
0	0.97546
0	0.269939
0	0.269939
0	0.981595
0	inf
0	0.95092
0	0.981595
0	0.981595
0	0.981595
0	0.981595
0	0.969325
0	0.981595
0	0.981595
0	0.981595
0	0.269939
0	inf
0	0.969325
0	0.97546
0	0.96319
0	0.96319
0	0.981595
0	0.969325
0	0.269939
0	0.96319
0	0.98773
0	0.96319
0	0.98773
0	0.98773
0	0.981595
0	0.969325
0	0.269939
0	0.98773
0	0.981595
0	0.981595
0	0.269939
0	0.969325
0	0.981595
0	0.97546
0	0.269939
0	0.269939
0	0.269939
0	0.97546
0	0.96319
0	0.981595
0	0.98773
0	0.98773
0	0.97546
0	0.98773
0	0.96319
0	0.269939
0	0.97546
0	0.98773
0	0.95092
0	0.269939
0	0.269939
0	0.98773
0	0.97546
0	0.981595
0	0.981595
0	0.981595
0	0.97546
0	0.98773
0	0.96319
0	0.981595
0	0.269939
0	0.98773
0	0.981595
0	0.269939
0	0.98773
0	0.97546
0	0.269939
0	0.981595
0	0.97546
0	0.981595
0	0.98773
0	0.95092
0	0.981595
0	0.981595
0	0.98773
0	0.981595
0	0.269939
0	0.98773
0	0.269939
0	0.98773
0	0.95092
0	0.98773
0	0.269939
0	0.981595
0	0.98773
0	0.981595
0	0.981595
0	0.97546
0	0.981595
0	0.269939
0	0.98773
0	0.981595
0	0.981595
0	0.981595
0	0.98773
0	0.981595
0	0.95092
0	0.981595
0	0.98773
0	0.97546
0	0.969325
0	0.981595
0	0.981595
0	0.98773
0	0.981595
0	0.98773
0	0.97546
0	0.969325
0	0.98773
0	0.269939
0	0.981595
0	0.98773
0	0.981595
0	0.269939
0	0.969325
0	0.98773
0	0.96319
0	0.98773
0	0.98773
0	0.98773
0	0.981595
0	0.969325
0	0.969325
0	0.981595
0	0.96319
0	0.969325
0	0.981595
0	0.97546
0	0.98773
0	0.98773
0	0.98773
0	0.98773
0	0.95092
0	0.981595
0	0.269939
0	0.981595
0	0.981595
0	0.269939
0	0.97546
0	0.98773
0	0.96319
0	0.981595
0	0.269939
0	0.98773
0	0.981595
0	0.981595
0	0.96319
0	0.981595
0	0.95092
0	0.98773
0	0.97546
0	0.981595
0	0.969325
0	0.98773


