# Persistence diagram <GML/1243.gml>
#
# Dimension   : 0
# Entries     : 161
# Betti number: 1
0	inf
0	0.980645
0	0.43871
0	0.974194
0	0.96129
0	0.929032
0	0.987097
0	0.43871
0	0.96129
0	0.980645
0	0.967742
0	0.987097
0	0.974194
0	0.987097
0	0.980645
0	0.980645
0	0.987097
0	0.974194
0	0.987097
0	0.987097
0	0.974194
0	0.974194
0	0.987097
0	0.980645
0	0.954839
0	0.987097
0	0.987097
0	0.967742
0	0.43871
0	0.987097
0	0.929032
0	0.987097
0	0.987097
0	0.987097
0	0.987097
0	0.43871
0	0.929032
0	0.941935
0	0.987097
0	0.43871
0	0.987097
0	0.967742
0	0.980645
0	0.987097
0	0.96129
0	0.987097
0	0.967742
0	0.941935
0	0.974194
0	0.967742
0	0.967742
0	0.96129
0	0.980645
0	0.987097
0	0.967742
0	0.987097
0	0.987097
0	0.987097
0	0.987097
0	0.974194
0	0.980645
0	0.987097
0	0.980645
0	0.987097
0	0.954839
0	0.954839
0	0.43871
0	0.974194
0	0.967742
0	0.967742
0	0.96129
0	0.987097
0	0.974194
0	0.987097
0	0.96129
0	0.987097
0	0.987097
0	0.987097
0	0.43871
0	0.980645
0	0.967742
0	0.987097
0	0.974194
0	0.43871
0	0.974194
0	0.967742
0	0.987097
0	0.980645
0	0.967742
0	0.980645
0	0.980645
0	0.974194
0	0.43871
0	0.43871
0	0.974194
0	0.96129
0	0.987097
0	0.980645
0	0.96129
0	0.987097
0	0.43871
0	0.974194
0	0.987097
0	0.929032
0	0.967742
0	0.967742
0	0.987097
0	0.980645
0	0.980645
0	0.987097
0	0.987097
0	0.43871
0	0.43871
0	0.43871
0	0.941935
0	0.987097
0	0.980645
0	0.967742
0	0.929032
0	0.967742
0	0.980645
0	0.967742
0	0.987097
0	0.987097
0	0.987097
0	0.987097
0	0.967742
0	0.43871
0	0.974194
0	0.980645
0	0.980645
0	0.929032
0	0.987097
0	0.980645
0	0.974194
0	0.980645
0	0.987097
0	0.980645
0	0.980645
0	0.96129
0	0.987097
0	0.987097
0	0.987097
0	0.987097
0	0.980645
0	0.967742
0	0.954839
0	0.987097
0	0.987097
0	0.974194
0	0.96129
0	0.987097
0	0.974194
0	0.974194
0	0.967742
0	0.929032
0	0.941935
0	0.954839
0	0.43871
0	0.980645
0	0.987097


