# Persistence diagram <GML/1244.gml>
#
# Dimension   : 0
# Entries     : 174
# Betti number: 1
0	inf
0	0.988889
0	0.983333
0	0.983333
0	0.538889
0	0.983333
0	0.988889
0	0.966667
0	0.966667
0	0.983333
0	0.972222
0	0.988889
0	0.972222
0	0.988889
0	0.966667
0	0.988889
0	0.538889
0	0.977778
0	0.538889
0	0.972222
0	0.983333
0	0.988889
0	0.983333
0	0.972222
0	0.966667
0	0.983333
0	0.972222
0	0.972222
0	0.977778
0	0.972222
0	0.988889
0	0.983333
0	0.988889
0	0.988889
0	0.988889
0	0.988889
0	0.988889
0	0.977778
0	0.977778
0	0.977778
0	0.966667
0	0.966667
0	0.988889
0	0.988889
0	0.972222
0	0.972222
0	0.983333
0	0.955556
0	0.966667
0	0.988889
0	0.988889
0	0.983333
0	0.966667
0	0.972222
0	0.972222
0	0.983333
0	0.988889
0	0.977778
0	0.944444
0	0.977778
0	0.944444
0	0.983333
0	0.972222
0	0.983333
0	0.966667
0	0.988889
0	0.972222
0	0.966667
0	0.977778
0	0.955556
0	0.988889
0	0.983333
0	0.983333
0	0.977778
0	0.972222
0	0.538889
0	0.977778
0	0.983333
0	0.988889
0	0.988889
0	0.972222
0	0.988889
0	0.977778
0	0.988889
0	0.955556
0	0.966667
0	0.972222
0	0.988889
0	0.983333
0	0.977778
0	0.983333
0	0.977778
0	0.983333
0	0.988889
0	0.972222
0	0.988889
0	0.988889
0	0.988889
0	0.988889
0	0.983333
0	0.988889
0	0.988889
0	0.988889
0	0.988889
0	0.988889
0	0.977778
0	0.983333
0	0.988889
0	0.977778
0	0.972222
0	0.988889
0	0.983333
0	0.988889
0	0.988889
0	0.983333
0	0.983333
0	0.988889
0	0.538889
0	0.961111
0	0.983333
0	0.988889
0	0.977778
0	0.983333
0	0.983333
0	0.988889
0	0.988889
0	0.944444
0	0.988889
0	0.988889
0	0.983333
0	0.972222
0	0.944444
0	0.988889
0	0.988889
0	0.961111
0	0.983333
0	0.988889
0	0.944444
0	0.944444
0	0.961111
0	0.538889
0	0.988889
0	0.977778
0	0.983333
0	0.988889
0	0.988889
0	0.538889
0	0.988889
0	0.538889
0	0.983333
0	0.983333
0	0.983333
0	0.966667
0	0.944444
0	0.988889
0	0.983333
0	0.961111
0	0.983333
0	0.972222
0	0.988889
0	0.988889
0	0.983333
0	0.972222
0	0.988889
0	0.955556
0	0.988889
0	0.977778
0	0.983333
0	0.983333
0	0.972222
0	0.972222
0	0.983333
0	0.988889
0	0.983333


