# Persistence diagram <GML/1245.gml>
#
# Dimension   : 0
# Entries     : 248
# Betti number: 1
0	inf
0	0.986755
0	0.97351
0	0.986755
0	0.953642
0	0.980132
0	0.986755
0	0.927152
0	0.986755
0	0.980132
0	0.97351
0	0.986755
0	0.986755
0	0.966887
0	0.97351
0	0.980132
0	0.980132
0	0.980132
0	0.97351
0	0.97351
0	0.97351
0	0.986755
0	0.980132
0	0.980132
0	0.966887
0	0.880795
0	0.927152
0	0.953642
0	0.980132
0	0.880795
0	0.960265
0	0.966887
0	0.986755
0	0.960265
0	0.880795
0	0.986755
0	0.97351
0	0.980132
0	0.94702
0	0.953642
0	0.986755
0	0.986755
0	0.960265
0	0.927152
0	0.960265
0	0.927152
0	0.927152
0	0.986755
0	0.986755
0	0.980132
0	0.986755
0	0.986755
0	0.980132
0	0.980132
0	0.986755
0	0.953642
0	0.966887
0	0.980132
0	0.986755
0	0.986755
0	0.986755
0	0.986755
0	0.986755
0	0.986755
0	0.980132
0	0.980132
0	0.980132
0	0.980132
0	0.986755
0	0.97351
0	0.960265
0	0.960265
0	0.986755
0	0.966887
0	0.97351
0	0.927152
0	0.980132
0	0.986755
0	0.953642
0	0.986755
0	0.986755
0	0.966887
0	0.986755
0	0.986755
0	0.980132
0	0.986755
0	0.927152
0	0.986755
0	0.97351
0	0.986755
0	0.953642
0	0.97351
0	0.980132
0	0.927152
0	0.880795
0	0.953642
0	0.960265
0	0.986755
0	0.94702
0	0.986755
0	0.986755
0	0.927152
0	0.986755
0	0.97351
0	0.94702
0	0.986755
0	0.953642
0	0.97351
0	0.97351
0	0.97351
0	0.927152
0	0.953642
0	0.880795
0	0.880795
0	0.880795
0	0.966887
0	0.927152
0	0.986755
0	0.880795
0	0.880795
0	0.97351
0	0.927152
0	0.960265
0	0.960265
0	0.953642
0	0.953642
0	0.927152
0	0.986755
0	0.880795
0	0.980132
0	0.986755
0	0.966887
0	0.97351
0	0.97351
0	0.97351
0	0.986755
0	0.960265
0	0.927152
0	0.980132
0	0.980132
0	0.880795
0	0.986755
0	0.980132
0	0.927152
0	0.880795
0	0.986755
0	0.980132
0	0.966887
0	0.97351
0	0.97351
0	0.97351
0	0.986755
0	0.953642
0	0.980132
0	0.953642
0	0.94702
0	0.980132
0	0.97351
0	0.960265
0	0.980132
0	0.980132
0	0.980132
0	0.980132
0	0.980132
0	0.97351
0	0.97351
0	0.980132
0	0.960265
0	0.980132
0	0.986755
0	0.980132
0	0.97351
0	0.980132
0	0.986755
0	0.97351
0	0.953642
0	0.960265
0	0.980132
0	0.960265
0	0.97351
0	0.953642
0	0.94702
0	0.927152
0	0.986755
0	0.966887
0	0.97351
0	0.97351
0	0.880795
0	0.966887
0	0.97351
0	0.960265
0	0.980132
0	0.986755
0	0.966887
0	0.986755
0	0.97351
0	0.94702
0	0.880795
0	0.960265
0	0.980132
0	0.97351
0	0.986755
0	0.980132
0	0.980132
0	0.953642
0	0.960265
0	0.953642
0	0.953642
0	0.97351
0	0.986755
0	0.953642
0	0.960265
0	0.980132
0	0.986755
0	0.966887
0	0.927152
0	0.97351
0	0.966887
0	0.986755
0	0.986755
0	0.97351
0	0.960265
0	0.960265
0	0.97351
0	0.966887
0	0.927152
0	0.880795
0	0.953642
0	0.880795
0	0.980132
0	0.953642
0	0.97351
0	0.960265
0	0.953642
0	0.94702
0	0.980132
0	0.986755
0	0.97351
0	0.980132
0	0.953642
0	0.986755
0	0.986755
0	0.97351
0	0.980132
0	0.986755
0	0.960265
0	0.927152
0	0.986755


