# Persistence diagram <GML/1250.gml>
#
# Dimension   : 1
# Entries     : 56
# Betti number: 56
0.0192308	inf
0.0192308	inf
0.0192308	inf
0.0192308	inf
0.0192308	inf
0.0192308	inf
0.0192308	inf
0.0192308	inf
0.0192308	inf
0.0192308	inf
0.0192308	inf
0.0192308	inf
0.0192308	inf
0.0192308	inf
0.0192308	inf
0.0192308	inf
0.0192308	inf
0.0192308	inf
0.0192308	inf
0.0192308	inf
0.0192308	inf
0.0192308	inf
0.0192308	inf
0.0192308	inf
0.0192308	inf
0.0192308	inf
0.0192308	inf
0.0192308	inf
0.0192308	inf
0.0192308	inf
0.0192308	inf
0.0192308	inf
0.0192308	inf
0.0192308	inf
0.0192308	inf
0.0192308	inf
0.0192308	inf
0.0192308	inf
0.951923	inf
0.951923	inf
0.951923	inf
0.951923	inf
0.951923	inf
0.961538	inf
0.961538	inf
0.961538	inf
0.961538	inf
0.961538	inf
0.971154	inf
0.971154	inf
0.971154	inf
0.971154	inf
0.971154	inf
0.980769	inf
0.980769	inf
0.980769	inf
