# Persistence diagram <GML/1259.gml>
#
# Dimension   : 0
# Entries     : 308
# Betti number: 4
0	inf
0	0.968421
0	0.947368
0	0.957895
0	0.936842
0	0.978947
0	0.978947
0	0.957895
0	0.936842
0	0.968421
0	0.968421
0	0.957895
0	0.315789
0	0.968421
0	0.957895
0	0.957895
0	0.957895
0	0.315789
0	0.968421
0	0.315789
0	0.968421
0	0.968421
0	0.947368
0	0.947368
0	0.978947
0	0.947368
0	0.978947
0	inf
0	0.978947
0	0.936842
0	0.957895
0	0.957895
0	0.957895
0	0.926316
0	0.947368
0	0.947368
0	0.978947
0	0.968421
0	0.968421
0	0.947368
0	0.968421
0	0.957895
0	0.315789
0	0.315789
0	0.957895
0	0.968421
0	inf
0	0.947368
0	0.947368
0	0.978947
0	0.936842
0	0.315789
0	0.957895
0	0.978947
0	0.968421
0	0.957895
0	0.315789
0	0.947368
0	0.978947
0	0.978947
0	0.936842
0	0.978947
0	0.926316
0	0.947368
0	0.957895
0	0.936842
0	0.978947
0	0.926316
0	0.957895
0	0.957895
0	0.978947
0	0.315789
0	0.957895
0	0.989474
0	0.968421
0	0.978947
0	0.926316
0	0.947368
0	0.926316
0	0.315789
0	0.978947
0	0.957895
0	0.968421
0	0.978947
0	0.978947
0	0.978947
0	0.947368
0	0.957895
0	0.947368
0	0.968421
0	0.957895
0	0.957895
0	0.926316
0	0.926316
0	0.968421
0	0.978947
0	0.957895
0	0.315789
0	0.947368
0	0.968421
0	0.978947
0	0.957895
0	0.947368
0	0.957895
0	0.957895
0	0.947368
0	0.968421
0	0.978947
0	0.968421
0	0.947368
0	0.947368
0	0.926316
0	0.315789
0	0.968421
0	0.968421
0	0.947368
0	0.968421
0	0.957895
0	0.926316
0	0.936842
0	0.957895
0	0.957895
0	0.968421
0	0.926316
0	0.315789
0	0.315789
0	0.947368
0	0.926316
0	0.968421
0	0.315789
0	0.957895
0	0.957895
0	0.947368
0	0.936842
0	0.947368
0	0.968421
0	0.978947
0	0.957895
0	0.315789
0	0.947368
0	0.957895
0	0.936842
0	0.315789
0	inf
0	0.968421
0	0.957895
0	0.936842
0	0.968421
0	0.926316
0	0.936842
0	0.947368
0	0.978947
0	0.968421
0	0.957895
0	0.968421
0	0.978947
0	0.978947
0	0.968421
0	0.947368
0	0.968421
0	0.968421
0	0.968421
0	0.947368
0	0.947368
0	0.978947
0	0.957895
0	0.315789
0	0.926316
0	0.957895
0	0.926316
0	0.978947
0	0.957895
0	0.947368
0	0.957895
0	0.978947
0	0.957895
0	0.978947
0	0.947368
0	0.947368
0	0.936842
0	0.968421
0	0.957895
0	0.968421
0	0.926316
0	0.978947
0	0.947368
0	0.947368
0	0.968421
0	0.978947
0	0.926316
0	0.978947
0	0.947368
0	0.936842
0	0.947368
0	0.978947
0	0.957895
0	0.947368
0	0.968421
0	0.315789
0	0.926316
0	0.957895
0	0.978947
0	0.947368
0	0.947368
0	0.978947
0	0.926316
0	0.968421
0	0.315789
0	0.926316
0	0.947368
0	0.947368
0	0.957895
0	0.315789
0	0.936842
0	0.968421
0	0.957895
0	0.315789
0	0.978947
0	0.926316
0	0.957895
0	0.947368
0	0.947368
0	0.947368
0	0.947368
0	0.947368
0	0.926316
0	0.947368
0	0.978947
0	0.968421
0	0.978947
0	0.978947
0	0.978947
0	0.926316
0	0.968421
0	0.926316
0	0.978947
0	0.947368
0	0.957895
0	0.947368
0	0.978947
0	0.947368
0	0.957895
0	0.936842
0	0.947368
0	0.978947
0	0.968421
0	0.957895
0	0.957895
0	0.957895
0	0.315789
0	0.947368
0	0.957895
0	0.968421
0	0.957895
0	0.957895
0	0.947368
0	0.957895
0	0.947368
0	0.926316
0	0.968421
0	0.968421
0	0.936842
0	0.315789
0	0.315789
0	0.978947
0	0.315789
0	0.968421
0	0.947368
0	0.947368
0	0.957895
0	0.947368
0	0.957895
0	0.978947
0	0.315789
0	0.978947
0	0.978947
0	0.947368
0	0.978947
0	0.968421
0	0.978947
0	0.947368
0	0.315789
0	0.957895
0	0.315789
0	0.978947
0	0.315789
0	0.978947
0	0.315789
0	0.947368
0	0.978947
0	0.315789
0	0.957895
0	0.957895
0	0.926316
0	0.947368
0	0.315789
0	0.926316
0	0.978947
0	0.968421
0	0.926316
0	0.968421
0	0.968421
0	0.978947
0	0.947368
0	0.947368
0	0.978947
0	0.947368
0	0.957895


