# Persistence diagram <GML/1259.gml>
#
# Dimension   : 1
# Entries     : 51
# Betti number: 51
0.315789	inf
0.315789	inf
0.315789	inf
0.315789	inf
0.315789	inf
0.315789	inf
0.315789	inf
0.315789	inf
0.315789	inf
0.315789	inf
0.315789	inf
0.315789	inf
0.315789	inf
0.315789	inf
0.315789	inf
0.315789	inf
0.315789	inf
0.315789	inf
0.315789	inf
0.315789	inf
0.315789	inf
0.315789	inf
0.315789	inf
0.315789	inf
0.315789	inf
0.315789	inf
0.315789	inf
0.315789	inf
0.315789	inf
0.315789	inf
0.315789	inf
0.315789	inf
0.315789	inf
0.936842	inf
0.947368	inf
0.947368	inf
0.947368	inf
0.947368	inf
0.957895	inf
0.957895	inf
0.957895	inf
0.957895	inf
0.957895	inf
0.968421	inf
0.968421	inf
0.968421	inf
0.968421	inf
0.968421	inf
0.978947	inf
0.978947	inf
0.978947	inf
