# Persistence diagram <GML/1262.gml>
#
# Dimension   : 1
# Entries     : 65
# Betti number: 62
0.755102	inf
0.755102	inf
0.755102	inf
0.755102	inf
0.755102	inf
0.755102	inf
0.755102	0.986395
0.755102	inf
0.755102	inf
0.755102	inf
0.755102	inf
0.755102	inf
0.755102	inf
0.755102	inf
0.755102	inf
0.755102	0.986395
0.755102	inf
0.755102	inf
0.755102	inf
0.755102	inf
0.755102	inf
0.755102	inf
0.755102	inf
0.755102	inf
0.755102	inf
0.755102	inf
0.755102	inf
0.755102	inf
0.755102	inf
0.755102	inf
0.755102	inf
0.755102	inf
0.755102	inf
0.755102	0.986395
0.755102	inf
0.755102	inf
0.755102	inf
0.755102	inf
0.755102	inf
0.755102	inf
0.755102	inf
0.891156	inf
0.891156	inf
0.891156	inf
0.891156	inf
0.891156	inf
0.891156	inf
0.891156	inf
0.891156	inf
0.891156	inf
0.891156	inf
0.891156	inf
0.891156	inf
0.891156	inf
0.891156	inf
0.891156	inf
0.891156	inf
0.891156	inf
0.891156	inf
0.891156	inf
0.891156	inf
0.891156	inf
0.891156	inf
0.986395	inf
0.993197	inf
