# Persistence diagram <GML/1262.gml>
#
# Dimension   : 0
# Entries     : 79
# Betti number: 1
0	inf
0	0.993197
0	0.979592
0	0.982993
0	0.979592
0	0.755102
0	0.986395
0	0.993197
0	0.989796
0	0.979592
0	0.755102
0	0.979592
0	0.993197
0	0.993197
0	0.982993
0	0.989796
0	0.755102
0	0.993197
0	0.755102
0	0.993197
0	0.755102
0	0.755102
0	0.755102
0	0.986395
0	0.989796
0	0.755102
0	0.755102
0	0.755102
0	0.755102
0	0.993197
0	0.979592
0	0.989796
0	0.755102
0	0.755102
0	0.755102
0	0.982993
0	0.993197
0	0.755102
0	0.993197
0	0.755102
0	0.755102
0	0.755102
0	0.755102
0	0.891156
0	0.755102
0	0.982993
0	0.989796
0	0.986395
0	0.755102
0	0.755102
0	0.989796
0	0.755102
0	0.979592
0	0.982993
0	0.993197
0	0.993197
0	0.755102
0	0.986395
0	0.989796
0	0.993197
0	0.755102
0	0.986395
0	0.993197
0	0.755102
0	0.989796
0	0.755102
0	0.993197
0	0.755102
0	0.891156
0	0.755102
0	0.993197
0	0.989796
0	0.979592
0	0.993197
0	0.891156
0	0.982993
0	0.993197
0	0.755102
0	0.755102


