# Persistence diagram <GML/1273.gml>
#
# Dimension   : 0
# Entries     : 257
# Betti number: 2
0	inf
0	0.985507
0	0.289855
0	0.289855
0	0.985507
0	0.934783
0	0.985507
0	0.927536
0	0.971014
0	0.289855
0	0.978261
0	0.985507
0	0.876812
0	0.985507
0	0.876812
0	0.289855
0	0.949275
0	0.985507
0	0.985507
0	0.949275
0	0.978261
0	0.289855
0	0.978261
0	0.949275
0	0.949275
0	0.289855
0	0.876812
0	0.876812
0	0.289855
0	0.978261
0	0.971014
0	0.985507
0	0.978261
0	0.289855
0	0.985507
0	0.978261
0	0.971014
0	0.289855
0	0.978261
0	0.949275
0	0.985507
0	0.876812
0	0.289855
0	0.978261
0	0.985507
0	0.963768
0	0.978261
0	0.971014
0	0.971014
0	0.971014
0	0.934783
0	0.289855
0	0.934783
0	0.985507
0	0.876812
0	0.985507
0	0.985507
0	0.971014
0	0.963768
0	0.971014
0	0.289855
0	0.971014
0	0.289855
0	0.978261
0	0.971014
0	0.934783
0	0.971014
0	0.942029
0	0.289855
0	0.971014
0	0.956522
0	0.971014
0	0.978261
0	0.985507
0	0.934783
0	0.876812
0	0.289855
0	0.963768
0	0.963768
0	0.978261
0	0.876812
0	0.985507
0	0.978261
0	0.978261
0	0.971014
0	0.289855
0	0.963768
0	0.934783
0	0.289855
0	0.927536
0	0.289855
0	0.971014
0	0.934783
0	0.949275
0	0.978261
0	0.289855
0	0.289855
0	0.942029
0	0.971014
0	0.978261
0	0.971014
0	0.949275
0	0.978261
0	0.971014
0	0.985507
0	0.949275
0	0.978261
0	0.978261
0	0.289855
0	0.978261
0	0.978261
0	0.978261
0	0.985507
0	0.978261
0	0.289855
0	0.971014
0	0.963768
0	0.963768
0	0.934783
0	0.985507
0	0.949275
0	0.978261
0	0.949275
0	0.971014
0	0.971014
0	0.289855
0	0.934783
0	0.971014
0	0.289855
0	0.963768
0	0.876812
0	0.289855
0	0.978261
0	0.949275
0	0.963768
0	0.876812
0	0.963768
0	0.289855
0	0.963768
0	0.985507
0	0.956522
0	0.289855
0	0.971014
0	0.978261
0	0.985507
0	0.971014
0	0.978261
0	0.927536
0	0.978261
0	0.978261
0	0.876812
0	0.956522
0	inf
0	0.289855
0	0.971014
0	0.956522
0	0.956522
0	0.971014
0	0.927536
0	0.956522
0	0.927536
0	0.289855
0	0.963768
0	0.289855
0	0.978261
0	0.978261
0	0.876812
0	0.971014
0	0.927536
0	0.949275
0	0.927536
0	0.971014
0	0.289855
0	0.289855
0	0.985507
0	0.963768
0	0.971014
0	0.978261
0	0.949275
0	0.289855
0	0.289855
0	0.949275
0	0.949275
0	0.978261
0	0.978261
0	0.985507
0	0.978261
0	0.971014
0	0.985507
0	0.971014
0	0.978261
0	0.934783
0	0.963768
0	0.289855
0	0.985507
0	0.978261
0	0.971014
0	0.992754
0	0.289855
0	0.985507
0	0.289855
0	0.971014
0	0.289855
0	0.978261
0	0.934783
0	0.963768
0	0.289855
0	0.971014
0	0.985507
0	0.956522
0	0.978261
0	0.971014
0	0.978261
0	0.942029
0	0.289855
0	0.289855
0	0.971014
0	0.971014
0	0.971014
0	0.876812
0	0.978261
0	0.289855
0	0.978261
0	0.934783
0	0.985507
0	0.985507
0	0.978261
0	0.978261
0	0.949275
0	0.289855
0	0.971014
0	0.289855
0	0.289855
0	0.978261
0	0.289855
0	0.956522
0	0.963768
0	0.289855
0	0.985507
0	0.978261
0	0.956522
0	0.971014
0	0.289855
0	0.289855
0	0.934783
0	0.949275
0	0.956522
0	0.978261
0	0.942029
0	0.956522
0	0.985507
0	0.942029
0	0.876812
0	0.985507
0	0.978261
0	0.927536
0	0.289855


