# Persistence diagram <GML/1276.gml>
#
# Dimension   : 1
# Entries     : 83
# Betti number: 76
0.218391	inf
0.218391	inf
0.218391	inf
0.218391	inf
0.218391	inf
0.218391	inf
0.218391	inf
0.218391	inf
0.218391	inf
0.218391	inf
0.218391	0.942529
0.218391	inf
0.218391	inf
0.218391	inf
0.218391	inf
0.218391	inf
0.218391	inf
0.218391	inf
0.218391	inf
0.218391	inf
0.218391	inf
0.218391	inf
0.218391	inf
0.218391	inf
0.218391	inf
0.218391	inf
0.218391	inf
0.218391	inf
0.218391	inf
0.218391	inf
0.218391	0.91954
0.218391	inf
0.218391	inf
0.218391	0.971264
0.218391	inf
0.218391	inf
0.218391	inf
0.218391	inf
0.218391	inf
0.218391	inf
0.218391	inf
0.218391	inf
0.218391	inf
0.218391	inf
0.218391	inf
0.218391	inf
0.218391	0.942529
0.218391	inf
0.218391	inf
0.218391	0.942529
0.218391	inf
0.218391	inf
0.218391	inf
0.218391	inf
0.218391	inf
0.218391	0.942529
0.218391	inf
0.218391	inf
0.218391	inf
0.218391	inf
0.218391	inf
0.218391	inf
0.218391	inf
0.218391	inf
0.218391	inf
0.218391	inf
0.218391	0.942529
0.218391	inf
0.218391	inf
0.218391	inf
0.218391	inf
0.218391	inf
0.218391	inf
0.218391	inf
0.218391	inf
0.218391	inf
0.218391	inf
0.218391	inf
0.971264	inf
0.982759	inf
0.982759	inf
0.988506	inf
0.988506	inf
