# Persistence diagram <GML/1284.gml>
#
# Dimension   : 0
# Entries     : 66
# Betti number: 1
0	inf
0	0.186275
0	0.960784
0	0.186275
0	0.941176
0	0.186275
0	0.186275
0	0.843137
0	0.941176
0	0.941176
0	0.186275
0	0.960784
0	0.980392
0	0.558824
0	0.72549
0	0.941176
0	0.980392
0	0.186275
0	0.970588
0	0.186275
0	0.921569
0	0.186275
0	0.921569
0	0.186275
0	0.901961
0	0.941176
0	0.941176
0	0.558824
0	0.960784
0	0.970588
0	0.843137
0	0.186275
0	0.186275
0	0.941176
0	0.186275
0	0.970588
0	0.186275
0	0.970588
0	0.186275
0	0.970588
0	0.186275
0	0.843137
0	0.558824
0	0.95098
0	0.558824
0	0.980392
0	0.186275
0	0.941176
0	0.970588
0	0.186275
0	0.843137
0	0.931373
0	0.901961
0	0.980392
0	0.186275
0	0.558824
0	0.911765
0	0.186275
0	0.186275
0	0.911765
0	0.186275
0	0.941176
0	0.186275
0	0.186275
0	0.186275
0	0.186275


