# Persistence diagram <GML/1285.gml>
#
# Dimension   : 1
# Entries     : 44
# Betti number: 43
0.210526	inf
0.210526	inf
0.210526	inf
0.210526	inf
0.210526	inf
0.210526	inf
0.210526	inf
0.210526	inf
0.210526	inf
0.210526	inf
0.210526	inf
0.210526	inf
0.210526	inf
0.210526	inf
0.210526	inf
0.210526	inf
0.210526	inf
0.210526	inf
0.210526	inf
0.210526	inf
0.210526	inf
0.210526	inf
0.210526	inf
0.210526	inf
0.210526	inf
0.210526	inf
0.210526	inf
0.210526	inf
0.210526	0.960526
0.210526	inf
0.210526	inf
0.210526	inf
0.210526	inf
0.210526	inf
0.210526	inf
0.210526	inf
0.210526	inf
0.210526	inf
0.210526	inf
0.210526	inf
0.210526	inf
0.210526	inf
0.947368	inf
0.973684	inf
