# Persistence diagram <GML/1287.gml>
#
# Dimension   : 1
# Entries     : 56
# Betti number: 54
0.341463	inf
0.341463	inf
0.341463	inf
0.341463	inf
0.341463	inf
0.341463	inf
0.341463	inf
0.341463	inf
0.341463	inf
0.341463	inf
0.341463	inf
0.341463	inf
0.341463	inf
0.341463	inf
0.341463	inf
0.341463	inf
0.341463	inf
0.341463	inf
0.341463	inf
0.341463	inf
0.341463	inf
0.341463	inf
0.341463	inf
0.341463	0.934959
0.341463	inf
0.341463	inf
0.341463	inf
0.341463	inf
0.341463	inf
0.341463	inf
0.341463	inf
0.341463	inf
0.341463	inf
0.341463	0.96748
0.341463	inf
0.341463	inf
0.341463	inf
0.341463	inf
0.341463	inf
0.341463	inf
0.341463	inf
0.341463	inf
0.341463	inf
0.96748	inf
0.96748	inf
0.96748	inf
0.96748	inf
0.96748	inf
0.97561	inf
0.97561	inf
0.97561	inf
0.97561	inf
0.98374	inf
0.98374	inf
0.98374	inf
0.98374	inf
