# Persistence diagram <GML/1288.gml>
#
# Dimension   : 1
# Entries     : 100
# Betti number: 93
0.0714286	inf
0.0714286	inf
0.0714286	inf
0.0714286	inf
0.0714286	inf
0.0714286	inf
0.0714286	inf
0.0714286	inf
0.0714286	inf
0.0714286	inf
0.0714286	inf
0.0714286	inf
0.0714286	inf
0.0714286	inf
0.0714286	inf
0.0714286	inf
0.0714286	inf
0.0714286	inf
0.0714286	inf
0.0714286	inf
0.0714286	inf
0.0714286	0.961039
0.0714286	0.948052
0.0714286	inf
0.0714286	0.935065
0.0714286	inf
0.0714286	inf
0.0714286	inf
0.0714286	inf
0.0714286	0.935065
0.0714286	inf
0.0714286	inf
0.0714286	inf
0.0714286	inf
0.0714286	inf
0.0714286	inf
0.0714286	inf
0.0714286	inf
0.0714286	inf
0.0714286	0.935065
0.0714286	inf
0.0714286	inf
0.0714286	inf
0.0714286	inf
0.0714286	inf
0.0714286	inf
0.0714286	inf
0.0714286	inf
0.0714286	inf
0.0714286	inf
0.0714286	inf
0.0714286	inf
0.0714286	inf
0.0714286	inf
0.0714286	inf
0.0714286	inf
0.0714286	inf
0.0714286	inf
0.0714286	inf
0.0714286	inf
0.0714286	inf
0.0714286	inf
0.0714286	inf
0.0714286	inf
0.0714286	inf
0.0714286	inf
0.0714286	inf
0.0714286	inf
0.0714286	inf
0.0714286	inf
0.0714286	inf
0.0714286	inf
0.0714286	inf
0.0714286	inf
0.0714286	inf
0.0714286	inf
0.0714286	inf
0.0714286	inf
0.0714286	0.967532
0.0714286	inf
0.0714286	0.961039
0.948052	inf
0.961039	inf
0.967532	inf
0.967532	inf
0.967532	inf
0.967532	inf
0.967532	inf
0.974026	inf
0.974026	inf
0.974026	inf
0.974026	inf
0.974026	inf
0.974026	inf
0.980519	inf
0.980519	inf
0.980519	inf
0.980519	inf
0.980519	inf
0.987013	inf
