# Persistence diagram <GML/1290.gml>
#
# Dimension   : 0
# Entries     : 175
# Betti number: 4
0	inf
0	0.938596
0	0.982456
0	0.921053
0	0.95614
0	0.912281
0	0.938596
0	0.973684
0	0.947368
0	0.938596
0	0.964912
0	0.95614
0	0.938596
0	0.912281
0	0.982456
0	0.973684
0	0.964912
0	0.95614
0	0.964912
0	0.95614
0	0.964912
0	0.921053
0	0.938596
0	0.938596
0	0.964912
0	0.95614
0	0.973684
0	0.921053
0	inf
0	0.982456
0	0.973684
0	0.938596
0	0.964912
0	0.982456
0	0.938596
0	0.964912
0	0.938596
0	0.964912
0	0.95614
0	0.912281
0	0.921053
0	0.964912
0	0.982456
0	0.964912
0	0.973684
0	0.964912
0	0.973684
0	0.964912
0	0.973684
0	0.964912
0	0.921053
0	0.95614
0	0.982456
0	0.964912
0	0.973684
0	0.964912
0	0.921053
0	0.964912
0	0.973684
0	0.921053
0	0.912281
0	0.938596
0	0.912281
0	0.912281
0	0.964912
0	0.982456
0	0.95614
0	0.95614
0	0.95614
0	0.938596
0	0.938596
0	0.982456
0	0.982456
0	0.947368
0	0.964912
0	0.964912
0	0.973684
0	0.973684
0	0.964912
0	0.964912
0	0.921053
0	0.921053
0	0.973684
0	0.921053
0	0.964912
0	0.973684
0	0.964912
0	0.973684
0	0.921053
0	0.938596
0	0.912281
0	0.964912
0	0.938596
0	0.947368
0	0.938596
0	0.921053
0	0.921053
0	0.912281
0	0.938596
0	0.912281
0	0.912281
0	0.982456
0	0.973684
0	0.947368
0	0.921053
0	0.982456
0	0.938596
0	0.973684
0	0.921053
0	0.964912
0	0.973684
0	0.921053
0	0.964912
0	0.921053
0	0.982456
0	inf
0	0.982456
0	0.938596
0	0.938596
0	0.921053
0	0.938596
0	0.921053
0	0.973684
0	0.947368
0	0.973684
0	0.964912
0	0.964912
0	0.95614
0	0.921053
0	0.921053
0	0.947368
0	0.921053
0	0.964912
0	0.982456
0	0.912281
0	0.921053
0	0.973684
0	0.95614
0	0.947368
0	0.912281
0	0.973684
0	0.95614
0	inf
0	0.921053
0	0.947368
0	0.95614
0	0.95614
0	0.973684
0	0.947368
0	0.938596
0	0.921053
0	0.973684
0	0.991228
0	0.912281
0	0.938596
0	0.973684
0	0.964912
0	0.973684
0	0.921053
0	0.973684
0	0.973684
0	0.95614
0	0.973684
0	0.912281
0	0.95614
0	0.991228
0	0.921053
0	0.973684
0	0.982456
0	0.982456
0	0.964912
0	0.95614
0	0.964912
0	0.912281
0	0.912281


