# Persistence diagram <GML/1294.gml>
#
# Dimension   : 0
# Entries     : 65
# Betti number: 5
0	inf
0	0.90411
0	0.849315
0	0.849315
0	0.958904
0	0.972603
0	0.945205
0	0.972603
0	0.958904
0	0.972603
0	0.835616
0	0.972603
0	0.835616
0	0.835616
0	0.849315
0	inf
0	0.835616
0	0.90411
0	0.835616
0	0.849315
0	0.958904
0	0.972603
0	0.849315
0	0.972603
0	inf
0	0.90411
0	inf
0	0.835616
0	0.835616
0	0.849315
0	0.972603
0	0.849315
0	0.972603
0	0.958904
0	0.90411
0	0.835616
0	0.835616
0	0.958904
0	inf
0	0.90411
0	0.849315
0	0.917808
0	0.972603
0	0.917808
0	0.849315
0	0.835616
0	0.931507
0	0.849315
0	0.849315
0	0.849315
0	0.972603
0	0.972603
0	0.835616
0	0.849315
0	0.849315
0	0.849315
0	0.986301
0	0.917808
0	0.958904
0	0.986301
0	0.849315
0	0.90411
0	0.849315
0	0.986301
0	0.917808


