# Persistence diagram <GML/1299.gml>
#
# Dimension   : 0
# Entries     : 149
# Betti number: 1
0	inf
0	0.987421
0	0.943396
0	0.949686
0	0.949686
0	0.220126
0	0.974843
0	0.943396
0	0.220126
0	0.220126
0	0.943396
0	0.987421
0	0.987421
0	0.220126
0	0.220126
0	0.987421
0	0.981132
0	0.918239
0	0.981132
0	0.974843
0	0.987421
0	0.981132
0	0.220126
0	0.220126
0	0.955975
0	0.918239
0	0.220126
0	0.949686
0	0.220126
0	0.981132
0	0.968553
0	0.220126
0	0.981132
0	0.987421
0	0.962264
0	0.943396
0	0.981132
0	0.981132
0	0.918239
0	0.981132
0	0.987421
0	0.220126
0	0.930818
0	0.220126
0	0.220126
0	0.220126
0	0.981132
0	0.987421
0	0.987421
0	0.220126
0	0.987421
0	0.981132
0	0.220126
0	0.943396
0	0.987421
0	0.943396
0	0.968553
0	0.220126
0	0.220126
0	0.220126
0	0.962264
0	0.220126
0	0.955975
0	0.974843
0	0.987421
0	0.220126
0	0.220126
0	0.987421
0	0.220126
0	0.987421
0	0.220126
0	0.220126
0	0.918239
0	0.955975
0	0.220126
0	0.968553
0	0.955975
0	0.987421
0	0.968553
0	0.962264
0	0.220126
0	0.220126
0	0.981132
0	0.220126
0	0.962264
0	0.974843
0	0.962264
0	0.974843
0	0.955975
0	0.974843
0	0.981132
0	0.220126
0	0.968553
0	0.918239
0	0.220126
0	0.987421
0	0.955975
0	0.220126
0	0.220126
0	0.220126
0	0.974843
0	0.220126
0	0.974843
0	0.974843
0	0.220126
0	0.987421
0	0.220126
0	0.220126
0	0.987421
0	0.918239
0	0.974843
0	0.220126
0	0.220126
0	0.974843
0	0.220126
0	0.974843
0	0.930818
0	0.974843
0	0.220126
0	0.981132
0	0.943396
0	0.220126
0	0.220126
0	0.220126
0	0.220126
0	0.974843
0	0.220126
0	0.220126
0	0.918239
0	0.220126
0	0.918239
0	0.968553
0	0.930818
0	0.220126
0	0.220126
0	0.974843
0	0.220126
0	0.949686
0	0.220126
0	0.981132
0	0.981132
0	0.220126
0	0.968553
0	0.220126
0	0.968553
0	0.949686
0	0.220126
0	0.968553
0	0.981132


