# Persistence diagram <GML/1300.gml>
#
# Dimension   : 1
# Entries     : 71
# Betti number: 71
0.373016	inf
0.373016	inf
0.373016	inf
0.373016	inf
0.373016	inf
0.373016	inf
0.373016	inf
0.373016	inf
0.373016	inf
0.373016	inf
0.373016	inf
0.373016	inf
0.373016	inf
0.373016	inf
0.373016	inf
0.373016	inf
0.373016	inf
0.373016	inf
0.373016	inf
0.373016	inf
0.373016	inf
0.373016	inf
0.373016	inf
0.373016	inf
0.373016	inf
0.373016	inf
0.373016	inf
0.373016	inf
0.373016	inf
0.373016	inf
0.373016	inf
0.373016	inf
0.373016	inf
0.373016	inf
0.373016	inf
0.373016	inf
0.373016	inf
0.373016	inf
0.373016	inf
0.373016	inf
0.373016	inf
0.373016	inf
0.373016	inf
0.68254	inf
0.865079	inf
0.904762	inf
0.952381	inf
0.960317	inf
0.960317	inf
0.960317	inf
0.968254	inf
0.968254	inf
0.968254	inf
0.968254	inf
0.968254	inf
0.968254	inf
0.968254	inf
0.97619	inf
0.97619	inf
0.97619	inf
0.97619	inf
0.97619	inf
0.97619	inf
0.97619	inf
0.97619	inf
0.97619	inf
0.984127	inf
0.984127	inf
0.984127	inf
0.984127	inf
0.984127	inf
