# Persistence diagram <GML/1305.gml>
#
# Dimension   : 1
# Entries     : 111
# Betti number: 107
0.177778	inf
0.177778	inf
0.177778	inf
0.177778	inf
0.177778	inf
0.177778	inf
0.177778	inf
0.177778	inf
0.177778	inf
0.177778	inf
0.177778	inf
0.177778	inf
0.177778	inf
0.177778	inf
0.177778	inf
0.177778	inf
0.177778	inf
0.177778	inf
0.177778	inf
0.177778	inf
0.177778	inf
0.177778	inf
0.177778	0.97037
0.177778	inf
0.177778	inf
0.177778	inf
0.177778	inf
0.177778	inf
0.177778	inf
0.177778	inf
0.177778	inf
0.177778	inf
0.177778	inf
0.177778	inf
0.177778	inf
0.177778	inf
0.177778	inf
0.177778	0.977778
0.177778	inf
0.177778	inf
0.177778	inf
0.177778	inf
0.177778	inf
0.177778	inf
0.177778	inf
0.177778	inf
0.177778	inf
0.177778	inf
0.177778	inf
0.177778	inf
0.177778	inf
0.177778	inf
0.177778	inf
0.177778	inf
0.177778	inf
0.177778	inf
0.177778	inf
0.177778	inf
0.177778	inf
0.177778	inf
0.177778	inf
0.177778	inf
0.177778	inf
0.177778	inf
0.177778	inf
0.177778	inf
0.177778	inf
0.177778	inf
0.177778	inf
0.177778	inf
0.177778	inf
0.177778	inf
0.177778	inf
0.177778	inf
0.177778	inf
0.177778	inf
0.177778	inf
0.177778	inf
0.177778	inf
0.177778	inf
0.177778	inf
0.177778	inf
0.177778	inf
0.177778	inf
0.177778	inf
0.177778	inf
0.177778	inf
0.177778	inf
0.177778	inf
0.177778	inf
0.177778	inf
0.177778	inf
0.177778	inf
0.177778	inf
0.177778	inf
0.177778	inf
0.177778	inf
0.177778	inf
0.177778	inf
0.177778	0.97037
0.177778	inf
0.177778	0.977778
0.177778	inf
0.177778	inf
0.177778	inf
0.177778	inf
0.177778	inf
0.177778	inf
0.977778	inf
0.977778	inf
0.985185	inf
