# Persistence diagram <GML/1306.gml>
#
# Dimension   : 1
# Entries     : 84
# Betti number: 74
0.629482	inf
0.629482	inf
0.629482	inf
0.629482	inf
0.629482	inf
0.629482	inf
0.629482	inf
0.629482	inf
0.629482	inf
0.629482	inf
0.629482	inf
0.629482	inf
0.629482	inf
0.629482	inf
0.629482	inf
0.629482	inf
0.629482	inf
0.629482	inf
0.629482	inf
0.629482	inf
0.629482	inf
0.629482	inf
0.629482	inf
0.629482	inf
0.629482	inf
0.629482	inf
0.629482	inf
0.629482	inf
0.629482	inf
0.629482	inf
0.629482	inf
0.629482	0.984064
0.629482	inf
0.629482	inf
0.629482	inf
0.629482	inf
0.629482	inf
0.629482	inf
0.629482	inf
0.629482	inf
0.629482	inf
0.629482	inf
0.629482	inf
0.629482	inf
0.629482	inf
0.629482	inf
0.629482	inf
0.629482	inf
0.629482	0.98008
0.629482	inf
0.629482	inf
0.629482	inf
0.629482	inf
0.629482	inf
0.629482	inf
0.629482	inf
0.629482	inf
0.629482	inf
0.629482	inf
0.629482	inf
0.629482	0.98008
0.629482	inf
0.629482	inf
0.629482	inf
0.629482	0.984064
0.629482	inf
0.629482	inf
0.629482	inf
0.629482	inf
0.629482	inf
0.629482	0.98008
0.629482	inf
0.629482	inf
0.629482	0.984064
0.629482	inf
0.629482	inf
0.629482	inf
0.629482	inf
0.629482	0.988048
0.629482	0.984064
0.629482	0.98008
0.629482	0.988048
0.629482	inf
0.988048	inf
