# Persistence diagram <GML/1308.gml>
#
# Dimension   : 0
# Entries     : 259
# Betti number: 1
0	inf
0	0.984962
0	0.0526316
0	0.984962
0	0.984962
0	0.962406
0	0.93985
0	0.954887
0	0.0526316
0	0.977444
0	0.947368
0	0.947368
0	0.0526316
0	0.0526316
0	0.93985
0	0.0526316
0	0.954887
0	0.0526316
0	0.93985
0	0.977444
0	0.984962
0	0.977444
0	0.954887
0	0.977444
0	0.962406
0	0.0526316
0	0.962406
0	0.984962
0	0.0526316
0	0.954887
0	0.969925
0	0.0526316
0	0.969925
0	0.969925
0	0.977444
0	0.969925
0	0.0526316
0	0.977444
0	0.0526316
0	0.977444
0	0.977444
0	0.93985
0	0.984962
0	0.969925
0	0.0526316
0	0.894737
0	0.962406
0	0.977444
0	0.984962
0	0.0526316
0	0.962406
0	0.954887
0	0.969925
0	0.894737
0	0.0526316
0	0.977444
0	0.969925
0	0.977444
0	0.0526316
0	0.984962
0	0.93985
0	0.954887
0	0.984962
0	0.0526316
0	0.93985
0	0.0526316
0	0.0526316
0	0.0526316
0	0.977444
0	0.0526316
0	0.0526316
0	0.894737
0	0.954887
0	0.894737
0	0.0526316
0	0.93985
0	0.0526316
0	0.962406
0	0.984962
0	0.947368
0	0.977444
0	0.0526316
0	0.0526316
0	0.0526316
0	0.977444
0	0.977444
0	0.969925
0	0.977444
0	0.984962
0	0.0526316
0	0.0526316
0	0.977444
0	0.0526316
0	0.977444
0	0.0526316
0	0.93985
0	0.977444
0	0.954887
0	0.0526316
0	0.984962
0	0.977444
0	0.969925
0	0.894737
0	0.894737
0	0.0526316
0	0.977444
0	0.0526316
0	0.962406
0	0.954887
0	0.954887
0	0.984962
0	0.977444
0	0.969925
0	0.977444
0	0.977444
0	0.894737
0	0.0526316
0	0.0526316
0	0.93985
0	0.894737
0	0.0526316
0	0.969925
0	0.969925
0	0.0526316
0	0.947368
0	0.977444
0	0.894737
0	0.969925
0	0.93985
0	0.977444
0	0.969925
0	0.962406
0	0.984962
0	0.977444
0	0.977444
0	0.962406
0	0.977444
0	0.977444
0	0.93985
0	0.969925
0	0.954887
0	0.977444
0	0.969925
0	0.0526316
0	0.0526316
0	0.0526316
0	0.984962
0	0.894737
0	0.984962
0	0.0526316
0	0.0526316
0	0.0526316
0	0.977444
0	0.947368
0	0.977444
0	0.0526316
0	0.0526316
0	0.969925
0	0.969925
0	0.984962
0	0.894737
0	0.93985
0	0.977444
0	0.977444
0	0.962406
0	0.962406
0	0.0526316
0	0.969925
0	0.954887
0	0.0526316
0	0.969925
0	0.969925
0	0.977444
0	0.0526316
0	0.962406
0	0.977444
0	0.977444
0	0.984962
0	0.93985
0	0.0526316
0	0.977444
0	0.93985
0	0.0526316
0	0.0526316
0	0.0526316
0	0.984962
0	0.969925
0	0.93985
0	0.977444
0	0.977444
0	0.0526316
0	0.969925
0	0.0526316
0	0.962406
0	0.0526316
0	0.954887
0	0.0526316
0	0.969925
0	0.984962
0	0.947368
0	0.0526316
0	0.962406
0	0.969925
0	0.0526316
0	0.0526316
0	0.977444
0	0.0526316
0	0.977444
0	0.0526316
0	0.0526316
0	0.962406
0	0.977444
0	0.969925
0	0.977444
0	0.947368
0	0.0526316
0	0.0526316
0	0.984962
0	0.0526316
0	0.93985
0	0.962406
0	0.0526316
0	0.984962
0	0.984962
0	0.977444
0	0.977444
0	0.0526316
0	0.0526316
0	0.947368
0	0.93985
0	0.977444
0	0.977444
0	0.977444
0	0.954887
0	0.93985
0	0.984962
0	0.947368
0	0.0526316
0	0.984962
0	0.0526316
0	0.969925
0	0.954887
0	0.984962
0	0.977444
0	0.93985
0	0.93985
0	0.969925
0	0.977444
0	0.969925
0	0.0526316
0	0.984962
0	0.0526316
0	0.947368
0	0.0526316
0	0.969925
0	0.0526316
0	0.93985
0	0.0526316
0	0.0526316


