# Persistence diagram <GML/1313.gml>
#
# Dimension   : 0
# Entries     : 108
# Betti number: 1
0	inf
0	0.980676
0	0.990338
0	0.966184
0	0.975845
0	0.975845
0	0.975845
0	0.31401
0	0.985507
0	0.985507
0	0.31401
0	0.980676
0	0.956522
0	0.971014
0	0.980676
0	0.971014
0	0.31401
0	0.985507
0	0.985507
0	0.31401
0	0.985507
0	0.980676
0	0.31401
0	0.31401
0	0.990338
0	0.975845
0	0.985507
0	0.31401
0	0.31401
0	0.31401
0	0.975845
0	0.31401
0	0.990338
0	0.980676
0	0.31401
0	0.980676
0	0.31401
0	0.31401
0	0.31401
0	0.985507
0	0.975845
0	0.956522
0	0.31401
0	0.31401
0	0.990338
0	0.980676
0	0.31401
0	0.975845
0	0.975845
0	0.985507
0	0.31401
0	0.985507
0	0.31401
0	0.975845
0	0.990338
0	0.975845
0	0.31401
0	0.971014
0	0.985507
0	0.31401
0	0.31401
0	0.31401
0	0.985507
0	0.985507
0	0.31401
0	0.990338
0	0.966184
0	0.980676
0	0.31401
0	0.31401
0	0.990338
0	0.980676
0	0.985507
0	0.956522
0	0.31401
0	0.31401
0	0.31401
0	0.971014
0	0.31401
0	0.31401
0	0.990338
0	0.956522
0	0.31401
0	0.31401
0	0.31401
0	0.985507
0	0.31401
0	0.31401
0	0.990338
0	0.966184
0	0.985507
0	0.980676
0	0.31401
0	0.980676
0	0.966184
0	0.985507
0	0.990338
0	0.990338
0	0.985507
0	0.31401
0	0.31401
0	0.990338
0	0.990338
0	0.971014
0	0.990338
0	0.31401
0	0.990338
0	0.31401


