# Persistence diagram <GML/1320.gml>
#
# Dimension   : 0
# Entries     : 85
# Betti number: 1
0	inf
0	0.609023
0	0.609023
0	0.609023
0	0.992481
0	0.609023
0	0.981203
0	0.988722
0	0.609023
0	0.981203
0	0.609023
0	0.609023
0	0.609023
0	0.988722
0	0.992481
0	0.981203
0	0.981203
0	0.609023
0	0.984962
0	0.609023
0	0.977444
0	0.609023
0	0.981203
0	0.992481
0	0.984962
0	0.984962
0	0.992481
0	0.609023
0	0.981203
0	0.992481
0	0.984962
0	0.981203
0	0.992481
0	0.988722
0	0.609023
0	0.992481
0	0.609023
0	0.977444
0	0.609023
0	0.981203
0	0.981203
0	0.981203
0	0.992481
0	0.609023
0	0.988722
0	0.609023
0	0.988722
0	0.609023
0	0.988722
0	0.988722
0	0.984962
0	0.984962
0	0.609023
0	0.988722
0	0.981203
0	0.984962
0	0.977444
0	0.981203
0	0.609023
0	0.609023
0	0.992481
0	0.988722
0	0.981203
0	0.988722
0	0.984962
0	0.992481
0	0.609023
0	0.981203
0	0.984962
0	0.609023
0	0.984962
0	0.977444
0	0.609023
0	0.609023
0	0.984962
0	0.992481
0	0.984962
0	0.992481
0	0.981203
0	0.609023
0	0.609023
0	0.609023
0	0.981203
0	0.609023
0	0.992481


