# Persistence diagram <GML/1327.gml>
#
# Dimension   : 0
# Entries     : 163
# Betti number: 1
0	inf
0	0.1125
0	0.1125
0	0.98125
0	0.1125
0	0.1125
0	0.95625
0	0.9875
0	0.95
0	0.975
0	0.1125
0	0.975
0	0.1125
0	0.1125
0	0.975
0	0.98125
0	0.9875
0	0.1125
0	0.9875
0	0.9875
0	0.975
0	0.1125
0	0.1125
0	0.9875
0	0.1125
0	0.1125
0	0.1125
0	0.1125
0	0.98125
0	0.9875
0	0.1125
0	0.94375
0	0.9625
0	0.975
0	0.9625
0	0.96875
0	0.1125
0	0.98125
0	0.98125
0	0.94375
0	0.94375
0	0.9875
0	0.1125
0	0.98125
0	0.975
0	0.975
0	0.98125
0	0.98125
0	0.1125
0	0.96875
0	0.1125
0	0.1125
0	0.9625
0	0.94375
0	0.96875
0	0.1125
0	0.98125
0	0.1125
0	0.98125
0	0.1125
0	0.1125
0	0.95625
0	0.975
0	0.1125
0	0.9875
0	0.95625
0	0.1125
0	0.98125
0	0.98125
0	0.96875
0	0.9875
0	0.96875
0	0.9875
0	0.1125
0	0.98125
0	0.96875
0	0.9875
0	0.1125
0	0.9875
0	0.1125
0	0.95
0	0.96875
0	0.1125
0	0.1125
0	0.1125
0	0.975
0	0.98125
0	0.95625
0	0.1125
0	0.1125
0	0.1125
0	0.1125
0	0.1125
0	0.9875
0	0.1125
0	0.98125
0	0.98125
0	0.94375
0	0.1125
0	0.975
0	0.1125
0	0.95625
0	0.1125
0	0.98125
0	0.95625
0	0.1125
0	0.1125
0	0.1125
0	0.1125
0	0.975
0	0.975
0	0.94375
0	0.96875
0	0.1125
0	0.95
0	0.1125
0	0.96875
0	0.9875
0	0.1125
0	0.1125
0	0.96875
0	0.1125
0	0.1125
0	0.1125
0	0.96875
0	0.1125
0	0.1125
0	0.975
0	0.975
0	0.1125
0	0.9875
0	0.98125
0	0.95
0	0.9875
0	0.975
0	0.9875
0	0.95625
0	0.98125
0	0.1125
0	0.1125
0	0.96875
0	0.95625
0	0.96875
0	0.1125
0	0.1125
0	0.1125
0	0.1125
0	0.96875
0	0.98125
0	0.96875
0	0.9875
0	0.9875
0	0.9875
0	0.1125
0	0.1125
0	0.9875
0	0.96875
0	0.1125
0	0.1125
0	0.1125
0	0.98125
0	0.1125
0	0.98125


