# Persistence diagram <GML/1328.gml>
#
# Dimension   : 0
# Entries     : 233
# Betti number: 2
0	inf
0	0.986667
0	0.98
0	0.98
0	0.966667
0	0.966667
0	0.98
0	0.966667
0	0.973333
0	0.926667
0	0.98
0	0.926667
0	0.98
0	0.98
0	0.986667
0	0.986667
0	0.38
0	0.986667
0	0.966667
0	0.973333
0	0.98
0	0.966667
0	0.38
0	0.966667
0	0.986667
0	0.986667
0	0.986667
0	0.973333
0	0.926667
0	inf
0	0.98
0	0.966667
0	0.973333
0	0.966667
0	0.38
0	0.38
0	0.38
0	0.986667
0	0.866667
0	0.966667
0	0.973333
0	0.866667
0	0.926667
0	0.986667
0	0.96
0	0.973333
0	0.986667
0	0.986667
0	0.973333
0	0.866667
0	0.96
0	0.96
0	0.986667
0	0.98
0	0.866667
0	0.973333
0	0.926667
0	0.38
0	0.926667
0	0.986667
0	0.986667
0	0.973333
0	0.966667
0	0.926667
0	0.38
0	0.926667
0	0.866667
0	0.866667
0	0.38
0	0.973333
0	0.96
0	0.986667
0	0.986667
0	0.946667
0	0.38
0	0.96
0	0.986667
0	0.866667
0	0.966667
0	0.98
0	0.866667
0	0.986667
0	0.38
0	0.986667
0	0.96
0	0.98
0	0.98
0	0.986667
0	0.866667
0	0.966667
0	0.973333
0	0.986667
0	0.96
0	0.96
0	0.973333
0	0.986667
0	0.38
0	0.38
0	0.966667
0	0.38
0	0.946667
0	0.98
0	0.98
0	0.986667
0	0.98
0	0.38
0	0.966667
0	0.966667
0	0.966667
0	0.986667
0	0.973333
0	0.973333
0	0.946667
0	0.986667
0	0.986667
0	0.98
0	0.973333
0	0.966667
0	0.946667
0	0.38
0	0.986667
0	0.973333
0	0.986667
0	0.973333
0	0.986667
0	0.38
0	0.986667
0	0.38
0	0.973333
0	0.966667
0	0.866667
0	0.98
0	0.96
0	0.973333
0	0.986667
0	0.986667
0	0.866667
0	0.966667
0	0.973333
0	0.986667
0	0.98
0	0.98
0	0.926667
0	0.986667
0	0.926667
0	0.986667
0	0.966667
0	0.986667
0	0.966667
0	0.986667
0	0.38
0	0.973333
0	0.926667
0	0.926667
0	0.926667
0	0.973333
0	0.866667
0	0.96
0	0.966667
0	0.98
0	0.926667
0	0.973333
0	0.946667
0	0.98
0	0.38
0	0.986667
0	0.986667
0	0.993333
0	0.973333
0	0.973333
0	0.973333
0	0.98
0	0.966667
0	0.973333
0	0.966667
0	0.986667
0	0.98
0	0.96
0	0.986667
0	0.98
0	0.98
0	0.98
0	0.973333
0	0.866667
0	0.38
0	0.98
0	0.98
0	0.973333
0	0.986667
0	0.973333
0	0.973333
0	0.973333
0	0.866667
0	0.98
0	0.98
0	0.966667
0	0.98
0	0.966667
0	0.966667
0	0.966667
0	0.98
0	0.986667
0	0.98
0	0.98
0	0.866667
0	0.986667
0	0.986667
0	0.966667
0	0.926667
0	0.986667
0	0.986667
0	0.38
0	0.973333
0	0.38
0	0.946667
0	0.866667
0	0.946667
0	0.926667
0	0.966667
0	0.973333
0	0.986667
0	0.986667
0	0.96
0	0.986667
0	0.38
0	0.986667
0	0.973333
0	0.986667
0	0.973333
0	0.926667
0	0.866667
0	0.986667
0	0.98


