# Persistence diagram <GML/1329.gml>
#
# Dimension   : 1
# Entries     : 88
# Betti number: 82
0.137255	inf
0.137255	inf
0.137255	inf
0.137255	inf
0.137255	inf
0.137255	inf
0.137255	inf
0.137255	inf
0.137255	inf
0.137255	inf
0.137255	inf
0.137255	inf
0.137255	inf
0.137255	inf
0.137255	inf
0.137255	inf
0.137255	inf
0.137255	inf
0.137255	inf
0.137255	inf
0.137255	inf
0.137255	inf
0.137255	inf
0.137255	inf
0.137255	inf
0.137255	inf
0.137255	inf
0.137255	inf
0.137255	inf
0.137255	inf
0.137255	inf
0.137255	inf
0.137255	inf
0.137255	inf
0.137255	inf
0.137255	inf
0.137255	inf
0.137255	inf
0.137255	inf
0.137255	inf
0.137255	inf
0.137255	inf
0.137255	inf
0.137255	inf
0.137255	inf
0.137255	inf
0.137255	inf
0.137255	inf
0.137255	inf
0.137255	0.973856
0.137255	inf
0.137255	inf
0.137255	inf
0.137255	inf
0.137255	inf
0.137255	inf
0.137255	inf
0.137255	inf
0.137255	inf
0.137255	inf
0.137255	inf
0.137255	inf
0.137255	0.973856
0.137255	0.934641
0.137255	0.947712
0.137255	inf
0.137255	inf
0.137255	inf
0.137255	0.934641
0.137255	inf
0.137255	0.973856
0.137255	inf
0.954248	inf
0.954248	inf
0.954248	inf
0.954248	inf
0.954248	inf
0.954248	inf
0.954248	inf
0.96732	inf
0.96732	inf
0.96732	inf
0.96732	inf
0.96732	inf
0.96732	inf
0.973856	inf
0.986928	inf
0.986928	inf
