# Persistence diagram <GML/1334.gml>
#
# Dimension   : 0
# Entries     : 256
# Betti number: 1
0	inf
0	0.97
0	0.98
0	0.96
0	0.94
0	0.03
0	0.94
0	0.98
0	0.97
0	0.97
0	0.95
0	0.95
0	0.97
0	0.03
0	0.98
0	0.92
0	0.03
0	0.98
0	0.93
0	0.98
0	0.9
0	0.03
0	0.98
0	0.03
0	0.03
0	0.96
0	0.97
0	0.98
0	0.97
0	0.03
0	0.9
0	0.98
0	0.97
0	0.97
0	0.96
0	0.93
0	0.97
0	0.98
0	0.96
0	0.93
0	0.92
0	0.03
0	0.93
0	0.97
0	0.9
0	0.03
0	0.03
0	0.97
0	0.95
0	0.97
0	0.96
0	0.95
0	0.91
0	0.98
0	0.94
0	0.94
0	0.92
0	0.94
0	0.98
0	0.93
0	0.97
0	0.96
0	0.03
0	0.96
0	0.03
0	0.94
0	0.94
0	0.96
0	0.03
0	0.91
0	0.94
0	0.95
0	0.91
0	0.03
0	0.98
0	0.96
0	0.96
0	0.98
0	0.96
0	0.93
0	0.03
0	0.97
0	0.98
0	0.98
0	0.03
0	0.96
0	0.97
0	0.97
0	0.9
0	0.95
0	0.03
0	0.97
0	0.97
0	0.03
0	0.03
0	0.03
0	0.94
0	0.03
0	0.97
0	0.97
0	0.03
0	0.98
0	0.97
0	0.98
0	0.91
0	0.98
0	0.98
0	0.94
0	0.03
0	0.94
0	0.92
0	0.97
0	0.95
0	0.98
0	0.96
0	0.97
0	0.94
0	0.98
0	0.97
0	0.95
0	0.94
0	0.92
0	0.03
0	0.03
0	0.98
0	0.03
0	0.9
0	0.97
0	0.94
0	0.96
0	0.95
0	0.03
0	0.03
0	0.03
0	0.91
0	0.03
0	0.98
0	0.03
0	0.03
0	0.98
0	0.98
0	0.94
0	0.94
0	0.03
0	0.97
0	0.94
0	0.97
0	0.03
0	0.97
0	0.97
0	0.96
0	0.03
0	0.93
0	0.97
0	0.97
0	0.92
0	0.97
0	0.97
0	0.98
0	0.97
0	0.96
0	0.03
0	0.97
0	0.93
0	0.91
0	0.94
0	0.97
0	0.96
0	0.98
0	0.97
0	0.92
0	0.94
0	0.95
0	0.94
0	0.98
0	0.94
0	0.97
0	0.03
0	0.98
0	0.03
0	0.97
0	0.95
0	0.98
0	0.96
0	0.97
0	0.98
0	0.93
0	0.97
0	0.97
0	0.92
0	0.97
0	0.95
0	0.98
0	0.93
0	0.94
0	0.98
0	0.97
0	0.97
0	0.03
0	0.92
0	0.96
0	0.97
0	0.97
0	0.98
0	0.92
0	0.03
0	0.97
0	0.03
0	0.94
0	0.96
0	0.96
0	0.03
0	0.94
0	0.94
0	0.93
0	0.97
0	0.03
0	0.97
0	0.03
0	0.9
0	0.95
0	0.03
0	0.93
0	0.03
0	0.96
0	0.93
0	0.98
0	0.03
0	0.91
0	0.96
0	0.03
0	0.98
0	0.97
0	0.97
0	0.93
0	0.98
0	0.94
0	0.95
0	0.97
0	0.93
0	0.03
0	0.94
0	0.03
0	0.91
0	0.98
0	0.97
0	0.94
0	0.03
0	0.92
0	0.03
0	0.94
0	0.94
0	0.98
0	0.95
0	0.96
0	0.98


