# Persistence diagram <GML/1335.gml>
#
# Dimension   : 0
# Entries     : 195
# Betti number: 1
0	inf
0	0.979167
0	0.979167
0	0.236111
0	0.965278
0	0.986111
0	0.986111
0	0.986111
0	0.895833
0	0.236111
0	0.965278
0	0.236111
0	0.236111
0	0.965278
0	0.944444
0	0.895833
0	0.902778
0	0.236111
0	0.895833
0	0.979167
0	0.979167
0	0.972222
0	0.902778
0	0.965278
0	0.972222
0	0.236111
0	0.236111
0	0.986111
0	0.236111
0	0.236111
0	0.236111
0	0.972222
0	0.958333
0	0.236111
0	0.944444
0	0.236111
0	0.986111
0	0.236111
0	0.944444
0	0.972222
0	0.972222
0	0.944444
0	0.979167
0	0.979167
0	0.986111
0	0.236111
0	0.986111
0	0.895833
0	0.979167
0	0.236111
0	0.965278
0	0.986111
0	0.236111
0	0.972222
0	0.986111
0	0.958333
0	0.236111
0	0.965278
0	0.986111
0	0.236111
0	0.986111
0	0.902778
0	0.916667
0	0.958333
0	0.236111
0	0.979167
0	0.986111
0	0.979167
0	0.958333
0	0.979167
0	0.965278
0	0.236111
0	0.236111
0	0.958333
0	0.916667
0	0.972222
0	0.236111
0	0.979167
0	0.236111
0	0.236111
0	0.986111
0	0.236111
0	0.236111
0	0.986111
0	0.979167
0	0.965278
0	0.236111
0	0.972222
0	0.236111
0	0.986111
0	0.236111
0	0.916667
0	0.236111
0	0.979167
0	0.965278
0	0.236111
0	0.236111
0	0.972222
0	0.979167
0	0.236111
0	0.895833
0	0.986111
0	0.902778
0	0.979167
0	0.236111
0	0.236111
0	0.979167
0	0.965278
0	0.902778
0	0.236111
0	0.986111
0	0.902778
0	0.986111
0	0.916667
0	0.979167
0	0.986111
0	0.902778
0	0.916667
0	0.958333
0	0.236111
0	0.902778
0	0.986111
0	0.986111
0	0.965278
0	0.979167
0	0.986111
0	0.236111
0	0.986111
0	0.902778
0	0.972222
0	0.958333
0	0.236111
0	0.979167
0	0.236111
0	0.236111
0	0.236111
0	0.951389
0	0.972222
0	0.902778
0	0.972222
0	0.958333
0	0.895833
0	0.958333
0	0.965278
0	0.979167
0	0.902778
0	0.916667
0	0.979167
0	0.986111
0	0.236111
0	0.236111
0	0.979167
0	0.236111
0	0.979167
0	0.986111
0	0.236111
0	0.236111
0	0.986111
0	0.895833
0	0.972222
0	0.916667
0	0.236111
0	0.236111
0	0.986111
0	0.236111
0	0.236111
0	0.236111
0	0.236111
0	0.965278
0	0.916667
0	0.958333
0	0.986111
0	0.895833
0	0.236111
0	0.895833
0	0.972222
0	0.986111
0	0.951389
0	0.958333
0	0.236111
0	0.965278
0	0.965278
0	0.236111
0	0.972222
0	0.979167
0	0.944444
0	0.979167
0	0.958333
0	0.965278
0	0.944444
0	0.895833
0	0.236111
0	0.944444
0	0.972222
0	0.979167


