# Persistence diagram <GML/1340.gml>
#
# Dimension   : 1
# Entries     : 74
# Betti number: 69
0.174419	inf
0.174419	inf
0.174419	inf
0.174419	inf
0.174419	inf
0.174419	inf
0.174419	inf
0.174419	inf
0.174419	inf
0.174419	inf
0.174419	inf
0.174419	inf
0.174419	inf
0.174419	0.918605
0.174419	inf
0.174419	inf
0.174419	inf
0.174419	inf
0.174419	0.918605
0.174419	inf
0.174419	inf
0.174419	0.918605
0.174419	inf
0.174419	inf
0.174419	inf
0.174419	0.860465
0.174419	inf
0.872093	inf
0.872093	0.94186
0.906977	inf
0.906977	inf
0.906977	inf
0.906977	inf
0.906977	inf
0.906977	inf
0.906977	inf
0.918605	inf
0.918605	inf
0.918605	inf
0.918605	inf
0.918605	inf
0.918605	inf
0.918605	inf
0.918605	inf
0.918605	inf
0.930233	inf
0.930233	inf
0.930233	inf
0.930233	inf
0.94186	inf
0.94186	inf
0.94186	inf
0.94186	inf
0.94186	inf
0.94186	inf
0.94186	inf
0.94186	inf
0.94186	inf
0.94186	inf
0.94186	inf
0.94186	inf
0.94186	inf
0.953488	inf
0.953488	inf
0.953488	inf
0.953488	inf
0.953488	inf
0.953488	inf
0.953488	inf
0.965116	inf
0.965116	inf
0.965116	inf
0.965116	inf
0.976744	inf
