# Persistence diagram <GML/1341.gml>
#
# Dimension   : 0
# Entries     : 318
# Betti number: 4
0	inf
0	0.944444
0	0.972222
0	0.972222
0	0.944444
0	0.958333
0	0.930556
0	0.972222
0	0.958333
0	0.194444
0	0.972222
0	0.972222
0	0.194444
0	0.194444
0	0.194444
0	0.930556
0	0.902778
0	0.972222
0	0.958333
0	0.930556
0	0.902778
0	0.972222
0	0.972222
0	0.958333
0	0.944444
0	0.194444
0	0.958333
0	0.944444
0	0.916667
0	0.944444
0	0.958333
0	0.944444
0	0.958333
0	0.194444
0	0.972222
0	0.944444
0	0.819444
0	0.930556
0	0.930556
0	0.944444
0	0.972222
0	0.958333
0	0.916667
0	0.916667
0	0.944444
0	0.902778
0	0.944444
0	0.902778
0	0.972222
0	0.916667
0	0.930556
0	0.972222
0	0.194444
0	0.958333
0	0.958333
0	0.958333
0	0.944444
0	0.930556
0	0.916667
0	0.972222
0	0.930556
0	0.916667
0	0.902778
0	0.958333
0	0.972222
0	0.958333
0	0.958333
0	0.194444
0	0.916667
0	0.194444
0	0.972222
0	0.902778
0	0.194444
0	0.819444
0	0.194444
0	0.944444
0	0.194444
0	0.194444
0	0.958333
0	0.916667
0	0.958333
0	0.916667
0	0.916667
0	0.194444
0	0.194444
0	0.194444
0	0.944444
0	0.902778
0	0.958333
0	0.194444
0	0.972222
0	0.958333
0	0.194444
0	0.930556
0	0.944444
0	0.972222
0	0.902778
0	0.972222
0	0.194444
0	0.194444
0	0.194444
0	inf
0	0.944444
0	0.944444
0	0.972222
0	0.930556
0	inf
0	0.972222
0	0.902778
0	inf
0	0.972222
0	0.930556
0	0.194444
0	0.944444
0	0.958333
0	0.972222
0	0.972222
0	0.902778
0	0.819444
0	0.902778
0	0.958333
0	0.194444
0	0.972222
0	0.902778
0	0.972222
0	0.930556
0	0.930556
0	0.972222
0	0.930556
0	0.902778
0	0.972222
0	0.930556
0	0.194444
0	0.902778
0	0.194444
0	0.944444
0	0.902778
0	0.888889
0	0.819444
0	0.986111
0	0.916667
0	0.916667
0	0.930556
0	0.972222
0	0.194444
0	0.972222
0	0.944444
0	0.972222
0	0.972222
0	0.819444
0	0.819444
0	0.819444
0	0.944444
0	0.930556
0	0.958333
0	0.944444
0	0.930556
0	0.194444
0	0.930556
0	0.930556
0	0.944444
0	0.972222
0	0.916667
0	0.972222
0	0.930556
0	0.916667
0	0.930556
0	0.972222
0	0.944444
0	0.972222
0	0.972222
0	0.194444
0	0.944444
0	0.194444
0	0.972222
0	0.888889
0	0.958333
0	0.972222
0	0.972222
0	0.194444
0	0.958333
0	0.930556
0	0.194444
0	0.194444
0	0.972222
0	0.930556
0	0.958333
0	0.958333
0	0.194444
0	0.972222
0	0.902778
0	0.916667
0	0.902778
0	0.972222
0	0.944444
0	0.902778
0	0.972222
0	0.888889
0	0.986111
0	0.194444
0	0.916667
0	0.958333
0	0.972222
0	0.972222
0	0.916667
0	0.944444
0	0.194444
0	0.194444
0	0.972222
0	0.930556
0	0.972222
0	0.944444
0	0.194444
0	0.930556
0	0.194444
0	0.944444
0	0.902778
0	0.902778
0	0.902778
0	0.972222
0	0.194444
0	0.194444
0	0.972222
0	0.930556
0	0.930556
0	0.972222
0	0.888889
0	0.972222
0	0.958333
0	0.958333
0	0.902778
0	0.930556
0	0.902778
0	0.972222
0	0.930556
0	0.958333
0	0.944444
0	0.944444
0	0.972222
0	0.916667
0	0.930556
0	0.972222
0	0.958333
0	0.944444
0	0.972222
0	0.972222
0	0.194444
0	0.916667
0	0.902778
0	0.944444
0	0.819444
0	0.194444
0	0.819444
0	0.194444
0	0.902778
0	0.930556
0	0.958333
0	0.958333
0	0.958333
0	0.902778
0	0.958333
0	0.194444
0	0.888889
0	0.958333
0	0.972222
0	0.930556
0	0.916667
0	0.916667
0	0.902778
0	0.194444
0	0.930556
0	0.194444
0	0.902778
0	0.916667
0	0.902778
0	0.944444
0	0.944444
0	0.819444
0	0.819444
0	0.958333
0	0.916667
0	0.958333
0	0.819444
0	0.194444
0	0.944444
0	0.972222
0	0.972222
0	0.194444
0	0.972222
0	0.958333
0	0.194444
0	0.972222
0	0.194444
0	0.930556
0	0.958333
0	0.930556
0	0.972222
0	0.194444
0	0.902778
0	0.930556
0	0.944444
0	0.916667
0	0.944444
0	0.972222
0	0.972222
0	0.902778
0	0.194444
0	0.958333
0	0.930556
0	0.972222
0	0.194444
0	0.930556
0	0.194444
0	0.194444
0	0.958333
0	0.930556
0	0.972222
0	0.972222


