# Persistence diagram <GML/1342.gml>
#
# Dimension   : 0
# Entries     : 85
# Betti number: 2
0	inf
0	0.987421
0	0.981132
0	0.352201
0	0.962264
0	0.981132
0	0.987421
0	0.981132
0	0.987421
0	0.974843
0	0.974843
0	0.352201
0	0.962264
0	0.981132
0	0.987421
0	inf
0	0.974843
0	0.352201
0	0.987421
0	0.352201
0	0.968553
0	0.974843
0	0.352201
0	0.981132
0	0.968553
0	0.352201
0	0.352201
0	0.974843
0	0.352201
0	0.981132
0	0.352201
0	0.352201
0	0.352201
0	0.974843
0	0.974843
0	0.962264
0	0.981132
0	0.974843
0	0.987421
0	0.987421
0	0.352201
0	0.974843
0	0.968553
0	0.968553
0	0.987421
0	0.968553
0	0.968553
0	0.352201
0	0.962264
0	0.352201
0	0.352201
0	0.987421
0	0.974843
0	0.968553
0	0.968553
0	0.968553
0	0.974843
0	0.352201
0	0.352201
0	0.981132
0	0.987421
0	0.352201
0	0.352201
0	0.974843
0	0.987421
0	0.352201
0	0.987421
0	0.352201
0	0.974843
0	0.981132
0	0.352201
0	0.981132
0	0.352201
0	0.987421
0	0.981132
0	0.981132
0	0.987421
0	0.987421
0	0.993711
0	0.352201
0	0.968553
0	0.981132
0	0.981132
0	0.968553
0	0.981132


