# Persistence diagram <GML/1345.gml>
#
# Dimension   : 0
# Entries     : 83
# Betti number: 2
0	inf
0	0.972028
0	0.944056
0	0.972028
0	0.104895
0	0.104895
0	0.972028
0	0.979021
0	0.986014
0	0.972028
0	0.104895
0	0.972028
0	0.104895
0	0.895105
0	0.104895
0	0.895105
0	0.104895
0	0.965035
0	0.944056
0	0.895105
0	0.986014
0	0.965035
0	0.104895
0	0.104895
0	0.965035
0	0.895105
0	0.895105
0	0.104895
0	0.104895
0	0.104895
0	0.895105
0	0.965035
0	0.104895
0	0.895105
0	0.895105
0	0.979021
0	0.895105
0	0.104895
0	0.986014
0	0.104895
0	0.986014
0	0.104895
0	0.972028
0	0.944056
0	0.895105
0	0.104895
0	0.104895
0	0.104895
0	0.986014
0	0.965035
0	0.104895
0	0.104895
0	0.972028
0	0.895105
0	inf
0	0.104895
0	0.965035
0	0.104895
0	0.104895
0	0.972028
0	0.986014
0	0.965035
0	0.104895
0	0.104895
0	0.104895
0	0.979021
0	0.104895
0	0.993007
0	0.979021
0	0.979021
0	0.986014
0	0.986014
0	0.104895
0	0.979021
0	0.944056
0	0.979021
0	0.986014
0	0.895105
0	0.104895
0	0.979021
0	0.986014
0	0.965035
0	0.979021


