# Persistence diagram <GML/1355.gml>
#
# Dimension   : 0
# Entries     : 102
# Betti number: 1
0	inf
0	0.603175
0	0.603175
0	0.603175
0	0.988095
0	0.980159
0	0.972222
0	0.992063
0	0.984127
0	0.603175
0	0.988095
0	0.992063
0	0.603175
0	0.984127
0	0.984127
0	0.603175
0	0.988095
0	0.988095
0	0.603175
0	0.988095
0	0.988095
0	0.988095
0	0.984127
0	0.992063
0	0.603175
0	0.980159
0	0.992063
0	0.992063
0	0.984127
0	0.97619
0	0.992063
0	0.984127
0	0.603175
0	0.603175
0	0.992063
0	0.988095
0	0.984127
0	0.984127
0	0.603175
0	0.992063
0	0.992063
0	0.988095
0	0.988095
0	0.992063
0	0.984127
0	0.603175
0	0.984127
0	0.988095
0	0.603175
0	0.988095
0	0.603175
0	0.603175
0	0.988095
0	0.603175
0	0.984127
0	0.984127
0	0.988095
0	0.980159
0	0.988095
0	0.988095
0	0.992063
0	0.603175
0	0.992063
0	0.992063
0	0.988095
0	0.603175
0	0.603175
0	0.603175
0	0.992063
0	0.988095
0	0.988095
0	0.603175
0	0.603175
0	0.603175
0	0.980159
0	0.992063
0	0.988095
0	0.988095
0	0.97619
0	0.603175
0	0.972222
0	0.603175
0	0.992063
0	0.603175
0	0.603175
0	0.603175
0	0.992063
0	0.988095
0	0.992063
0	0.603175
0	0.97619
0	0.984127
0	0.984127
0	0.603175
0	0.992063
0	0.992063
0	0.984127
0	0.603175
0	0.988095
0	0.972222
0	0.992063
0	0.984127


