# Persistence diagram <GML/1358.gml>
#
# Dimension   : 0
# Entries     : 285
# Betti number: 5
0	inf
0	0.973684
0	0.982456
0	0.973684
0	0.938596
0	0.982456
0	0.973684
0	0.964912
0	0.964912
0	0.973684
0	0.5
0	0.5
0	0.973684
0	0.982456
0	0.973684
0	0.95614
0	0.973684
0	0.5
0	0.982456
0	0.973684
0	0.964912
0	0.973684
0	inf
0	0.964912
0	0.982456
0	0.982456
0	0.903509
0	0.973684
0	0.5
0	0.982456
0	0.982456
0	0.95614
0	0.95614
0	0.982456
0	0.973684
0	0.964912
0	0.973684
0	0.964912
0	0.973684
0	0.964912
0	0.973684
0	0.964912
0	0.964912
0	0.964912
0	0.982456
0	0.982456
0	0.982456
0	0.964912
0	0.5
0	0.982456
0	0.95614
0	0.964912
0	0.982456
0	0.95614
0	0.964912
0	0.947368
0	0.973684
0	0.964912
0	0.903509
0	0.903509
0	0.973684
0	0.964912
0	0.973684
0	0.973684
0	0.947368
0	0.938596
0	0.973684
0	0.95614
0	0.982456
0	0.982456
0	0.973684
0	0.973684
0	0.964912
0	0.938596
0	0.973684
0	0.5
0	0.95614
0	0.964912
0	0.903509
0	0.964912
0	0.95614
0	0.964912
0	0.964912
0	0.964912
0	0.982456
0	0.964912
0	0.973684
0	0.964912
0	inf
0	0.991228
0	0.973684
0	0.973684
0	0.947368
0	0.95614
0	0.982456
0	0.5
0	0.973684
0	0.964912
0	0.964912
0	0.964912
0	0.973684
0	inf
0	0.973684
0	0.964912
0	0.973684
0	0.982456
0	0.982456
0	0.947368
0	0.973684
0	0.903509
0	0.973684
0	0.964912
0	0.982456
0	0.973684
0	0.964912
0	0.973684
0	0.5
0	0.982456
0	0.982456
0	0.982456
0	0.991228
0	0.982456
0	0.95614
0	0.973684
0	0.964912
0	0.973684
0	0.973684
0	0.964912
0	0.5
0	0.5
0	0.982456
0	inf
0	0.5
0	0.982456
0	0.938596
0	0.964912
0	0.947368
0	0.5
0	0.938596
0	0.982456
0	0.973684
0	0.973684
0	0.5
0	0.973684
0	0.982456
0	0.973684
0	0.973684
0	0.964912
0	0.947368
0	0.973684
0	0.973684
0	0.973684
0	0.973684
0	0.973684
0	0.982456
0	0.982456
0	0.964912
0	0.982456
0	0.964912
0	0.973684
0	0.973684
0	0.95614
0	0.973684
0	0.964912
0	0.982456
0	0.973684
0	0.982456
0	0.973684
0	0.982456
0	0.973684
0	0.964912
0	0.964912
0	0.964912
0	0.982456
0	0.5
0	0.95614
0	0.973684
0	0.964912
0	0.973684
0	0.964912
0	0.973684
0	0.982456
0	0.964912
0	0.964912
0	0.5
0	0.964912
0	0.982456
0	0.982456
0	0.973684
0	0.973684
0	0.982456
0	0.982456
0	0.982456
0	0.982456
0	0.964912
0	0.982456
0	0.982456
0	0.982456
0	0.964912
0	0.973684
0	0.5
0	0.938596
0	0.903509
0	0.964912
0	0.982456
0	0.938596
0	0.973684
0	0.982456
0	0.982456
0	0.973684
0	0.982456
0	0.973684
0	0.964912
0	0.982456
0	0.964912
0	0.95614
0	0.5
0	0.938596
0	0.982456
0	0.973684
0	0.95614
0	0.947368
0	0.982456
0	0.982456
0	0.5
0	0.973684
0	0.973684
0	0.95614
0	0.964912
0	0.95614
0	0.964912
0	0.964912
0	0.95614
0	0.982456
0	0.973684
0	0.964912
0	0.982456
0	0.964912
0	0.938596
0	0.973684
0	0.973684
0	0.982456
0	0.973684
0	0.973684
0	0.973684
0	0.964912
0	0.973684
0	0.973684
0	0.973684
0	0.964912
0	0.973684
0	0.5
0	0.973684
0	0.973684
0	0.95614
0	0.947368
0	0.964912
0	0.973684
0	0.982456
0	0.973684
0	0.973684
0	0.938596
0	0.973684
0	0.982456
0	0.95614
0	0.964912
0	0.982456
0	0.982456
0	0.982456
0	0.95614
0	0.964912
0	0.964912
0	0.973684
0	0.973684
0	0.973684
0	0.973684
0	0.982456
0	0.973684
0	0.973684
0	0.5
0	0.982456
0	0.5
0	0.973684
0	0.982456
0	0.973684


