# Persistence diagram <GML/1360.gml>
#
# Dimension   : 0
# Entries     : 233
# Betti number: 1
0	inf
0	0.989691
0	0.726804
0	0.963918
0	0.989691
0	0.989691
0	0.958763
0	0.989691
0	0.984536
0	0.974227
0	0.989691
0	0.984536
0	0.984536
0	0.726804
0	0.984536
0	0.984536
0	0.726804
0	0.979381
0	0.979381
0	0.989691
0	0.979381
0	0.989691
0	0.963918
0	0.984536
0	0.989691
0	0.989691
0	0.989691
0	0.969072
0	0.984536
0	0.984536
0	0.984536
0	0.979381
0	0.984536
0	0.984536
0	0.726804
0	0.984536
0	0.974227
0	0.989691
0	0.984536
0	0.989691
0	0.989691
0	0.984536
0	0.984536
0	0.958763
0	0.726804
0	0.989691
0	0.989691
0	0.726804
0	0.974227
0	0.969072
0	0.726804
0	0.984536
0	0.963918
0	0.963918
0	0.979381
0	0.984536
0	0.974227
0	0.726804
0	0.974227
0	0.984536
0	0.979381
0	0.984536
0	0.984536
0	0.958763
0	0.979381
0	0.726804
0	0.726804
0	0.979381
0	0.726804
0	0.969072
0	0.969072
0	0.969072
0	0.969072
0	0.974227
0	0.989691
0	0.984536
0	0.726804
0	0.726804
0	0.989691
0	0.989691
0	0.974227
0	0.969072
0	0.984536
0	0.726804
0	0.979381
0	0.726804
0	0.984536
0	0.963918
0	0.726804
0	0.969072
0	0.726804
0	0.989691
0	0.989691
0	0.979381
0	0.974227
0	0.979381
0	0.984536
0	0.726804
0	0.984536
0	0.979381
0	0.979381
0	0.984536
0	0.969072
0	0.984536
0	0.984536
0	0.979381
0	0.969072
0	0.963918
0	0.984536
0	0.979381
0	0.726804
0	0.963918
0	0.726804
0	0.969072
0	0.989691
0	0.726804
0	0.969072
0	0.989691
0	0.984536
0	0.969072
0	0.979381
0	0.989691
0	0.984536
0	0.984536
0	0.969072
0	0.726804
0	0.979381
0	0.989691
0	0.726804
0	0.979381
0	0.989691
0	0.974227
0	0.963918
0	0.958763
0	0.984536
0	0.726804
0	0.989691
0	0.984536
0	0.958763
0	0.984536
0	0.726804
0	0.958763
0	0.974227
0	0.989691
0	0.958763
0	0.979381
0	0.969072
0	0.989691
0	0.969072
0	0.984536
0	0.726804
0	0.979381
0	0.974227
0	0.984536
0	0.726804
0	0.979381
0	0.979381
0	0.726804
0	0.979381
0	0.989691
0	0.989691
0	0.989691
0	0.984536
0	0.969072
0	0.989691
0	0.726804
0	0.969072
0	0.958763
0	0.984536
0	0.989691
0	0.984536
0	0.969072
0	0.974227
0	0.989691
0	0.989691
0	0.726804
0	0.984536
0	0.989691
0	0.979381
0	0.979381
0	0.963918
0	0.969072
0	0.979381
0	0.979381
0	0.979381
0	0.989691
0	0.989691
0	0.989691
0	0.958763
0	0.989691
0	0.984536
0	0.726804
0	0.979381
0	0.989691
0	0.984536
0	0.984536
0	0.969072
0	0.989691
0	0.989691
0	0.984536
0	0.958763
0	0.969072
0	0.989691
0	0.989691
0	0.979381
0	0.969072
0	0.989691
0	0.989691
0	0.958763
0	0.958763
0	0.963918
0	0.989691
0	0.979381
0	0.984536
0	0.989691
0	0.974227
0	0.989691
0	0.974227
0	0.726804
0	0.974227
0	0.984536
0	0.726804
0	0.979381
0	0.963918
0	0.989691
0	0.989691
0	0.979381
0	0.726804
0	0.989691
0	0.726804
0	0.984536
0	0.989691
0	0.726804


