# Persistence diagram <GML/1364.gml>
#
# Dimension   : 0
# Entries     : 158
# Betti number: 1
0	inf
0	0.97191
0	0.314607
0	0.955056
0	0.949438
0	0.988764
0	0.314607
0	0.955056
0	0.966292
0	0.314607
0	0.955056
0	0.314607
0	0.983146
0	0.949438
0	0.314607
0	0.983146
0	0.314607
0	0.983146
0	0.314607
0	0.955056
0	0.955056
0	0.314607
0	0.314607
0	0.988764
0	0.983146
0	0.314607
0	0.988764
0	0.314607
0	0.988764
0	0.314607
0	0.988764
0	0.314607
0	0.983146
0	0.983146
0	0.97191
0	0.314607
0	0.97191
0	0.966292
0	0.314607
0	0.314607
0	0.983146
0	0.949438
0	0.314607
0	0.988764
0	0.314607
0	0.988764
0	0.966292
0	0.988764
0	0.966292
0	0.983146
0	0.314607
0	0.988764
0	0.955056
0	0.314607
0	0.314607
0	0.97191
0	0.955056
0	0.988764
0	0.988764
0	0.949438
0	0.983146
0	0.314607
0	0.97191
0	0.314607
0	0.314607
0	0.955056
0	0.314607
0	0.983146
0	0.955056
0	0.955056
0	0.314607
0	0.314607
0	0.314607
0	0.955056
0	0.314607
0	0.966292
0	0.983146
0	0.314607
0	0.314607
0	0.983146
0	0.97191
0	0.977528
0	0.314607
0	0.314607
0	0.314607
0	0.314607
0	0.983146
0	0.314607
0	0.955056
0	0.988764
0	0.988764
0	0.314607
0	0.314607
0	0.314607
0	0.949438
0	0.314607
0	0.314607
0	0.314607
0	0.314607
0	0.983146
0	0.314607
0	0.314607
0	0.97191
0	0.983146
0	0.314607
0	0.988764
0	0.314607
0	0.966292
0	0.983146
0	0.983146
0	0.314607
0	0.314607
0	0.988764
0	0.983146
0	0.949438
0	0.955056
0	0.955056
0	0.988764
0	0.314607
0	0.314607
0	0.314607
0	0.949438
0	0.314607
0	0.983146
0	0.314607
0	0.314607
0	0.314607
0	0.314607
0	0.314607
0	0.983146
0	0.314607
0	0.955056
0	0.97191
0	0.97191
0	0.988764
0	0.314607
0	0.988764
0	0.314607
0	0.983146
0	0.97191
0	0.314607
0	0.955056
0	0.314607
0	0.314607
0	0.314607
0	0.988764
0	0.314607
0	0.314607
0	0.97191
0	0.314607
0	0.955056
0	0.314607
0	0.988764
0	0.949438
0	0.314607
0	0.314607
0	0.314607
0	0.983146


