# Persistence diagram <GML/1365.gml>
#
# Dimension   : 0
# Entries     : 293
# Betti number: 2
0	inf
0	0.938462
0	0.969231
0	0.953846
0	0.923077
0	0.969231
0	0.907692
0	0.892308
0	0.676923
0	0.953846
0	0.969231
0	0.876923
0	0.6
0	0.876923
0	0.923077
0	0.6
0	0.953846
0	0.6
0	0.676923
0	0.6
0	0.153846
0	0.892308
0	0.892308
0	0.923077
0	0.938462
0	0.969231
0	0.907692
0	0.938462
0	0.676923
0	0.938462
0	0.892308
0	0.861538
0	0.876923
0	0.153846
0	0.969231
0	0.6
0	0.938462
0	0.969231
0	0.676923
0	0.923077
0	0.938462
0	0.969231
0	0.6
0	0.953846
0	0.969231
0	0.907692
0	0.923077
0	0.923077
0	0.907692
0	0.923077
0	0.907692
0	0.876923
0	0.953846
0	0.907692
0	0.969231
0	0.969231
0	0.153846
0	0.676923
0	inf
0	0.846154
0	0.923077
0	0.892308
0	0.153846
0	0.953846
0	0.938462
0	0.969231
0	0.676923
0	0.892308
0	0.953846
0	0.876923
0	0.938462
0	0.938462
0	0.923077
0	0.6
0	0.153846
0	0.938462
0	0.938462
0	0.938462
0	0.938462
0	0.676923
0	0.938462
0	0.892308
0	0.6
0	0.153846
0	0.923077
0	0.907692
0	0.676923
0	0.938462
0	0.876923
0	0.153846
0	0.153846
0	0.923077
0	0.907692
0	0.969231
0	0.923077
0	0.938462
0	0.153846
0	0.846154
0	0.846154
0	0.969231
0	0.907692
0	0.953846
0	0.6
0	0.969231
0	0.923077
0	0.923077
0	0.923077
0	0.953846
0	0.953846
0	0.923077
0	0.953846
0	0.938462
0	0.892308
0	0.907692
0	0.953846
0	0.892308
0	0.6
0	0.892308
0	0.953846
0	0.676923
0	0.846154
0	0.907692
0	0.892308
0	0.953846
0	0.953846
0	0.892308
0	0.953846
0	0.969231
0	0.923077
0	0.953846
0	0.876923
0	0.969231
0	0.923077
0	0.938462
0	0.938462
0	0.153846
0	0.969231
0	0.876923
0	0.923077
0	0.923077
0	0.846154
0	0.969231
0	0.846154
0	0.907692
0	0.6
0	0.846154
0	0.153846
0	0.923077
0	0.923077
0	0.6
0	0.969231
0	0.676923
0	0.676923
0	0.923077
0	0.153846
0	0.153846
0	0.846154
0	0.892308
0	0.676923
0	0.907692
0	0.969231
0	0.153846
0	0.892308
0	0.969231
0	0.892308
0	0.153846
0	0.969231
0	0.892308
0	0.892308
0	0.923077
0	0.938462
0	0.153846
0	0.892308
0	0.953846
0	0.923077
0	0.676923
0	0.938462
0	0.938462
0	0.907692
0	0.923077
0	0.923077
0	0.676923
0	0.923077
0	0.153846
0	0.892308
0	0.969231
0	0.861538
0	0.846154
0	0.6
0	0.953846
0	0.861538
0	0.953846
0	0.153846
0	0.861538
0	0.953846
0	0.876923
0	0.953846
0	0.153846
0	0.6
0	0.907692
0	0.907692
0	0.907692
0	0.953846
0	0.938462
0	0.676923
0	0.6
0	0.153846
0	0.153846
0	0.938462
0	0.953846
0	0.676923
0	0.6
0	0.892308
0	0.923077
0	0.953846
0	0.861538
0	0.907692
0	0.153846
0	0.969231
0	0.969231
0	0.6
0	0.6
0	0.923077
0	0.876923
0	0.892308
0	0.907692
0	0.969231
0	0.938462
0	0.846154
0	0.153846
0	0.153846
0	0.6
0	0.953846
0	0.938462
0	0.938462
0	0.153846
0	0.969231
0	0.892308
0	0.969231
0	0.876923
0	0.953846
0	0.907692
0	0.907692
0	0.923077
0	0.938462
0	0.953846
0	0.6
0	0.923077
0	0.676923
0	0.923077
0	0.938462
0	0.938462
0	0.907692
0	0.938462
0	0.923077
0	0.938462
0	0.969231
0	0.969231
0	0.861538
0	0.892308
0	0.953846
0	0.153846
0	0.676923
0	0.953846
0	0.892308
0	0.861538
0	0.938462
0	0.892308
0	0.907692
0	0.984615
0	0.938462
0	0.923077
0	0.907692
0	0.6
0	0.153846
0	0.923077
0	0.676923
0	0.969231
0	0.923077
0	0.969231
0	0.938462
0	0.153846
0	0.969231
0	0.6
0	0.969231
0	0.969231
0	0.923077
0	0.953846
0	0.969231
0	0.6
0	0.892308
0	0.892308
0	0.6


