# Persistence diagram <GML/1366.gml>
#
# Dimension   : 0
# Entries     : 287
# Betti number: 1
0	inf
0	0.965517
0	0.885057
0	0.885057
0	0.954023
0	0.954023
0	0.977011
0	0.356322
0	0.356322
0	0.977011
0	0.356322
0	0.896552
0	0.942529
0	0.862069
0	0.942529
0	0.908046
0	0.91954
0	0.356322
0	0.91954
0	0.896552
0	0.954023
0	0.931034
0	0.954023
0	0.977011
0	0.896552
0	0.356322
0	0.356322
0	0.885057
0	0.942529
0	0.885057
0	0.356322
0	0.977011
0	0.356322
0	0.356322
0	0.91954
0	0.356322
0	0.83908
0	0.356322
0	0.965517
0	0.908046
0	0.896552
0	0.862069
0	0.356322
0	0.942529
0	0.356322
0	0.356322
0	0.977011
0	0.885057
0	0.896552
0	0.873563
0	0.965517
0	0.942529
0	0.908046
0	0.862069
0	0.896552
0	0.83908
0	0.83908
0	0.954023
0	0.931034
0	0.804598
0	0.804598
0	0.977011
0	0.850575
0	0.356322
0	0.850575
0	0.908046
0	0.873563
0	0.965517
0	0.954023
0	0.896552
0	0.91954
0	0.862069
0	0.954023
0	0.942529
0	0.908046
0	0.804598
0	0.862069
0	0.931034
0	0.954023
0	0.954023
0	0.850575
0	0.356322
0	0.873563
0	0.954023
0	0.896552
0	0.862069
0	0.356322
0	0.965517
0	0.942529
0	0.954023
0	0.804598
0	0.977011
0	0.977011
0	0.977011
0	0.356322
0	0.954023
0	0.954023
0	0.356322
0	0.356322
0	0.862069
0	0.862069
0	0.356322
0	0.942529
0	0.977011
0	0.908046
0	0.977011
0	0.896552
0	0.850575
0	0.896552
0	0.356322
0	0.977011
0	0.83908
0	0.885057
0	0.356322
0	0.977011
0	0.977011
0	0.356322
0	0.896552
0	0.356322
0	0.931034
0	0.356322
0	0.896552
0	0.356322
0	0.954023
0	0.896552
0	0.356322
0	0.942529
0	0.954023
0	0.954023
0	0.931034
0	0.885057
0	0.356322
0	0.977011
0	0.83908
0	0.965517
0	0.896552
0	0.977011
0	0.356322
0	0.931034
0	0.965517
0	0.977011
0	0.356322
0	0.356322
0	0.954023
0	0.942529
0	0.977011
0	0.931034
0	0.83908
0	0.896552
0	0.908046
0	0.356322
0	0.977011
0	0.804598
0	0.885057
0	0.804598
0	0.356322
0	0.977011
0	0.977011
0	0.954023
0	0.965517
0	0.977011
0	0.965517
0	0.954023
0	0.356322
0	0.356322
0	0.954023
0	0.965517
0	0.954023
0	0.83908
0	0.965517
0	0.954023
0	0.965517
0	0.965517
0	0.83908
0	0.977011
0	0.885057
0	0.83908
0	0.356322
0	0.942529
0	0.942529
0	0.862069
0	0.965517
0	0.83908
0	0.908046
0	0.885057
0	0.873563
0	0.83908
0	0.356322
0	0.965517
0	0.83908
0	0.965517
0	0.83908
0	0.356322
0	0.977011
0	0.931034
0	0.873563
0	0.83908
0	0.954023
0	0.91954
0	0.954023
0	0.977011
0	0.83908
0	0.977011
0	0.885057
0	0.977011
0	0.885057
0	0.885057
0	0.356322
0	0.356322
0	0.873563
0	0.83908
0	0.83908
0	0.942529
0	0.873563
0	0.977011
0	0.977011
0	0.965517
0	0.965517
0	0.850575
0	0.850575
0	0.896552
0	0.896552
0	0.356322
0	0.91954
0	0.931034
0	0.885057
0	0.977011
0	0.83908
0	0.91954
0	0.965517
0	0.965517
0	0.896552
0	0.977011
0	0.804598
0	0.954023
0	0.83908
0	0.965517
0	0.977011
0	0.885057
0	0.91954
0	0.942529
0	0.83908
0	0.896552
0	0.942529
0	0.804598
0	0.954023
0	0.965517
0	0.91954
0	0.965517
0	0.931034
0	0.954023
0	0.356322
0	0.862069
0	0.954023
0	0.942529
0	0.804598
0	0.804598
0	0.977011
0	0.954023
0	0.954023
0	0.942529
0	0.942529
0	0.356322
0	0.954023
0	0.356322
0	0.356322
0	0.83908
0	0.356322
0	0.954023
0	0.931034
0	0.83908
0	0.850575
0	0.965517
0	0.942529
0	0.862069
0	0.356322
0	0.885057
0	0.356322
0	0.356322
0	0.356322
0	0.965517
0	0.804598
0	0.356322
0	0.91954
0	0.850575
0	0.356322
0	0.356322


