# Persistence diagram <GML/1368.gml>
#
# Dimension   : 1
# Entries     : 85
# Betti number: 85
0.508982	inf
0.508982	inf
0.508982	inf
0.508982	inf
0.508982	inf
0.508982	inf
0.508982	inf
0.508982	inf
0.508982	inf
0.508982	inf
0.508982	inf
0.508982	inf
0.508982	inf
0.508982	inf
0.508982	inf
0.508982	inf
0.508982	inf
0.508982	inf
0.508982	inf
0.508982	inf
0.508982	inf
0.508982	inf
0.508982	inf
0.508982	inf
0.508982	inf
0.508982	inf
0.508982	inf
0.508982	inf
0.508982	inf
0.508982	inf
0.508982	inf
0.508982	inf
0.508982	inf
0.508982	inf
0.508982	inf
0.508982	inf
0.508982	inf
0.508982	inf
0.508982	inf
0.508982	inf
0.508982	inf
0.508982	inf
0.508982	inf
0.508982	inf
0.508982	inf
0.508982	inf
0.508982	inf
0.508982	inf
0.508982	inf
0.508982	inf
0.508982	inf
0.508982	inf
0.508982	inf
0.508982	inf
0.508982	inf
0.508982	inf
0.508982	inf
0.508982	inf
0.508982	inf
0.508982	inf
0.508982	inf
0.508982	inf
0.508982	inf
0.508982	inf
0.508982	inf
0.508982	inf
0.508982	inf
0.508982	inf
0.508982	inf
0.508982	inf
0.508982	inf
0.508982	inf
0.508982	inf
0.508982	inf
0.976048	inf
0.976048	inf
0.976048	inf
0.982036	inf
0.982036	inf
0.982036	inf
0.982036	inf
0.982036	inf
0.982036	inf
0.988024	inf
0.988024	inf
