# Persistence diagram <GML/1370.gml>
#
# Dimension   : 0
# Entries     : 129
# Betti number: 1
0	inf
0	0.968944
0	0.0124224
0	0.0124224
0	0.987578
0	0.0124224
0	0.981366
0	0.987578
0	0.0124224
0	0.968944
0	0.0124224
0	0.987578
0	0.0124224
0	0.0124224
0	0.981366
0	0.0124224
0	0.0124224
0	0.0124224
0	0.950311
0	0.950311
0	0.0124224
0	0.0124224
0	0.0124224
0	0.975155
0	0.0124224
0	0.987578
0	0.0124224
0	0.981366
0	0.981366
0	0.0124224
0	0.962733
0	0.0124224
0	0.0124224
0	0.950311
0	0.0124224
0	0.0124224
0	0.0124224
0	0.981366
0	0.0124224
0	0.981366
0	0.0124224
0	0.987578
0	0.981366
0	0.987578
0	0.0124224
0	0.0124224
0	0.0124224
0	0.0124224
0	0.0124224
0	0.0124224
0	0.968944
0	0.975155
0	0.0124224
0	0.0124224
0	0.981366
0	0.968944
0	0.0124224
0	0.0124224
0	0.0124224
0	0.950311
0	0.981366
0	0.0124224
0	0.987578
0	0.981366
0	0.0124224
0	0.0124224
0	0.0124224
0	0.981366
0	0.987578
0	0.975155
0	0.0124224
0	0.0124224
0	0.0124224
0	0.0124224
0	0.981366
0	0.0124224
0	0.962733
0	0.968944
0	0.981366
0	0.987578
0	0.0124224
0	0.0124224
0	0.981366
0	0.0124224
0	0.981366
0	0.987578
0	0.975155
0	0.0124224
0	0.0124224
0	0.968944
0	0.0124224
0	0.0124224
0	0.987578
0	0.975155
0	0.975155
0	0.0124224
0	0.0124224
0	0.0124224
0	0.0124224
0	0.968944
0	0.968944
0	0.975155
0	0.0124224
0	0.987578
0	0.0124224
0	0.0124224
0	0.987578
0	0.950311
0	0.0124224
0	0.0124224
0	0.0124224
0	0.981366
0	0.981366
0	0.0124224
0	0.0124224
0	0.0124224
0	0.968944
0	0.0124224
0	0.0124224
0	0.0124224
0	0.981366
0	0.0124224
0	0.0124224
0	0.0124224
0	0.981366
0	0.0124224
0	0.981366
0	0.981366
0	0.0124224


