# Persistence diagram <GML/1372.gml>
#
# Dimension   : 0
# Entries     : 275
# Betti number: 1
0	inf
0	0.929487
0	0.653846
0	0.474359
0	0.974359
0	0.474359
0	0.653846
0	0.653846
0	0.980769
0	0.980769
0	0.474359
0	0.653846
0	0.987179
0	0.980769
0	0.987179
0	0.967949
0	0.653846
0	0.474359
0	0.974359
0	0.653846
0	0.987179
0	0.653846
0	0.961538
0	0.955128
0	0.474359
0	0.474359
0	0.653846
0	0.980769
0	0.967949
0	0.474359
0	0.967949
0	0.987179
0	0.974359
0	0.474359
0	0.942308
0	0.987179
0	0.955128
0	0.980769
0	0.653846
0	0.980769
0	0.948718
0	0.653846
0	0.653846
0	0.653846
0	0.929487
0	0.942308
0	0.987179
0	0.967949
0	0.980769
0	0.474359
0	0.967949
0	0.974359
0	0.474359
0	0.929487
0	0.948718
0	0.474359
0	0.474359
0	0.987179
0	0.942308
0	0.987179
0	0.474359
0	0.653846
0	0.653846
0	0.929487
0	0.653846
0	0.474359
0	0.474359
0	0.955128
0	0.929487
0	0.967949
0	0.967949
0	0.987179
0	0.987179
0	0.474359
0	0.942308
0	0.929487
0	0.980769
0	0.474359
0	0.955128
0	0.980769
0	0.987179
0	0.929487
0	0.980769
0	0.929487
0	0.980769
0	0.980769
0	0.929487
0	0.980769
0	0.653846
0	0.987179
0	0.653846
0	0.955128
0	0.474359
0	0.474359
0	0.967949
0	0.955128
0	0.929487
0	0.987179
0	0.974359
0	0.974359
0	0.474359
0	0.942308
0	0.653846
0	0.929487
0	0.974359
0	0.929487
0	0.653846
0	0.653846
0	0.980769
0	0.653846
0	0.980769
0	0.961538
0	0.967949
0	0.474359
0	0.653846
0	0.929487
0	0.967949
0	0.653846
0	0.942308
0	0.987179
0	0.967949
0	0.474359
0	0.967949
0	0.967949
0	0.987179
0	0.987179
0	0.653846
0	0.980769
0	0.967949
0	0.967949
0	0.474359
0	0.929487
0	0.474359
0	0.653846
0	0.980769
0	0.948718
0	0.474359
0	0.929487
0	0.955128
0	0.967949
0	0.653846
0	0.942308
0	0.474359
0	0.474359
0	0.980769
0	0.955128
0	0.653846
0	0.987179
0	0.653846
0	0.653846
0	0.967949
0	0.474359
0	0.929487
0	0.929487
0	0.474359
0	0.474359
0	0.929487
0	0.987179
0	0.955128
0	0.961538
0	0.929487
0	0.474359
0	0.967949
0	0.474359
0	0.967949
0	0.653846
0	0.967949
0	0.653846
0	0.474359
0	0.980769
0	0.474359
0	0.987179
0	0.987179
0	0.987179
0	0.974359
0	0.929487
0	0.967949
0	0.653846
0	0.653846
0	0.474359
0	0.653846
0	0.974359
0	0.653846
0	0.987179
0	0.474359
0	0.974359
0	0.955128
0	0.961538
0	0.474359
0	0.474359
0	0.980769
0	0.653846
0	0.653846
0	0.474359
0	0.653846
0	0.987179
0	0.653846
0	0.987179
0	0.961538
0	0.653846
0	0.980769
0	0.653846
0	0.942308
0	0.653846
0	0.974359
0	0.474359
0	0.653846
0	0.967949
0	0.474359
0	0.955128
0	0.653846
0	0.967949
0	0.955128
0	0.987179
0	0.974359
0	0.948718
0	0.929487
0	0.967949
0	0.474359
0	0.980769
0	0.974359
0	0.942308
0	0.474359
0	0.929487
0	0.942308
0	0.474359
0	0.980769
0	0.987179
0	0.961538
0	0.974359
0	0.974359
0	0.474359
0	0.942308
0	0.948718
0	0.942308
0	0.967949
0	0.929487
0	0.474359
0	0.653846
0	0.987179
0	0.653846
0	0.961538
0	0.987179
0	0.974359
0	0.929487
0	0.929487
0	0.653846
0	0.474359
0	0.987179
0	0.653846
0	0.653846
0	0.474359
0	0.980769
0	0.474359
0	0.974359
0	0.474359
0	0.967949
0	0.980769
0	0.987179
0	0.967949
0	0.967949
0	0.929487
0	0.942308
0	0.474359
0	0.474359
0	0.980769
0	0.653846
0	0.929487
0	0.987179
0	0.967949
0	0.929487
0	0.653846
0	0.474359
0	0.980769
0	0.653846


