# Persistence diagram <GML/1380.gml>
#
# Dimension   : 1
# Entries     : 68
# Betti number: 67
0.488889	inf
0.488889	inf
0.488889	inf
0.488889	inf
0.488889	inf
0.488889	inf
0.488889	inf
0.488889	inf
0.488889	inf
0.488889	inf
0.488889	inf
0.488889	inf
0.488889	inf
0.488889	inf
0.488889	inf
0.488889	inf
0.488889	inf
0.488889	inf
0.488889	inf
0.488889	inf
0.488889	inf
0.488889	inf
0.488889	inf
0.488889	inf
0.488889	inf
0.488889	inf
0.488889	inf
0.488889	0.983333
0.488889	inf
0.488889	inf
0.488889	inf
0.488889	inf
0.488889	inf
0.488889	inf
0.488889	inf
0.488889	inf
0.488889	inf
0.488889	inf
0.488889	inf
0.488889	inf
0.488889	inf
0.488889	inf
0.488889	inf
0.488889	inf
0.488889	inf
0.488889	inf
0.488889	inf
0.488889	inf
0.488889	inf
0.488889	inf
0.488889	inf
0.488889	inf
0.488889	inf
0.488889	inf
0.488889	inf
0.488889	inf
0.488889	inf
0.488889	inf
0.488889	inf
0.488889	inf
0.488889	inf
0.488889	inf
0.488889	inf
0.488889	inf
0.488889	inf
0.488889	inf
0.972222	inf
0.983333	inf
