# Persistence diagram <GML/1382.gml>
#
# Dimension   : 0
# Entries     : 221
# Betti number: 2
0	inf
0	0.966443
0	0.979866
0	0.973154
0	0.979866
0	0.946309
0	0.973154
0	0.986577
0	0.986577
0	0.986577
0	inf
0	0.610738
0	0.610738
0	0.973154
0	0.973154
0	0.979866
0	0.979866
0	0.973154
0	0.946309
0	0.966443
0	0.973154
0	0.986577
0	0.939597
0	0.986577
0	0.986577
0	0.610738
0	0.939597
0	0.979866
0	0.979866
0	0.986577
0	0.610738
0	0.95302
0	0.939597
0	0.973154
0	0.979866
0	0.946309
0	0.973154
0	0.986577
0	0.966443
0	0.979866
0	0.986577
0	0.973154
0	0.986577
0	0.939597
0	0.986577
0	0.986577
0	0.986577
0	0.979866
0	0.979866
0	0.973154
0	0.986577
0	0.95302
0	0.973154
0	0.973154
0	0.979866
0	0.973154
0	0.979866
0	0.979866
0	0.986577
0	0.966443
0	0.973154
0	0.959732
0	0.939597
0	0.979866
0	0.946309
0	0.946309
0	0.979866
0	0.986577
0	0.610738
0	0.979866
0	0.610738
0	0.959732
0	0.610738
0	0.986577
0	0.986577
0	0.959732
0	0.959732
0	0.959732
0	0.610738
0	0.986577
0	0.979866
0	0.610738
0	0.973154
0	0.973154
0	0.966443
0	0.973154
0	0.95302
0	0.610738
0	0.959732
0	0.610738
0	0.979866
0	0.973154
0	0.986577
0	0.986577
0	0.973154
0	0.979866
0	0.973154
0	0.946309
0	0.946309
0	0.986577
0	0.959732
0	0.973154
0	0.979866
0	0.986577
0	0.973154
0	0.973154
0	0.966443
0	0.979866
0	0.973154
0	0.979866
0	0.986577
0	0.986577
0	0.986577
0	0.946309
0	0.973154
0	0.966443
0	0.986577
0	0.973154
0	0.973154
0	0.986577
0	0.986577
0	0.986577
0	0.986577
0	0.979866
0	0.973154
0	0.979866
0	0.986577
0	0.973154
0	0.986577
0	0.959732
0	0.986577
0	0.946309
0	0.973154
0	0.610738
0	0.959732
0	0.973154
0	0.966443
0	0.939597
0	0.979866
0	0.959732
0	0.959732
0	0.979866
0	0.979866
0	0.959732
0	0.610738
0	0.979866
0	0.979866
0	0.946309
0	0.986577
0	0.966443
0	0.979866
0	0.973154
0	0.946309
0	0.979866
0	0.979866
0	0.979866
0	0.95302
0	0.979866
0	0.966443
0	0.610738
0	0.986577
0	0.946309
0	0.959732
0	0.986577
0	0.986577
0	0.610738
0	0.946309
0	0.986577
0	0.973154
0	0.973154
0	0.979866
0	0.979866
0	0.966443
0	0.973154
0	0.979866
0	0.959732
0	0.946309
0	0.959732
0	0.939597
0	0.973154
0	0.973154
0	0.986577
0	0.973154
0	0.946309
0	0.986577
0	0.610738
0	0.986577
0	0.966443
0	0.973154
0	0.986577
0	0.973154
0	0.95302
0	0.986577
0	0.979866
0	0.95302
0	0.979866
0	0.986577
0	0.979866
0	0.986577
0	0.966443
0	0.966443
0	0.959732
0	0.610738
0	0.973154
0	0.959732
0	0.986577
0	0.95302
0	0.973154
0	0.973154
0	0.946309
0	0.973154
0	0.959732
0	0.986577
0	0.986577
0	0.973154
0	0.973154
0	0.959732
0	0.959732
0	0.973154
0	0.939597
0	0.986577


