# Persistence diagram <GML/1383.gml>
#
# Dimension   : 1
# Entries     : 132
# Betti number: 123
0.313084	inf
0.313084	inf
0.313084	inf
0.313084	inf
0.313084	inf
0.313084	inf
0.313084	inf
0.313084	inf
0.313084	inf
0.313084	inf
0.313084	inf
0.313084	inf
0.313084	inf
0.313084	inf
0.313084	inf
0.313084	inf
0.313084	inf
0.313084	inf
0.313084	inf
0.313084	inf
0.313084	inf
0.313084	inf
0.313084	inf
0.313084	inf
0.313084	inf
0.313084	inf
0.313084	inf
0.313084	inf
0.313084	inf
0.313084	inf
0.313084	inf
0.313084	inf
0.313084	inf
0.313084	inf
0.313084	inf
0.313084	inf
0.313084	inf
0.313084	inf
0.313084	inf
0.313084	inf
0.313084	inf
0.313084	inf
0.313084	0.976636
0.313084	inf
0.313084	inf
0.313084	inf
0.313084	inf
0.313084	inf
0.313084	inf
0.313084	inf
0.313084	inf
0.313084	inf
0.313084	inf
0.313084	inf
0.313084	inf
0.313084	inf
0.313084	inf
0.313084	inf
0.313084	inf
0.313084	inf
0.313084	inf
0.313084	inf
0.313084	inf
0.313084	0.976636
0.313084	inf
0.313084	0.981308
0.313084	inf
0.313084	inf
0.313084	inf
0.313084	inf
0.313084	inf
0.313084	0.981308
0.313084	inf
0.313084	inf
0.313084	inf
0.313084	inf
0.313084	inf
0.313084	inf
0.313084	inf
0.313084	inf
0.313084	inf
0.313084	inf
0.313084	0.981308
0.313084	inf
0.313084	inf
0.313084	inf
0.313084	inf
0.313084	inf
0.313084	inf
0.313084	inf
0.313084	inf
0.313084	inf
0.313084	inf
0.313084	inf
0.313084	inf
0.313084	inf
0.313084	inf
0.313084	inf
0.313084	inf
0.313084	inf
0.313084	inf
0.313084	inf
0.313084	inf
0.313084	inf
0.313084	0.985981
0.313084	inf
0.313084	inf
0.313084	inf
0.313084	inf
0.313084	inf
0.313084	inf
0.313084	inf
0.313084	inf
0.313084	inf
0.313084	inf
0.313084	0.976636
0.313084	inf
0.313084	inf
0.313084	inf
0.313084	inf
0.313084	inf
0.313084	inf
0.313084	inf
0.313084	inf
0.313084	0.981308
0.313084	inf
0.313084	inf
0.313084	inf
0.313084	inf
0.313084	inf
0.313084	inf
0.313084	0.981308
