# Persistence diagram <GML/1385.gml>
#
# Dimension   : 1
# Entries     : 53
# Betti number: 53
0.171171	inf
0.171171	inf
0.171171	inf
0.171171	inf
0.171171	inf
0.171171	inf
0.171171	inf
0.171171	inf
0.171171	inf
0.171171	inf
0.171171	inf
0.171171	inf
0.171171	inf
0.171171	inf
0.171171	inf
0.171171	inf
0.171171	inf
0.171171	inf
0.171171	inf
0.171171	inf
0.171171	inf
0.171171	inf
0.171171	inf
0.171171	inf
0.171171	inf
0.171171	inf
0.171171	inf
0.171171	inf
0.171171	inf
0.171171	inf
0.171171	inf
0.171171	inf
0.171171	inf
0.171171	inf
0.171171	inf
0.945946	inf
0.945946	inf
0.954955	inf
0.954955	inf
0.954955	inf
0.963964	inf
0.972973	inf
0.972973	inf
0.972973	inf
0.972973	inf
0.972973	inf
0.972973	inf
0.972973	inf
0.981982	inf
0.981982	inf
0.981982	inf
0.981982	inf
0.981982	inf
