# Persistence diagram <GML/1388.gml>
#
# Dimension   : 1
# Entries     : 74
# Betti number: 72
0.172043	inf
0.172043	inf
0.172043	inf
0.172043	inf
0.172043	inf
0.172043	inf
0.172043	inf
0.172043	inf
0.172043	inf
0.172043	inf
0.172043	inf
0.172043	inf
0.172043	inf
0.172043	inf
0.172043	inf
0.172043	inf
0.172043	inf
0.172043	inf
0.172043	inf
0.172043	inf
0.172043	inf
0.172043	inf
0.172043	inf
0.172043	inf
0.172043	inf
0.172043	inf
0.172043	inf
0.172043	inf
0.172043	inf
0.172043	inf
0.172043	inf
0.172043	inf
0.172043	inf
0.172043	inf
0.172043	inf
0.172043	inf
0.172043	inf
0.172043	inf
0.172043	inf
0.172043	inf
0.172043	inf
0.172043	inf
0.172043	inf
0.172043	inf
0.172043	inf
0.172043	inf
0.172043	inf
0.172043	inf
0.172043	inf
0.172043	inf
0.172043	inf
0.172043	inf
0.172043	inf
0.172043	inf
0.172043	inf
0.172043	0.967742
0.172043	inf
0.172043	inf
0.172043	inf
0.172043	inf
0.172043	inf
0.172043	inf
0.172043	inf
0.172043	inf
0.172043	inf
0.172043	inf
0.172043	inf
0.172043	inf
0.172043	inf
0.172043	0.946237
0.172043	inf
0.172043	inf
0.172043	inf
0.967742	inf
