# Persistence diagram <GML/1392.gml>
#
# Dimension   : 0
# Entries     : 278
# Betti number: 2
0	inf
0	0.96
0	0.976
0	0.984
0	0.92
0	0.968
0	0.944
0	0.976
0	0.912
0	0.984
0	0.824
0	0.968
0	0.552
0	0.824
0	0.944
0	0.968
0	0.96
0	0.976
0	0.984
0	0.976
0	0.552
0	0.976
0	0.984
0	0.984
0	0.976
0	0.976
0	0.976
0	0.976
0	0.976
0	0.928
0	0.552
0	0.96
0	0.96
0	0.976
0	0.552
0	0.92
0	0.984
0	0.912
0	0.976
0	0.824
0	0.984
0	0.96
0	0.96
0	0.976
0	0.552
0	0.928
0	0.552
0	0.944
0	0.968
0	0.96
0	0.976
0	0.912
0	0.96
0	0.824
0	0.96
0	0.952
0	0.92
0	0.952
0	0.976
0	0.984
0	0.984
0	0.552
0	0.824
0	0.952
0	0.984
0	0.552
0	0.976
0	0.952
0	0.824
0	0.976
0	0.952
0	0.912
0	0.552
0	0.552
0	0.824
0	0.984
0	0.824
0	0.552
0	0.984
0	0.976
0	0.952
0	0.976
0	0.96
0	0.552
0	0.976
0	0.96
0	0.552
0	0.552
0	0.976
0	0.912
0	0.952
0	0.976
0	0.976
0	0.824
0	0.96
0	0.92
0	0.976
0	0.96
0	0.968
0	0.984
0	0.552
0	0.96
0	0.984
0	0.952
0	0.968
0	0.928
0	0.552
0	0.824
0	0.552
0	0.552
0	0.92
0	0.944
0	0.952
0	0.552
0	0.552
0	0.96
0	0.984
0	0.824
0	0.952
0	0.984
0	0.984
0	0.984
0	0.96
0	0.984
0	0.824
0	0.984
0	0.96
0	0.96
0	0.96
0	0.92
0	0.976
0	0.984
0	0.968
0	0.896
0	0.984
0	0.552
0	0.976
0	0.984
0	0.928
0	0.92
0	inf
0	0.944
0	0.96
0	0.976
0	0.984
0	0.824
0	0.928
0	0.976
0	0.552
0	0.984
0	0.984
0	0.968
0	0.944
0	0.912
0	0.984
0	0.952
0	0.824
0	0.984
0	0.976
0	0.952
0	0.552
0	0.984
0	0.984
0	0.552
0	0.984
0	0.952
0	0.976
0	0.96
0	0.952
0	0.552
0	0.952
0	0.896
0	0.952
0	0.96
0	0.952
0	0.552
0	0.984
0	0.984
0	0.968
0	0.552
0	0.976
0	0.944
0	0.928
0	0.552
0	0.968
0	0.824
0	0.896
0	0.984
0	0.912
0	0.944
0	0.976
0	0.896
0	0.976
0	0.976
0	0.92
0	0.976
0	0.552
0	0.976
0	0.976
0	0.976
0	0.968
0	0.912
0	0.984
0	0.896
0	0.896
0	0.976
0	0.552
0	0.968
0	0.92
0	0.96
0	0.896
0	0.976
0	0.824
0	0.976
0	0.976
0	0.976
0	0.552
0	0.96
0	0.552
0	0.896
0	0.984
0	0.984
0	0.976
0	0.952
0	0.984
0	0.96
0	0.976
0	0.912
0	0.976
0	0.976
0	0.96
0	0.976
0	0.968
0	0.984
0	0.984
0	0.96
0	0.944
0	0.968
0	0.896
0	0.824
0	0.984
0	0.984
0	0.552
0	0.976
0	0.552
0	0.984
0	0.968
0	0.992
0	0.976
0	0.944
0	0.952
0	0.552
0	0.824
0	0.928
0	0.824
0	0.976
0	0.896
0	0.552
0	0.552
0	0.984
0	0.896
0	0.976
0	0.968
0	0.552
0	0.968
0	0.976
0	0.976
0	0.976
0	0.944
0	0.976
0	0.952
0	0.976
0	0.984
0	0.912
0	0.896
0	0.824
0	0.824
0	0.928


