# Persistence diagram <GML/1394.gml>
#
# Dimension   : 1
# Entries     : 35
# Betti number: 34
0.148936	inf
0.148936	inf
0.148936	inf
0.148936	inf
0.148936	inf
0.148936	inf
0.148936	inf
0.148936	inf
0.148936	inf
0.148936	inf
0.148936	inf
0.148936	inf
0.148936	inf
0.148936	inf
0.148936	inf
0.148936	inf
0.148936	inf
0.148936	inf
0.148936	inf
0.148936	inf
0.148936	inf
0.148936	inf
0.148936	inf
0.148936	inf
0.148936	inf
0.148936	inf
0.148936	inf
0.148936	0.914894
0.148936	inf
0.148936	inf
0.148936	inf
0.148936	inf
0.148936	inf
0.148936	inf
0.93617	inf
