# Persistence diagram <GML/1395.gml>
#
# Dimension   : 0
# Entries     : 209
# Betti number: 1
0	inf
0	0.987097
0	0.987097
0	0.980645
0	0.967742
0	0.980645
0	0.96129
0	0.967742
0	0.96129
0	0.974194
0	0.948387
0	0.948387
0	0.967742
0	0.980645
0	0.974194
0	0.980645
0	0.980645
0	0.490323
0	0.96129
0	0.980645
0	0.987097
0	0.987097
0	0.980645
0	0.980645
0	0.967742
0	0.980645
0	0.987097
0	0.490323
0	0.948387
0	0.954839
0	0.96129
0	0.987097
0	0.980645
0	0.974194
0	0.490323
0	0.954839
0	0.967742
0	0.96129
0	0.967742
0	0.987097
0	0.980645
0	0.490323
0	0.980645
0	0.954839
0	0.980645
0	0.954839
0	0.987097
0	0.967742
0	0.980645
0	0.935484
0	0.980645
0	0.948387
0	0.987097
0	0.954839
0	0.948387
0	0.987097
0	0.935484
0	0.967742
0	0.987097
0	0.980645
0	0.96129
0	0.948387
0	0.980645
0	0.967742
0	0.974194
0	0.980645
0	0.980645
0	0.96129
0	0.987097
0	0.987097
0	0.974194
0	0.967742
0	0.980645
0	0.954839
0	0.980645
0	0.980645
0	0.954839
0	0.987097
0	0.954839
0	0.490323
0	0.967742
0	0.987097
0	0.974194
0	0.987097
0	0.954839
0	0.980645
0	0.490323
0	0.974194
0	0.980645
0	0.954839
0	0.974194
0	0.980645
0	0.980645
0	0.987097
0	0.980645
0	0.974194
0	0.974194
0	0.987097
0	0.954839
0	0.980645
0	0.96129
0	0.980645
0	0.987097
0	0.987097
0	0.974194
0	0.935484
0	0.974194
0	0.954839
0	0.490323
0	0.954839
0	0.967742
0	0.987097
0	0.935484
0	0.967742
0	0.980645
0	0.490323
0	0.987097
0	0.954839
0	0.948387
0	0.980645
0	0.954839
0	0.490323
0	0.980645
0	0.935484
0	0.948387
0	0.954839
0	0.967742
0	0.948387
0	0.967742
0	0.935484
0	0.987097
0	0.954839
0	0.948387
0	0.987097
0	0.96129
0	0.980645
0	0.980645
0	0.987097
0	0.980645
0	0.954839
0	0.987097
0	0.987097
0	0.490323
0	0.987097
0	0.987097
0	0.987097
0	0.974194
0	0.490323
0	0.954839
0	0.987097
0	0.96129
0	0.980645
0	0.974194
0	0.980645
0	0.967742
0	0.490323
0	0.987097
0	0.980645
0	0.980645
0	0.987097
0	0.967742
0	0.987097
0	0.948387
0	0.980645
0	0.967742
0	0.974194
0	0.980645
0	0.987097
0	0.980645
0	0.987097
0	0.954839
0	0.490323
0	0.974194
0	0.96129
0	0.954839
0	0.980645
0	0.987097
0	0.974194
0	0.954839
0	0.980645
0	0.967742
0	0.935484
0	0.974194
0	0.967742
0	0.980645
0	0.987097
0	0.948387
0	0.96129
0	0.980645
0	0.980645
0	0.987097
0	0.490323
0	0.987097
0	0.980645
0	0.490323
0	0.980645
0	0.967742
0	0.987097
0	0.987097
0	0.974194
0	0.967742
0	0.974194
0	0.974194
0	0.974194
0	0.980645
0	0.974194
0	0.987097
0	0.980645
0	0.96129


