# Persistence diagram <GML/1399.gml>
#
# Dimension   : 0
# Entries     : 78
# Betti number: 1
0	inf
0	0.288
0	0.288
0	0.288
0	0.952
0	0.976
0	0.984
0	0.288
0	0.288
0	0.288
0	0.288
0	0.976
0	0.288
0	0.288
0	0.288
0	0.288
0	0.928
0	0.288
0	0.288
0	0.976
0	0.288
0	0.288
0	0.288
0	0.984
0	0.984
0	0.288
0	0.976
0	0.952
0	0.928
0	0.288
0	0.952
0	0.288
0	0.288
0	0.904
0	0.984
0	0.928
0	0.96
0	0.976
0	0.288
0	0.984
0	0.976
0	0.288
0	0.288
0	0.288
0	0.984
0	0.928
0	0.96
0	0.976
0	0.968
0	0.976
0	0.288
0	0.976
0	0.288
0	0.288
0	0.976
0	0.288
0	0.288
0	0.288
0	0.976
0	0.984
0	0.288
0	0.288
0	0.968
0	0.928
0	0.976
0	0.952
0	0.904
0	0.288
0	0.288
0	0.976
0	0.288
0	0.984
0	0.984
0	0.976
0	0.96
0	0.976
0	0.976
0	0.288


