# Persistence diagram <GML/1403.gml>
#
# Dimension   : 0
# Entries     : 89
# Betti number: 1
0	inf
0	0.993958
0	0.767372
0	0.767372
0	0.767372
0	0.767372
0	0.993958
0	0.990937
0	0.993958
0	0.993958
0	0.767372
0	0.990937
0	0.984894
0	0.767372
0	0.767372
0	0.767372
0	0.767372
0	0.993958
0	0.987915
0	0.767372
0	0.993958
0	0.767372
0	0.990937
0	0.993958
0	0.767372
0	0.987915
0	0.993958
0	0.990937
0	0.767372
0	0.990937
0	0.984894
0	0.767372
0	0.767372
0	0.767372
0	0.993958
0	0.767372
0	0.767372
0	0.767372
0	0.993958
0	0.990937
0	0.767372
0	0.990937
0	0.993958
0	0.978852
0	0.993958
0	0.767372
0	0.978852
0	0.767372
0	0.767372
0	0.990937
0	0.990937
0	0.767372
0	0.767372
0	0.767372
0	0.990937
0	0.990937
0	0.993958
0	0.767372
0	0.767372
0	0.993958
0	0.993958
0	0.767372
0	0.767372
0	0.767372
0	0.767372
0	0.993958
0	0.990937
0	0.767372
0	0.993958
0	0.978852
0	0.990937
0	0.767372
0	0.990937
0	0.984894
0	0.990937
0	0.767372
0	0.767372
0	0.767372
0	0.767372
0	0.993958
0	0.993958
0	0.984894
0	0.993958
0	0.767372
0	0.984894
0	0.767372
0	0.767372
0	0.984894
0	0.767372


