# Persistence diagram <GML/1403.gml>
#
# Dimension   : 1
# Entries     : 43
# Betti number: 43
0.767372	inf
0.767372	inf
0.767372	inf
0.767372	inf
0.767372	inf
0.767372	inf
0.767372	inf
0.767372	inf
0.767372	inf
0.767372	inf
0.767372	inf
0.767372	inf
0.767372	inf
0.767372	inf
0.767372	inf
0.767372	inf
0.767372	inf
0.767372	inf
0.767372	inf
0.767372	inf
0.767372	inf
0.767372	inf
0.767372	inf
0.767372	inf
0.767372	inf
0.767372	inf
0.767372	inf
0.767372	inf
0.767372	inf
0.767372	inf
0.767372	inf
0.767372	inf
0.767372	inf
0.767372	inf
0.767372	inf
0.984894	inf
0.984894	inf
0.990937	inf
0.993958	inf
0.993958	inf
0.993958	inf
0.993958	inf
0.993958	inf
