# Persistence diagram <GML/1405.gml>
#
# Dimension   : 1
# Entries     : 32
# Betti number: 31
0.761905	inf
0.761905	inf
0.761905	inf
0.761905	0.916667
0.761905	inf
0.761905	inf
0.761905	inf
0.761905	inf
0.892857	inf
0.904762	inf
0.904762	inf
0.916667	inf
0.916667	inf
0.952381	inf
0.952381	inf
0.952381	inf
0.952381	inf
0.952381	inf
0.964286	inf
0.964286	inf
0.964286	inf
0.964286	inf
0.964286	inf
0.964286	inf
0.964286	inf
0.964286	inf
0.964286	inf
0.964286	inf
0.964286	inf
0.964286	inf
0.97619	inf
0.97619	inf
