# Persistence diagram <GML/1405.gml>
#
# Dimension   : 0
# Entries     : 143
# Betti number: 9
0	inf
0	0.952381
0	0.916667
0	0.72619
0	0.952381
0	0.97619
0	0.952381
0	0.77381
0	inf
0	0.761905
0	0.97619
0	inf
0	inf
0	0.72619
0	0.916667
0	0.97619
0	0.964286
0	inf
0	0.97619
0	0.72619
0	0.821429
0	0.964286
0	0.97619
0	0.916667
0	0.97619
0	0.821429
0	0.821429
0	0.72619
0	0.964286
0	0.964286
0	0.892857
0	0.821429
0	0.97619
0	0.892857
0	0.77381
0	0.964286
0	0.72619
0	0.904762
0	0.97619
0	0.72619
0	0.952381
0	0.72619
0	0.964286
0	0.821429
0	0.940476
0	0.892857
0	0.97619
0	0.97619
0	0.964286
0	0.97619
0	0.892857
0	0.964286
0	0.72619
0	0.97619
0	inf
0	0.964286
0	0.77381
0	0.892857
0	0.72619
0	0.77381
0	0.72619
0	0.952381
0	0.97619
0	0.72619
0	0.97619
0	0.964286
0	0.952381
0	0.940476
0	0.97619
0	0.77381
0	0.77381
0	0.761905
0	0.952381
0	0.964286
0	0.97619
0	0.916667
0	0.940476
0	0.964286
0	inf
0	0.761905
0	0.77381
0	0.77381
0	inf
0	0.916667
0	0.821429
0	0.964286
0	0.77381
0	0.964286
0	inf
0	0.892857
0	0.964286
0	0.916667
0	0.964286
0	0.77381
0	0.892857
0	0.97619
0	0.97619
0	0.77381
0	0.904762
0	0.904762
0	0.952381
0	0.952381
0	0.97619
0	0.892857
0	0.77381
0	0.77381
0	0.821429
0	0.761905
0	0.964286
0	0.97619
0	0.892857
0	0.916667
0	0.77381
0	0.988095
0	0.97619
0	0.72619
0	0.964286
0	0.72619
0	0.988095
0	0.940476
0	0.72619
0	0.988095
0	0.97619
0	0.988095
0	0.97619
0	0.77381
0	0.940476
0	0.952381
0	0.72619
0	0.964286
0	0.964286
0	0.988095
0	0.904762
0	0.952381
0	0.892857
0	0.761905
0	0.97619
0	0.964286
0	0.72619
0	0.964286
0	0.964286
0	0.761905
0	0.72619


