# Persistence diagram <GML/1409.gml>
#
# Dimension   : 0
# Entries     : 227
# Betti number: 1
0	inf
0	0.966216
0	0.371622
0	0.97973
0	0.972973
0	0.371622
0	0.966216
0	0.972973
0	0.952703
0	0.371622
0	0.986486
0	0.97973
0	0.97973
0	0.972973
0	0.966216
0	0.97973
0	0.966216
0	0.97973
0	0.371622
0	0.986486
0	0.97973
0	0.959459
0	0.97973
0	0.97973
0	0.986486
0	0.986486
0	0.966216
0	0.959459
0	0.972973
0	0.972973
0	0.986486
0	0.966216
0	0.966216
0	0.966216
0	0.97973
0	0.371622
0	0.959459
0	0.97973
0	0.972973
0	0.986486
0	0.972973
0	0.986486
0	0.986486
0	0.986486
0	0.952703
0	0.986486
0	0.966216
0	0.966216
0	0.371622
0	0.371622
0	0.959459
0	0.972973
0	0.986486
0	0.966216
0	0.952703
0	0.97973
0	0.959459
0	0.986486
0	0.972973
0	0.966216
0	0.959459
0	0.986486
0	0.972973
0	0.966216
0	0.986486
0	0.986486
0	0.986486
0	0.371622
0	0.952703
0	0.959459
0	0.972973
0	0.371622
0	0.972973
0	0.986486
0	0.966216
0	0.97973
0	0.959459
0	0.972973
0	0.972973
0	0.97973
0	0.972973
0	0.972973
0	0.966216
0	0.959459
0	0.371622
0	0.972973
0	0.986486
0	0.966216
0	0.972973
0	0.371622
0	0.986486
0	0.966216
0	0.986486
0	0.966216
0	0.972973
0	0.972973
0	0.97973
0	0.97973
0	0.972973
0	0.371622
0	0.97973
0	0.371622
0	0.97973
0	0.966216
0	0.972973
0	0.97973
0	0.97973
0	0.97973
0	0.371622
0	0.972973
0	0.371622
0	0.959459
0	0.972973
0	0.97973
0	0.986486
0	0.986486
0	0.986486
0	0.972973
0	0.986486
0	0.97973
0	0.972973
0	0.97973
0	0.371622
0	0.371622
0	0.986486
0	0.986486
0	0.371622
0	0.97973
0	0.966216
0	0.97973
0	0.986486
0	0.986486
0	0.986486
0	0.371622
0	0.966216
0	0.986486
0	0.371622
0	0.97973
0	0.986486
0	0.972973
0	0.959459
0	0.371622
0	0.986486
0	0.371622
0	0.371622
0	0.97973
0	0.371622
0	0.959459
0	0.972973
0	0.97973
0	0.972973
0	0.972973
0	0.972973
0	0.972973
0	0.986486
0	0.97973
0	0.959459
0	0.97973
0	0.959459
0	0.97973
0	0.986486
0	0.966216
0	0.986486
0	0.97973
0	0.959459
0	0.952703
0	0.371622
0	0.97973
0	0.97973
0	0.952703
0	0.97973
0	0.972973
0	0.97973
0	0.986486
0	0.959459
0	0.371622
0	0.97973
0	0.966216
0	0.986486
0	0.97973
0	0.986486
0	0.972973
0	0.371622
0	0.97973
0	0.972973
0	0.966216
0	0.972973
0	0.986486
0	0.959459
0	0.97973
0	0.986486
0	0.97973
0	0.371622
0	0.986486
0	0.97973
0	0.986486
0	0.97973
0	0.972973
0	0.966216
0	0.966216
0	0.97973
0	0.986486
0	0.97973
0	0.371622
0	0.959459
0	0.972973
0	0.371622
0	0.966216
0	0.371622
0	0.986486
0	0.371622
0	0.986486
0	0.966216
0	0.986486
0	0.966216
0	0.966216
0	0.986486
0	0.371622
0	0.371622
0	0.97973
0	0.371622
0	0.972973
0	0.97973
0	0.97973
0	0.972973
0	0.97973
0	0.959459


