# Persistence diagram <GML/1410.gml>
#
# Dimension   : 1
# Entries     : 49
# Betti number: 42
0.0441176	inf
0.0441176	inf
0.0441176	0.867647
0.0441176	inf
0.0441176	inf
0.0441176	inf
0.0441176	0.882353
0.0441176	inf
0.0441176	0.926471
0.0441176	inf
0.0441176	inf
0.0441176	inf
0.0441176	inf
0.0441176	inf
0.0441176	inf
0.0441176	inf
0.0441176	0.867647
0.0441176	inf
0.0441176	0.897059
0.0441176	inf
0.0441176	inf
0.0441176	0.867647
0.0441176	inf
0.0441176	inf
0.0441176	inf
0.0441176	inf
0.0441176	inf
0.0441176	inf
0.0441176	inf
0.0441176	inf
0.0441176	inf
0.0441176	inf
0.0441176	inf
0.0441176	inf
0.0441176	0.897059
0.0441176	inf
0.0441176	inf
0.0441176	inf
0.0441176	inf
0.0441176	inf
0.867647	inf
0.882353	inf
0.882353	inf
0.882353	inf
0.882353	inf
0.882353	inf
0.941176	inf
0.970588	inf
0.970588	inf
