# Persistence diagram <GML/1413.gml>
#
# Dimension   : 1
# Entries     : 84
# Betti number: 81
0.194245	inf
0.194245	inf
0.194245	inf
0.194245	inf
0.194245	inf
0.194245	inf
0.194245	inf
0.194245	inf
0.194245	inf
0.194245	inf
0.194245	inf
0.194245	inf
0.194245	inf
0.194245	inf
0.194245	inf
0.194245	inf
0.194245	inf
0.194245	inf
0.194245	inf
0.194245	inf
0.194245	inf
0.194245	inf
0.194245	inf
0.194245	inf
0.194245	inf
0.194245	inf
0.194245	inf
0.194245	inf
0.194245	inf
0.194245	inf
0.194245	inf
0.194245	inf
0.194245	0.971223
0.194245	inf
0.194245	inf
0.194245	inf
0.194245	inf
0.194245	inf
0.194245	inf
0.194245	inf
0.194245	inf
0.194245	inf
0.194245	inf
0.194245	inf
0.194245	inf
0.194245	inf
0.194245	inf
0.194245	inf
0.194245	inf
0.194245	inf
0.194245	inf
0.194245	inf
0.194245	inf
0.194245	inf
0.194245	inf
0.194245	inf
0.194245	inf
0.194245	0.920863
0.194245	0.920863
0.194245	inf
0.194245	inf
0.194245	inf
0.194245	inf
0.194245	inf
0.194245	inf
0.194245	inf
0.971223	inf
0.971223	inf
0.971223	inf
0.978417	inf
0.978417	inf
0.978417	inf
0.978417	inf
0.978417	inf
0.978417	inf
0.978417	inf
0.978417	inf
0.985612	inf
0.985612	inf
0.985612	inf
0.985612	inf
0.985612	inf
0.985612	inf
0.985612	inf
