# Persistence diagram <GML/1414.gml>
#
# Dimension   : 1
# Entries     : 89
# Betti number: 83
0.211538	inf
0.211538	inf
0.211538	inf
0.211538	inf
0.211538	inf
0.211538	inf
0.211538	inf
0.211538	inf
0.211538	inf
0.211538	inf
0.211538	inf
0.211538	inf
0.211538	0.942308
0.211538	inf
0.211538	inf
0.211538	inf
0.211538	0.942308
0.211538	inf
0.211538	inf
0.211538	inf
0.211538	0.942308
0.211538	inf
0.211538	inf
0.211538	inf
0.211538	0.942308
0.211538	inf
0.211538	inf
0.211538	0.942308
0.211538	inf
0.211538	inf
0.211538	inf
0.211538	inf
0.211538	inf
0.211538	inf
0.211538	inf
0.211538	0.942308
0.211538	inf
0.211538	inf
0.211538	inf
0.211538	inf
0.211538	inf
0.211538	inf
0.211538	inf
0.855769	inf
0.884615	inf
0.884615	inf
0.903846	inf
0.923077	inf
0.923077	inf
0.923077	inf
0.923077	inf
0.923077	inf
0.923077	inf
0.923077	inf
0.923077	inf
0.923077	inf
0.923077	inf
0.923077	inf
0.923077	inf
0.923077	inf
0.923077	inf
0.923077	inf
0.923077	inf
0.923077	inf
0.942308	inf
0.951923	inf
0.951923	inf
0.951923	inf
0.951923	inf
0.961538	inf
0.961538	inf
0.961538	inf
0.961538	inf
0.961538	inf
0.961538	inf
0.961538	inf
0.961538	inf
0.961538	inf
0.961538	inf
0.961538	inf
0.971154	inf
0.971154	inf
0.971154	inf
0.971154	inf
0.971154	inf
0.980769	inf
0.980769	inf
0.980769	inf
0.980769	inf
