# Persistence diagram <GML/1415.gml>
#
# Dimension   : 0
# Entries     : 234
# Betti number: 1
0	inf
0	0.981651
0	0.853211
0	0.944954
0	0.963303
0	0.954128
0	0.93578
0	0.972477
0	0.954128
0	0.981651
0	0.899083
0	0.963303
0	0.963303
0	0.981651
0	0.972477
0	0.963303
0	0.972477
0	0.954128
0	0.770642
0	0.944954
0	0.944954
0	0.853211
0	0.963303
0	0.972477
0	0.981651
0	0.954128
0	0.963303
0	0.93578
0	0.981651
0	0.93578
0	0.963303
0	0.944954
0	0.770642
0	0.926606
0	0.899083
0	0.93578
0	0.954128
0	0.926606
0	0.954128
0	0.908257
0	0.926606
0	0.954128
0	0.972477
0	0.981651
0	0.972477
0	0.981651
0	0.954128
0	0.770642
0	0.93578
0	0.93578
0	0.853211
0	0.926606
0	0.908257
0	0.963303
0	0.926606
0	0.972477
0	0.926606
0	0.981651
0	0.908257
0	0.972477
0	0.963303
0	0.972477
0	0.954128
0	0.963303
0	0.972477
0	0.963303
0	0.954128
0	0.770642
0	0.93578
0	0.963303
0	0.972477
0	0.972477
0	0.926606
0	0.899083
0	0.981651
0	0.926606
0	0.93578
0	0.93578
0	0.972477
0	0.963303
0	0.954128
0	0.770642
0	0.981651
0	0.944954
0	0.93578
0	0.853211
0	0.944954
0	0.972477
0	0.944954
0	0.954128
0	0.944954
0	0.981651
0	0.944954
0	0.972477
0	0.963303
0	0.972477
0	0.926606
0	0.770642
0	0.954128
0	0.908257
0	0.963303
0	0.954128
0	0.981651
0	0.981651
0	0.981651
0	0.981651
0	0.963303
0	0.954128
0	0.963303
0	0.963303
0	0.770642
0	0.972477
0	0.963303
0	0.93578
0	0.981651
0	0.963303
0	0.972477
0	0.770642
0	0.770642
0	0.963303
0	0.853211
0	0.963303
0	0.93578
0	0.899083
0	0.770642
0	0.972477
0	0.93578
0	0.981651
0	0.972477
0	0.963303
0	0.853211
0	0.944954
0	0.954128
0	0.944954
0	0.981651
0	0.853211
0	0.93578
0	0.926606
0	0.899083
0	0.926606
0	0.981651
0	0.972477
0	0.954128
0	0.963303
0	0.926606
0	0.944954
0	0.981651
0	0.853211
0	0.853211
0	0.972477
0	0.954128
0	0.981651
0	0.981651
0	0.972477
0	0.972477
0	0.954128
0	0.981651
0	0.981651
0	0.926606
0	0.981651
0	0.770642
0	0.954128
0	0.972477
0	0.899083
0	0.926606
0	0.972477
0	0.963303
0	0.972477
0	0.981651
0	0.972477
0	0.972477
0	0.926606
0	0.770642
0	0.770642
0	0.972477
0	0.972477
0	0.853211
0	0.908257
0	0.944954
0	0.981651
0	0.93578
0	0.770642
0	0.981651
0	0.963303
0	0.963303
0	0.853211
0	0.972477
0	0.853211
0	0.963303
0	0.963303
0	0.770642
0	0.972477
0	0.972477
0	0.853211
0	0.981651
0	0.963303
0	0.93578
0	0.770642
0	0.926606
0	0.963303
0	0.93578
0	0.972477
0	0.770642
0	0.963303
0	0.981651
0	0.981651
0	0.981651
0	0.926606
0	0.770642
0	0.972477
0	0.981651
0	0.963303
0	0.770642
0	0.853211
0	0.770642
0	0.93578
0	0.981651
0	0.899083
0	0.944954
0	0.944954
0	0.926606
0	0.972477
0	0.944954
0	0.908257
0	0.770642
0	0.981651
0	0.972477
0	0.981651
0	0.963303
0	0.93578
0	0.981651
0	0.93578
0	0.770642
0	0.93578


