# Persistence diagram <GML/1416.gml>
#
# Dimension   : 0
# Entries     : 118
# Betti number: 11
0	inf
0	inf
0	0.991111
0	0.991111
0	0.982222
0	0.991111
0	0.968889
0	0.991111
0	0.973333
0	inf
0	inf
0	0.991111
0	0.982222
0	0.973333
0	0.955556
0	inf
0	0.991111
0	0.991111
0	0.96
0	0.973333
0	inf
0	0.968889
0	inf
0	0.986667
0	0.982222
0	0.991111
0	0.991111
0	0.986667
0	0.964444
0	0.995556
0	0.955556
0	0.995556
0	0.991111
0	0.991111
0	0.964444
0	0.973333
0	0.986667
0	0.991111
0	0.991111
0	0.973333
0	0.964444
0	0.977778
0	0.96
0	0.955556
0	0.982222
0	inf
0	0.982222
0	0.977778
0	0.982222
0	inf
0	0.96
0	0.991111
0	0.973333
0	0.991111
0	0.991111
0	0.973333
0	0.986667
0	0.955556
0	0.991111
0	0.995556
0	0.982222
0	inf
0	0.995556
0	0.964444
0	0.991111
0	0.991111
0	0.955556
0	0.982222
0	0.982222
0	0.955556
0	0.991111
0	0.982222
0	0.986667
0	0.986667
0	0.977778
0	0.982222
0	0.986667
0	0.977778
0	0.964444
0	0.991111
0	0.955556
0	0.96
0	0.982222
0	0.986667
0	0.96
0	inf
0	0.982222
0	0.986667
0	0.955556
0	0.973333
0	0.991111
0	0.968889
0	0.991111
0	0.991111
0	0.968889
0	0.991111
0	0.991111
0	0.986667
0	0.968889
0	0.973333
0	0.955556
0	0.955556
0	0.986667
0	0.991111
0	0.991111
0	0.977778
0	0.991111
0	0.96
0	0.96
0	0.973333
0	0.982222
0	0.991111
0	0.995556
0	0.982222
0	0.96
0	0.973333
0	0.986667
0	0.968889


