# Persistence diagram <GML/1417.gml>
#
# Dimension   : 0
# Entries     : 227
# Betti number: 3
0	inf
0	0.983333
0	0.961111
0	0.927778
0	0.927778
0	0.905556
0	0.922222
0	0.983333
0	0.988889
0	0.9
0	0.905556
0	inf
0	0.955556
0	0.905556
0	0.988889
0	0.977778
0	0.955556
0	0.988889
0	0.972222
0	0.933333
0	0.9
0	0.972222
0	0.933333
0	0.9
0	0.977778
0	0.977778
0	0.972222
0	0.933333
0	0.933333
0	0.933333
0	0.988889
0	0.988889
0	0.988889
0	0.905556
0	0.972222
0	0.983333
0	0.955556
0	0.988889
0	0.961111
0	0.988889
0	0.977778
0	0.983333
0	0.933333
0	0.983333
0	0.988889
0	0.988889
0	0.983333
0	0.983333
0	0.988889
0	0.966667
0	0.983333
0	0.905556
0	0.983333
0	0.905556
0	0.988889
0	0.988889
0	0.983333
0	0.922222
0	0.983333
0	0.983333
0	0.905556
0	0.972222
0	0.983333
0	0.988889
0	0.977778
0	0.933333
0	0.922222
0	0.983333
0	0.988889
0	0.905556
0	0.977778
0	0.933333
0	0.9
0	0.983333
0	0.988889
0	0.9
0	0.9
0	0.983333
0	0.922222
0	0.955556
0	inf
0	0.933333
0	0.961111
0	0.933333
0	0.955556
0	0.933333
0	0.972222
0	0.977778
0	0.955556
0	0.9
0	0.983333
0	0.955556
0	0.983333
0	0.922222
0	0.905556
0	0.966667
0	0.927778
0	0.966667
0	0.927778
0	0.961111
0	0.922222
0	0.927778
0	0.966667
0	0.905556
0	0.933333
0	0.955556
0	0.988889
0	0.9
0	0.922222
0	0.977778
0	0.983333
0	0.988889
0	0.955556
0	0.922222
0	0.9
0	0.983333
0	0.961111
0	0.9
0	0.933333
0	0.988889
0	0.988889
0	0.977778
0	0.9
0	0.905556
0	0.988889
0	0.955556
0	0.955556
0	0.972222
0	0.972222
0	0.983333
0	0.961111
0	0.983333
0	0.977778
0	0.905556
0	0.961111
0	0.927778
0	0.961111
0	0.988889
0	0.961111
0	0.922222
0	0.983333
0	0.988889
0	0.961111
0	0.905556
0	0.961111
0	0.983333
0	0.988889
0	0.961111
0	0.961111
0	0.933333
0	0.9
0	0.972222
0	0.961111
0	0.983333
0	0.988889
0	0.905556
0	0.9
0	0.988889
0	0.988889
0	0.977778
0	0.988889
0	0.966667
0	0.983333
0	0.966667
0	0.977778
0	0.961111
0	0.983333
0	0.927778
0	0.977778
0	0.983333
0	0.905556
0	0.988889
0	0.933333
0	0.955556
0	0.972222
0	0.961111
0	0.988889
0	0.972222
0	0.927778
0	0.972222
0	0.961111
0	0.988889
0	0.988889
0	0.988889
0	0.972222
0	0.933333
0	0.922222
0	0.955556
0	0.933333
0	0.988889
0	0.972222
0	0.983333
0	0.9
0	0.933333
0	0.983333
0	0.955556
0	0.988889
0	0.933333
0	0.927778
0	0.977778
0	0.927778
0	0.922222
0	0.988889
0	0.961111
0	0.988889
0	0.905556
0	0.966667
0	0.922222
0	0.988889
0	0.966667
0	0.933333
0	0.983333
0	0.983333
0	0.988889
0	0.988889
0	0.983333
0	0.988889
0	0.988889
0	0.988889
0	0.9
0	0.983333
0	0.927778
0	0.961111
0	0.972222
0	0.927778
0	0.977778
0	0.988889


