# Persistence diagram <GML/1423.gml>
#
# Dimension   : 0
# Entries     : 56
# Betti number: 2
0	inf
0	0.911111
0	0.8
0	0.955556
0	0.955556
0	0.955556
0	0.955556
0	0.888889
0	0.933333
0	0.8
0	0.911111
0	0.888889
0	inf
0	0.955556
0	0.955556
0	0.888889
0	0.933333
0	0.933333
0	0.955556
0	0.933333
0	0.955556
0	0.911111
0	0.844444
0	0.955556
0	0.955556
0	0.844444
0	0.911111
0	0.955556
0	0.955556
0	0.911111
0	0.911111
0	0.955556
0	0.955556
0	0.955556
0	0.911111
0	0.8
0	0.911111
0	0.8
0	0.844444
0	0.955556
0	0.955556
0	0.8
0	0.955556
0	0.955556
0	0.933333
0	0.8
0	0.955556
0	0.888889
0	0.955556
0	0.955556
0	0.933333
0	0.955556
0	0.933333
0	0.955556
0	0.955556
0	0.933333


