# Persistence diagram <GML/1425.gml>
#
# Dimension   : 1
# Entries     : 60
# Betti number: 59
0.103448	inf
0.103448	inf
0.103448	inf
0.103448	inf
0.103448	inf
0.103448	0.896552
0.103448	inf
0.103448	inf
0.103448	inf
0.103448	inf
0.103448	inf
0.103448	inf
0.103448	inf
0.103448	inf
0.103448	inf
0.103448	inf
0.103448	inf
0.103448	inf
0.103448	inf
0.103448	inf
0.103448	inf
0.103448	inf
0.103448	inf
0.103448	inf
0.885057	inf
0.885057	inf
0.885057	inf
0.885057	inf
0.885057	inf
0.91954	inf
0.931034	inf
0.931034	inf
0.931034	inf
0.942529	inf
0.942529	inf
0.942529	inf
0.942529	inf
0.942529	inf
0.954023	inf
0.954023	inf
0.954023	inf
0.954023	inf
0.954023	inf
0.954023	inf
0.954023	inf
0.954023	inf
0.965517	inf
0.965517	inf
0.965517	inf
0.965517	inf
0.965517	inf
0.965517	inf
0.965517	inf
0.965517	inf
0.965517	inf
0.977011	inf
0.977011	inf
0.977011	inf
0.977011	inf
0.977011	inf
