# Persistence diagram <GML/1426.gml>
#
# Dimension   : 1
# Entries     : 51
# Betti number: 49
0.112903	inf
0.112903	inf
0.112903	inf
0.112903	inf
0.112903	inf
0.112903	inf
0.112903	inf
0.112903	inf
0.112903	inf
0.112903	inf
0.112903	inf
0.112903	inf
0.112903	inf
0.112903	inf
0.112903	inf
0.112903	inf
0.112903	inf
0.112903	inf
0.112903	inf
0.112903	inf
0.112903	inf
0.112903	inf
0.112903	inf
0.112903	inf
0.112903	inf
0.112903	inf
0.112903	inf
0.112903	inf
0.112903	inf
0.112903	inf
0.112903	inf
0.112903	0.903226
0.112903	inf
0.112903	inf
0.112903	inf
0.112903	inf
0.112903	inf
0.112903	inf
0.112903	inf
0.112903	inf
0.112903	inf
0.112903	inf
0.112903	0.903226
0.112903	inf
0.112903	inf
0.112903	inf
0.112903	inf
0.112903	inf
0.112903	inf
0.112903	inf
0.112903	inf
