# Persistence diagram <GML/1428.gml>
#
# Dimension   : 0
# Entries     : 261
# Betti number: 1
0	inf
0	0.970588
0	0.977941
0	0.977941
0	0.970588
0	0.463235
0	0.948529
0	0.955882
0	0.977941
0	0.985294
0	0.948529
0	0.463235
0	0.977941
0	0.941176
0	0.970588
0	0.948529
0	0.977941
0	0.963235
0	0.882353
0	0.463235
0	0.985294
0	0.977941
0	0.941176
0	0.463235
0	0.970588
0	0.955882
0	0.955882
0	0.977941
0	0.463235
0	0.970588
0	0.882353
0	0.970588
0	0.970588
0	0.977941
0	0.955882
0	0.963235
0	0.955882
0	0.977941
0	0.463235
0	0.463235
0	0.977941
0	0.977941
0	0.955882
0	0.963235
0	0.463235
0	0.955882
0	0.955882
0	0.463235
0	0.977941
0	0.985294
0	0.963235
0	0.970588
0	0.941176
0	0.963235
0	0.977941
0	0.970588
0	0.970588
0	0.977941
0	0.882353
0	0.463235
0	0.970588
0	0.977941
0	0.970588
0	0.977941
0	0.463235
0	0.955882
0	0.985294
0	0.970588
0	0.977941
0	0.955882
0	0.977941
0	0.963235
0	0.977941
0	0.463235
0	0.882353
0	0.963235
0	0.955882
0	0.985294
0	0.970588
0	0.463235
0	0.985294
0	0.977941
0	0.985294
0	0.970588
0	0.985294
0	0.882353
0	0.970588
0	0.463235
0	0.970588
0	0.970588
0	0.948529
0	0.977941
0	0.970588
0	0.941176
0	0.955882
0	0.977941
0	0.955882
0	0.985294
0	0.463235
0	0.463235
0	0.977941
0	0.977941
0	0.985294
0	0.955882
0	0.463235
0	0.463235
0	0.463235
0	0.463235
0	0.970588
0	0.463235
0	0.970588
0	0.948529
0	0.463235
0	0.955882
0	0.955882
0	0.463235
0	0.985294
0	0.985294
0	0.955882
0	0.463235
0	0.882353
0	0.463235
0	0.948529
0	0.963235
0	0.985294
0	0.955882
0	0.970588
0	0.970588
0	0.977941
0	0.955882
0	0.977941
0	0.463235
0	0.963235
0	0.955882
0	0.955882
0	0.977941
0	0.882353
0	0.963235
0	0.977941
0	0.941176
0	0.985294
0	0.970588
0	0.882353
0	0.955882
0	0.977941
0	0.985294
0	0.985294
0	0.463235
0	0.463235
0	0.970588
0	0.463235
0	0.970588
0	0.970588
0	0.463235
0	0.882353
0	0.977941
0	0.463235
0	0.970588
0	0.985294
0	0.955882
0	0.970588
0	0.977941
0	0.463235
0	0.955882
0	0.970588
0	0.985294
0	0.948529
0	0.970588
0	0.882353
0	0.977941
0	0.977941
0	0.463235
0	0.970588
0	0.882353
0	0.970588
0	0.955882
0	0.955882
0	0.948529
0	0.970588
0	0.977941
0	0.985294
0	0.985294
0	0.463235
0	0.977941
0	0.970588
0	0.463235
0	0.955882
0	0.941176
0	0.977941
0	0.977941
0	0.955882
0	0.955882
0	0.463235
0	0.955882
0	0.985294
0	0.941176
0	0.963235
0	0.963235
0	0.948529
0	0.955882
0	0.463235
0	0.963235
0	0.985294
0	0.463235
0	0.941176
0	0.463235
0	0.463235
0	0.985294
0	0.970588
0	0.985294
0	0.941176
0	0.463235
0	0.985294
0	0.948529
0	0.985294
0	0.955882
0	0.963235
0	0.970588
0	0.985294
0	0.941176
0	0.985294
0	0.963235
0	0.948529
0	0.463235
0	0.985294
0	0.955882
0	0.985294
0	0.463235
0	0.882353
0	0.463235
0	0.955882
0	0.463235
0	0.955882
0	0.955882
0	0.955882
0	0.463235
0	0.970588
0	0.985294
0	0.463235
0	0.955882
0	0.463235
0	0.941176
0	0.463235
0	0.882353
0	0.948529
0	0.970588
0	0.941176
0	0.955882
0	0.963235
0	0.963235
0	0.963235
0	0.970588
0	0.977941
0	0.977941
0	0.463235
0	0.955882
0	0.463235
0	0.463235
0	0.970588
0	0.977941
0	0.970588


