# Persistence diagram <GML/1438.gml>
#
# Dimension   : 0
# Entries     : 96
# Betti number: 1
0	inf
0	0.985437
0	0.990291
0	0.980583
0	0.980583
0	0.281553
0	0.985437
0	0.281553
0	0.281553
0	0.985437
0	0.990291
0	0.975728
0	0.985437
0	0.985437
0	0.281553
0	0.990291
0	0.281553
0	0.281553
0	0.970874
0	0.281553
0	0.281553
0	0.980583
0	0.985437
0	0.281553
0	0.961165
0	0.281553
0	0.985437
0	0.975728
0	0.985437
0	0.281553
0	0.980583
0	0.281553
0	0.281553
0	0.281553
0	0.990291
0	0.281553
0	0.990291
0	0.985437
0	0.281553
0	0.985437
0	0.281553
0	0.985437
0	0.970874
0	0.281553
0	0.985437
0	0.281553
0	0.281553
0	0.990291
0	0.975728
0	0.281553
0	0.961165
0	0.990291
0	0.980583
0	0.985437
0	0.961165
0	0.961165
0	0.985437
0	0.970874
0	0.985437
0	0.281553
0	0.281553
0	0.985437
0	0.980583
0	0.281553
0	0.281553
0	0.281553
0	0.975728
0	0.985437
0	0.281553
0	0.281553
0	0.985437
0	0.985437
0	0.975728
0	0.980583
0	0.281553
0	0.990291
0	0.990291
0	0.281553
0	0.980583
0	0.281553
0	0.980583
0	0.281553
0	0.970874
0	0.985437
0	0.990291
0	0.281553
0	0.985437
0	0.990291
0	0.281553
0	0.975728
0	0.961165
0	0.990291
0	0.281553
0	0.281553
0	0.980583
0	0.281553


