# Persistence diagram <GML/1439.gml>
#
# Dimension   : 0
# Entries     : 306
# Betti number: 4
0	inf
0	0.884058
0	0.898551
0	0.84058
0	0.913043
0	0.782609
0	0.956522
0	0.942029
0	0.971014
0	0.942029
0	0.913043
0	0.797101
0	0.869565
0	0.797101
0	0.797101
0	0.869565
0	0.782609
0	0.942029
0	0.971014
0	0.898551
0	0.869565
0	0.913043
0	0.797101
0	0.942029
0	0.898551
0	0.811594
0	0.913043
0	0.942029
0	0.971014
0	0.942029
0	0.724638
0	0.942029
0	0.797101
0	0.869565
0	0.942029
0	0.942029
0	0.782609
0	0.942029
0	0.855072
0	0.913043
0	0.927536
0	0.811594
0	0.84058
0	0.811594
0	0.942029
0	0.869565
0	0.782609
0	0.971014
0	inf
0	0.811594
0	0.956522
0	0.782609
0	0.913043
0	0.811594
0	0.913043
0	0.898551
0	0.898551
0	0.869565
0	0.956522
0	0.927536
0	0.927536
0	0.927536
0	0.942029
0	0.826087
0	0.927536
0	0.971014
0	0.913043
0	0.811594
0	0.84058
0	0.956522
0	0.797101
0	0.811594
0	0.942029
0	0.956522
0	0.942029
0	0.724638
0	0.797101
0	0.826087
0	0.811594
0	0.884058
0	0.782609
0	0.956522
0	0.956522
0	0.913043
0	0.971014
0	0.826087
0	0.942029
0	0.913043
0	0.898551
0	0.971014
0	0.985507
0	0.927536
0	0.942029
0	0.927536
0	0.898551
0	0.942029
0	0.942029
0	0.927536
0	0.956522
0	0.826087
0	0.84058
0	0.826087
0	0.956522
0	0.927536
0	0.942029
0	0.927536
0	0.942029
0	0.956522
0	0.927536
0	0.898551
0	0.869565
0	0.913043
0	0.884058
0	0.971014
0	0.942029
0	0.927536
0	0.927536
0	inf
0	0.971014
0	0.855072
0	0.898551
0	0.942029
0	0.724638
0	0.971014
0	0.927536
0	0.884058
0	0.971014
0	0.971014
0	0.913043
0	0.84058
0	0.956522
0	0.956522
0	0.782609
0	0.942029
0	0.971014
0	0.942029
0	0.724638
0	0.797101
0	0.884058
0	0.971014
0	0.956522
0	0.782609
0	0.869565
0	0.971014
0	0.971014
0	0.724638
0	0.956522
0	0.942029
0	0.869565
0	0.724638
0	0.884058
0	0.971014
0	0.942029
0	0.797101
0	0.942029
0	0.884058
0	0.971014
0	0.724638
0	0.884058
0	0.956522
0	0.971014
0	0.971014
0	0.942029
0	0.942029
0	0.724638
0	0.782609
0	0.971014
0	0.927536
0	0.913043
0	0.811594
0	0.942029
0	0.927536
0	0.942029
0	0.913043
0	0.956522
0	0.942029
0	0.942029
0	0.971014
0	0.971014
0	0.724638
0	0.84058
0	0.855072
0	0.913043
0	0.855072
0	0.869565
0	0.797101
0	0.927536
0	0.942029
0	0.724638
0	0.855072
0	0.942029
0	0.971014
0	0.724638
0	0.942029
0	0.956522
0	0.927536
0	0.956522
0	0.927536
0	0.942029
0	0.869565
0	0.956522
0	0.942029
0	0.855072
0	0.913043
0	0.956522
0	0.956522
0	0.971014
0	0.971014
0	0.855072
0	0.898551
0	0.797101
0	0.927536
0	0.971014
0	0.782609
0	0.724638
0	0.927536
0	0.942029
0	0.884058
0	0.898551
0	0.913043
0	0.956522
0	0.971014
0	0.942029
0	0.942029
0	0.942029
0	0.898551
0	0.724638
0	0.971014
0	0.782609
0	0.942029
0	0.782609
0	0.855072
0	0.927536
0	0.855072
0	0.942029
0	0.956522
0	0.884058
0	0.797101
0	0.826087
0	0.884058
0	0.884058
0	0.797101
0	0.898551
0	inf
0	0.84058
0	0.724638
0	0.913043
0	0.898551
0	0.956522
0	0.942029
0	0.884058
0	0.782609
0	0.898551
0	0.884058
0	0.898551
0	0.956522
0	0.942029
0	0.855072
0	0.942029
0	0.927536
0	0.884058
0	0.884058
0	0.855072
0	0.942029
0	0.971014
0	0.884058
0	0.942029
0	0.826087
0	0.942029
0	0.971014
0	0.927536
0	0.724638
0	0.913043
0	0.782609
0	0.855072
0	0.956522
0	0.782609
0	0.942029
0	0.956522
0	0.971014
0	0.84058
0	0.826087
0	0.942029
0	0.884058
0	0.869565
0	0.724638
0	0.927536
0	0.942029
0	0.811594
0	0.985507
0	0.724638
0	0.898551
0	0.942029
0	0.869565
0	0.927536
0	0.971014
0	0.724638
0	0.855072
0	0.913043
0	0.942029
0	0.898551
0	0.971014
0	0.724638
0	0.826087
0	0.869565
0	0.942029


