# Persistence diagram <GML/1441.gml>
#
# Dimension   : 0
# Entries     : 169
# Betti number: 1
0	inf
0	0.943262
0	0.943262
0	0.950355
0	0.978723
0	0.978723
0	0.971631
0	0.971631
0	0.964539
0	0.978723
0	0.0567376
0	0.950355
0	0.978723
0	0.964539
0	0.985816
0	0.985816
0	0.0567376
0	0.985816
0	0.943262
0	0.985816
0	0.971631
0	0.0567376
0	0.978723
0	0.0567376
0	0.971631
0	0.985816
0	0.985816
0	0.0567376
0	0.985816
0	0.0567376
0	0.0567376
0	0.971631
0	0.985816
0	0.0567376
0	0.0567376
0	0.971631
0	0.950355
0	0.985816
0	0.971631
0	0.0567376
0	0.0567376
0	0.950355
0	0.971631
0	0.971631
0	0.978723
0	0.0567376
0	0.0567376
0	0.0567376
0	0.0567376
0	0.0567376
0	0.0567376
0	0.964539
0	0.0567376
0	0.0567376
0	0.0567376
0	0.0567376
0	0.985816
0	0.985816
0	0.985816
0	0.0567376
0	0.978723
0	0.950355
0	0.978723
0	0.0567376
0	0.978723
0	0.978723
0	0.978723
0	0.978723
0	0.964539
0	0.0567376
0	0.0567376
0	0.0567376
0	0.971631
0	0.964539
0	0.0567376
0	0.943262
0	0.985816
0	0.0567376
0	0.971631
0	0.971631
0	0.0567376
0	0.0567376
0	0.971631
0	0.0567376
0	0.0567376
0	0.964539
0	0.0567376
0	0.971631
0	0.978723
0	0.0567376
0	0.0567376
0	0.0567376
0	0.985816
0	0.0567376
0	0.964539
0	0.0567376
0	0.0567376
0	0.978723
0	0.964539
0	0.971631
0	0.985816
0	0.0567376
0	0.0567376
0	0.957447
0	0.0567376
0	0.0567376
0	0.985816
0	0.0567376
0	0.0567376
0	0.943262
0	0.985816
0	0.985816
0	0.964539
0	0.0567376
0	0.0567376
0	0.985816
0	0.0567376
0	0.0567376
0	0.0567376
0	0.0567376
0	0.971631
0	0.0567376
0	0.0567376
0	0.978723
0	0.985816
0	0.978723
0	0.985816
0	0.0567376
0	0.964539
0	0.0567376
0	0.985816
0	0.0567376
0	0.978723
0	0.964539
0	0.0567376
0	0.0567376
0	0.957447
0	0.985816
0	0.978723
0	0.978723
0	0.971631
0	0.0567376
0	0.0567376
0	0.0567376
0	0.0567376
0	0.0567376
0	0.978723
0	0.957447
0	0.0567376
0	0.950355
0	0.0567376
0	0.957447
0	0.971631
0	0.985816
0	0.0567376
0	0.0567376
0	0.971631
0	0.950355
0	0.0567376
0	0.985816
0	0.0567376
0	0.985816
0	0.985816
0	0.0567376
0	0.964539
0	0.985816
0	0.978723
0	0.971631
0	0.971631


