# Persistence diagram <GML/1447.gml>
#
# Dimension   : 0
# Entries     : 110
# Betti number: 1
0	inf
0	0.918033
0	0.344262
0	0.909836
0	0.95082
0	0.344262
0	0.344262
0	0.942623
0	0.344262
0	0.983607
0	0.959016
0	0.344262
0	0.95082
0	0.344262
0	0.918033
0	0.918033
0	0.983607
0	0.95082
0	0.92623
0	0.942623
0	0.344262
0	0.344262
0	0.344262
0	0.95082
0	0.909836
0	0.344262
0	0.92623
0	0.344262
0	0.344262
0	0.95082
0	0.344262
0	0.344262
0	0.344262
0	0.344262
0	0.344262
0	0.942623
0	0.95082
0	0.97541
0	0.918033
0	0.344262
0	0.983607
0	0.942623
0	0.344262
0	0.967213
0	0.942623
0	0.344262
0	0.344262
0	0.983607
0	0.344262
0	0.967213
0	0.97541
0	0.344262
0	0.344262
0	0.344262
0	0.95082
0	0.344262
0	0.942623
0	0.344262
0	0.344262
0	0.97541
0	0.918033
0	0.942623
0	0.344262
0	0.344262
0	0.942623
0	0.344262
0	0.344262
0	0.967213
0	0.918033
0	0.344262
0	0.344262
0	0.967213
0	0.344262
0	0.344262
0	0.918033
0	0.918033
0	0.909836
0	0.967213
0	0.967213
0	0.967213
0	0.918033
0	0.967213
0	0.95082
0	0.344262
0	0.97541
0	0.344262
0	0.983607
0	0.918033
0	0.97541
0	0.983607
0	0.344262
0	0.344262
0	0.967213
0	0.344262
0	0.344262
0	0.344262
0	0.92623
0	0.967213
0	0.344262
0	0.967213
0	0.92623
0	0.967213
0	0.344262
0	0.344262
0	0.344262
0	0.967213
0	0.95082
0	0.967213
0	0.97541
0	0.959016


