# Persistence diagram <GML/1450.gml>
#
# Dimension   : 1
# Entries     : 36
# Betti number: 33
0.516484	inf
0.516484	inf
0.516484	inf
0.516484	inf
0.516484	inf
0.516484	inf
0.516484	inf
0.516484	0.912088
0.516484	0.912088
0.516484	0.950549
0.516484	inf
0.516484	inf
0.516484	inf
0.516484	inf
0.516484	inf
0.516484	inf
0.516484	inf
0.516484	inf
0.516484	inf
0.516484	inf
0.516484	inf
0.516484	inf
0.972527	inf
0.972527	inf
0.972527	inf
0.978022	inf
0.978022	inf
0.978022	inf
0.983516	inf
0.983516	inf
0.983516	inf
0.983516	inf
0.983516	inf
0.983516	inf
0.989011	inf
0.989011	inf
