# Persistence diagram <GML/1453.gml>
#
# Dimension   : 0
# Entries     : 172
# Betti number: 1
0	inf
0	0.983516
0	0.989011
0	0.978022
0	0.972527
0	0.983516
0	0.983516
0	0.983516
0	0.461538
0	0.978022
0	0.461538
0	0.989011
0	0.978022
0	0.983516
0	0.461538
0	0.983516
0	0.983516
0	0.989011
0	0.989011
0	0.956044
0	0.461538
0	0.461538
0	0.989011
0	0.989011
0	0.989011
0	0.983516
0	0.983516
0	0.983516
0	0.989011
0	0.461538
0	0.989011
0	0.989011
0	0.956044
0	0.989011
0	0.989011
0	0.978022
0	0.983516
0	0.983516
0	0.461538
0	0.989011
0	0.983516
0	0.978022
0	0.461538
0	0.983516
0	0.989011
0	0.978022
0	0.983516
0	0.989011
0	0.989011
0	0.989011
0	0.983516
0	0.989011
0	0.983516
0	0.983516
0	0.972527
0	0.461538
0	0.989011
0	0.461538
0	0.989011
0	0.978022
0	0.989011
0	0.989011
0	0.967033
0	0.983516
0	0.989011
0	0.972527
0	0.983516
0	0.978022
0	0.461538
0	0.983516
0	0.978022
0	0.983516
0	0.983516
0	0.978022
0	0.989011
0	0.956044
0	0.978022
0	0.978022
0	0.972527
0	0.983516
0	0.989011
0	0.989011
0	0.989011
0	0.989011
0	0.978022
0	0.972527
0	0.989011
0	0.983516
0	0.978022
0	0.978022
0	0.989011
0	0.989011
0	0.983516
0	0.967033
0	0.956044
0	0.983516
0	0.989011
0	0.989011
0	0.983516
0	0.983516
0	0.989011
0	0.983516
0	0.983516
0	0.978022
0	0.978022
0	0.983516
0	0.989011
0	0.461538
0	0.989011
0	0.983516
0	0.461538
0	0.967033
0	0.967033
0	0.978022
0	0.972527
0	0.461538
0	0.978022
0	0.983516
0	0.983516
0	0.967033
0	0.978022
0	0.983516
0	0.989011
0	0.989011
0	0.978022
0	0.989011
0	0.989011
0	0.989011
0	0.967033
0	0.978022
0	0.978022
0	0.983516
0	0.461538
0	0.983516
0	0.461538
0	0.989011
0	0.989011
0	0.983516
0	0.978022
0	0.989011
0	0.978022
0	0.461538
0	0.989011
0	0.989011
0	0.983516
0	0.989011
0	0.983516
0	0.989011
0	0.972527
0	0.461538
0	0.461538
0	0.989011
0	0.461538
0	0.461538
0	0.983516
0	0.461538
0	0.978022
0	0.967033
0	0.978022
0	0.983516
0	0.983516
0	0.978022
0	0.989011
0	0.978022
0	0.989011
0	0.956044
0	0.967033
0	0.989011
0	0.983516
0	0.983516
0	0.983516
0	0.989011


