# Persistence diagram <GML/1454.gml>
#
# Dimension   : 1
# Entries     : 106
# Betti number: 106
0.502488	inf
0.502488	inf
0.502488	inf
0.502488	inf
0.502488	inf
0.502488	inf
0.502488	inf
0.502488	inf
0.502488	inf
0.502488	inf
0.502488	inf
0.502488	inf
0.502488	inf
0.502488	inf
0.502488	inf
0.502488	inf
0.502488	inf
0.502488	inf
0.502488	inf
0.502488	inf
0.502488	inf
0.502488	inf
0.502488	inf
0.502488	inf
0.502488	inf
0.502488	inf
0.502488	inf
0.502488	inf
0.502488	inf
0.502488	inf
0.502488	inf
0.502488	inf
0.502488	inf
0.502488	inf
0.502488	inf
0.502488	inf
0.502488	inf
0.502488	inf
0.502488	inf
0.502488	inf
0.502488	inf
0.502488	inf
0.502488	inf
0.502488	inf
0.502488	inf
0.502488	inf
0.502488	inf
0.502488	inf
0.502488	inf
0.502488	inf
0.502488	inf
0.502488	inf
0.502488	inf
0.502488	inf
0.502488	inf
0.502488	inf
0.502488	inf
0.502488	inf
0.502488	inf
0.502488	inf
0.502488	inf
0.502488	inf
0.502488	inf
0.502488	inf
0.502488	inf
0.502488	inf
0.502488	inf
0.502488	inf
0.502488	inf
0.502488	inf
0.502488	inf
0.502488	inf
0.502488	inf
0.502488	inf
0.502488	inf
0.502488	inf
0.502488	inf
0.502488	inf
0.502488	inf
0.502488	inf
0.502488	inf
0.502488	inf
0.502488	inf
0.502488	inf
0.502488	inf
0.502488	inf
0.502488	inf
0.502488	inf
0.502488	inf
0.502488	inf
0.960199	inf
0.970149	inf
0.9801	inf
0.9801	inf
0.9801	inf
0.9801	inf
0.985075	inf
0.985075	inf
0.985075	inf
0.985075	inf
0.985075	inf
0.985075	inf
0.99005	inf
0.99005	inf
0.99005	inf
0.99005	inf
