# Persistence diagram <GML/1456.gml>
#
# Dimension   : 1
# Entries     : 59
# Betti number: 59
0.028169	inf
0.028169	inf
0.028169	inf
0.028169	inf
0.028169	inf
0.028169	inf
0.028169	inf
0.028169	inf
0.028169	inf
0.028169	inf
0.028169	inf
0.028169	inf
0.028169	inf
0.028169	inf
0.028169	inf
0.028169	inf
0.028169	inf
0.028169	inf
0.028169	inf
0.028169	inf
0.028169	inf
0.028169	inf
0.028169	inf
0.028169	inf
0.028169	inf
0.028169	inf
0.028169	inf
0.028169	inf
0.028169	inf
0.028169	inf
0.028169	inf
0.028169	inf
0.028169	inf
0.028169	inf
0.901408	inf
0.901408	inf
0.901408	inf
0.901408	inf
0.915493	inf
0.915493	inf
0.915493	inf
0.915493	inf
0.929577	inf
0.929577	inf
0.929577	inf
0.943662	inf
0.943662	inf
0.943662	inf
0.943662	inf
0.943662	inf
0.943662	inf
0.957746	inf
0.957746	inf
0.957746	inf
0.957746	inf
0.957746	inf
0.971831	inf
0.971831	inf
0.971831	inf
