# Persistence diagram <GML/1458.gml>
#
# Dimension   : 0
# Entries     : 190
# Betti number: 1
0	inf
0	0.985437
0	0.912621
0	0.990291
0	0.970874
0	0.980583
0	0.985437
0	0.970874
0	0.975728
0	0.980583
0	0.985437
0	0.980583
0	0.970874
0	0.966019
0	0.839806
0	0.936893
0	0.975728
0	0.912621
0	0.985437
0	0.936893
0	0.990291
0	0.985437
0	0.912621
0	0.912621
0	0.912621
0	0.966019
0	0.839806
0	0.985437
0	0.912621
0	0.970874
0	0.990291
0	0.975728
0	0.985437
0	0.985437
0	0.990291
0	0.970874
0	0.961165
0	0.990291
0	0.990291
0	0.980583
0	0.970874
0	0.985437
0	0.985437
0	0.970874
0	0.961165
0	0.985437
0	0.990291
0	0.990291
0	0.980583
0	0.839806
0	0.966019
0	0.839806
0	0.985437
0	0.985437
0	0.970874
0	0.970874
0	0.946602
0	0.946602
0	0.990291
0	0.990291
0	0.912621
0	0.990291
0	0.990291
0	0.975728
0	0.970874
0	0.990291
0	0.985437
0	0.961165
0	0.970874
0	0.839806
0	0.980583
0	0.970874
0	0.985437
0	0.990291
0	0.985437
0	0.980583
0	0.975728
0	0.985437
0	0.980583
0	0.839806
0	0.970874
0	0.990291
0	0.961165
0	0.985437
0	0.970874
0	0.970874
0	0.970874
0	0.839806
0	0.990291
0	0.961165
0	0.839806
0	0.961165
0	0.912621
0	0.980583
0	0.961165
0	0.985437
0	0.936893
0	0.936893
0	0.961165
0	0.966019
0	0.985437
0	0.975728
0	0.936893
0	0.912621
0	0.839806
0	0.980583
0	0.946602
0	0.990291
0	0.985437
0	0.839806
0	0.961165
0	0.990291
0	0.839806
0	0.912621
0	0.970874
0	0.912621
0	0.985437
0	0.975728
0	0.990291
0	0.980583
0	0.985437
0	0.990291
0	0.975728
0	0.839806
0	0.966019
0	0.961165
0	0.990291
0	0.912621
0	0.985437
0	0.970874
0	0.990291
0	0.970874
0	0.946602
0	0.936893
0	0.839806
0	0.975728
0	0.961165
0	0.839806
0	0.985437
0	0.936893
0	0.985437
0	0.961165
0	0.990291
0	0.990291
0	0.839806
0	0.980583
0	0.980583
0	0.961165
0	0.839806
0	0.985437
0	0.975728
0	0.990291
0	0.975728
0	0.990291
0	0.961165
0	0.946602
0	0.912621
0	0.985437
0	0.985437
0	0.985437
0	0.912621
0	0.912621
0	0.985437
0	0.990291
0	0.990291
0	0.839806
0	0.961165
0	0.936893
0	0.985437
0	0.970874
0	0.912621
0	0.961165
0	0.946602
0	0.990291
0	0.839806
0	0.966019
0	0.961165
0	0.936893
0	0.980583
0	0.990291
0	0.990291
0	0.990291
0	0.985437
0	0.912621
0	0.980583
0	0.990291
0	0.985437
0	0.990291
0	0.980583
0	0.980583


