# Persistence diagram <GML/1463.gml>
#
# Dimension   : 1
# Entries     : 65
# Betti number: 64
0.26087	inf
0.26087	inf
0.26087	inf
0.26087	inf
0.26087	inf
0.26087	inf
0.26087	inf
0.26087	inf
0.26087	inf
0.26087	inf
0.26087	inf
0.26087	inf
0.26087	inf
0.26087	inf
0.26087	inf
0.26087	inf
0.26087	inf
0.26087	inf
0.26087	inf
0.26087	inf
0.26087	inf
0.26087	inf
0.26087	inf
0.26087	inf
0.26087	inf
0.26087	inf
0.26087	inf
0.26087	inf
0.26087	inf
0.26087	inf
0.26087	inf
0.26087	0.973913
0.26087	inf
0.26087	inf
0.26087	inf
0.26087	inf
0.26087	inf
0.26087	inf
0.26087	inf
0.26087	inf
0.26087	inf
0.26087	inf
0.26087	inf
0.26087	inf
0.26087	inf
0.26087	inf
0.26087	inf
0.921739	inf
0.930435	inf
0.930435	inf
0.930435	inf
0.930435	inf
0.947826	inf
0.956522	inf
0.973913	inf
0.973913	inf
0.973913	inf
0.973913	inf
0.973913	inf
0.973913	inf
0.982609	inf
0.982609	inf
0.982609	inf
0.982609	inf
0.982609	inf
