# Persistence diagram <GML/1470.gml>
#
# Dimension   : 1
# Entries     : 93
# Betti number: 93
0.525253	inf
0.525253	inf
0.525253	inf
0.525253	inf
0.525253	inf
0.525253	inf
0.525253	inf
0.525253	inf
0.525253	inf
0.525253	inf
0.525253	inf
0.525253	inf
0.525253	inf
0.525253	inf
0.525253	inf
0.525253	inf
0.525253	inf
0.525253	inf
0.525253	inf
0.525253	inf
0.525253	inf
0.525253	inf
0.525253	inf
0.525253	inf
0.525253	inf
0.525253	inf
0.525253	inf
0.525253	inf
0.525253	inf
0.525253	inf
0.525253	inf
0.525253	inf
0.525253	inf
0.525253	inf
0.525253	inf
0.525253	inf
0.525253	inf
0.525253	inf
0.525253	inf
0.525253	inf
0.525253	inf
0.525253	inf
0.525253	inf
0.525253	inf
0.525253	inf
0.525253	inf
0.525253	inf
0.525253	inf
0.525253	inf
0.525253	inf
0.525253	inf
0.525253	inf
0.525253	inf
0.525253	inf
0.525253	inf
0.525253	inf
0.525253	inf
0.525253	inf
0.525253	inf
0.525253	inf
0.525253	inf
0.525253	inf
0.525253	inf
0.525253	inf
0.525253	inf
0.525253	inf
0.525253	inf
0.525253	inf
0.525253	inf
0.525253	inf
0.525253	inf
0.525253	inf
0.525253	inf
0.525253	inf
0.525253	inf
0.525253	inf
0.525253	inf
0.525253	inf
0.525253	inf
0.525253	inf
0.525253	inf
0.525253	inf
0.525253	inf
0.525253	inf
0.525253	inf
0.525253	inf
0.525253	inf
0.984848	inf
0.984848	inf
0.984848	inf
0.989899	inf
0.989899	inf
0.989899	inf
