# Persistence diagram <GML/1474.gml>
#
# Dimension   : 0
# Entries     : 105
# Betti number: 1
0	inf
0	0.96129
0	0.0258065
0	0.0258065
0	0.0258065
0	0.0258065
0	0.96129
0	0.0258065
0	0.0258065
0	0.0258065
0	0.987097
0	0.0258065
0	0.967742
0	0.980645
0	0.967742
0	0.0258065
0	0.0258065
0	0.0258065
0	0.0258065
0	0.974194
0	0.0258065
0	0.0258065
0	0.0258065
0	0.0258065
0	0.974194
0	0.987097
0	0.967742
0	0.0258065
0	0.0258065
0	0.0258065
0	0.0258065
0	0.974194
0	0.974194
0	0.980645
0	0.987097
0	0.987097
0	0.0258065
0	0.96129
0	0.980645
0	0.0258065
0	0.0258065
0	0.96129
0	0.980645
0	0.0258065
0	0.0258065
0	0.0258065
0	0.980645
0	0.0258065
0	0.980645
0	0.967742
0	0.967742
0	0.0258065
0	0.0258065
0	0.974194
0	0.0258065
0	0.974194
0	0.987097
0	0.0258065
0	0.96129
0	0.0258065
0	0.0258065
0	0.0258065
0	0.967742
0	0.0258065
0	0.0258065
0	0.0258065
0	0.980645
0	0.0258065
0	0.96129
0	0.987097
0	0.0258065
0	0.987097
0	0.0258065
0	0.0258065
0	0.0258065
0	0.0258065
0	0.967742
0	0.0258065
0	0.0258065
0	0.0258065
0	0.0258065
0	0.0258065
0	0.987097
0	0.987097
0	0.987097
0	0.0258065
0	0.980645
0	0.987097
0	0.980645
0	0.980645
0	0.980645
0	0.0258065
0	0.96129
0	0.980645
0	0.987097
0	0.96129
0	0.987097
0	0.0258065
0	0.980645
0	0.0258065
0	0.974194
0	0.0258065
0	0.0258065
0	0.96129
0	0.987097


