# Persistence diagram <GML/1480.gml>
#
# Dimension   : 0
# Entries     : 283
# Betti number: 1
0	inf
0	0.956522
0	0.956522
0	0.973913
0	0.982609
0	0.965217
0	0.973913
0	0.973913
0	0.869565
0	0.973913
0	0.973913
0	0.982609
0	0.982609
0	0.982609
0	0.973913
0	0.973913
0	0.973913
0	0.982609
0	0.252174
0	0.973913
0	0.973913
0	0.956522
0	0.965217
0	0.973913
0	0.930435
0	0.973913
0	0.982609
0	0.973913
0	0.973913
0	0.252174
0	0.973913
0	0.252174
0	0.965217
0	0.947826
0	0.973913
0	0.965217
0	0.956522
0	0.973913
0	0.973913
0	0.982609
0	0.973913
0	0.973913
0	0.956522
0	0.973913
0	0.904348
0	0.904348
0	0.982609
0	0.965217
0	0.252174
0	0.252174
0	0.252174
0	0.973913
0	0.965217
0	0.252174
0	0.956522
0	0.973913
0	0.252174
0	0.973913
0	0.973913
0	0.93913
0	0.965217
0	0.982609
0	0.93913
0	0.973913
0	0.956522
0	0.956522
0	0.947826
0	0.982609
0	0.973913
0	0.973913
0	0.965217
0	0.904348
0	0.982609
0	0.252174
0	0.973913
0	0.956522
0	0.973913
0	0.982609
0	0.965217
0	0.252174
0	0.93913
0	0.869565
0	0.965217
0	0.252174
0	0.982609
0	0.973913
0	0.982609
0	0.252174
0	0.956522
0	0.982609
0	0.973913
0	0.973913
0	0.973913
0	0.973913
0	0.904348
0	0.252174
0	0.973913
0	0.956522
0	0.973913
0	0.252174
0	0.930435
0	0.973913
0	0.973913
0	0.252174
0	0.252174
0	0.252174
0	0.973913
0	0.973913
0	0.982609
0	0.982609
0	0.956522
0	0.982609
0	0.956522
0	0.973913
0	0.956522
0	0.956522
0	0.973913
0	0.956522
0	0.965217
0	0.930435
0	0.252174
0	0.965217
0	0.973913
0	0.982609
0	0.252174
0	0.982609
0	0.965217
0	0.982609
0	0.973913
0	0.982609
0	0.973913
0	0.973913
0	0.93913
0	0.973913
0	0.973913
0	0.973913
0	0.956522
0	0.956522
0	0.252174
0	0.965217
0	0.973913
0	0.973913
0	0.965217
0	0.965217
0	0.947826
0	0.973913
0	0.973913
0	0.956522
0	0.956522
0	0.869565
0	0.973913
0	0.973913
0	0.930435
0	0.982609
0	0.252174
0	0.973913
0	0.956522
0	0.982609
0	0.973913
0	0.973913
0	0.93913
0	0.982609
0	0.973913
0	0.965217
0	0.982609
0	0.956522
0	0.973913
0	0.973913
0	0.973913
0	0.973913
0	0.869565
0	0.973913
0	0.965217
0	0.973913
0	0.956522
0	0.904348
0	0.973913
0	0.252174
0	0.973913
0	0.956522
0	0.956522
0	0.973913
0	0.982609
0	0.965217
0	0.982609
0	0.973913
0	0.965217
0	0.252174
0	0.93913
0	0.973913
0	0.973913
0	0.982609
0	0.973913
0	0.965217
0	0.973913
0	0.973913
0	0.973913
0	0.973913
0	0.252174
0	0.947826
0	0.252174
0	0.973913
0	0.252174
0	0.973913
0	0.982609
0	0.252174
0	0.869565
0	0.930435
0	0.982609
0	0.973913
0	0.973913
0	0.965217
0	0.956522
0	0.982609
0	0.973913
0	0.973913
0	0.252174
0	0.252174
0	0.965217
0	0.982609
0	0.973913
0	0.947826
0	0.982609
0	0.965217
0	0.973913
0	0.973913
0	0.252174
0	0.869565
0	0.904348
0	0.973913
0	0.973913
0	0.93913
0	0.252174
0	0.982609
0	0.956522
0	0.973913
0	0.982609
0	0.965217
0	0.956522
0	0.252174
0	0.252174
0	0.93913
0	0.982609
0	0.252174
0	0.973913
0	0.982609
0	0.252174
0	0.252174
0	0.982609
0	0.973913
0	0.973913
0	0.982609
0	0.947826
0	0.982609
0	0.982609
0	0.904348
0	0.252174
0	0.252174
0	0.93913
0	0.956522
0	0.252174
0	0.956522
0	0.956522
0	0.93913
0	0.956522
0	0.904348
0	0.869565
0	0.956522
0	0.869565
0	0.973913
0	0.869565
0	0.956522
0	0.252174
0	0.965217
0	0.982609
0	0.982609
0	0.973913
0	0.973913
0	0.965217
0	0.982609
0	0.982609
0	0.982609
0	0.956522


