# Persistence diagram <GML/1485.gml>
#
# Dimension   : 0
# Entries     : 204
# Betti number: 1
0	inf
0	0.97561
0	0.97561
0	0.95122
0	0.95122
0	0.95122
0	0.918699
0	0.95935
0	0.95935
0	0.284553
0	0.284553
0	0.878049
0	0.98374
0	0.95122
0	0.284553
0	0.95122
0	0.97561
0	0.98374
0	0.284553
0	0.96748
0	0.918699
0	0.96748
0	0.284553
0	0.95122
0	0.95122
0	0.95935
0	0.97561
0	0.284553
0	0.95122
0	0.934959
0	0.95935
0	0.284553
0	0.97561
0	0.943089
0	0.943089
0	0.97561
0	0.98374
0	0.95935
0	0.97561
0	0.934959
0	0.97561
0	0.926829
0	0.284553
0	0.943089
0	0.284553
0	0.95122
0	0.97561
0	0.95122
0	0.98374
0	0.934959
0	0.98374
0	0.97561
0	0.97561
0	0.284553
0	0.95935
0	0.95122
0	0.95935
0	0.918699
0	0.97561
0	0.926829
0	0.943089
0	0.97561
0	0.934959
0	0.96748
0	0.95122
0	0.97561
0	0.97561
0	0.95935
0	0.918699
0	0.284553
0	0.98374
0	0.95935
0	0.284553
0	0.97561
0	0.95122
0	0.284553
0	0.97561
0	0.97561
0	0.97561
0	0.98374
0	0.97561
0	0.934959
0	0.95122
0	0.934959
0	0.97561
0	0.97561
0	0.97561
0	0.918699
0	0.98374
0	0.97561
0	0.97561
0	0.284553
0	0.284553
0	0.95935
0	0.284553
0	0.284553
0	0.96748
0	0.284553
0	0.926829
0	0.284553
0	0.284553
0	0.284553
0	0.284553
0	0.284553
0	0.878049
0	0.97561
0	0.98374
0	0.918699
0	0.934959
0	0.284553
0	0.878049
0	0.98374
0	0.284553
0	0.926829
0	0.98374
0	0.284553
0	0.97561
0	0.97561
0	0.98374
0	0.284553
0	0.97561
0	0.284553
0	0.284553
0	0.98374
0	0.918699
0	0.97561
0	0.98374
0	0.943089
0	0.878049
0	0.97561
0	0.878049
0	0.926829
0	0.943089
0	0.97561
0	0.95935
0	0.96748
0	0.95122
0	0.95122
0	0.97561
0	0.95122
0	0.878049
0	0.943089
0	0.95935
0	0.96748
0	0.97561
0	0.97561
0	0.284553
0	0.96748
0	0.918699
0	0.97561
0	0.95122
0	0.98374
0	0.878049
0	0.95122
0	0.98374
0	0.97561
0	0.284553
0	0.96748
0	0.97561
0	0.284553
0	0.97561
0	0.98374
0	0.878049
0	0.284553
0	0.97561
0	0.95122
0	0.95935
0	0.95935
0	0.97561
0	0.918699
0	0.284553
0	0.97561
0	0.95122
0	0.943089
0	0.98374
0	0.926829
0	0.96748
0	0.284553
0	0.97561
0	0.95122
0	0.918699
0	0.97561
0	0.98374
0	0.918699
0	0.96748
0	0.284553
0	0.926829
0	0.284553
0	0.918699
0	0.96748
0	0.96748
0	0.98374
0	0.95935
0	0.878049
0	0.98374
0	0.878049
0	0.943089
0	0.284553
0	0.943089
0	0.878049
0	0.97561
0	0.96748
0	0.284553
0	0.918699


