# Persistence diagram <GML/1487.gml>
#
# Dimension   : 0
# Entries     : 205
# Betti number: 1
0	inf
0	0.964789
0	0.964789
0	0.140845
0	0.964789
0	0.943662
0	0.140845
0	0.971831
0	0.971831
0	0.140845
0	0.140845
0	0.971831
0	0.140845
0	0.964789
0	0.971831
0	0.957746
0	0.140845
0	0.140845
0	0.140845
0	0.985915
0	0.140845
0	0.140845
0	0.985915
0	0.140845
0	0.957746
0	0.971831
0	0.971831
0	0.985915
0	0.93662
0	0.140845
0	0.978873
0	0.985915
0	0.978873
0	0.93662
0	0.140845
0	0.985915
0	0.140845
0	0.971831
0	0.971831
0	0.978873
0	0.957746
0	0.964789
0	0.140845
0	0.140845
0	0.985915
0	0.985915
0	0.943662
0	0.140845
0	0.140845
0	0.978873
0	0.957746
0	0.140845
0	0.978873
0	0.978873
0	0.971831
0	0.957746
0	0.978873
0	0.964789
0	0.964789
0	0.971831
0	0.971831
0	0.985915
0	0.140845
0	0.943662
0	0.140845
0	0.971831
0	0.964789
0	0.140845
0	0.971831
0	0.140845
0	0.964789
0	0.985915
0	0.140845
0	0.985915
0	0.978873
0	0.950704
0	0.971831
0	0.978873
0	0.978873
0	0.978873
0	0.978873
0	0.140845
0	0.985915
0	0.978873
0	0.93662
0	0.978873
0	0.964789
0	0.140845
0	0.140845
0	0.140845
0	0.978873
0	0.978873
0	0.957746
0	0.140845
0	0.978873
0	0.971831
0	0.978873
0	0.140845
0	0.978873
0	0.978873
0	0.93662
0	0.985915
0	0.140845
0	0.978873
0	0.978873
0	0.140845
0	0.140845
0	0.93662
0	0.964789
0	0.140845
0	0.943662
0	0.978873
0	0.971831
0	0.140845
0	0.140845
0	0.971831
0	0.978873
0	0.978873
0	0.943662
0	0.978873
0	0.140845
0	0.957746
0	0.140845
0	0.978873
0	0.943662
0	0.985915
0	0.985915
0	0.957746
0	0.140845
0	0.140845
0	0.957746
0	0.93662
0	0.971831
0	0.140845
0	0.140845
0	0.140845
0	0.978873
0	0.985915
0	0.140845
0	0.140845
0	0.978873
0	0.140845
0	0.971831
0	0.978873
0	0.978873
0	0.971831
0	0.978873
0	0.985915
0	0.140845
0	0.140845
0	0.971831
0	0.978873
0	0.971831
0	0.985915
0	0.140845
0	0.978873
0	0.950704
0	0.971831
0	0.985915
0	0.964789
0	0.140845
0	0.943662
0	0.140845
0	0.978873
0	0.140845
0	0.985915
0	0.978873
0	0.978873
0	0.140845
0	0.140845
0	0.950704
0	0.978873
0	0.964789
0	0.971831
0	0.140845
0	0.140845
0	0.957746
0	0.964789
0	0.957746
0	0.964789
0	0.985915
0	0.140845
0	0.140845
0	0.971831
0	0.978873
0	0.985915
0	0.985915
0	0.140845
0	0.978873
0	0.978873
0	0.978873
0	0.985915
0	0.985915
0	0.978873
0	0.971831
0	0.978873
0	0.971831
0	0.978873
0	0.957746
0	0.950704
0	0.971831
0	0.93662
0	0.957746
0	0.93662
0	0.978873


