# Persistence diagram <GML/1489.gml>
#
# Dimension   : 1
# Entries     : 64
# Betti number: 64
0.545455	inf
0.545455	inf
0.545455	inf
0.545455	inf
0.545455	inf
0.545455	inf
0.545455	inf
0.545455	inf
0.545455	inf
0.545455	inf
0.545455	inf
0.545455	inf
0.545455	inf
0.545455	inf
0.545455	inf
0.545455	inf
0.545455	inf
0.545455	inf
0.545455	inf
0.545455	inf
0.545455	inf
0.545455	inf
0.545455	inf
0.545455	inf
0.545455	inf
0.545455	inf
0.545455	inf
0.545455	inf
0.545455	inf
0.545455	inf
0.545455	inf
0.545455	inf
0.545455	inf
0.545455	inf
0.545455	inf
0.545455	inf
0.545455	inf
0.545455	inf
0.545455	inf
0.545455	inf
0.545455	inf
0.545455	inf
0.545455	inf
0.545455	inf
0.545455	inf
0.545455	inf
0.545455	inf
0.545455	inf
0.545455	inf
0.545455	inf
0.545455	inf
0.545455	inf
0.545455	inf
0.545455	inf
0.939394	inf
0.945455	inf
0.957576	inf
0.969697	inf
0.969697	inf
0.975758	inf
0.975758	inf
0.975758	inf
0.981818	inf
0.981818	inf
