# Persistence diagram <GML/1490.gml>
#
# Dimension   : 1
# Entries     : 120
# Betti number: 116
0.498195	inf
0.498195	inf
0.498195	inf
0.498195	inf
0.498195	inf
0.498195	inf
0.498195	inf
0.498195	inf
0.498195	inf
0.498195	inf
0.498195	inf
0.498195	inf
0.498195	inf
0.498195	inf
0.498195	inf
0.498195	inf
0.498195	inf
0.498195	inf
0.498195	inf
0.498195	inf
0.498195	inf
0.498195	inf
0.498195	inf
0.498195	inf
0.498195	inf
0.498195	inf
0.498195	inf
0.498195	inf
0.498195	0.98917
0.498195	inf
0.498195	inf
0.498195	inf
0.498195	inf
0.498195	inf
0.498195	inf
0.498195	inf
0.498195	inf
0.498195	inf
0.498195	inf
0.498195	inf
0.498195	inf
0.498195	inf
0.498195	inf
0.498195	inf
0.498195	inf
0.498195	inf
0.498195	inf
0.498195	inf
0.498195	inf
0.498195	inf
0.498195	inf
0.498195	inf
0.498195	inf
0.498195	inf
0.498195	inf
0.498195	inf
0.498195	inf
0.498195	inf
0.498195	inf
0.498195	inf
0.498195	inf
0.498195	inf
0.498195	inf
0.498195	inf
0.498195	inf
0.498195	inf
0.498195	inf
0.498195	inf
0.498195	inf
0.498195	inf
0.498195	inf
0.498195	inf
0.498195	inf
0.498195	inf
0.498195	inf
0.498195	inf
0.498195	inf
0.498195	inf
0.498195	inf
0.498195	inf
0.498195	inf
0.498195	0.974729
0.498195	0.974729
0.498195	inf
0.498195	inf
0.498195	inf
0.498195	inf
0.498195	inf
0.498195	inf
0.498195	inf
0.498195	inf
0.498195	0.974729
0.498195	inf
0.498195	inf
0.498195	inf
0.498195	inf
0.498195	inf
0.498195	inf
0.498195	inf
0.498195	inf
0.498195	inf
0.498195	inf
0.498195	inf
0.498195	inf
0.498195	inf
0.498195	inf
0.498195	inf
0.498195	inf
0.498195	inf
0.498195	inf
0.498195	inf
0.498195	inf
0.498195	inf
0.498195	inf
0.498195	inf
0.498195	inf
0.498195	inf
0.498195	inf
0.98917	inf
0.98917	inf
