# Persistence diagram <GML/1491.gml>
#
# Dimension   : 1
# Entries     : 33
# Betti number: 33
0.492754	inf
0.492754	inf
0.492754	inf
0.492754	inf
0.492754	inf
0.492754	inf
0.492754	inf
0.492754	inf
0.492754	inf
0.492754	inf
0.492754	inf
0.492754	inf
0.492754	inf
0.492754	inf
0.492754	inf
0.492754	inf
0.492754	inf
0.492754	inf
0.492754	inf
0.492754	inf
0.492754	inf
0.492754	inf
0.492754	inf
0.492754	inf
0.492754	inf
0.492754	inf
0.492754	inf
0.492754	inf
0.492754	inf
0.492754	inf
0.492754	inf
0.492754	inf
0.971014	inf
