# Persistence diagram <GML/1492.gml>
#
# Dimension   : 1
# Entries     : 76
# Betti number: 71
0.141667	inf
0.141667	inf
0.141667	inf
0.141667	inf
0.141667	inf
0.141667	inf
0.141667	inf
0.141667	inf
0.141667	inf
0.141667	inf
0.141667	inf
0.141667	inf
0.141667	inf
0.141667	inf
0.141667	inf
0.141667	inf
0.141667	inf
0.141667	inf
0.141667	inf
0.141667	inf
0.141667	inf
0.141667	inf
0.141667	inf
0.141667	inf
0.141667	inf
0.141667	inf
0.141667	inf
0.141667	inf
0.141667	inf
0.141667	inf
0.141667	inf
0.141667	inf
0.141667	inf
0.141667	inf
0.141667	inf
0.141667	inf
0.141667	inf
0.141667	inf
0.141667	inf
0.141667	inf
0.141667	inf
0.141667	inf
0.141667	inf
0.141667	0.975
0.141667	inf
0.141667	inf
0.141667	0.958333
0.141667	inf
0.141667	inf
0.141667	inf
0.141667	inf
0.141667	inf
0.141667	inf
0.141667	inf
0.141667	inf
0.141667	0.958333
0.141667	0.958333
0.141667	inf
0.141667	inf
0.141667	inf
0.141667	inf
0.141667	inf
0.141667	inf
0.141667	inf
0.141667	inf
0.141667	inf
0.141667	inf
0.141667	inf
0.141667	inf
0.141667	inf
0.141667	inf
0.141667	0.966667
0.141667	inf
0.975	inf
0.975	inf
0.975	inf
