# Persistence diagram <GML/1493.gml>
#
# Dimension   : 0
# Entries     : 234
# Betti number: 2
0	inf
0	0.986395
0	0.959184
0	0.972789
0	0.972789
0	0.367347
0	0.986395
0	0.972789
0	0.959184
0	0.972789
0	0.367347
0	0.979592
0	0.965986
0	0.965986
0	0.367347
0	0.972789
0	0.938776
0	0.986395
0	0.972789
0	0.972789
0	0.945578
0	0.965986
0	0.986395
0	0.965986
0	0.979592
0	0.986395
0	0.918367
0	0.959184
0	0.972789
0	0.952381
0	0.959184
0	0.945578
0	inf
0	0.945578
0	0.965986
0	0.367347
0	0.965986
0	0.918367
0	0.986395
0	0.986395
0	0.945578
0	0.959184
0	0.986395
0	0.367347
0	0.986395
0	0.367347
0	0.986395
0	0.972789
0	0.986395
0	0.367347
0	0.972789
0	0.972789
0	0.986395
0	0.952381
0	0.972789
0	0.367347
0	0.938776
0	0.367347
0	0.986395
0	0.965986
0	0.972789
0	0.972789
0	0.952381
0	0.979592
0	0.959184
0	0.367347
0	0.367347
0	0.986395
0	0.367347
0	0.965986
0	0.965986
0	0.367347
0	0.367347
0	0.959184
0	0.972789
0	0.986395
0	0.986395
0	0.979592
0	0.367347
0	0.972789
0	0.367347
0	0.986395
0	0.986395
0	0.959184
0	0.367347
0	0.367347
0	0.959184
0	0.918367
0	0.979592
0	0.367347
0	0.938776
0	0.986395
0	0.959184
0	0.986395
0	0.972789
0	0.979592
0	0.965986
0	0.972789
0	0.972789
0	0.959184
0	0.979592
0	0.367347
0	0.367347
0	0.367347
0	0.986395
0	0.972789
0	0.986395
0	0.972789
0	0.367347
0	0.959184
0	0.918367
0	0.945578
0	0.965986
0	0.965986
0	0.367347
0	0.367347
0	0.986395
0	0.979592
0	0.938776
0	0.972789
0	0.952381
0	0.986395
0	0.367347
0	0.367347
0	0.979592
0	0.367347
0	0.959184
0	0.367347
0	0.965986
0	0.952381
0	0.367347
0	0.972789
0	0.918367
0	0.986395
0	0.938776
0	0.979592
0	0.986395
0	0.979592
0	0.367347
0	0.986395
0	0.972789
0	0.952381
0	0.986395
0	0.367347
0	0.367347
0	0.972789
0	0.938776
0	0.965986
0	0.986395
0	0.367347
0	0.965986
0	0.965986
0	0.367347
0	0.918367
0	0.965986
0	0.986395
0	0.367347
0	0.986395
0	0.959184
0	0.972789
0	0.952381
0	0.918367
0	0.972789
0	0.972789
0	0.952381
0	0.367347
0	0.367347
0	0.965986
0	0.965986
0	0.972789
0	0.952381
0	0.367347
0	0.367347
0	0.945578
0	0.367347
0	0.979592
0	0.986395
0	0.959184
0	0.367347
0	0.986395
0	0.367347
0	0.918367
0	0.367347
0	0.979592
0	0.367347
0	0.938776
0	0.959184
0	0.367347
0	0.952381
0	0.945578
0	0.367347
0	0.979592
0	0.367347
0	0.945578
0	0.986395
0	0.952381
0	0.972789
0	0.959184
0	0.979592
0	0.986395
0	0.986395
0	0.959184
0	0.367347
0	0.959184
0	0.918367
0	0.918367
0	0.952381
0	0.965986
0	0.367347
0	0.367347
0	0.986395
0	0.979592
0	0.965986
0	0.367347
0	0.986395
0	0.965986
0	0.952381
0	0.965986
0	0.979592
0	0.367347
0	0.986395
0	0.979592
0	0.367347
0	0.367347
0	0.986395
0	0.367347
0	0.986395
0	0.959184
0	0.979592
0	0.959184
0	0.952381
0	0.986395
0	0.367347
0	0.367347


