# Persistence diagram <GML/1495.gml>
#
# Dimension   : 0
# Entries     : 213
# Betti number: 1
0	inf
0	0.980645
0	0.974194
0	0.935484
0	0.645161
0	0.987097
0	0.980645
0	0.922581
0	0.980645
0	0.974194
0	0.987097
0	0.974194
0	0.974194
0	0.974194
0	0.922581
0	0.980645
0	0.935484
0	0.974194
0	0.980645
0	0.935484
0	0.941935
0	0.987097
0	0.980645
0	0.980645
0	0.974194
0	0.967742
0	0.96129
0	0.645161
0	0.967742
0	0.941935
0	0.987097
0	0.987097
0	0.987097
0	0.974194
0	0.967742
0	0.96129
0	0.987097
0	0.967742
0	0.935484
0	0.980645
0	0.980645
0	0.645161
0	0.987097
0	0.980645
0	0.987097
0	0.974194
0	0.980645
0	0.980645
0	0.980645
0	0.935484
0	0.980645
0	0.980645
0	0.980645
0	0.980645
0	0.967742
0	0.987097
0	0.980645
0	0.941935
0	0.987097
0	0.980645
0	0.941935
0	0.96129
0	0.967742
0	0.980645
0	0.935484
0	0.980645
0	0.987097
0	0.987097
0	0.987097
0	0.967742
0	0.987097
0	0.96129
0	0.967742
0	0.645161
0	0.987097
0	0.980645
0	0.967742
0	0.987097
0	0.987097
0	0.941935
0	0.987097
0	0.987097
0	0.987097
0	0.987097
0	0.967742
0	0.980645
0	0.987097
0	0.987097
0	0.980645
0	0.922581
0	0.935484
0	0.967742
0	0.980645
0	0.967742
0	0.980645
0	0.987097
0	0.980645
0	0.645161
0	0.987097
0	0.980645
0	0.980645
0	0.967742
0	0.967742
0	0.987097
0	0.922581
0	0.987097
0	0.980645
0	0.967742
0	0.980645
0	0.645161
0	0.980645
0	0.980645
0	0.980645
0	0.922581
0	0.967742
0	0.980645
0	0.974194
0	0.967742
0	0.980645
0	0.980645
0	0.974194
0	0.967742
0	0.922581
0	0.967742
0	0.980645
0	0.974194
0	0.967742
0	0.645161
0	0.974194
0	0.980645
0	0.645161
0	0.974194
0	0.967742
0	0.974194
0	0.980645
0	0.987097
0	0.987097
0	0.967742
0	0.967742
0	0.922581
0	0.967742
0	0.980645
0	0.980645
0	0.967742
0	0.96129
0	0.967742
0	0.980645
0	0.974194
0	0.980645
0	0.941935
0	0.987097
0	0.645161
0	0.645161
0	0.941935
0	0.974194
0	0.974194
0	0.941935
0	0.967742
0	0.987097
0	0.967742
0	0.987097
0	0.967742
0	0.987097
0	0.96129
0	0.987097
0	0.980645
0	0.935484
0	0.967742
0	0.987097
0	0.974194
0	0.974194
0	0.987097
0	0.974194
0	0.935484
0	0.980645
0	0.987097
0	0.967742
0	0.987097
0	0.980645
0	0.980645
0	0.974194
0	0.967742
0	0.987097
0	0.987097
0	0.987097
0	0.987097
0	0.987097
0	0.967742
0	0.922581
0	0.974194
0	0.645161
0	0.974194
0	0.987097
0	0.922581
0	0.980645
0	0.980645
0	0.967742
0	0.987097
0	0.980645
0	0.974194
0	0.974194
0	0.96129
0	0.980645
0	0.987097
0	0.987097
0	0.922581
0	0.980645
0	0.980645
0	0.922581
0	0.967742
0	0.967742
0	0.980645
0	0.987097


