# Persistence diagram <GML/1495.gml>
#
# Dimension   : 1
# Entries     : 54
# Betti number: 54
0.645161	inf
0.645161	inf
0.645161	inf
0.645161	inf
0.645161	inf
0.645161	inf
0.645161	inf
0.645161	inf
0.645161	inf
0.645161	inf
0.645161	inf
0.645161	inf
0.645161	inf
0.645161	inf
0.645161	inf
0.645161	inf
0.645161	inf
0.645161	inf
0.645161	inf
0.645161	inf
0.645161	inf
0.645161	inf
0.645161	inf
0.645161	inf
0.645161	inf
0.645161	inf
0.645161	inf
0.645161	inf
0.645161	inf
0.645161	inf
0.645161	inf
0.645161	inf
0.645161	inf
0.645161	inf
0.645161	inf
0.645161	inf
0.645161	inf
0.645161	inf
0.645161	inf
0.645161	inf
0.645161	inf
0.645161	inf
0.645161	inf
0.645161	inf
0.967742	inf
0.967742	inf
0.974194	inf
0.974194	inf
0.974194	inf
0.987097	inf
0.987097	inf
0.987097	inf
0.987097	inf
0.987097	inf
