# Persistence diagram <GML/1497.gml>
#
# Dimension   : 1
# Entries     : 56
# Betti number: 54
0.497268	inf
0.497268	inf
0.497268	inf
0.497268	inf
0.497268	inf
0.497268	inf
0.497268	inf
0.497268	inf
0.497268	inf
0.497268	inf
0.497268	inf
0.497268	inf
0.497268	inf
0.497268	inf
0.497268	inf
0.497268	inf
0.497268	inf
0.497268	inf
0.497268	inf
0.497268	inf
0.497268	inf
0.497268	inf
0.497268	inf
0.497268	inf
0.497268	inf
0.497268	0.978142
0.497268	inf
0.497268	inf
0.497268	inf
0.497268	inf
0.497268	inf
0.497268	inf
0.497268	inf
0.497268	inf
0.497268	inf
0.497268	0.972678
0.497268	inf
0.497268	inf
0.497268	inf
0.497268	inf
0.497268	inf
0.497268	inf
0.497268	inf
0.89071	inf
0.89071	inf
0.89071	inf
0.939891	inf
0.967213	inf
0.978142	inf
0.978142	inf
0.978142	inf
0.978142	inf
0.978142	inf
0.983607	inf
0.983607	inf
0.989071	inf
