# Persistence diagram <GML/1511.gml>
#
# Dimension   : 0
# Entries     : 53
# Betti number: 3
0	inf
0	0.190476
0	0.190476
0	0.190476
0	0.904762
0	0.857143
0	0.809524
0	0.904762
0	0.857143
0	0.666667
0	0.190476
0	0.190476
0	0.857143
0	0.190476
0	inf
0	0.857143
0	0.809524
0	0.714286
0	0.904762
0	0.190476
0	0.190476
0	0.666667
0	0.809524
0	0.190476
0	0.666667
0	inf
0	0.190476
0	0.714286
0	0.666667
0	0.904762
0	0.904762
0	0.857143
0	0.809524
0	0.714286
0	0.666667
0	0.190476
0	0.857143
0	0.190476
0	0.904762
0	0.190476
0	0.857143
0	0.714286
0	0.809524
0	0.904762
0	0.809524
0	0.904762
0	0.190476
0	0.190476
0	0.857143
0	0.952381
0	0.714286
0	0.190476
0	0.857143


