# Persistence diagram <GML/1526.gml>
#
# Dimension   : 0
# Entries     : 58
# Betti number: 2
0	inf
0	0.69697
0	0.545455
0	0.545455
0	0.939394
0	0.545455
0	0.939394
0	0.878788
0	0.545455
0	0.909091
0	0.545455
0	0.818182
0	0.909091
0	0.909091
0	0.878788
0	0.909091
0	0.69697
0	0.545455
0	0.848485
0	0.909091
0	0.939394
0	0.545455
0	0.69697
0	0.69697
0	0.69697
0	0.909091
0	0.939394
0	0.909091
0	0.939394
0	0.909091
0	0.545455
0	0.69697
0	0.939394
0	0.878788
0	0.878788
0	0.909091
0	0.939394
0	0.69697
0	0.848485
0	0.909091
0	inf
0	0.545455
0	0.909091
0	0.848485
0	0.939394
0	0.939394
0	0.818182
0	0.969697
0	0.909091
0	0.939394
0	0.909091
0	0.939394
0	0.818182
0	0.545455
0	0.545455
0	0.878788
0	0.69697
0	0.69697


