# Persistence diagram <GML/1581.gml>
#
# Dimension   : 0
# Entries     : 51
# Betti number: 3
0	inf
0	0.807692
0	0.538462
0	0.807692
0	0.538462
0	0.538462
0	0.461538
0	inf
0	0.538462
0	0.692308
0	0.923077
0	0.923077
0	0.846154
0	0.692308
0	0.461538
0	inf
0	0.461538
0	0.807692
0	0.461538
0	0.884615
0	0.461538
0	0.692308
0	0.884615
0	0.730769
0	0.461538
0	0.807692
0	0.961538
0	0.538462
0	0.538462
0	0.692308
0	0.461538
0	0.461538
0	0.884615
0	0.923077
0	0.461538
0	0.884615
0	0.884615
0	0.461538
0	0.961538
0	0.807692
0	0.692308
0	0.730769
0	0.884615
0	0.538462
0	0.730769
0	0.461538
0	0.807692
0	0.538462
0	0.461538
0	0.807692
0	0.461538


