# Persistence diagram <GML/1583.gml>
#
# Dimension   : 0
# Entries     : 67
# Betti number: 3
0	inf
0	0.857143
0	0.904762
0	0.880952
0	0.857143
0	0.880952
0	0.857143
0	0.904762
0	0.928571
0	0.952381
0	0.904762
0	0.785714
0	0.857143
0	0.904762
0	inf
0	0.952381
0	0.785714
0	0.952381
0	0.880952
0	0.97619
0	0.880952
0	0.857143
0	0.904762
0	0.880952
0	0.785714
0	0.952381
0	0.880952
0	0.952381
0	0.785714
0	0.857143
0	0.904762
0	0.857143
0	0.880952
0	0.904762
0	0.904762
0	0.857143
0	0.857143
0	0.785714
0	0.904762
0	0.928571
0	inf
0	0.857143
0	0.904762
0	0.904762
0	0.952381
0	0.97619
0	0.785714
0	0.928571
0	0.904762
0	0.880952
0	0.904762
0	0.904762
0	0.904762
0	0.857143
0	0.952381
0	0.857143
0	0.904762
0	0.952381
0	0.785714
0	0.857143
0	0.857143
0	0.857143
0	0.857143
0	0.785714
0	0.952381
0	0.928571
0	0.904762


