# Persistence diagram <GML/1594.gml>
#
# Dimension   : 0
# Entries     : 52
# Betti number: 1
0	inf
0	0.87234
0	0.808511
0	0.702128
0	0.893617
0	0.702128
0	0.914894
0	0.893617
0	0.87234
0	0.87234
0	0.702128
0	0.87234
0	0.808511
0	0.93617
0	0.702128
0	0.851064
0	0.702128
0	0.808511
0	0.808511
0	0.87234
0	0.893617
0	0.87234
0	0.702128
0	0.851064
0	0.957447
0	0.702128
0	0.893617
0	0.893617
0	0.87234
0	0.87234
0	0.851064
0	0.87234
0	0.702128
0	0.702128
0	0.893617
0	0.808511
0	0.893617
0	0.957447
0	0.808511
0	0.893617
0	0.808511
0	0.957447
0	0.957447
0	0.914894
0	0.851064
0	0.808511
0	0.957447
0	0.957447
0	0.87234
0	0.893617
0	0.702128
0	0.893617


