# Persistence diagram <GML/1615.gml>
#
# Dimension   : 0
# Entries     : 48
# Betti number: 3
0	inf
0	0.904762
0	inf
0	0.809524
0	0.857143
0	0.809524
0	0.809524
0	0.857143
0	0.904762
0	0.857143
0	0.857143
0	0.857143
0	0.904762
0	0.904762
0	0.904762
0	0.809524
0	0.904762
0	inf
0	0.857143
0	0.761905
0	0.857143
0	0.904762
0	0.857143
0	0.857143
0	0.857143
0	0.904762
0	0.809524
0	0.904762
0	0.857143
0	0.904762
0	0.857143
0	0.857143
0	0.904762
0	0.857143
0	0.904762
0	0.857143
0	0.857143
0	0.809524
0	0.857143
0	0.857143
0	0.904762
0	0.857143
0	0.761905
0	0.761905
0	0.761905
0	0.904762
0	0.857143
0	0.857143


