# Persistence diagram <GML/1616.gml>
#
# Dimension   : 0
# Entries     : 45
# Betti number: 1
0	inf
0	0.921053
0	0.894737
0	0.894737
0	0.763158
0	0.894737
0	0.947368
0	0.894737
0	0.710526
0	0.763158
0	0.947368
0	0.710526
0	0.815789
0	0.710526
0	0.947368
0	0.947368
0	0.921053
0	0.710526
0	0.894737
0	0.710526
0	0.894737
0	0.921053
0	0.894737
0	0.947368
0	0.894737
0	0.894737
0	0.921053
0	0.815789
0	0.763158
0	0.815789
0	0.710526
0	0.763158
0	0.921053
0	0.710526
0	0.710526
0	0.894737
0	0.815789
0	0.763158
0	0.763158
0	0.815789
0	0.710526
0	0.894737
0	0.815789
0	0.710526
0	0.921053


