# Persistence diagram <GML/1637.gml>
#
# Dimension   : 1
# Entries     : 43
# Betti number: 43
0.722222	inf
0.722222	inf
0.722222	inf
0.814815	inf
0.814815	inf
0.814815	inf
0.814815	inf
0.814815	inf
0.833333	inf
0.833333	inf
0.833333	inf
0.851852	inf
0.851852	inf
0.87037	inf
0.87037	inf
0.888889	inf
0.888889	inf
0.888889	inf
0.888889	inf
0.888889	inf
0.888889	inf
0.888889	inf
0.888889	inf
0.888889	inf
0.907407	inf
0.907407	inf
0.907407	inf
0.907407	inf
0.907407	inf
0.907407	inf
0.907407	inf
0.907407	inf
0.907407	inf
0.907407	inf
0.925926	inf
0.925926	inf
0.925926	inf
0.925926	inf
0.925926	inf
0.944444	inf
0.944444	inf
0.962963	inf
0.962963	inf
