# Persistence diagram <GML/1647.gml>
#
# Dimension   : 0
# Entries     : 69
# Betti number: 1
0	inf
0	0.935484
0	0.741935
0	0.709677
0	0.741935
0	0.903226
0	0.677419
0	0.870968
0	0.83871
0	0.612903
0	0.612903
0	0.83871
0	0.677419
0	0.903226
0	0.870968
0	0.935484
0	0.903226
0	0.741935
0	0.741935
0	0.677419
0	0.612903
0	0.870968
0	0.935484
0	0.903226
0	0.806452
0	0.741935
0	0.83871
0	0.935484
0	0.903226
0	0.612903
0	0.903226
0	0.870968
0	0.83871
0	0.83871
0	0.612903
0	0.903226
0	0.870968
0	0.870968
0	0.612903
0	0.612903
0	0.870968
0	0.677419
0	0.903226
0	0.677419
0	0.83871
0	0.612903
0	0.83871
0	0.83871
0	0.903226
0	0.741935
0	0.709677
0	0.83871
0	0.903226
0	0.903226
0	0.709677
0	0.612903
0	0.612903
0	0.806452
0	0.935484
0	0.741935
0	0.612903
0	0.709677
0	0.870968
0	0.741935
0	0.903226
0	0.870968
0	0.709677
0	0.774194
0	0.677419


