# Persistence diagram <GML/1662.gml>
#
# Dimension   : 0
# Entries     : 84
# Betti number: 2
0	inf
0	0.97619
0	0.857143
0	0.97619
0	0.857143
0	0.75
0	0.97619
0	0.952381
0	0.75
0	0.928571
0	0.964286
0	0.97619
0	0.952381
0	0.75
0	0.75
0	0.97619
0	0.75
0	0.75
0	0.904762
0	0.964286
0	0.904762
0	0.857143
0	0.75
0	0.75
0	0.964286
0	0.857143
0	0.904762
0	0.75
0	0.940476
0	0.964286
0	0.857143
0	0.952381
0	0.940476
0	0.857143
0	0.928571
0	0.97619
0	0.75
0	0.940476
0	0.928571
0	0.857143
0	0.952381
0	0.857143
0	0.97619
0	0.940476
0	0.75
0	0.75
0	0.97619
0	0.857143
0	0.97619
0	0.75
0	inf
0	0.857143
0	0.904762
0	0.75
0	0.952381
0	0.952381
0	0.75
0	0.97619
0	0.97619
0	0.964286
0	0.964286
0	0.97619
0	0.964286
0	0.940476
0	0.97619
0	0.75
0	0.964286
0	0.952381
0	0.857143
0	0.75
0	0.964286
0	0.97619
0	0.988095
0	0.904762
0	0.904762
0	0.97619
0	0.952381
0	0.75
0	0.964286
0	0.940476
0	0.75
0	0.952381
0	0.952381
0	0.952381


