# Persistence diagram <GML/1705.gml>
#
# Dimension   : 0
# Entries     : 58
# Betti number: 5
0	inf
0	0.862069
0	0.793103
0	0.655172
0	inf
0	0.896552
0	0.655172
0	0.931034
0	0.655172
0	inf
0	inf
0	0.862069
0	0.862069
0	0.689655
0	0.655172
0	0.793103
0	0.793103
0	0.862069
0	0.655172
0	0.862069
0	0.793103
0	0.896552
0	0.689655
0	0.793103
0	0.793103
0	0.896552
0	0.793103
0	0.931034
0	0.655172
0	0.793103
0	0.793103
0	0.689655
0	0.862069
0	0.793103
0	0.896552
0	inf
0	0.827586
0	0.931034
0	0.965517
0	0.793103
0	0.793103
0	0.965517
0	0.965517
0	0.793103
0	0.931034
0	0.896552
0	0.965517
0	0.655172
0	0.655172
0	0.862069
0	0.655172
0	0.862069
0	0.793103
0	0.931034
0	0.862069
0	0.689655
0	0.793103
0	0.931034


