# Persistence diagram <GML/1743.gml>
#
# Dimension   : 0
# Entries     : 44
# Betti number: 3
0	inf
0	0.857143
0	0.642857
0	0.785714
0	0.857143
0	0.714286
0	0.428571
0	0.642857
0	0.428571
0	inf
0	0.785714
0	0.428571
0	0.428571
0	0.642857
0	0.714286
0	0.714286
0	0.714286
0	0.785714
0	0.714286
0	0.428571
0	0.785714
0	inf
0	0.642857
0	0.642857
0	0.785714
0	0.714286
0	0.642857
0	0.857143
0	0.428571
0	0.571429
0	0.857143
0	0.785714
0	0.785714
0	0.928571
0	0.785714
0	0.928571
0	0.785714
0	0.571429
0	0.642857
0	0.428571
0	0.642857
0	0.571429
0	0.785714
0	0.642857


