# Persistence diagram <GML/1750.gml>
#
# Dimension   : 0
# Entries     : 65
# Betti number: 1
0	inf
0	0.942857
0	0.8
0	0.942857
0	0.914286
0	0.914286
0	0.8
0	0.8
0	0.771429
0	0.885714
0	0.914286
0	0.914286
0	0.771429
0	0.914286
0	0.914286
0	0.942857
0	0.742857
0	0.828571
0	0.742857
0	0.914286
0	0.857143
0	0.828571
0	0.828571
0	0.8
0	0.942857
0	0.857143
0	0.742857
0	0.857143
0	0.914286
0	0.914286
0	0.885714
0	0.942857
0	0.771429
0	0.885714
0	0.885714
0	0.742857
0	0.857143
0	0.857143
0	0.8
0	0.857143
0	0.914286
0	0.857143
0	0.828571
0	0.885714
0	0.742857
0	0.914286
0	0.771429
0	0.885714
0	0.857143
0	0.857143
0	0.914286
0	0.885714
0	0.771429
0	0.914286
0	0.828571
0	0.885714
0	0.885714
0	0.885714
0	0.742857
0	0.857143
0	0.914286
0	0.914286
0	0.857143
0	0.742857
0	0.828571


