# Persistence diagram <GML/1762.gml>
#
# Dimension   : 1
# Entries     : 50
# Betti number: 50
0.802469	inf
0.802469	inf
0.802469	inf
0.802469	inf
0.802469	inf
0.802469	inf
0.802469	inf
0.802469	inf
0.802469	inf
0.82716	inf
0.82716	inf
0.888889	inf
0.91358	inf
0.91358	inf
0.91358	inf
0.925926	inf
0.925926	inf
0.925926	inf
0.925926	inf
0.925926	inf
0.925926	inf
0.925926	inf
0.938272	inf
0.938272	inf
0.938272	inf
0.938272	inf
0.938272	inf
0.938272	inf
0.938272	inf
0.938272	inf
0.938272	inf
0.938272	inf
0.938272	inf
0.938272	inf
0.938272	inf
0.938272	inf
0.950617	inf
0.950617	inf
0.950617	inf
0.950617	inf
0.950617	inf
0.950617	inf
0.950617	inf
0.962963	inf
0.962963	inf
0.962963	inf
0.962963	inf
0.975309	inf
0.975309	inf
0.975309	inf
