# Persistence diagram <GML/1772.gml>
#
# Dimension   : 0
# Entries     : 63
# Betti number: 4
0	inf
0	inf
0	0.709677
0	0.870968
0	0.903226
0	inf
0	0.903226
0	0.903226
0	0.83871
0	inf
0	0.709677
0	0.903226
0	0.806452
0	0.935484
0	0.935484
0	0.709677
0	0.870968
0	0.806452
0	0.870968
0	0.903226
0	0.935484
0	0.83871
0	0.741935
0	0.935484
0	0.935484
0	0.935484
0	0.935484
0	0.935484
0	0.935484
0	0.935484
0	0.709677
0	0.935484
0	0.903226
0	0.935484
0	0.709677
0	0.83871
0	0.83871
0	0.870968
0	0.83871
0	0.709677
0	0.741935
0	0.870968
0	0.903226
0	0.741935
0	0.709677
0	0.709677
0	0.741935
0	0.741935
0	0.83871
0	0.935484
0	0.741935
0	0.903226
0	0.83871
0	0.903226
0	0.83871
0	0.83871
0	0.806452
0	0.870968
0	0.709677
0	0.870968
0	0.741935
0	0.83871
0	0.903226


