# Persistence diagram <GML/1776.gml>
#
# Dimension   : 0
# Entries     : 57
# Betti number: 2
0	inf
0	0.866667
0	0.866667
0	inf
0	0.5
0	0.833333
0	0.966667
0	0.833333
0	0.5
0	0.833333
0	0.866667
0	0.9
0	0.5
0	0.9
0	0.866667
0	0.9
0	0.9
0	0.9
0	0.9
0	0.9
0	0.866667
0	0.933333
0	0.5
0	0.9
0	0.933333
0	0.833333
0	0.933333
0	0.5
0	0.933333
0	0.9
0	0.933333
0	0.833333
0	0.5
0	0.933333
0	0.9
0	0.5
0	0.933333
0	0.933333
0	0.866667
0	0.833333
0	0.933333
0	0.5
0	0.9
0	0.5
0	0.833333
0	0.866667
0	0.9
0	0.5
0	0.866667
0	0.833333
0	0.5
0	0.5
0	0.5
0	0.5
0	0.866667
0	0.9
0	0.866667


