# Persistence diagram <GML/1782.gml>
#
# Dimension   : 1
# Entries     : 34
# Betti number: 33
0.777778	inf
0.777778	inf
0.777778	inf
0.777778	inf
0.825397	inf
0.825397	inf
0.888889	inf
0.888889	inf
0.888889	inf
0.904762	inf
0.904762	inf
0.904762	inf
0.904762	0.920635
0.904762	inf
0.904762	inf
0.904762	inf
0.904762	inf
0.904762	inf
0.920635	inf
0.920635	inf
0.936508	inf
0.936508	inf
0.936508	inf
0.952381	inf
0.952381	inf
0.952381	inf
0.952381	inf
0.952381	inf
0.952381	inf
0.968254	inf
0.968254	inf
0.968254	inf
0.968254	inf
0.968254	inf
