# Persistence diagram <GML/1789.gml>
#
# Dimension   : 0
# Entries     : 102
# Betti number: 7
0	inf
0	0.75
0	0.75
0	inf
0	0.90625
0	0.90625
0	0.8125
0	0.75
0	0.9375
0	0.8125
0	0.9375
0	0.84375
0	0.75
0	0.90625
0	0.4375
0	0.84375
0	0.9375
0	0.9375
0	0.875
0	inf
0	0.8125
0	0.8125
0	inf
0	inf
0	0.9375
0	inf
0	0.9375
0	0.875
0	0.4375
0	0.4375
0	0.78125
0	0.78125
0	0.4375
0	0.90625
0	0.90625
0	0.875
0	0.4375
0	0.4375
0	0.8125
0	0.9375
0	0.4375
0	0.9375
0	0.9375
0	0.9375
0	0.875
0	0.8125
0	0.75
0	0.9375
0	0.9375
0	0.875
0	inf
0	0.84375
0	0.90625
0	0.875
0	0.4375
0	0.78125
0	0.875
0	0.8125
0	0.84375
0	0.8125
0	0.8125
0	0.4375
0	0.875
0	0.9375
0	0.9375
0	0.9375
0	0.84375
0	0.96875
0	0.9375
0	0.4375
0	0.875
0	0.875
0	0.90625
0	0.78125
0	0.90625
0	0.84375
0	0.90625
0	0.4375
0	0.9375
0	0.875
0	0.75
0	0.4375
0	0.90625
0	0.875
0	0.8125
0	0.875
0	0.4375
0	0.4375
0	0.9375
0	0.4375
0	0.8125
0	0.8125
0	0.4375
0	0.78125
0	0.84375
0	0.96875
0	0.75
0	0.9375
0	0.84375
0	0.9375
0	0.9375
0	0.96875


