# Persistence diagram <GML/1790.gml>
#
# Dimension   : 0
# Entries     : 55
# Betti number: 3
0	inf
0	inf
0	0.927536
0	0.956522
0	inf
0	0.855072
0	0.855072
0	0.971014
0	0.942029
0	0.898551
0	0.971014
0	0.84058
0	0.855072
0	0.84058
0	0.971014
0	0.956522
0	0.855072
0	0.913043
0	0.942029
0	0.84058
0	0.985507
0	0.84058
0	0.942029
0	0.956522
0	0.898551
0	0.971014
0	0.84058
0	0.942029
0	0.942029
0	0.855072
0	0.971014
0	0.855072
0	0.855072
0	0.84058
0	0.913043
0	0.855072
0	0.927536
0	0.84058
0	0.898551
0	0.942029
0	0.971014
0	0.985507
0	0.942029
0	0.956522
0	0.913043
0	0.84058
0	0.971014
0	0.971014
0	0.913043
0	0.913043
0	0.84058
0	0.971014
0	0.84058
0	0.971014
0	0.913043


