# Persistence diagram <GML/1793.gml>
#
# Dimension   : 0
# Entries     : 85
# Betti number: 8
0	inf
0	0.913043
0	0.73913
0	0.782609
0	0.869565
0	0.782609
0	inf
0	inf
0	inf
0	0.695652
0	0.913043
0	0.782609
0	0.695652
0	0.869565
0	0.913043
0	0.869565
0	0.565217
0	inf
0	0.608696
0	0.913043
0	inf
0	inf
0	0.782609
0	0.913043
0	0.869565
0	0.782609
0	0.73913
0	0.73913
0	0.73913
0	0.913043
0	0.608696
0	0.608696
0	inf
0	0.913043
0	0.869565
0	0.565217
0	0.565217
0	0.913043
0	0.869565
0	0.913043
0	0.695652
0	0.956522
0	0.73913
0	0.956522
0	0.913043
0	0.869565
0	0.782609
0	0.565217
0	0.73913
0	0.695652
0	0.608696
0	0.608696
0	0.913043
0	0.869565
0	0.565217
0	0.956522
0	0.913043
0	0.73913
0	0.73913
0	0.913043
0	0.565217
0	0.913043
0	0.73913
0	0.869565
0	0.913043
0	0.913043
0	0.695652
0	0.913043
0	0.869565
0	0.913043
0	0.869565
0	0.869565
0	0.956522
0	0.869565
0	0.869565
0	0.73913
0	0.913043
0	0.565217
0	0.73913
0	0.956522
0	0.565217
0	0.695652
0	0.565217
0	0.73913
0	0.913043


