# Persistence diagram <GML/1797.gml>
#
# Dimension   : 0
# Entries     : 46
# Betti number: 3
0	inf
0	inf
0	0.875
0	0.875
0	0.666667
0	0.833333
0	0.916667
0	0.833333
0	0.666667
0	0.666667
0	0.791667
0	0.666667
0	0.666667
0	0.916667
0	inf
0	0.958333
0	0.875
0	0.916667
0	0.916667
0	0.875
0	0.875
0	0.875
0	0.666667
0	0.666667
0	0.875
0	0.666667
0	0.791667
0	0.916667
0	0.916667
0	0.916667
0	0.791667
0	0.791667
0	0.875
0	0.916667
0	0.875
0	0.916667
0	0.833333
0	0.875
0	0.875
0	0.666667
0	0.666667
0	0.666667
0	0.916667
0	0.916667
0	0.833333
0	0.666667


