# Persistence diagram <GML/1831.gml>
#
# Dimension   : 0
# Entries     : 54
# Betti number: 2
0	inf
0	0.634146
0	0.780488
0	0.902439
0	0.926829
0	0.878049
0	0.902439
0	0.634146
0	0.634146
0	0.95122
0	0.634146
0	0.878049
0	0.878049
0	0.780488
0	0.853659
0	0.780488
0	0.878049
0	0.634146
0	0.634146
0	0.902439
0	0.634146
0	0.780488
0	0.902439
0	0.902439
0	0.780488
0	0.926829
0	0.902439
0	0.926829
0	0.853659
0	0.902439
0	0.95122
0	0.878049
0	0.634146
0	0.634146
0	0.634146
0	0.878049
0	0.634146
0	0.878049
0	0.634146
0	0.902439
0	0.902439
0	0.780488
0	inf
0	0.878049
0	0.926829
0	0.926829
0	0.780488
0	0.926829
0	0.926829
0	0.902439
0	0.97561
0	0.634146
0	0.634146
0	0.926829


