# Persistence diagram <GML/1838.gml>
#
# Dimension   : 0
# Entries     : 115
# Betti number: 3
0	inf
0	0.666667
0	0.809524
0	0.904762
0	0.968254
0	0.746032
0	0.857143
0	0.936508
0	0.666667
0	0.809524
0	0.873016
0	0.936508
0	0.968254
0	0.904762
0	0.968254
0	0.666667
0	0.952381
0	0.936508
0	0.84127
0	0.84127
0	0.904762
0	0.666667
0	0.746032
0	0.746032
0	0.809524
0	0.936508
0	0.666667
0	0.857143
0	0.746032
0	inf
0	0.666667
0	0.936508
0	0.904762
0	0.873016
0	0.968254
0	0.666667
0	inf
0	0.936508
0	0.873016
0	0.84127
0	0.666667
0	0.746032
0	0.920635
0	0.84127
0	0.666667
0	0.809524
0	0.809524
0	0.936508
0	0.968254
0	0.952381
0	0.968254
0	0.746032
0	0.809524
0	0.873016
0	0.746032
0	0.904762
0	0.666667
0	0.920635
0	0.904762
0	0.809524
0	0.936508
0	0.666667
0	0.666667
0	0.84127
0	0.873016
0	0.936508
0	0.920635
0	0.968254
0	0.873016
0	0.746032
0	0.666667
0	0.984127
0	0.904762
0	0.746032
0	0.984127
0	0.873016
0	0.809524
0	0.809524
0	0.936508
0	0.936508
0	0.936508
0	0.952381
0	0.666667
0	0.666667
0	0.873016
0	0.888889
0	0.968254
0	0.857143
0	0.809524
0	0.84127
0	0.968254
0	0.857143
0	0.936508
0	0.952381
0	0.746032
0	0.952381
0	0.666667
0	0.746032
0	0.666667
0	0.968254
0	0.952381
0	0.809524
0	0.809524
0	0.746032
0	0.746032
0	0.746032
0	0.666667
0	0.746032
0	0.666667
0	0.904762
0	0.952381
0	0.746032
0	0.936508
0	0.873016
0	0.904762


