# Persistence diagram <GML/1853.gml>
#
# Dimension   : 0
# Entries     : 55
# Betti number: 2
0	inf
0	0.975904
0	0.963855
0	0.891566
0	0.963855
0	0.951807
0	0.963855
0	0.891566
0	0.939759
0	0.879518
0	0.939759
0	0.891566
0	0.963855
0	0.963855
0	0.939759
0	0.891566
0	inf
0	0.951807
0	0.975904
0	0.963855
0	0.879518
0	0.891566
0	0.879518
0	0.975904
0	0.975904
0	0.939759
0	0.963855
0	0.951807
0	0.879518
0	0.975904
0	0.939759
0	0.963855
0	0.891566
0	0.939759
0	0.939759
0	0.963855
0	0.963855
0	0.891566
0	0.963855
0	0.879518
0	0.963855
0	0.975904
0	0.975904
0	0.963855
0	0.891566
0	0.879518
0	0.879518
0	0.975904
0	0.975904
0	0.975904
0	0.963855
0	0.879518
0	0.891566
0	0.891566
0	0.939759


