# Persistence diagram <GML/1863.gml>
#
# Dimension   : 0
# Entries     : 54
# Betti number: 1
0	inf
0	0.870968
0	0.870968
0	0.290323
0	0.870968
0	0.774194
0	0.774194
0	0.870968
0	0.290323
0	0.935484
0	0.870968
0	0.903226
0	0.290323
0	0.870968
0	0.290323
0	0.290323
0	0.870968
0	0.903226
0	0.290323
0	0.935484
0	0.870968
0	0.290323
0	0.290323
0	0.806452
0	0.290323
0	0.290323
0	0.903226
0	0.935484
0	0.774194
0	0.935484
0	0.903226
0	0.741935
0	0.935484
0	0.741935
0	0.870968
0	0.806452
0	0.290323
0	0.774194
0	0.935484
0	0.290323
0	0.774194
0	0.903226
0	0.935484
0	0.903226
0	0.806452
0	0.774194
0	0.774194
0	0.741935
0	0.935484
0	0.290323
0	0.903226
0	0.741935
0	0.806452
0	0.290323


