# Persistence diagram <GML/1871.gml>
#
# Dimension   : 0
# Entries     : 44
# Betti number: 2
0	inf
0	0.829268
0	0.878049
0	0.926829
0	0.926829
0	inf
0	0.926829
0	0.95122
0	0.853659
0	0.853659
0	0.926829
0	0.878049
0	0.902439
0	0.95122
0	0.902439
0	0.829268
0	0.95122
0	0.95122
0	0.829268
0	0.829268
0	0.926829
0	0.878049
0	0.853659
0	0.95122
0	0.878049
0	0.853659
0	0.95122
0	0.926829
0	0.902439
0	0.926829
0	0.902439
0	0.926829
0	0.926829
0	0.926829
0	0.926829
0	0.926829
0	0.926829
0	0.829268
0	0.97561
0	0.926829
0	0.878049
0	0.95122
0	0.926829
0	0.926829


