# Persistence diagram <GML/1875.gml>
#
# Dimension   : 0
# Entries     : 58
# Betti number: 1
0	inf
0	0.924051
0	0.974684
0	0.924051
0	0.974684
0	0.974684
0	0.860759
0	0.949367
0	0.911392
0	0.911392
0	0.974684
0	0.924051
0	0.962025
0	0.911392
0	0.911392
0	0.974684
0	0.949367
0	0.911392
0	0.911392
0	0.924051
0	0.924051
0	0.924051
0	0.860759
0	0.962025
0	0.860759
0	0.911392
0	0.860759
0	0.860759
0	0.911392
0	0.962025
0	0.974684
0	0.911392
0	0.936709
0	0.860759
0	0.974684
0	0.860759
0	0.949367
0	0.924051
0	0.860759
0	0.974684
0	0.924051
0	0.962025
0	0.936709
0	0.974684
0	0.924051
0	0.860759
0	0.911392
0	0.911392
0	0.962025
0	0.962025
0	0.949367
0	0.962025
0	0.924051
0	0.949367
0	0.962025
0	0.911392
0	0.924051
0	0.860759


