# Persistence diagram <GML/1920.gml>
#
# Dimension   : 0
# Entries     : 98
# Betti number: 2
0	inf
0	0.93617
0	0.914894
0	0.87234
0	0.765957
0	0.87234
0	0.851064
0	0.87234
0	0.851064
0	0.914894
0	0.87234
0	0.829787
0	0.851064
0	0.914894
0	0.851064
0	0.851064
0	0.87234
0	0.787234
0	0.893617
0	0.914894
0	0.957447
0	0.957447
0	0.957447
0	0.914894
0	0.957447
0	0.87234
0	0.787234
0	0.765957
0	0.829787
0	0.765957
0	0.87234
0	0.787234
0	0.829787
0	0.765957
0	0.93617
0	0.914894
0	0.765957
0	0.829787
0	0.914894
0	0.914894
0	0.87234
0	0.851064
0	0.851064
0	0.914894
0	0.87234
0	0.87234
0	0.829787
0	0.765957
0	inf
0	0.914894
0	0.957447
0	0.914894
0	0.93617
0	0.93617
0	0.957447
0	0.93617
0	0.914894
0	0.93617
0	0.957447
0	0.93617
0	0.787234
0	0.787234
0	0.978723
0	0.93617
0	0.957447
0	0.93617
0	0.787234
0	0.787234
0	0.893617
0	0.851064
0	0.93617
0	0.93617
0	0.914894
0	0.787234
0	0.765957
0	0.914894
0	0.765957
0	0.914894
0	0.787234
0	0.93617
0	0.93617
0	0.851064
0	0.765957
0	0.914894
0	0.851064
0	0.87234
0	0.829787
0	0.93617
0	0.914894
0	0.93617
0	0.957447
0	0.765957
0	0.914894
0	0.851064
0	0.851064
0	0.93617
0	0.93617
0	0.829787


