# Persistence diagram <GML/1923.gml>
#
# Dimension   : 0
# Entries     : 51
# Betti number: 2
0	inf
0	0.9375
0	0.875
0	0.65625
0	0.78125
0	0.9375
0	0.9375
0	0.875
0	0.90625
0	0.9375
0	0.9375
0	0.84375
0	0.90625
0	0.8125
0	inf
0	0.90625
0	0.90625
0	0.78125
0	0.90625
0	0.90625
0	0.65625
0	0.90625
0	0.65625
0	0.9375
0	0.9375
0	0.84375
0	0.90625
0	0.84375
0	0.9375
0	0.90625
0	0.875
0	0.78125
0	0.90625
0	0.78125
0	0.8125
0	0.65625
0	0.90625
0	0.65625
0	0.9375
0	0.90625
0	0.84375
0	0.65625
0	0.9375
0	0.84375
0	0.90625
0	0.8125
0	0.90625
0	0.78125
0	0.8125
0	0.9375
0	0.84375


