# Persistence diagram <GML/1925.gml>
#
# Dimension   : 0
# Entries     : 62
# Betti number: 5
0	inf
0	0.857143
0	inf
0	0.857143
0	0.857143
0	0.714286
0	inf
0	0.714286
0	0.761905
0	0.714286
0	0.714286
0	0.857143
0	0.857143
0	0.904762
0	0.857143
0	0.857143
0	0.714286
0	0.857143
0	0.904762
0	0.904762
0	inf
0	0.809524
0	0.857143
0	0.714286
0	0.714286
0	0.714286
0	0.904762
0	0.857143
0	0.904762
0	0.904762
0	0.857143
0	0.904762
0	0.857143
0	0.714286
0	inf
0	0.857143
0	0.714286
0	0.761905
0	0.857143
0	0.904762
0	0.857143
0	0.904762
0	0.857143
0	0.857143
0	0.761905
0	0.952381
0	0.714286
0	0.761905
0	0.857143
0	0.904762
0	0.857143
0	0.714286
0	0.904762
0	0.714286
0	0.857143
0	0.904762
0	0.714286
0	0.714286
0	0.857143
0	0.714286
0	0.904762
0	0.809524


