# Persistence diagram <GML/1930.gml>
#
# Dimension   : 0
# Entries     : 48
# Betti number: 3
0	inf
0	0.925926
0	0.962963
0	0.87037
0	0.796296
0	0.944444
0	0.87037
0	0.87037
0	0.796296
0	0.87037
0	0.944444
0	0.87037
0	0.907407
0	0.87037
0	0.796296
0	0.888889
0	0.796296
0	inf
0	0.962963
0	0.944444
0	0.87037
0	0.962963
0	0.87037
0	0.907407
0	0.907407
0	0.907407
0	0.981481
0	0.796296
0	0.87037
0	0.888889
0	0.87037
0	inf
0	0.87037
0	0.907407
0	0.796296
0	0.888889
0	0.981481
0	0.888889
0	0.925926
0	0.944444
0	0.87037
0	0.907407
0	0.796296
0	0.796296
0	0.944444
0	0.796296
0	0.944444
0	0.888889


