# Persistence diagram <GML/1933.gml>
#
# Dimension   : 0
# Entries     : 58
# Betti number: 4
0	inf
0	0.928571
0	0.928571
0	0.857143
0	0.535714
0	0.714286
0	0.928571
0	0.535714
0	inf
0	0.535714
0	inf
0	0.857143
0	0.857143
0	0.535714
0	0.785714
0	0.821429
0	0.928571
0	0.785714
0	0.928571
0	0.928571
0	0.821429
0	inf
0	0.714286
0	0.535714
0	0.857143
0	0.857143
0	0.535714
0	0.785714
0	0.892857
0	0.857143
0	0.928571
0	0.857143
0	0.857143
0	0.892857
0	0.535714
0	0.928571
0	0.785714
0	0.964286
0	0.785714
0	0.535714
0	0.928571
0	0.928571
0	0.714286
0	0.714286
0	0.535714
0	0.964286
0	0.785714
0	0.821429
0	0.857143
0	0.892857
0	0.892857
0	0.892857
0	0.857143
0	0.785714
0	0.857143
0	0.857143
0	0.785714
0	0.857143


