# Persistence diagram <GML/1944.gml>
#
# Dimension   : 0
# Entries     : 44
# Betti number: 1
0	inf
0	0.782609
0	0.695652
0	0.695652
0	0.782609
0	0.869565
0	0.826087
0	0.695652
0	0.826087
0	0.695652
0	0.695652
0	0.695652
0	0.913043
0	0.826087
0	0.913043
0	0.695652
0	0.782609
0	0.782609
0	0.782609
0	0.782609
0	0.782609
0	0.869565
0	0.826087
0	0.73913
0	0.73913
0	0.826087
0	0.782609
0	0.782609
0	0.826087
0	0.869565
0	0.782609
0	0.826087
0	0.869565
0	0.826087
0	0.695652
0	0.913043
0	0.782609
0	0.73913
0	0.869565
0	0.782609
0	0.695652
0	0.869565
0	0.695652
0	0.826087


