# Persistence diagram <GML/1965.gml>
#
# Dimension   : 0
# Entries     : 72
# Betti number: 2
0	inf
0	inf
0	0.952381
0	0.880952
0	0.833333
0	0.928571
0	0.928571
0	0.952381
0	0.952381
0	0.880952
0	0.809524
0	0.904762
0	0.952381
0	0.928571
0	0.880952
0	0.952381
0	0.809524
0	0.928571
0	0.880952
0	0.880952
0	0.857143
0	0.880952
0	0.880952
0	0.880952
0	0.833333
0	0.952381
0	0.904762
0	0.833333
0	0.904762
0	0.928571
0	0.928571
0	0.809524
0	0.952381
0	0.809524
0	0.928571
0	0.833333
0	0.880952
0	0.952381
0	0.928571
0	0.928571
0	0.833333
0	0.952381
0	0.880952
0	0.904762
0	0.928571
0	0.952381
0	0.904762
0	0.833333
0	0.833333
0	0.904762
0	0.952381
0	0.928571
0	0.880952
0	0.928571
0	0.880952
0	0.928571
0	0.928571
0	0.904762
0	0.904762
0	0.952381
0	0.952381
0	0.952381
0	0.928571
0	0.904762
0	0.952381
0	0.880952
0	0.880952
0	0.833333
0	0.833333
0	0.880952
0	0.904762
0	0.928571


