# Persistence diagram <GML/1971.gml>
#
# Dimension   : 0
# Entries     : 108
# Betti number: 2
0	inf
0	0.956522
0	0.956522
0	0.855072
0	0.971014
0	0.84058
0	0.84058
0	0.855072
0	0.768116
0	0.971014
0	0.971014
0	0.855072
0	0.884058
0	0.84058
0	0.942029
0	0.956522
0	0.971014
0	0.913043
0	0.956522
0	0.956522
0	0.884058
0	0.768116
0	0.768116
0	0.84058
0	0.913043
0	0.971014
0	0.942029
0	0.913043
0	0.913043
0	0.913043
0	0.971014
0	0.956522
0	0.84058
0	0.855072
0	0.927536
0	0.956522
0	0.971014
0	0.956522
0	0.971014
0	0.913043
0	inf
0	0.768116
0	0.84058
0	0.956522
0	0.768116
0	0.956522
0	0.971014
0	0.84058
0	0.84058
0	0.942029
0	0.768116
0	0.956522
0	0.84058
0	0.942029
0	0.884058
0	0.956522
0	0.84058
0	0.768116
0	0.971014
0	0.942029
0	0.884058
0	0.768116
0	0.84058
0	0.956522
0	0.956522
0	0.971014
0	0.971014
0	0.942029
0	0.84058
0	0.84058
0	0.913043
0	0.768116
0	0.855072
0	0.84058
0	0.768116
0	0.913043
0	0.942029
0	0.768116
0	0.84058
0	0.942029
0	0.855072
0	0.84058
0	0.971014
0	0.971014
0	0.971014
0	0.942029
0	0.971014
0	0.956522
0	0.84058
0	0.971014
0	0.956522
0	0.855072
0	0.971014
0	0.942029
0	0.768116
0	0.942029
0	0.971014
0	0.913043
0	0.971014
0	0.942029
0	0.927536
0	0.942029
0	0.84058
0	0.884058
0	0.768116
0	0.956522
0	0.84058
0	0.942029


