# Persistence diagram <GML/1978.gml>
#
# Dimension   : 0
# Entries     : 151
# Betti number: 3
0	inf
0	0.575
0	0.575
0	0.575
0	0.425
0	0.425
0	0.575
0	0.925
0	inf
0	0.575
0	0.875
0	0.875
0	0.575
0	0.85
0	0.875
0	0.625
0	0.9
0	0.425
0	0.425
0	0.625
0	0.95
0	0.7
0	0.575
0	0.95
0	0.85
0	0.9
0	0.95
0	0.7
0	0.425
0	0.85
0	0.9
0	0.625
0	0.425
0	0.95
0	0.9
0	0.625
0	0.925
0	0.95
0	0.775
0	0.625
0	0.625
0	0.7
0	0.875
0	0.9
0	0.425
0	0.425
0	0.825
0	0.875
0	0.85
0	0.875
0	0.925
0	0.625
0	0.95
0	0.825
0	0.775
0	0.425
0	0.575
0	0.9
0	0.875
0	0.925
0	0.95
0	0.9
0	0.9
0	inf
0	0.425
0	0.95
0	0.85
0	0.7
0	0.95
0	0.7
0	0.775
0	0.9
0	0.7
0	0.9
0	0.775
0	0.975
0	0.575
0	0.875
0	0.575
0	0.7
0	0.7
0	0.7
0	0.95
0	0.85
0	0.575
0	0.95
0	0.425
0	0.875
0	0.9
0	0.575
0	0.925
0	0.9
0	0.925
0	0.625
0	0.625
0	0.875
0	0.9
0	0.925
0	0.85
0	0.425
0	0.575
0	0.875
0	0.625
0	0.7
0	0.9
0	0.425
0	0.775
0	0.7
0	0.425
0	0.9
0	0.9
0	0.95
0	0.875
0	0.825
0	0.875
0	0.95
0	0.425
0	0.425
0	0.925
0	0.775
0	0.825
0	0.925
0	0.95
0	0.9
0	0.425
0	0.925
0	0.425
0	0.9
0	0.9
0	0.85
0	0.425
0	0.925
0	0.875
0	0.625
0	0.625
0	0.575
0	0.875
0	0.95
0	0.85
0	0.425
0	0.875
0	0.425
0	0.925
0	0.925
0	0.575
0	0.625
0	0.875
0	0.425
0	0.875
0	0.625
0	0.7


