# Persistence diagram <GML/1981.gml>
#
# Dimension   : 0
# Entries     : 80
# Betti number: 2
0	inf
0	0.921053
0	0.921053
0	inf
0	0.921053
0	0.947368
0	0.947368
0	0.868421
0	0.894737
0	0.921053
0	0.894737
0	0.710526
0	0.947368
0	0.842105
0	0.842105
0	0.894737
0	0.842105
0	0.947368
0	0.842105
0	0.710526
0	0.842105
0	0.921053
0	0.868421
0	0.921053
0	0.710526
0	0.921053
0	0.947368
0	0.842105
0	0.921053
0	0.842105
0	0.710526
0	0.947368
0	0.894737
0	0.710526
0	0.868421
0	0.894737
0	0.947368
0	0.947368
0	0.947368
0	0.894737
0	0.710526
0	0.947368
0	0.710526
0	0.894737
0	0.894737
0	0.868421
0	0.921053
0	0.921053
0	0.710526
0	0.842105
0	0.947368
0	0.894737
0	0.894737
0	0.921053
0	0.894737
0	0.947368
0	0.894737
0	0.921053
0	0.842105
0	0.894737
0	0.947368
0	0.710526
0	0.921053
0	0.947368
0	0.947368
0	0.947368
0	0.894737
0	0.921053
0	0.947368
0	0.842105
0	0.842105
0	0.868421
0	0.947368
0	0.947368
0	0.921053
0	0.921053
0	0.894737
0	0.842105
0	0.894737
0	0.894737


