# Persistence diagram <GML/1989.gml>
#
# Dimension   : 0
# Entries     : 74
# Betti number: 1
0	inf
0	0.8
0	0.45
0	0.8
0	0.85
0	0.6
0	0.85
0	0.8
0	0.7
0	0.75
0	0.8
0	0.55
0	0.8
0	0.75
0	0.55
0	0.45
0	0.7
0	0.75
0	0.75
0	0.9
0	0.8
0	0.9
0	0.45
0	0.8
0	0.7
0	0.45
0	0.8
0	0.7
0	0.6
0	0.9
0	0.9
0	0.55
0	0.55
0	0.75
0	0.7
0	0.7
0	0.75
0	0.6
0	0.45
0	0.75
0	0.75
0	0.7
0	0.55
0	0.85
0	0.55
0	0.45
0	0.6
0	0.6
0	0.7
0	0.6
0	0.8
0	0.6
0	0.55
0	0.45
0	0.85
0	0.45
0	0.7
0	0.85
0	0.9
0	0.7
0	0.6
0	0.6
0	0.7
0	0.85
0	0.45
0	0.8
0	0.6
0	0.8
0	0.6
0	0.85
0	0.6
0	0.6
0	0.85
0	0.9


