# Persistence diagram <GML/0000.gml>
#
# Dimension   : 0
# Entries     : 218
# Betti number: 3
0	inf
0	1
0	1
0	1
0	0.0859375
0	0.101562
0	1
0	0.0390625
0	inf
0	1
0	1
0	0.09375
0	1
0	0.09375
0	1
0	0.101562
0	0.046875
0	1
0	0.09375
0	0.0390625
0	1
0	1
0	1
0	1
0	0.015625
0	0.101562
0	0.046875
0	1
0	0.101562
0	0.0234375
0	1
0	0.046875
0	0.101562
0	1
0	0.0859375
0	1
0	1
0	1
0	1
0	0.046875
0	1
0	0.046875
0	0.101562
0	1
0	0.0859375
0	0.046875
0	1
0	0.0234375
0	1
0	1
0	0.101562
0	1
0	1
0	0.015625
0	1
0	0.101562
0	0.09375
0	1
0	0.101562
0	1
0	1
0	inf
0	0.046875
0	0.015625
0	1
0	0.101562
0	1
0	0.101562
0	1
0	1
0	0.101562
0	1
0	1
0	0.0859375
0	1
0	0.0234375
0	1
0	1
0	0.015625
0	0.0390625
0	0.046875
0	0.09375
0	0.0078125
0	1
0	1
0	1
0	0.09375
0	1
0	0.0234375
0	1
0	0.101562
0	1
0	1
0	0.101562
0	1
0	0.09375
0	0.0859375
0	1
0	0.0234375
0	1
0	1
0	0.046875
0	0.03125
0	0.09375
0	1
0	1
0	1
0	1
0	1
0	1
0	1
0	1
0	0.0234375
0	1
0	0.046875
0	1
0	1
0	0.0234375
0	1
0	0.0234375
0	0.046875
0	1
0	0.015625
0	0.03125
0	0.09375
0	0.101562
0	1
0	0.0390625
0	0.0234375
0	1
0	0.0390625
0	1
0	0.0390625
0	0.0234375
0	0.0234375
0	1
0	0.015625
0	1
0	1
0	1
0	1
0	1
0	1
0	0.09375
0	0.0859375
0	1
0	1
0	1
0	1
0	1
0	0.015625
0	0.046875
0	0.101562
0	0.0859375
0	0.0078125
0	1
0	0.0234375
0	0.0390625
0	1
0	1
0	0.015625
0	1
0	0.101562
0	1
0	0.0234375
0	0.015625
0	0.0234375
0	0.0234375
0	0.101562
0	1
0	0.0234375
0	0.0390625
0	0.0234375
0	1
0	0.0234375
0	1
0	1
0	1
0	1
0	1
0	1
0	1
0	1
0	1
0	1
0	1
0	1
0	1
0	1
0	0.015625
0	1
0	0.015625
0	0.0859375
0	1
0	0.0859375
0	1
0	1
0	0.03125
0	0.015625
0	0.015625
0	1
0	0.0390625
0	0.0234375
0	0.0234375
0	0.0234375
0	1
0	0.0390625
0	1
0	1
0	1
0	1
0	0.015625
0	0.015625
0	0.0859375
0	1
0	0.015625
0	0.03125
0	1


