# Persistence diagram <GML/0002.gml>
#
# Dimension   : 0
# Entries     : 228
# Betti number: 3
0	inf
0	1
0	1
0	1
0	1
0	1
0	1
0	1
0	0.09375
0	1
0	1
0	1
0	1
0	1
0	0.09375
0	0.197917
0	0.0625
0	1
0	0.0416667
0	0.0833333
0	0.0833333
0	0.0833333
0	0.03125
0	0.0833333
0	0.0729167
0	0.09375
0	0.0208333
0	0.0625
0	1
0	1
0	0.0729167
0	0.0833333
0	0.0625
0	0.0520833
0	0.0625
0	0.197917
0	0.0416667
0	1
0	1
0	0.197917
0	0.0208333
0	0.03125
0	1
0	inf
0	1
0	0.197917
0	0.0833333
0	0.03125
0	0.0208333
0	1
0	0.0208333
0	0.0416667
0	1
0	1
0	0.0625
0	0.0729167
0	0.0208333
0	0.0520833
0	0.03125
0	1
0	0.03125
0	0.0833333
0	1
0	0.0729167
0	0.0833333
0	0.197917
0	1
0	0.0833333
0	1
0	0.197917
0	0.0833333
0	1
0	1
0	1
0	0.0625
0	1
0	0.0416667
0	1
0	0.0208333
0	1
0	0.0416667
0	1
0	0.197917
0	0.0208333
0	1
0	1
0	0.197917
0	1
0	1
0	0.0729167
0	0.0416667
0	0.0208333
0	0.03125
0	0.0625
0	1
0	0.0208333
0	0.03125
0	0.0729167
0	0.0625
0	0.0729167
0	0.0833333
0	0.0208333
0	1
0	0.0416667
0	1
0	0.0729167
0	0.03125
0	0.197917
0	0.0208333
0	1
0	1
0	0.0208333
0	0.0625
0	0.0416667
0	0.03125
0	0.0416667
0	1
0	0.0729167
0	0.03125
0	0.03125
0	1
0	0.0833333
0	1
0	1
0	0.0208333
0	0.0416667
0	0.0833333
0	0.0625
0	inf
0	0.03125
0	1
0	1
0	1
0	0.197917
0	0.0625
0	1
0	0.0416667
0	0.0416667
0	0.0729167
0	0.0625
0	1
0	1
0	1
0	1
0	1
0	1
0	0.0520833
0	0.0625
0	0.197917
0	0.0416667
0	0.03125
0	0.0625
0	0.0833333
0	0.0625
0	0.0520833
0	1
0	1
0	1
0	1
0	0.09375
0	0.03125
0	0.197917
0	0.0208333
0	0.0416667
0	1
0	0.03125
0	1
0	0.0208333
0	1
0	0.0520833
0	1
0	0.0833333
0	0.197917
0	0.0729167
0	0.03125
0	1
0	0.0208333
0	1
0	0.0416667
0	0.0625
0	0.0520833
0	1
0	0.0416667
0	0.0208333
0	1
0	0.0625
0	1
0	0.0208333
0	1
0	0.09375
0	0.03125
0	1
0	1
0	0.03125
0	0.0625
0	0.0729167
0	0.197917
0	0.0416667
0	0.0208333
0	0.0729167
0	0.0104167
0	0.0416667
0	0.0208333
0	1
0	0.0208333
0	0.09375
0	0.0625
0	0.197917
0	0.0208333
0	1
0	0.0208333
0	1
0	0.0520833
0	0.0729167
0	0.03125
0	0.197917
0	0.0208333
0	0.03125
0	0.0208333
0	1
0	1
0	0.0208333
0	1
0	0.03125
0	0.0625
0	0.03125
0	0.0729167
0	0.0208333


