# Persistence diagram <GML/0003.gml>
#
# Dimension   : 0
# Entries     : 486
# Betti number: 5
0	inf
0	0.0540541
0	0.030888
0	0.034749
0	0.027027
0	1
0	0.034749
0	0.030888
0	0.03861
0	0.023166
0	1
0	0.030888
0	1
0	0.019305
0	1
0	1
0	1
0	1
0	inf
0	0.0540541
0	1
0	0.027027
0	0.019305
0	0.0540541
0	1
0	1
0	inf
0	1
0	1
0	0.030888
0	1
0	0.019305
0	1
0	0.046332
0	1
0	0.03861
0	0.0540541
0	0.027027
0	0.019305
0	0.0617761
0	0.011583
0	1
0	1
0	1
0	1
0	1
0	1
0	0.046332
0	1
0	1
0	0.0540541
0	1
0	1
0	1
0	1
0	1
0	0.019305
0	0.030888
0	1
0	0.011583
0	inf
0	0.0540541
0	0.023166
0	1
0	1
0	1
0	1
0	1
0	0.015444
0	0.019305
0	0.011583
0	0.034749
0	1
0	0.0617761
0	1
0	0.034749
0	0.0617761
0	1
0	0.0617761
0	0.019305
0	1
0	1
0	0.034749
0	1
0	0.027027
0	0.00772201
0	1
0	0.034749
0	1
0	0.019305
0	0.019305
0	1
0	0.019305
0	0.019305
0	1
0	0.015444
0	0.030888
0	0.019305
0	1
0	1
0	1
0	0.0540541
0	0.015444
0	1
0	1
0	0.019305
0	1
0	0.015444
0	1
0	0.011583
0	1
0	1
0	0.019305
0	1
0	1
0	0.023166
0	0.015444
0	1
0	1
0	0.034749
0	0.034749
0	1
0	0.015444
0	0.019305
0	1
0	0.011583
0	0.030888
0	1
0	1
0	0.019305
0	1
0	0.019305
0	1
0	0.027027
0	1
0	1
0	1
0	1
0	0.011583
0	0.0617761
0	0.03861
0	1
0	0.015444
0	0.0540541
0	1
0	0.034749
0	1
0	1
0	0.019305
0	1
0	0.027027
0	1
0	0.015444
0	1
0	1
0	0.011583
0	0.03861
0	1
0	0.011583
0	0.046332
0	0.0617761
0	1
0	0.015444
0	1
0	0.011583
0	1
0	1
0	0.019305
0	1
0	0.034749
0	0.030888
0	1
0	0.019305
0	0.019305
0	1
0	1
0	0.030888
0	1
0	0.030888
0	0.015444
0	0.011583
0	0.00772201
0	0.023166
0	0.034749
0	0.030888
0	0.011583
0	0.011583
0	1
0	1
0	0.0540541
0	1
0	0.011583
0	0.019305
0	0.0617761
0	1
0	1
0	0.00772201
0	1
0	1
0	0.027027
0	1
0	0.00772201
0	1
0	1
0	0.030888
0	1
0	0.00772201
0	1
0	1
0	0.019305
0	0.011583
0	0.0540541
0	1
0	0.00772201
0	1
0	0.030888
0	0.011583
0	0.019305
0	1
0	1
0	0.030888
0	1
0	0.019305
0	0.015444
0	0.011583
0	1
0	0.011583
0	inf
0	0.015444
0	1
0	0.011583
0	0.019305
0	1
0	0.00772201
0	1
0	1
0	0.034749
0	0.027027
0	1
0	1
0	1
0	1
0	0.011583
0	0.030888
0	0.011583
0	0.0617761
0	1
0	0.034749
0	0.011583
0	0.011583
0	0.00772201
0	0.019305
0	0.00772201
0	0.011583
0	1
0	0.019305
0	1
0	0.011583
0	0.0617761
0	0.011583
0	1
0	0.00772201
0	1
0	1
0	1
0	0.011583
0	1
0	1
0	1
0	1
0	0.019305
0	0.011583
0	0.011583
0	1
0	0.019305
0	0.011583
0	0.034749
0	0.011583
0	1
0	1
0	0.015444
0	0.00772201
0	1
0	1
0	1
0	0.0540541
0	0.046332
0	0.011583
0	0.019305
0	0.019305
0	1
0	0.00772201
0	0.023166
0	0.023166
0	0.015444
0	0.011583
0	0.019305
0	1
0	1
0	0.00772201
0	0.015444
0	1
0	0.011583
0	0.011583
0	1
0	1
0	0.027027
0	1
0	1
0	0.00772201
0	0.027027
0	0.015444
0	1
0	0.003861
0	0.011583
0	0.015444
0	1
0	0.023166
0	1
0	0.027027
0	0.00772201
0	0.030888
0	1
0	1
0	1
0	1
0	1
0	0.00772201
0	0.0540541
0	0.00772201
0	1
0	1
0	0.027027
0	1
0	0.015444
0	0.046332
0	0.019305
0	1
0	0.015444
0	0.019305
0	0.019305
0	0.019305
0	1
0	0.023166
0	1
0	1
0	0.027027
0	0.046332
0	0.00772201
0	0.011583
0	0.030888
0	0.011583
0	0.011583
0	0.034749
0	0.00772201
0	1
0	0.015444
0	0.023166
0	0.03861
0	1
0	1
0	1
0	0.011583
0	1
0	0.023166
0	0.0617761
0	0.015444
0	1
0	0.027027
0	0.027027
0	1
0	0.0540541
0	0.011583
0	0.019305
0	1
0	0.011583
0	0.015444
0	0.011583
0	0.030888
0	1
0	1
0	1
0	0.0617761
0	0.00772201
0	0.0540541
0	0.011583
0	1
0	1
0	0.00772201
0	0.0540541
0	0.011583
0	1
0	0.015444
0	0.019305
0	0.00772201
0	0.011583
0	1
0	0.00772201
0	0.023166
0	0.015444
0	1
0	1
0	1
0	0.011583
0	1
0	0.015444
0	1
0	1
0	1
0	0.011583
0	0.019305
0	0.03861
0	1
0	0.00772201
0	0.011583
0	0.0540541
0	0.015444
0	1
0	0.03861
0	0.0540541
0	0.00772201
0	0.00772201
0	1
0	0.00772201
0	0.034749
0	0.019305
0	0.015444
0	0.015444
0	1
0	0.019305
0	1
0	0.023166
0	1
0	0.003861
0	1
0	0.015444
0	1
0	0.011583
0	1
0	0.00772201
0	0.023166
0	0.019305
0	1
0	0.027027
0	0.03861
0	0.00772201
0	1
0	0.015444
0	0.019305
0	1
0	0.019305
0	0.030888
0	1
0	0.046332
0	0.015444
0	1
0	1
0	0.00772201
0	0.00772201
0	0.03861
0	1
0	0.019305
0	1
0	0.011583
0	0.019305
0	1
0	0.015444
0	1
0	1
0	0.015444
0	0.00772201
0	1
0	0.00772201
0	1
0	0.00772201
0	0.011583
0	0.00772201
0	0.00772201
0	1
0	0.030888
0	1
0	1
0	0.00772201
0	0.011583
0	1
0	1


