# Persistence diagram <GML/0005.gml>
#
# Dimension   : 0
# Entries     : 969
# Betti number: 9
0	inf
0	1
0	0.0528967
0	0.0579345
0	1
0	0.0403023
0	1
0	1
0	0.0327456
0	0.0327456
0	inf
0	0.0428212
0	0.0403023
0	1
0	0.0251889
0	1
0	0.0176322
0	1
0	0.02267
0	1
0	0.0201511
0	0.0176322
0	0.0403023
0	1
0	0.02267
0	0.0100756
0	0.0176322
0	0.0327456
0	0.0327456
0	0.0125945
0	0.0125945
0	1
0	0.0528967
0	inf
0	0.0151134
0	0.0528967
0	1
0	0.0277078
0	0.02267
0	0.02267
0	0.0201511
0	0.0100756
0	0.0428212
0	1
0	1
0	1
0	0.02267
0	1
0	1
0	0.0151134
0	0.0302267
0	1
0	0.02267
0	0.0100756
0	0.0428212
0	1
0	1
0	1
0	0.0403023
0	1
0	1
0	0.0302267
0	1
0	0.00755668
0	0.0327456
0	0.0352645
0	1
0	1
0	1
0	0.00755668
0	0.0528967
0	1
0	1
0	1
0	1
0	0.0201511
0	0.0403023
0	1
0	0.0302267
0	0.0201511
0	0.0125945
0	0.0302267
0	1
0	1
0	0.0100756
0	1
0	0.0528967
0	0.0201511
0	1
0	1
0	0.0528967
0	0.0528967
0	1
0	0.0176322
0	0.0579345
0	0.0327456
0	1
0	0.0277078
0	0.0277078
0	1
0	0.0579345
0	0.0100756
0	0.0100756
0	0.0151134
0	1
0	0.0352645
0	1
0	1
0	0.0201511
0	0.00503778
0	1
0	1
0	1
0	0.0176322
0	1
0	0.0125945
0	0.0125945
0	1
0	0.0327456
0	0.0125945
0	0.0151134
0	1
0	0.00503778
0	1
0	0.0528967
0	0.0100756
0	0.0100756
0	0.0151134
0	0.0528967
0	0.0352645
0	1
0	1
0	1
0	0.0302267
0	1
0	0.0125945
0	0.0302267
0	0.0100756
0	0.02267
0	1
0	0.0251889
0	1
0	0.0201511
0	0.00503778
0	0.0151134
0	1
0	0.0403023
0	1
0	0.0100756
0	1
0	1
0	0.0251889
0	0.0403023
0	1
0	1
0	0.0125945
0	0.0327456
0	0.0302267
0	1
0	1
0	1
0	1
0	0.0100756
0	1
0	0.0100756
0	1
0	1
0	1
0	0.00755668
0	0.0151134
0	1
0	0.0151134
0	0.0151134
0	0.0428212
0	0.00503778
0	0.0125945
0	0.0403023
0	0.0579345
0	0.0125945
0	1
0	1
0	1
0	0.0100756
0	0.0377834
0	1
0	1
0	1
0	0.0100756
0	0.00755668
0	0.0176322
0	1
0	0.0251889
0	1
0	0.0125945
0	1
0	0.0302267
0	1
0	0.0201511
0	0.0302267
0	1
0	0.0352645
0	0.0125945
0	0.0151134
0	0.0151134
0	1
0	0.0302267
0	0.0125945
0	0.00755668
0	0.0176322
0	0.0100756
0	0.0151134
0	0.00503778
0	0.0302267
0	0.0302267
0	0.0176322
0	0.00755668
0	0.0100756
0	1
0	0.0125945
0	0.00503778
0	1
0	0.0125945
0	1
0	0.0403023
0	1
0	0.0528967
0	1
0	0.00755668
0	0.00755668
0	0.0579345
0	1
0	1
0	0.00755668
0	1
0	0.0151134
0	1
0	0.0125945
0	0.0176322
0	0.00755668
0	1
0	0.0302267
0	0.0151134
0	1
0	1
0	1
0	1
0	0.0352645
0	0.0302267
0	1
0	0.0151134
0	0.0428212
0	0.0151134
0	1
0	0.0327456
0	0.0352645
0	0.00755668
0	0.00503778
0	1
0	0.0528967
0	1
0	0.0151134
0	0.0428212
0	1
0	0.0403023
0	0.0528967
0	1
0	0.0352645
0	0.0100756
0	0.00503778
0	0.0352645
0	1
0	0.0176322
0	1
0	0.0151134
0	1
0	1
0	1
0	0.00755668
0	0.0151134
0	0.0528967
0	0.0125945
0	0.0302267
0	0.0151134
0	1
0	1
0	1
0	0.0151134
0	0.0327456
0	0.0151134
0	0.0125945
0	0.0327456
0	1
0	0.0302267
0	0.0151134
0	1
0	0.0151134
0	0.00503778
0	0.0201511
0	0.0302267
0	inf
0	0.0100756
0	0.0327456
0	0.0151134
0	0.0579345
0	0.0403023
0	0.0403023
0	0.0100756
0	0.0579345
0	0.00755668
0	0.02267
0	0.0125945
0	0.0327456
0	0.0151134
0	0.00503778
0	0.0352645
0	0.02267
0	0.0579345
0	0.0176322
0	0.0327456
0	1
0	1
0	0.02267
0	0.0403023
0	1
0	0.0100756
0	0.0176322
0	0.0125945
0	0.0176322
0	0.0100756
0	0.0428212
0	0.0151134
0	0.0327456
0	1
0	0.0100756
0	0.0125945
0	1
0	0.0151134
0	0.02267
0	0.0327456
0	1
0	0.0201511
0	0.0528967
0	1
0	1
0	1
0	0.0428212
0	1
0	0.0201511
0	0.00755668
0	0.00755668
0	0.0201511
0	1
0	0.00755668
0	0.0327456
0	0.0352645
0	1
0	0.0125945
0	1
0	0.0302267
0	0.0302267
0	1
0	0.0100756
0	0.0151134
0	0.0277078
0	0.0125945
0	1
0	1
0	1
0	0.0100756
0	1
0	0.00503778
0	inf
0	0.0176322
0	0.00755668
0	1
0	0.0528967
0	1
0	1
0	0.00503778
0	1
0	0.00755668
0	1
0	0.00755668
0	0.0428212
0	0.0151134
0	1
0	1
0	inf
0	0.0151134
0	0.02267
0	0.0151134
0	0.00503778
0	0.0125945
0	1
0	0.0100756
0	0.0327456
0	0.0352645
0	0.0528967
0	0.00755668
0	0.00503778
0	0.0352645
0	0.00755668
0	1
0	0.00755668
0	0.0201511
0	1
0	0.0302267
0	0.0201511
0	0.0100756
0	1
0	1
0	1
0	1
0	0.00755668
0	1
0	0.0100756
0	0.0100756
0	1
0	0.0100756
0	1
0	1
0	1
0	1
0	0.0428212
0	1
0	1
0	0.0201511
0	0.00503778
0	0.0528967
0	1
0	0.0528967
0	0.0100756
0	0.0151134
0	0.00755668
0	0.0100756
0	0.0352645
0	0.00503778
0	0.0125945
0	0.0201511
0	1
0	0.0151134
0	0.00755668
0	0.00503778
0	1
0	0.00503778
0	0.0277078
0	0.0176322
0	0.00503778
0	1
0	1
0	1
0	1
0	0.00755668
0	0.0125945
0	0.0125945
0	0.0151134
0	1
0	1
0	1
0	0.0151134
0	1
0	0.0151134
0	0.0100756
0	0.0125945
0	0.0100756
0	1
0	0.0151134
0	1
0	1
0	0.0100756
0	1
0	0.0428212
0	1
0	0.0125945
0	1
0	1
0	1
0	1
0	0.0100756
0	0.00503778
0	0.00503778
0	0.0125945
0	0.0327456
0	0.00755668
0	0.00503778
0	0.0403023
0	0.02267
0	0.0377834
0	0.02267
0	0.00755668
0	1
0	0.0100756
0	1
0	0.0302267
0	0.0302267
0	0.0327456
0	1
0	0.00755668
0	1
0	0.0201511
0	0.00755668
0	0.0201511
0	1
0	0.0403023
0	0.0125945
0	0.0528967
0	0.0125945
0	1
0	0.0125945
0	1
0	1
0	0.0125945
0	1
0	0.0100756
0	0.0125945
0	0.0125945
0	0.00755668
0	0.0277078
0	0.00503778
0	0.00755668
0	1
0	0.0327456
0	0.0100756
0	0.00755668
0	0.00755668
0	0.0125945
0	0.0352645
0	1
0	0.0528967
0	0.0528967
0	0.00503778
0	0.0327456
0	0.00755668
0	1
0	0.0528967
0	1
0	0.00503778
0	0.0151134
0	0.0251889
0	0.0100756
0	0.00755668
0	0.00755668
0	1
0	0.0352645
0	0.0302267
0	0.0302267
0	0.0201511
0	1
0	0.0100756
0	0.0151134
0	0.00503778
0	1
0	1
0	1
0	0.00503778
0	inf
0	1
0	0.00755668
0	0.0100756
0	1
0	0.00503778
0	inf
0	0.0403023
0	0.0100756
0	0.0403023
0	0.0125945
0	1
0	0.0327456
0	0.02267
0	0.0100756
0	0.00503778
0	1
0	0.00755668
0	0.0302267
0	0.0176322
0	0.0327456
0	0.0176322
0	0.00503778
0	0.0125945
0	1
0	0.0151134
0	0.0201511
0	0.0100756
0	0.0352645
0	0.0100756
0	0.00503778
0	0.0352645
0	0.0125945
0	0.0125945
0	0.0125945
0	1
0	1
0	1
0	0.00503778
0	1
0	0.00755668
0	1
0	0.0100756
0	0.00755668
0	1
0	1
0	1
0	0.0302267
0	0.00755668
0	1
0	0.00503778
0	0.0100756
0	1
0	0.0201511
0	0.0151134
0	1
0	inf
0	0.00755668
0	0.0428212
0	0.0151134
0	0.0125945
0	0.00755668
0	1
0	1
0	0.00503778
0	0.0377834
0	0.00503778
0	0.00755668
0	0.0151134
0	0.0403023
0	0.0100756
0	0.0327456
0	0.0528967
0	1
0	1
0	1
0	0.00755668
0	0.0528967
0	1
0	0.0100756
0	0.0151134
0	0.0151134
0	0.00503778
0	0.0151134
0	0.00251889
0	1
0	0.0528967
0	0.0151134
0	1
0	0.0352645
0	0.00755668
0	1
0	0.0151134
0	1
0	1
0	1
0	1
0	1
0	0.0327456
0	0.00755668
0	1
0	1
0	0.00503778
0	0.0125945
0	1
0	0.0100756
0	0.0327456
0	0.0100756
0	0.00503778
0	1
0	0.0125945
0	0.0151134
0	1
0	1
0	0.0327456
0	1
0	1
0	1
0	1
0	0.0352645
0	0.0125945
0	1
0	1
0	0.00755668
0	0.0100756
0	1
0	0.00503778
0	0.00503778
0	0.0528967
0	0.00503778
0	0.0100756
0	1
0	1
0	0.00503778
0	0.00755668
0	0.0352645
0	1
0	0.0151134
0	1
0	0.0176322
0	0.0176322
0	0.0100756
0	0.0201511
0	0.0100756
0	0.00503778
0	1
0	0.0125945
0	1
0	0.0125945
0	1
0	0.0151134
0	0.02267
0	0.00503778
0	1
0	0.0100756
0	0.0100756
0	0.00755668
0	0.00755668
0	1
0	0.00755668
0	1
0	1
0	0.00503778
0	1
0	0.0125945
0	1
0	1
0	1
0	0.0125945
0	0.00503778
0	1
0	1
0	0.0125945
0	0.0201511
0	1
0	0.00503778
0	0.0125945
0	0.00503778
0	1
0	0.0151134
0	0.00755668
0	0.0125945
0	1
0	0.0100756
0	0.0100756
0	0.00503778
0	1
0	0.0352645
0	0.0151134
0	1
0	0.0201511
0	0.00503778
0	0.0201511
0	1
0	1
0	0.0528967
0	0.0151134
0	0.0403023
0	0.00503778
0	1
0	0.0377834
0	0.0151134
0	0.0403023
0	1
0	1
0	0.00503778
0	0.0302267
0	1
0	0.00755668
0	1
0	1
0	0.0528967
0	1
0	0.0528967
0	1
0	0.0125945
0	0.00755668
0	0.0201511
0	0.0151134
0	0.0151134
0	1
0	1
0	1
0	1
0	0.0528967
0	0.0428212
0	0.0125945
0	1
0	1
0	0.02267
0	0.0302267
0	0.0579345
0	0.0403023
0	0.0302267
0	1
0	0.0100756
0	0.00503778
0	0.0403023
0	0.0100756
0	1
0	1
0	0.0302267
0	0.00755668
0	0.00503778
0	0.0125945
0	1
0	1
0	1
0	0.0428212
0	1
0	0.00755668
0	0.00503778
0	0.00755668
0	0.0302267
0	1
0	1
0	0.0579345
0	1
0	0.0302267
0	0.0151134
0	0.0100756
0	1
0	1
0	0.00755668
0	0.00503778
0	0.0100756
0	1
0	0.00755668
0	1
0	0.00503778
0	0.00503778
0	0.00755668
0	0.0201511
0	0.0428212
0	0.0151134
0	0.0352645
0	1
0	1
0	0.0151134
0	1
0	0.00755668
0	1
0	1
0	0.0302267
0	0.0352645
0	0.0251889
0	1
0	0.0579345
0	0.00503778
0	0.0302267
0	0.0302267
0	0.0125945
0	1
0	0.0528967
0	0.0352645
0	0.0100756
0	0.0100756
0	1
0	0.0151134
0	0.0125945
0	0.00755668
0	0.0302267
0	0.0125945
0	1
0	0.0151134
0	1
0	1
0	0.0125945
0	0.0403023
0	0.0151134
0	0.0327456
0	1
0	1
0	1
0	0.00503778
0	1
0	1
0	0.0151134
0	0.0251889
0	0.00503778
0	1
0	0.00755668
0	0.00503778
0	1
0	1
0	0.00503778
0	0.00755668
0	1
0	0.0352645
0	0.0403023
0	0.00503778
0	0.0201511
0	1
0	0.0302267
0	0.0579345
0	0.0352645
0	0.0327456
0	0.0302267
0	0.0403023
0	0.00251889
0	0.00503778
0	1
0	0.02267
0	0.00503778
0	1
0	0.0428212
0	1
0	1
0	1
0	0.00503778
0	0.00503778
0	1
0	0.0151134
0	1
0	0.0528967
0	1
0	0.0151134
0	1
0	0.00503778
0	0.0277078
0	0.00755668
0	1
0	1
0	0.0125945
0	0.00755668
0	0.00503778
0	0.00251889
0	1
0	0.0176322
0	0.0327456
0	0.0352645
0	0.00503778
0	0.0428212
0	0.00755668
0	0.0352645
0	1
0	0.0176322
0	0.00755668
0	0.0151134
0	1
0	0.00503778
0	1
0	0.00755668
0	0.0100756
0	0.00755668
0	0.0151134
0	1
0	1
0	0.0125945
0	0.0151134
0	0.0151134
0	1
0	1
0	0.0176322
0	0.0151134
0	1
0	1
0	0.0125945
0	1
0	1
0	0.00503778
0	0.0579345
0	1
0	0.0100756
0	0.0176322
0	0.00755668
0	0.0528967
0	0.00503778
0	1
0	0.00755668
0	1
0	0.00755668
0	1
0	0.00755668


