# Persistence diagram <GML/0009.gml>
#
# Dimension   : 0
# Entries     : 435
# Betti number: 5
0	inf
0	1
0	0.101852
0	0.0694444
0	1
0	0.037037
0	0.037037
0	0.037037
0	1
0	0.0277778
0	0.0833333
0	1
0	0.0462963
0	1
0	inf
0	0.0277778
0	0.0462963
0	1
0	1
0	0.101852
0	1
0	0.0833333
0	1
0	0.0231481
0	1
0	1
0	0.0462963
0	1
0	0.0462963
0	0.0833333
0	0.0324074
0	1
0	1
0	0.0277778
0	1
0	1
0	0.0648148
0	0.0231481
0	0.0231481
0	1
0	0.0185185
0	1
0	1
0	1
0	1
0	0.0231481
0	0.101852
0	0.0138889
0	0.0277778
0	0.0648148
0	0.0277778
0	1
0	0.00925926
0	1
0	1
0	1
0	1
0	1
0	1
0	0.0231481
0	0.0138889
0	1
0	0.0231481
0	1
0	0.0277778
0	0.0694444
0	0.101852
0	1
0	0.0231481
0	0.0231481
0	1
0	1
0	0.0833333
0	1
0	0.0138889
0	0.0185185
0	0.0462963
0	1
0	0.00925926
0	1
0	1
0	1
0	1
0	1
0	0.0185185
0	0.0185185
0	0.00925926
0	1
0	0.0138889
0	1
0	0.0231481
0	0.0231481
0	1
0	1
0	0.0277778
0	1
0	0.0185185
0	0.0277778
0	0.0277778
0	0.0833333
0	1
0	0.0185185
0	0.0138889
0	1
0	1
0	1
0	0.00925926
0	1
0	0.0231481
0	1
0	1
0	0.0231481
0	1
0	0.0138889
0	1
0	1
0	0.0231481
0	0.0138889
0	1
0	0.00462963
0	1
0	0.0231481
0	0.0138889
0	0.0648148
0	0.0277778
0	0.0833333
0	1
0	1
0	0.00925926
0	1
0	1
0	0.0277778
0	1
0	1
0	1
0	0.00925926
0	1
0	0.00925926
0	1
0	0.0138889
0	0.00925926
0	1
0	0.0138889
0	1
0	1
0	0.0231481
0	0.0185185
0	0.0694444
0	0.00925926
0	0.0277778
0	0.0138889
0	0.0833333
0	1
0	0.0185185
0	0.0231481
0	1
0	0.0648148
0	1
0	1
0	1
0	1
0	0.00925926
0	1
0	0.0648148
0	0.0138889
0	1
0	0.0185185
0	0.037037
0	1
0	1
0	1
0	1
0	0.0138889
0	0.0231481
0	1
0	1
0	0.0185185
0	0.0185185
0	0.00925926
0	0.0138889
0	1
0	0.0185185
0	1
0	0.0231481
0	0.0833333
0	0.0138889
0	1
0	1
0	1
0	1
0	0.0324074
0	0.00925926
0	1
0	0.0277778
0	0.00925926
0	1
0	1
0	1
0	1
0	0.0185185
0	1
0	0.0231481
0	0.101852
0	1
0	0.101852
0	0.0462963
0	0.0277778
0	0.101852
0	1
0	0.0231481
0	0.0648148
0	0.0277778
0	0.101852
0	1
0	0.00925926
0	0.0185185
0	0.0462963
0	0.0231481
0	1
0	0.0231481
0	0.0138889
0	0.00925926
0	0.0185185
0	0.00925926
0	0.0231481
0	0.101852
0	1
0	0.0231481
0	0.0138889
0	0.00925926
0	1
0	1
0	0.0185185
0	0.0138889
0	0.101852
0	0.0138889
0	0.0138889
0	1
0	0.0231481
0	0.0277778
0	1
0	0.0185185
0	0.0462963
0	1
0	0.00925926
0	0.0185185
0	0.00925926
0	0.0138889
0	1
0	0.0231481
0	1
0	1
0	1
0	0.0462963
0	0.0231481
0	0.0138889
0	1
0	1
0	1
0	0.0694444
0	0.0185185
0	1
0	1
0	inf
0	0.0833333
0	0.00925926
0	1
0	0.0185185
0	0.101852
0	1
0	1
0	1
0	1
0	1
0	1
0	1
0	1
0	1
0	0.0138889
0	0.0462963
0	1
0	0.0277778
0	0.0185185
0	0.0185185
0	0.00925926
0	0.0694444
0	1
0	0.0462963
0	0.0462963
0	1
0	0.0324074
0	inf
0	1
0	inf
0	0.0277778
0	1
0	0.0185185
0	0.0462963
0	1
0	0.0138889
0	1
0	1
0	1
0	0.0231481
0	1
0	0.0138889
0	0.0462963
0	0.0138889
0	1
0	0.0231481
0	1
0	0.0185185
0	0.0231481
0	1
0	0.0833333
0	0.0138889
0	0.0185185
0	0.0138889
0	0.0185185
0	1
0	1
0	0.0185185
0	0.0138889
0	0.0185185
0	1
0	0.0277778
0	0.0277778
0	1
0	1
0	1
0	0.0231481
0	0.00462963
0	0.00925926
0	1
0	1
0	0.0138889
0	1
0	0.0185185
0	0.0231481
0	1
0	0.0138889
0	1
0	0.0277778
0	0.00462963
0	1
0	1
0	1
0	1
0	0.0324074
0	1
0	1
0	0.0138889
0	1
0	1
0	0.0185185
0	0.0277778
0	1
0	0.0185185
0	1
0	0.00462963
0	0.0231481
0	1
0	0.00925926
0	0.00925926
0	0.0833333
0	0.0231481
0	1
0	0.0138889
0	0.0277778
0	1
0	1
0	1
0	0.0185185
0	0.0138889
0	0.0462963
0	0.037037
0	0.0138889
0	0.0277778
0	1
0	1
0	1
0	0.0648148
0	0.00925926
0	0.00925926
0	0.0277778
0	0.0185185
0	0.101852
0	0.0185185
0	0.101852
0	0.0462963
0	1
0	1
0	1
0	0.0138889
0	0.0138889
0	1
0	0.0231481
0	1
0	0.0277778
0	1
0	0.0833333
0	0.0277778
0	0.101852
0	1
0	1
0	1
0	0.0277778
0	0.00925926
0	0.0138889
0	0.0277778
0	1
0	0.0833333
0	0.00925926
0	0.0185185
0	0.0138889
0	1
0	0.0231481
0	0.0185185
0	0.0277778
0	0.0138889
0	0.0185185
0	0.0138889
0	0.00925926
0	0.00925926
0	1
0	0.0138889
0	0.00925926
0	0.0185185
0	0.0138889
0	0.0231481
0	0.0138889
0	1
0	0.0138889
0	0.0138889
0	0.0462963


