# Persistence diagram <GML/0014.gml>
#
# Dimension   : 1
# Entries     : 281
# Betti number: 281
0.00846024	inf
0.0101523	inf
0.0101523	inf
0.0101523	inf
0.0118443	inf
0.0135364	inf
0.0135364	inf
0.0135364	inf
0.0135364	inf
0.0135364	inf
0.0135364	inf
0.0135364	inf
0.0135364	inf
0.0152284	inf
0.0152284	inf
0.0152284	inf
0.0169205	inf
0.0169205	inf
0.0169205	inf
0.0169205	inf
0.0169205	inf
0.0169205	inf
0.0169205	inf
0.0169205	inf
0.0169205	inf
0.0169205	inf
0.0169205	inf
0.0169205	inf
0.0169205	inf
0.0169205	inf
0.0169205	inf
0.0169205	inf
0.0186125	inf
0.0186125	inf
0.0186125	inf
0.0186125	inf
0.0186125	inf
0.0186125	inf
0.0186125	inf
0.0186125	inf
0.0186125	inf
0.0186125	inf
0.0186125	inf
0.0186125	inf
0.0186125	inf
0.0186125	inf
0.0186125	inf
0.0186125	inf
0.0186125	inf
0.0186125	inf
0.0186125	inf
0.0203046	inf
0.0203046	inf
0.0203046	inf
0.0203046	inf
0.0203046	inf
0.0203046	inf
0.0203046	inf
0.0203046	inf
0.0203046	inf
0.0203046	inf
0.0203046	inf
0.0203046	inf
0.0203046	inf
0.0203046	inf
0.0203046	inf
0.0203046	inf
0.0203046	inf
0.0219966	inf
0.0236887	inf
0.0236887	inf
0.0236887	inf
0.0236887	inf
0.0236887	inf
0.0236887	inf
0.0236887	inf
0.0236887	inf
0.0236887	inf
0.0236887	inf
0.0236887	inf
0.0236887	inf
0.0236887	inf
0.0236887	inf
0.0236887	inf
0.0236887	inf
0.0236887	inf
0.0236887	inf
0.0236887	inf
0.0253807	inf
0.0253807	inf
0.0253807	inf
0.0253807	inf
0.0253807	inf
0.0253807	inf
0.0253807	inf
0.0270728	inf
0.0270728	inf
0.0270728	inf
0.0270728	inf
0.0270728	inf
0.0270728	inf
0.0270728	inf
0.0270728	inf
0.0304569	inf
0.0304569	inf
0.0304569	inf
0.0304569	inf
0.0304569	inf
0.035533	inf
0.035533	inf
0.035533	inf
0.035533	inf
0.035533	inf
0.035533	inf
0.035533	inf
0.035533	inf
0.035533	inf
0.035533	inf
0.0423012	inf
0.0423012	inf
0.0423012	inf
0.0423012	inf
0.0423012	inf
0.0423012	inf
0.0423012	inf
0.0423012	inf
0.0423012	inf
0.0439932	inf
0.0439932	inf
0.0439932	inf
0.0439932	inf
0.0439932	inf
0.0439932	inf
0.0439932	inf
0.0439932	inf
0.0439932	inf
0.0439932	inf
0.0456853	inf
0.0456853	inf
0.0456853	inf
0.0456853	inf
0.0456853	inf
0.0456853	inf
0.0456853	inf
0.0456853	inf
0.0456853	inf
0.0456853	inf
0.0507614	inf
0.0507614	inf
0.0507614	inf
0.0507614	inf
0.0507614	inf
0.0507614	inf
0.0507614	inf
0.0507614	inf
0.0507614	inf
0.0507614	inf
0.0507614	inf
0.0507614	inf
0.0507614	inf
0.0626058	inf
0.0626058	inf
0.0626058	inf
0.0626058	inf
0.0626058	inf
0.0626058	inf
0.0626058	inf
0.0626058	inf
0.0626058	inf
0.0626058	inf
0.0626058	inf
0.0626058	inf
0.0626058	inf
0.0626058	inf
0.0626058	inf
0.0626058	inf
1	inf
1	inf
1	inf
1	inf
1	inf
1	inf
1	inf
1	inf
1	inf
1	inf
1	inf
1	inf
1	inf
1	inf
1	inf
1	inf
1	inf
1	inf
1	inf
1	inf
1	inf
1	inf
1	inf
1	inf
1	inf
1	inf
1	inf
1	inf
1	inf
1	inf
1	inf
1	inf
1	inf
1	inf
1	inf
1	inf
1	inf
1	inf
1	inf
1	inf
1	inf
1	inf
1	inf
1	inf
1	inf
1	inf
1	inf
1	inf
1	inf
1	inf
1	inf
1	inf
1	inf
1	inf
1	inf
1	inf
1	inf
1	inf
1	inf
1	inf
1	inf
1	inf
1	inf
1	inf
1	inf
1	inf
1	inf
1	inf
1	inf
1	inf
1	inf
1	inf
1	inf
1	inf
1	inf
1	inf
1	inf
1	inf
1	inf
1	inf
1	inf
1	inf
1	inf
1	inf
1	inf
1	inf
1	inf
1	inf
1	inf
1	inf
1	inf
1	inf
1	inf
1	inf
1	inf
1	inf
1	inf
1	inf
1	inf
1	inf
1	inf
1	inf
1	inf
1	inf
1	inf
