# Persistence diagram <GML/0015.gml>
#
# Dimension   : 0
# Entries     : 1032
# Betti number: 5
0	inf
0	0.0111821
0	0.0159744
0	1
0	0.014377
0	0.0239617
0	1
0	1
0	0.0335463
0	1
0	1
0	1
0	0.0127796
0	0.0111821
0	1
0	1
0	1
0	1
0	1
0	inf
0	1
0	0.0127796
0	0.00958466
0	1
0	0.0111821
0	inf
0	1
0	0.00798722
0	1
0	1
0	1
0	1
0	1
0	1
0	1
0	0.0111821
0	0.00479233
0	1
0	0.0127796
0	1
0	1
0	0.00798722
0	0.0239617
0	0.0319489
0	1
0	1
0	0.00798722
0	0.0159744
0	1
0	0.00958466
0	1
0	0.00479233
0	0.028754
0	1
0	0.00798722
0	1
0	1
0	1
0	1
0	1
0	1
0	0.0271565
0	1
0	1
0	1
0	1
0	0.0111821
0	0.0159744
0	0.0127796
0	1
0	1
0	1
0	1
0	1
0	0.0159744
0	1
0	1
0	0.0111821
0	0.028754
0	0.00958466
0	1
0	0.0111821
0	1
0	1
0	0.028754
0	0.014377
0	0.00638978
0	0.0223642
0	1
0	1
0	0.0271565
0	0.014377
0	1
0	1
0	0.0239617
0	1
0	1
0	1
0	1
0	0.00638978
0	1
0	0.0111821
0	0.0175719
0	1
0	0.00479233
0	0.0175719
0	0.00798722
0	1
0	1
0	0.0319489
0	0.00638978
0	1
0	0.00798722
0	1
0	1
0	1
0	1
0	1
0	0.00798722
0	1
0	0.00638978
0	0.00798722
0	0.00479233
0	1
0	0.0239617
0	1
0	0.00479233
0	0.00638978
0	0.00638978
0	0.0239617
0	1
0	1
0	inf
0	1
0	1
0	0.0111821
0	0.0127796
0	1
0	1
0	0.00479233
0	1
0	1
0	1
0	0.0159744
0	1
0	1
0	0.0111821
0	1
0	1
0	1
0	1
0	0.00958466
0	0.00798722
0	0.00958466
0	0.0159744
0	0.00958466
0	1
0	1
0	1
0	1
0	1
0	1
0	1
0	0.0271565
0	1
0	1
0	1
0	1
0	1
0	1
0	0.00798722
0	0.0319489
0	1
0	1
0	0.0175719
0	0.0271565
0	0.00638978
0	0.0127796
0	1
0	0.0159744
0	0.00638978
0	1
0	0.0111821
0	1
0	0.00958466
0	0.00638978
0	1
0	0.00798722
0	1
0	1
0	0.00319489
0	0.0319489
0	1
0	0.00638978
0	1
0	1
0	1
0	0.028754
0	1
0	1
0	1
0	1
0	0.00638978
0	1
0	0.00958466
0	0.00319489
0	0.0223642
0	0.00798722
0	0.00638978
0	1
0	1
0	1
0	0.014377
0	1
0	0.00638978
0	1
0	0.00798722
0	0.0335463
0	1
0	0.0159744
0	0.0175719
0	1
0	0.00798722
0	0.00958466
0	0.0239617
0	1
0	1
0	1
0	0.00479233
0	0.0271565
0	0.0159744
0	0.0335463
0	1
0	1
0	1
0	0.0319489
0	1
0	0.00958466
0	0.00319489
0	0.00319489
0	1
0	1
0	1
0	1
0	0.028754
0	1
0	1
0	0.00798722
0	0.0159744
0	1
0	0.0335463
0	1
0	0.0335463
0	1
0	1
0	0.014377
0	0.00638978
0	0.00798722
0	0.00798722
0	0.0111821
0	0.00798722
0	1
0	0.00638978
0	0.00958466
0	1
0	1
0	1
0	1
0	1
0	1
0	0.00958466
0	1
0	0.00638978
0	0.00638978
0	1
0	0.0127796
0	0.014377
0	1
0	0.00319489
0	1
0	1
0	0.0175719
0	0.0319489
0	0.00638978
0	1
0	0.00479233
0	1
0	1
0	0.014377
0	1
0	1
0	0.0319489
0	1
0	1
0	1
0	1
0	0.0271565
0	1
0	1
0	0.00798722
0	0.00958466
0	0.00638978
0	1
0	0.00958466
0	1
0	1
0	0.00958466
0	1
0	1
0	0.0239617
0	0.0111821
0	1
0	1
0	1
0	1
0	1
0	0.00798722
0	0.0127796
0	1
0	0.0127796
0	1
0	1
0	0.014377
0	1
0	1
0	1
0	1
0	0.0111821
0	0.00958466
0	1
0	1
0	0.0239617
0	0.0127796
0	1
0	1
0	0.00638978
0	1
0	0.00319489
0	1
0	1
0	1
0	1
0	0.0175719
0	0.00638978
0	1
0	1
0	0.00958466
0	0.00798722
0	0.00958466
0	0.00479233
0	1
0	1
0	1
0	1
0	0.00798722
0	1
0	1
0	0.0159744
0	0.0127796
0	1
0	0.028754
0	0.00159744
0	0.0111821
0	1
0	1
0	0.00638978
0	1
0	0.00798722
0	0.00638978
0	1
0	1
0	1
0	1
0	1
0	0.00479233
0	0.00479233
0	1
0	0.00958466
0	0.00638978
0	0.0111821
0	0.0239617
0	0.00479233
0	0.0239617
0	0.00319489
0	1
0	0.0223642
0	0.0159744
0	1
0	1
0	0.0127796
0	0.00638978
0	0.00319489
0	0.0127796
0	0.00479233
0	1
0	0.0159744
0	1
0	1
0	1
0	0.00479233
0	1
0	0.0175719
0	1
0	1
0	0.00319489
0	0.00798722
0	1
0	1
0	0.00479233
0	0.00798722
0	1
0	1
0	0.00798722
0	0.00319489
0	1
0	1
0	0.0127796
0	1
0	1
0	1
0	0.00319489
0	0.00958466
0	1
0	0.00638978
0	0.014377
0	1
0	1
0	1
0	0.00798722
0	1
0	1
0	0.014377
0	1
0	1
0	0.00319489
0	0.0223642
0	1
0	1
0	0.0159744
0	0.00958466
0	1
0	1
0	1
0	1
0	0.0111821
0	1
0	0.0239617
0	0.00319489
0	0.0127796
0	1
0	1
0	0.00479233
0	0.00638978
0	1
0	1
0	1
0	1
0	1
0	1
0	1
0	1
0	0.00319489
0	0.00958466
0	0.00319489
0	1
0	0.00958466
0	1
0	1
0	0.0271565
0	1
0	1
0	1
0	1
0	0.00479233
0	1
0	1
0	1
0	0.00319489
0	1
0	1
0	0.0159744
0	0.00798722
0	1
0	1
0	0.00638978
0	1
0	1
0	1
0	0.00638978
0	0.00479233
0	1
0	0.0111821
0	0.0159744
0	1
0	0.00958466
0	0.0111821
0	0.00638978
0	1
0	0.00479233
0	1
0	1
0	1
0	0.00319489
0	1
0	1
0	0.0223642
0	0.00319489
0	0.00479233
0	1
0	0.0159744
0	1
0	1
0	0.00638978
0	1
0	1
0	1
0	1
0	1
0	0.00798722
0	0.00159744
0	1
0	0.0127796
0	1
0	0.0159744
0	1
0	0.00638978
0	0.0175719
0	1
0	1
0	0.00319489
0	1
0	1
0	1
0	1
0	0.00638978
0	0.0159744
0	0.0159744
0	0.0239617
0	0.00798722
0	0.00638978
0	1
0	1
0	0.0111821
0	1
0	1
0	0.0335463
0	0.00798722
0	1
0	1
0	1
0	1
0	1
0	1
0	1
0	0.0335463
0	1
0	1
0	1
0	1
0	0.00798722
0	0.00798722
0	1
0	0.00319489
0	0.00319489
0	1
0	1
0	1
0	0.00479233
0	1
0	1
0	1
0	1
0	1
0	0.014377
0	1
0	0.0159744
0	1
0	1
0	0.00958466
0	0.0111821
0	1
0	1
0	1
0	1
0	0.00638978
0	1
0	1
0	1
0	0.0159744
0	1
0	0.0175719
0	1
0	0.028754
0	0.00638978
0	1
0	1
0	0.00638978
0	1
0	0.00798722
0	0.00638978
0	1
0	0.0239617
0	1
0	1
0	1
0	1
0	1
0	1
0	0.0335463
0	1
0	0.00958466
0	1
0	0.00798722
0	0.0335463
0	0.00798722
0	0.0239617
0	0.014377
0	1
0	1
0	0.00798722
0	0.00479233
0	0.00479233
0	1
0	1
0	1
0	1
0	0.00479233
0	1
0	1
0	0.00479233
0	1
0	1
0	1
0	0.00319489
0	0.00319489
0	0.00638978
0	0.00798722
0	1
0	0.00958466
0	1
0	0.0335463
0	1
0	1
0	1
0	1
0	1
0	1
0	1
0	1
0	1
0	0.0111821
0	0.00479233
0	inf
0	1
0	1
0	1
0	0.0239617
0	1
0	1
0	0.00319489
0	1
0	1
0	1
0	0.00798722
0	0.00638978
0	1
0	0.0159744
0	1
0	0.0319489
0	0.0127796
0	0.0175719
0	1
0	0.00479233
0	0.0319489
0	0.00638978
0	1
0	1
0	0.028754
0	1
0	1
0	1
0	0.0335463
0	1
0	1
0	1
0	0.00479233
0	1
0	0.0127796
0	0.00479233
0	1
0	0.0111821
0	0.00638978
0	1
0	0.0335463
0	1
0	1
0	1
0	0.00319489
0	0.0175719
0	0.0223642
0	1
0	1
0	0.00958466
0	0.0271565
0	0.00479233
0	0.00958466
0	1
0	1
0	0.00638978
0	1
0	1
0	1
0	1
0	1
0	1
0	1
0	1
0	1
0	1
0	1
0	0.00638978
0	1
0	0.00638978
0	1
0	0.0111821
0	1
0	0.00798722
0	1
0	0.0175719
0	0.00638978
0	0.00798722
0	0.00638978
0	0.0175719
0	1
0	0.0127796
0	0.0159744
0	0.0127796
0	0.00798722
0	1
0	1
0	0.00319489
0	0.00479233
0	0.00798722
0	1
0	0.00479233
0	0.00798722
0	0.00638978
0	0.0159744
0	1
0	0.0319489
0	1
0	0.00319489
0	1
0	0.00479233
0	1
0	0.0127796
0	0.00958466
0	1
0	0.0239617
0	0.00479233
0	0.00319489
0	0.0175719
0	0.00638978
0	0.00638978
0	1
0	0.0319489
0	1
0	1
0	0.00638978
0	1
0	1
0	1
0	1
0	1
0	1
0	0.00479233
0	1
0	1
0	1
0	1
0	1
0	1
0	1
0	1
0	0.0319489
0	0.0223642
0	0.00319489
0	1
0	0.0159744
0	1
0	1
0	0.00638978
0	0.00319489
0	1
0	0.00479233
0	0.00638978
0	0.00479233
0	0.00319489
0	0.00638978
0	0.028754
0	0.00958466
0	1
0	1
0	0.0239617
0	0.0175719
0	1
0	0.00319489
0	1
0	0.00798722
0	1
0	1
0	0.0111821
0	1
0	0.0175719
0	1
0	0.0239617
0	1
0	0.00638978
0	1
0	0.00319489
0	1
0	0.00479233
0	0.00638978
0	1
0	1
0	1
0	0.00638978
0	0.00479233
0	1
0	0.0111821
0	1
0	1
0	1
0	0.0335463
0	0.0319489
0	0.00319489
0	0.0159744
0	1
0	1
0	0.0159744
0	1
0	1
0	0.00798722
0	0.0111821
0	0.00159744
0	1
0	0.0175719
0	0.00479233
0	1
0	1
0	0.00958466
0	1
0	0.0127796
0	1
0	1
0	1
0	1
0	1
0	1
0	0.0159744
0	1
0	1
0	0.028754
0	0.00638978
0	0.0111821
0	1
0	1
0	0.0159744
0	1
0	1
0	1
0	1
0	0.00958466
0	1
0	1
0	0.00638978
0	0.0223642
0	0.00319489
0	0.0111821
0	1
0	0.00479233
0	0.0239617
0	1
0	0.00319489
0	0.00798722
0	0.028754
0	1
0	1
0	0.00958466
0	0.014377
0	1
0	0.00319489
0	0.00319489
0	0.00638978
0	0.00798722
0	1
0	1
0	1
0	0.014377
0	0.0175719
0	0.0159744
0	1
0	1
0	0.0223642
0	1
0	0.00638978
0	1
0	1
0	1
0	1
0	0.00958466
0	0.00638978
0	0.00638978
0	0.00319489
0	1
0	1
0	0.0111821
0	1
0	1
0	1
0	1
0	0.00798722
0	1
0	1
0	1
0	0.0271565
0	0.0239617
0	0.00319489
0	1
0	1
0	0.00798722
0	1
0	1
0	1
0	0.00319489
0	1
0	0.00798722
0	1
0	1
0	0.00638978
0	1
0	0.0319489
0	1
0	1
0	1
0	1
0	0.00798722
0	1
0	1
0	1
0	1
0	0.00958466
0	0.00958466
0	1
0	0.00319489
0	1
0	0.00479233
0	1
0	0.00798722
0	0.0239617
0	1
0	1
0	1
0	0.00319489
0	0.00638978
0	1
0	1
0	1
0	0.0319489
0	0.00479233
0	0.0271565
0	0.00319489
0	0.00319489
0	1
0	1
0	1
0	1
0	1
0	1
0	0.0111821
0	1
0	0.014377
0	0.00958466
0	1
0	1
0	0.00798722
0	0.00798722
0	1
0	1
0	1
0	0.0111821
0	1
0	0.00798722
0	1
0	1
0	0.00319489
0	1
0	1
0	0.00798722
0	0.00638978
0	0.0159744
0	0.0159744
0	0.00638978
0	0.00798722
0	0.00638978
0	0.00319489
0	0.00798722
0	1
0	0.00319489
0	0.00479233
0	0.00479233
0	1
0	0.0127796
0	1
0	0.0271565
0	1
0	1
0	0.00798722
0	1
0	1
0	0.0239617
0	1
0	1
0	1
0	0.0127796
0	0.00319489
0	0.0127796
0	1
0	1
0	1
0	0.028754
0	0.00638978


