# Persistence diagram <GML/0024.gml>
#
# Dimension   : 0
# Entries     : 862
# Betti number: 7
0	inf
0	0.0257611
0	1
0	1
0	0.0210773
0	1
0	0.0140515
0	1
0	0.0374707
0	0.0538642
0	0.0140515
0	0.0187354
0	1
0	1
0	0.0257611
0	1
0	1
0	1
0	0.0163934
0	1
0	1
0	0.0117096
0	1
0	1
0	1
0	0.0374707
0	1
0	1
0	1
0	0.0140515
0	1
0	1
0	1
0	0.0444965
0	1
0	0.0187354
0	0.0187354
0	0.0117096
0	0.0234192
0	1
0	1
0	0.0210773
0	0.0210773
0	0.00702576
0	1
0	0.0234192
0	0.0117096
0	1
0	1
0	0.0187354
0	1
0	0.0187354
0	0.0210773
0	1
0	1
0	0.00936768
0	1
0	0.0398126
0	0.028103
0	1
0	0.0234192
0	0.0374707
0	0.0234192
0	0.0140515
0	inf
0	1
0	1
0	0.0117096
0	inf
0	1
0	1
0	1
0	1
0	1
0	0.028103
0	1
0	1
0	0.0140515
0	1
0	1
0	0.088993
0	1
0	inf
0	1
0	0.0140515
0	1
0	0.0140515
0	1
0	0.0117096
0	0.0187354
0	0.0444965
0	0.0210773
0	1
0	0.0374707
0	0.0187354
0	0.0140515
0	0.0257611
0	0.0140515
0	0.0117096
0	1
0	1
0	1
0	0.0538642
0	0.0117096
0	1
0	1
0	0.0163934
0	0.00468384
0	0.00936768
0	0.0257611
0	1
0	1
0	1
0	0.088993
0	1
0	1
0	0.0187354
0	0.0187354
0	0.030445
0	0.0140515
0	1
0	0.00702576
0	0.0187354
0	0.0234192
0	1
0	0.0140515
0	1
0	0.0210773
0	0.0140515
0	inf
0	1
0	0.0257611
0	0.0257611
0	0.00936768
0	1
0	1
0	1
0	0.0187354
0	1
0	1
0	0.00936768
0	0.0117096
0	1
0	0.0187354
0	1
0	0.0140515
0	0.0163934
0	1
0	0.0444965
0	1
0	1
0	0.00468384
0	0.0374707
0	0.0210773
0	0.0117096
0	0.0257611
0	1
0	0.0187354
0	0.0117096
0	1
0	0.0187354
0	0.0444965
0	1
0	0.00936768
0	0.0187354
0	0.0140515
0	0.030445
0	0.00468384
0	1
0	0.0374707
0	0.088993
0	1
0	0.0187354
0	0.0187354
0	0.0140515
0	0.00936768
0	0.00468384
0	1
0	1
0	0.088993
0	inf
0	0.00936768
0	0.0140515
0	1
0	0.0163934
0	0.0351288
0	1
0	0.0398126
0	1
0	1
0	0.0187354
0	1
0	1
0	inf
0	1
0	0.0140515
0	0.0257611
0	0.0538642
0	0.0210773
0	1
0	1
0	0.0117096
0	0.0117096
0	0.0117096
0	0.0117096
0	0.030445
0	0.0210773
0	1
0	1
0	0.00936768
0	1
0	0.00702576
0	1
0	1
0	1
0	0.030445
0	1
0	0.0117096
0	1
0	0.0187354
0	0.0187354
0	1
0	1
0	0.0117096
0	1
0	0.0398126
0	1
0	0.00936768
0	1
0	1
0	0.0140515
0	1
0	0.0117096
0	1
0	0.00702576
0	1
0	0.00936768
0	0.028103
0	1
0	1
0	0.0234192
0	0.0187354
0	0.0374707
0	0.0117096
0	1
0	0.0444965
0	1
0	0.0351288
0	1
0	0.00936768
0	0.0140515
0	0.0117096
0	0.0187354
0	0.00468384
0	1
0	0.0117096
0	0.0140515
0	1
0	0.0117096
0	1
0	0.0210773
0	0.0187354
0	1
0	0.0140515
0	0.088993
0	0.0187354
0	1
0	0.0187354
0	1
0	0.0140515
0	0.0163934
0	0.0257611
0	0.0117096
0	1
0	0.0351288
0	1
0	1
0	0.00702576
0	0.0374707
0	1
0	1
0	1
0	1
0	1
0	0.0374707
0	1
0	0.0187354
0	1
0	1
0	0.00936768
0	1
0	0.00702576
0	0.00702576
0	1
0	0.00936768
0	0.00702576
0	0.0234192
0	1
0	0.00702576
0	1
0	0.00702576
0	0.00468384
0	0.00702576
0	0.0257611
0	1
0	0.0117096
0	0.00702576
0	0.0117096
0	0.0140515
0	0.0257611
0	0.0234192
0	0.0117096
0	0.00936768
0	1
0	0.00936768
0	1
0	0.0374707
0	1
0	0.00702576
0	0.0210773
0	0.0538642
0	0.0140515
0	1
0	0.00936768
0	1
0	1
0	1
0	0.0140515
0	0.00936768
0	0.0117096
0	0.0140515
0	0.0398126
0	1
0	1
0	1
0	1
0	1
0	0.00702576
0	0.0117096
0	0.0163934
0	1
0	0.0398126
0	1
0	0.0351288
0	1
0	1
0	1
0	1
0	1
0	1
0	0.088993
0	0.0140515
0	0.0117096
0	0.00936768
0	0.0140515
0	1
0	0.00468384
0	0.0210773
0	0.0210773
0	1
0	0.0117096
0	0.0374707
0	0.0117096
0	0.0117096
0	0.0140515
0	0.00468384
0	0.00702576
0	1
0	1
0	0.00936768
0	1
0	1
0	1
0	0.0234192
0	1
0	0.00702576
0	0.030445
0	1
0	0.0140515
0	0.00702576
0	0.030445
0	0.00702576
0	0.0163934
0	0.00468384
0	0.0163934
0	0.00936768
0	0.00702576
0	1
0	0.0117096
0	0.00936768
0	1
0	0.0117096
0	1
0	0.0187354
0	1
0	0.0444965
0	0.0398126
0	0.00468384
0	1
0	0.00936768
0	0.0187354
0	1
0	1
0	0.00936768
0	1
0	0.00936768
0	0.0187354
0	0.0117096
0	1
0	1
0	0.0210773
0	1
0	1
0	1
0	1
0	0.0117096
0	0.00936768
0	0.00702576
0	1
0	0.0538642
0	1
0	0.00468384
0	1
0	0.00702576
0	1
0	0.00702576
0	1
0	0.088993
0	0.0117096
0	0.00468384
0	1
0	1
0	1
0	1
0	0.00702576
0	1
0	1
0	0.00702576
0	0.0117096
0	0.00702576
0	0.0234192
0	0.0117096
0	1
0	0.00702576
0	0.00702576
0	0.088993
0	0.00468384
0	0.00702576
0	0.0257611
0	1
0	1
0	0.00936768
0	1
0	0.0538642
0	0.00702576
0	0.088993
0	0.0257611
0	0.0163934
0	1
0	0.0187354
0	0.00702576
0	0.00936768
0	0.00468384
0	0.0187354
0	1
0	0.030445
0	0.0351288
0	1
0	0.00468384
0	1
0	0.0187354
0	0.088993
0	0.0163934
0	0.00702576
0	1
0	0.00936768
0	0.0187354
0	1
0	0.030445
0	1
0	1
0	1
0	0.00468384
0	0.0140515
0	1
0	0.00936768
0	1
0	1
0	1
0	1
0	0.030445
0	1
0	1
0	0.00468384
0	1
0	1
0	1
0	1
0	1
0	1
0	0.0444965
0	0.00702576
0	1
0	0.0234192
0	1
0	0.0117096
0	1
0	0.0140515
0	0.0234192
0	0.00702576
0	1
0	0.00468384
0	0.0257611
0	0.0163934
0	1
0	1
0	0.0187354
0	0.030445
0	1
0	0.0140515
0	0.0163934
0	1
0	0.0117096
0	1
0	0.0398126
0	0.00702576
0	1
0	1
0	1
0	1
0	0.00936768
0	1
0	1
0	1
0	1
0	1
0	0.00468384
0	1
0	0.0117096
0	0.00936768
0	1
0	0.0234192
0	0.088993
0	1
0	0.0351288
0	0.0210773
0	0.0187354
0	0.00468384
0	0.00702576
0	1
0	0.0210773
0	1
0	0.00702576
0	1
0	0.00702576
0	1
0	1
0	0.0140515
0	0.00468384
0	0.088993
0	0.00702576
0	0.0187354
0	1
0	1
0	0.00702576
0	1
0	1
0	0.0210773
0	0.00702576
0	0.0140515
0	0.00702576
0	0.0234192
0	1
0	0.0140515
0	1
0	1
0	0.00468384
0	0.0140515
0	0.00936768
0	0.00468384
0	0.00702576
0	1
0	0.088993
0	0.0187354
0	0.0257611
0	1
0	1
0	0.00468384
0	1
0	1
0	0.028103
0	0.00936768
0	1
0	0.0140515
0	0.030445
0	0.0163934
0	1
0	0.0234192
0	1
0	0.00702576
0	0.030445
0	0.00702576
0	0.0444965
0	0.0117096
0	0.0140515
0	0.0444965
0	1
0	0.00468384
0	0.00702576
0	1
0	0.00468384
0	0.00936768
0	1
0	0.00702576
0	0.0398126
0	0.00468384
0	1
0	0.088993
0	0.00702576
0	0.00468384
0	0.00936768
0	1
0	0.0538642
0	0.088993
0	1
0	0.0117096
0	1
0	0.00936768
0	1
0	1
0	0.0140515
0	0.00468384
0	0.00702576
0	0.0117096
0	1
0	0.0187354
0	0.00468384
0	0.00702576
0	0.0538642
0	1
0	0.00468384
0	1
0	1
0	0.0257611
0	1
0	0.0538642
0	1
0	0.0117096
0	1
0	0.00468384
0	1
0	0.00468384
0	0.00936768
0	1
0	0.00468384
0	1
0	0.00468384
0	0.00468384
0	0.088993
0	0.00702576
0	0.00702576
0	1
0	0.0234192
0	0.0163934
0	0.00468384
0	0.00468384
0	0.00702576
0	0.0351288
0	1
0	0.00702576
0	0.00936768
0	0.00468384
0	0.0234192
0	0.00702576
0	1
0	0.0398126
0	1
0	1
0	1
0	0.00936768
0	1
0	0.00702576
0	0.00234192
0	1
0	0.00468384
0	0.00468384
0	0.0374707
0	0.00702576
0	0.0257611
0	0.0351288
0	0.0398126
0	1
0	0.00468384
0	1
0	1
0	1
0	0.0210773
0	1
0	0.0117096
0	1
0	1
0	1
0	1
0	0.00468384
0	1
0	0.0140515
0	0.0234192
0	1
0	1
0	1
0	1
0	0.0210773
0	0.088993
0	0.00702576
0	0.00702576
0	0.00468384
0	1
0	0.00702576
0	0.0140515
0	1
0	1
0	0.0210773
0	0.00468384
0	0.088993
0	1
0	0.0257611
0	0.0140515
0	0.00468384
0	0.0374707
0	1
0	0.0140515
0	1
0	0.0117096
0	1
0	0.088993
0	0.0117096
0	1
0	1
0	0.0257611
0	1
0	0.0351288
0	0.0140515
0	1
0	1
0	1
0	0.00936768
0	0.0140515
0	1
0	1
0	0.00468384
0	0.00702576
0	0.00468384
0	0.00936768
0	0.00702576
0	1
0	1
0	1
0	1
0	1
0	1
0	1
0	0.030445
0	0.0163934
0	0.00234192
0	1
0	1
0	0.00468384
0	1
0	0.00702576
0	0.00702576
0	1
0	1
0	0.00468384
0	0.00468384
0	1
0	1
0	0.00468384
0	0.00936768
0	0.0187354
0	0.00468384
0	0.00936768
0	0.00468384
0	1
0	0.0374707
0	1
0	0.00702576
0	1
0	0.0257611
0	1
0	0.0140515
0	0.00468384
0	0.0140515
0	1
0	0.0117096
0	0.0140515
0	0.088993
0	0.0538642
0	0.0140515
0	0.00702576
0	1
0	0.00702576
0	0.00702576
0	0.028103
0	0.00468384
0	0.0398126
0	0.00702576
0	1
0	0.030445
0	1
0	1
0	0.0140515
0	0.088993
0	0.00702576
0	1
0	1
0	1
0	0.0140515
0	0.0398126
0	1
0	0.0187354
0	0.0117096
0	0.00702576
0	0.0210773
0	1
0	1
0	0.030445
0	1
0	1
0	0.0140515
0	1
0	0.00702576
0	1
0	1
0	0.00468384
0	1
0	0.0351288
0	1
0	0.0117096
0	0.00468384
0	0.0117096
0	0.030445
0	0.00936768
0	0.00702576
0	0.00468384
0	1
0	0.030445
0	0.030445
0	0.00468384
0	0.00702576
0	0.0444965
0	0.00702576
0	1
0	0.0140515
0	1
0	0.030445
0	0.0187354
0	1
0	1
0	1
0	1
0	0.00936768
0	1


