# Persistence diagram <GML/0025.gml>
#
# Dimension   : 0
# Entries     : 1000
# Betti number: 2
0	inf
0	1
0	0.0165975
0	0.0311203
0	1
0	0.026971
0	1
0	0.0145228
0	0.0145228
0	1
0	1
0	1
0	0.0145228
0	0.0124481
0	0.0165975
0	1
0	0.0871369
0	0.0186722
0	0.0103734
0	1
0	1
0	0.0207469
0	0.0207469
0	1
0	0.0145228
0	1
0	1
0	1
0	0.0311203
0	1
0	0.0352697
0	0.00829876
0	0.0124481
0	0.0290456
0	0.0186722
0	1
0	0.0124481
0	1
0	1
0	1
0	1
0	0.0145228
0	0.0165975
0	1
0	0.0145228
0	0.0145228
0	0.0228216
0	1
0	0.0311203
0	1
0	1
0	1
0	0.0228216
0	0.0124481
0	0.0124481
0	1
0	1
0	0.0124481
0	0.0165975
0	1
0	1
0	0.0186722
0	0.0145228
0	0.0124481
0	0.0228216
0	0.0145228
0	0.0165975
0	0.0124481
0	0.0290456
0	1
0	0.0103734
0	0.0186722
0	0.0435685
0	1
0	0.0145228
0	1
0	1
0	0.0311203
0	1
0	1
0	1
0	1
0	1
0	0.0871369
0	1
0	1
0	0.0103734
0	0.033195
0	0.0103734
0	0.0145228
0	1
0	1
0	0.0124481
0	1
0	1
0	0.0145228
0	1
0	1
0	1
0	1
0	1
0	0.0228216
0	0.00829876
0	0.0186722
0	1
0	0.0871369
0	0.0186722
0	0.0290456
0	1
0	1
0	1
0	1
0	0.0165975
0	1
0	0.0124481
0	1
0	0.0477178
0	0.0477178
0	1
0	1
0	1
0	0.0186722
0	0.0165975
0	1
0	0.026971
0	0.0477178
0	0.00414938
0	0.00829876
0	1
0	1
0	0.0103734
0	0.00829876
0	0.0145228
0	0.00829876
0	1
0	0.0871369
0	0.0871369
0	0.0871369
0	0.0352697
0	0.0352697
0	1
0	1
0	1
0	0.0165975
0	0.0207469
0	1
0	0.0103734
0	0.0871369
0	0.00829876
0	1
0	0.0871369
0	0.00414938
0	1
0	1
0	0.0145228
0	1
0	1
0	0.0477178
0	1
0	0.0228216
0	1
0	1
0	0.0186722
0	0.0145228
0	1
0	1
0	1
0	0.0145228
0	0.0145228
0	0.00829876
0	1
0	1
0	0.0186722
0	1
0	1
0	1
0	0.0145228
0	0.0311203
0	0.0207469
0	1
0	1
0	0.0124481
0	1
0	0.0124481
0	0.00829876
0	0.0228216
0	0.0124481
0	0.033195
0	1
0	1
0	0.0145228
0	1
0	1
0	0.0228216
0	0.0103734
0	1
0	0.0228216
0	0.0103734
0	0.0311203
0	0.0124481
0	0.0311203
0	1
0	0.00414938
0	1
0	1
0	1
0	0.026971
0	0.0145228
0	1
0	0.0311203
0	0.00622407
0	1
0	0.0145228
0	0.0124481
0	0.0871369
0	0.0207469
0	1
0	1
0	1
0	0.00414938
0	0.0311203
0	0.0871369
0	0.0145228
0	1
0	1
0	1
0	0.0186722
0	1
0	1
0	0.0145228
0	0.0352697
0	0.0228216
0	1
0	0.0477178
0	1
0	1
0	0.0124481
0	0.0145228
0	1
0	0.00829876
0	1
0	1
0	0.0103734
0	1
0	1
0	0.0871369
0	0.0186722
0	0.0871369
0	1
0	1
0	0.0103734
0	0.0103734
0	0.00829876
0	1
0	1
0	1
0	1
0	0.00829876
0	0.026971
0	1
0	0.0352697
0	0.0103734
0	0.0477178
0	0.0103734
0	1
0	1
0	1
0	1
0	0.00829876
0	1
0	0.0103734
0	1
0	1
0	0.00622407
0	1
0	0.0165975
0	1
0	1
0	0.0145228
0	1
0	1
0	0.0103734
0	0.0124481
0	0.0145228
0	1
0	1
0	0.0145228
0	0.00622407
0	0.0228216
0	1
0	1
0	1
0	0.00622407
0	0.00622407
0	0.00414938
0	0.0228216
0	1
0	1
0	1
0	0.00622407
0	1
0	0.0871369
0	0.0435685
0	0.0871369
0	0.0145228
0	1
0	0.0124481
0	0.0145228
0	1
0	0.00622407
0	0.0311203
0	0.0311203
0	0.00829876
0	0.0124481
0	0.0311203
0	0.00414938
0	1
0	1
0	0.00829876
0	0.0145228
0	0.0165975
0	1
0	0.0103734
0	1
0	0.00829876
0	0.0124481
0	0.00414938
0	1
0	0.00414938
0	0.026971
0	0.0165975
0	1
0	0.00622407
0	0.033195
0	1
0	0.00622407
0	1
0	1
0	0.00829876
0	0.00622407
0	1
0	0.00829876
0	1
0	0.0871369
0	0.0228216
0	0.0145228
0	0.0311203
0	1
0	0.00829876
0	1
0	1
0	0.0871369
0	0.0124481
0	0.00622407
0	0.0103734
0	0.0103734
0	1
0	1
0	1
0	0.0207469
0	0.00829876
0	0.0435685
0	0.0311203
0	0.00414938
0	1
0	0.0145228
0	1
0	0.00622407
0	0.0165975
0	0.00622407
0	1
0	0.0165975
0	0.0228216
0	1
0	0.00829876
0	0.00829876
0	0.0165975
0	0.00622407
0	1
0	0.0477178
0	1
0	1
0	0.00622407
0	0.0124481
0	0.0311203
0	0.0145228
0	1
0	0.0311203
0	0.0165975
0	1
0	1
0	0.0124481
0	0.0124481
0	0.00829876
0	0.0145228
0	1
0	0.026971
0	1
0	0.0186722
0	0.00414938
0	0.0186722
0	1
0	0.0165975
0	0.0103734
0	1
0	1
0	0.00829876
0	1
0	0.00622407
0	1
0	1
0	1
0	1
0	0.00622407
0	1
0	0.0124481
0	0.00414938
0	0.0103734
0	0.0477178
0	0.00829876
0	0.00829876
0	1
0	0.026971
0	0.00622407
0	1
0	0.0145228
0	0.00829876
0	1
0	1
0	0.0207469
0	0.0145228
0	1
0	1
0	0.0103734
0	0.0124481
0	1
0	0.00829876
0	0.0145228
0	1
0	0.00829876
0	0.00829876
0	0.0145228
0	0.0186722
0	0.0207469
0	0.0103734
0	0.0165975
0	1
0	1
0	1
0	0.0103734
0	0.00414938
0	0.0207469
0	0.00622407
0	0.0103734
0	0.0311203
0	1
0	0.00622407
0	0.033195
0	1
0	0.00414938
0	0.0228216
0	0.00622407
0	0.0477178
0	0.00414938
0	1
0	0.0103734
0	0.0145228
0	1
0	0.0145228
0	0.0145228
0	0.0165975
0	0.00829876
0	1
0	0.00414938
0	1
0	1
0	1
0	0.0352697
0	0.00622407
0	1
0	0.0124481
0	1
0	1
0	1
0	1
0	1
0	0.00622407
0	1
0	1
0	0.0145228
0	0.00829876
0	0.00829876
0	1
0	0.0165975
0	1
0	0.0145228
0	1
0	0.0103734
0	0.00414938
0	0.00829876
0	1
0	1
0	1
0	1
0	0.0145228
0	0.0871369
0	1
0	0.0124481
0	0.033195
0	0.0124481
0	0.00414938
0	0.0207469
0	0.026971
0	0.0352697
0	1
0	1
0	0.0871369
0	0.0103734
0	1
0	1
0	0.00829876
0	0.0311203
0	1
0	1
0	0.00622407
0	0.0207469
0	1
0	1
0	0.0352697
0	0.00414938
0	0.0352697
0	0.00414938
0	0.00829876
0	0.0311203
0	0.00414938
0	1
0	0.00829876
0	1
0	0.0352697
0	0.0145228
0	1
0	0.00622407
0	1
0	1
0	0.00829876
0	0.0228216
0	0.0103734
0	1
0	0.00622407
0	0.033195
0	1
0	0.0165975
0	0.00414938
0	0.0145228
0	0.0352697
0	0.00414938
0	0.00622407
0	0.0124481
0	0.0145228
0	0.0103734
0	0.00829876
0	0.0871369
0	0.00829876
0	1
0	0.0124481
0	1
0	1
0	0.00829876
0	0.0103734
0	0.0124481
0	1
0	0.00829876
0	1
0	0.0145228
0	0.0228216
0	0.0124481
0	0.0103734
0	1
0	1
0	1
0	0.0311203
0	0.0103734
0	0.00829876
0	1
0	1
0	1
0	0.0311203
0	1
0	1
0	1
0	1
0	0.0103734
0	1
0	1
0	0.0207469
0	0.0311203
0	0.0103734
0	0.00829876
0	0.00622407
0	0.0103734
0	1
0	0.026971
0	1
0	0.0124481
0	0.0871369
0	1
0	0.0145228
0	1
0	0.0145228
0	1
0	0.0103734
0	0.0145228
0	1
0	0.00414938
0	1
0	1
0	0.026971
0	0.0207469
0	0.033195
0	0.0124481
0	1
0	0.0435685
0	1
0	1
0	0.0207469
0	1
0	1
0	1
0	0.00622407
0	0.0124481
0	1
0	0.0477178
0	0.00622407
0	0.0228216
0	0.0477178
0	0.0103734
0	0.0124481
0	1
0	0.0145228
0	0.00622407
0	0.0165975
0	1
0	1
0	0.0228216
0	0.0871369
0	0.0435685
0	1
0	0.00414938
0	1
0	0.0186722
0	0.00414938
0	0.00414938
0	0.00829876
0	1
0	0.00829876
0	0.0207469
0	0.00414938
0	0.00829876
0	0.0165975
0	0.0477178
0	0.0145228
0	0.0103734
0	1
0	0.0145228
0	0.0352697
0	0.00829876
0	0.0186722
0	1
0	0.0145228
0	1
0	0.0145228
0	1
0	0.00414938
0	0.00622407
0	0.0186722
0	0.0477178
0	0.00829876
0	0.0871369
0	0.00829876
0	0.00622407
0	0.0103734
0	0.00622407
0	1
0	0.00622407
0	0.00622407
0	0.0186722
0	0.0145228
0	0.0290456
0	1
0	0.0103734
0	0.00829876
0	0.0124481
0	0.026971
0	0.0165975
0	0.00414938
0	0.00414938
0	0.00829876
0	0.0145228
0	0.026971
0	0.00414938
0	1
0	0.0145228
0	0.026971
0	0.0311203
0	1
0	0.0311203
0	0.0103734
0	1
0	0.0145228
0	0.0290456
0	1
0	0.00622407
0	1
0	0.00622407
0	0.00829876
0	0.00622407
0	0.0103734
0	0.0477178
0	0.026971
0	1
0	1
0	0.0103734
0	1
0	1
0	0.00622407
0	1
0	1
0	1
0	1
0	0.0145228
0	0.0124481
0	1
0	0.00414938
0	0.0228216
0	0.0871369
0	0.0103734
0	0.0352697
0	inf
0	0.00829876
0	0.0145228
0	1
0	0.0311203
0	1
0	0.00414938
0	1
0	0.00622407
0	1
0	1
0	0.0145228
0	1
0	1
0	0.0435685
0	1
0	0.0124481
0	0.0871369
0	1
0	0.00622407
0	0.00622407
0	1
0	1
0	1
0	1
0	1
0	1
0	0.0145228
0	0.0124481
0	0.0165975
0	1
0	0.00622407
0	1
0	0.0871369
0	0.00622407
0	0.0124481
0	0.00829876
0	0.00829876
0	1
0	1
0	0.0124481
0	0.00414938
0	0.00829876
0	0.0871369
0	0.00414938
0	0.0103734
0	0.00829876
0	1
0	1
0	1
0	1
0	0.0103734
0	0.0145228
0	1
0	1
0	0.0145228
0	0.00622407
0	0.00829876
0	0.00414938
0	1
0	0.0124481
0	0.00622407
0	1
0	1
0	0.00414938
0	1
0	1
0	0.00414938
0	0.0145228
0	0.00622407
0	0.0311203
0	0.00622407
0	1
0	0.0228216
0	1
0	1
0	1
0	0.026971
0	0.00414938
0	0.00622407
0	1
0	0.00829876
0	0.00414938
0	0.0103734
0	1
0	0.00414938
0	0.0145228
0	1
0	1
0	1
0	0.0145228
0	0.0165975
0	1
0	1
0	1
0	0.00829876
0	0.0311203
0	1
0	0.0311203
0	0.0186722
0	0.0165975
0	0.00622407
0	1
0	0.00829876
0	0.00622407
0	0.00414938
0	1
0	0.00414938
0	0.00622407
0	0.0145228
0	1
0	0.00414938
0	0.0103734
0	1
0	1
0	0.00622407
0	0.0207469
0	1
0	1
0	0.0145228
0	0.00414938
0	1
0	0.00414938
0	0.0207469
0	0.00829876
0	0.00622407
0	0.026971
0	0.0145228
0	0.00414938
0	0.00414938
0	1
0	0.0145228
0	1
0	1
0	1
0	1
0	0.00622407
0	0.0124481
0	1
0	1
0	0.0145228
0	0.0103734
0	1
0	0.00414938
0	0.00414938
0	0.00829876
0	1
0	1
0	1
0	0.0103734
0	1
0	0.00414938
0	0.00829876
0	1
0	1
0	1
0	0.00829876
0	1
0	1
0	1
0	1
0	0.00829876
0	0.0165975
0	1
0	0.0311203
0	0.00414938
0	0.00207469
0	1
0	1
0	0.00622407
0	0.0103734
0	1
0	1
0	0.00622407
0	0.0352697
0	0.00622407
0	0.0311203
0	0.0124481
0	0.00622407
0	0.00829876
0	0.00414938
0	1
0	0.0124481
0	0.0290456
0	0.0311203
0	1
0	0.0124481
0	0.0311203
0	0.0311203
0	0.0311203
0	1
0	0.00414938
0	0.00829876
0	0.0186722
0	1
0	0.00414938
0	1
0	0.00829876
0	0.0311203
0	1
0	1
0	1
0	1
0	1
0	0.0124481
0	0.00414938
0	0.00622407
0	1
0	0.00414938
0	0.026971
0	1
0	0.00829876
0	1
0	0.0145228
0	1
0	1
0	1
0	0.0186722
0	0.0311203
0	1
0	0.00829876
0	1
0	0.00414938
0	1
0	0.0103734
0	0.0311203
0	0.0145228
0	1
0	1
0	0.0311203
0	0.0124481
0	0.00414938
0	0.0103734
0	0.00829876
0	0.00414938
0	0.00829876
0	1
0	1
0	0.00414938
0	0.00414938
0	1
0	1
0	1
0	1
0	0.0311203
0	0.026971
0	0.0311203
0	0.0103734
0	0.0103734
0	1
0	0.0103734
0	0.00414938
0	0.0103734
0	0.00622407
0	0.00622407
0	1
0	0.0311203
0	0.0311203
0	1
0	0.0145228
0	1
0	0.00829876
0	0.0124481


