# Persistence diagram <GML/0027.gml>
#
# Dimension   : 0
# Entries     : 212
# Betti number: 2
0	inf
0	1
0	1
0	0.11236
0	0.0561798
0	1
0	0.146067
0	0.157303
0	0.0674157
0	0.157303
0	0.0337079
0	0.0674157
0	1
0	0.0449438
0	1
0	0.146067
0	1
0	1
0	0.157303
0	0.146067
0	1
0	0.157303
0	0.11236
0	0.0337079
0	0.146067
0	0.0786517
0	0.0337079
0	0.11236
0	1
0	1
0	1
0	0.0786517
0	1
0	1
0	0.146067
0	1
0	0.0224719
0	0.146067
0	0.0561798
0	0.0449438
0	0.0224719
0	0.157303
0	0.0449438
0	0.0786517
0	0.0786517
0	1
0	0.0561798
0	0.0561798
0	0.0337079
0	0.0337079
0	0.0224719
0	1
0	0.0337079
0	0.0224719
0	0.0449438
0	1
0	0.0337079
0	0.0674157
0	0.0449438
0	1
0	1
0	1
0	0.0449438
0	0.0449438
0	1
0	0.0337079
0	0.0786517
0	1
0	0.0224719
0	1
0	0.0337079
0	0.0449438
0	0.0337079
0	1
0	0.0224719
0	1
0	1
0	1
0	1
0	0.0449438
0	1
0	0.0224719
0	0.0224719
0	0.0449438
0	0.157303
0	0.0561798
0	0.0224719
0	1
0	1
0	0.11236
0	0.11236
0	1
0	1
0	1
0	1
0	1
0	0.0337079
0	1
0	0.146067
0	1
0	1
0	0.0337079
0	0.0449438
0	1
0	1
0	1
0	0.0337079
0	0.0224719
0	0.0224719
0	1
0	0.0561798
0	0.0224719
0	0.0224719
0	1
0	1
0	0.0337079
0	0.146067
0	inf
0	0.11236
0	0.0337079
0	1
0	0.146067
0	0.0674157
0	0.0224719
0	0.0337079
0	0.0224719
0	0.0224719
0	0.11236
0	1
0	0.0224719
0	1
0	0.0337079
0	0.0224719
0	1
0	0.0449438
0	0.0674157
0	0.146067
0	1
0	0.0224719
0	0.0224719
0	0.0337079
0	0.0561798
0	1
0	0.0449438
0	1
0	0.0224719
0	0.0337079
0	0.146067
0	1
0	1
0	1
0	0.0337079
0	1
0	0.011236
0	0.0786517
0	0.157303
0	1
0	1
0	0.0224719
0	0.0449438
0	1
0	0.0224719
0	0.0449438
0	0.11236
0	1
0	1
0	1
0	0.0224719
0	1
0	0.0561798
0	0.146067
0	0.0224719
0	0.0224719
0	0.0224719
0	0.0224719
0	1
0	0.0224719
0	0.0224719
0	1
0	1
0	1
0	0.0449438
0	1
0	0.0337079
0	0.0337079
0	1
0	0.0449438
0	0.0224719
0	0.0224719
0	0.0224719
0	1
0	1
0	0.0224719
0	1
0	0.0224719
0	0.0224719
0	0.0224719
0	1
0	0.0224719
0	0.157303
0	0.0449438
0	0.0224719
0	0.0224719
0	0.0449438
0	1
0	0.0674157
0	0.0224719
0	0.0561798
0	0.0449438
0	0.0224719
0	1
0	1


