# Persistence diagram <GML/0028.gml>
#
# Dimension   : 0
# Entries     : 286
# Betti number: 6
0	inf
0	1
0	1
0	1
0	1
0	1
0	1
0	1
0	0.0862069
0	1
0	1
0	1
0	0.0689655
0	0.0689655
0	1
0	1
0	1
0	0.0287356
0	0.0172414
0	1
0	1
0	1
0	1
0	0.0402299
0	1
0	1
0	1
0	1
0	0.0862069
0	0.0344828
0	1
0	0.0862069
0	1
0	1
0	1
0	0.0862069
0	1
0	1
0	inf
0	0.0862069
0	1
0	0.0344828
0	1
0	0.0172414
0	0.0862069
0	1
0	1
0	1
0	1
0	1
0	1
0	0.0114943
0	1
0	1
0	1
0	0.0862069
0	0.0344828
0	1
0	1
0	0.0344828
0	0.0172414
0	inf
0	1
0	0.0229885
0	1
0	1
0	1
0	1
0	inf
0	0.0862069
0	1
0	0.0402299
0	inf
0	1
0	0.0862069
0	0.0344828
0	1
0	0.0172414
0	1
0	0.0862069
0	0.0402299
0	1
0	0.0402299
0	0.0344828
0	0.0689655
0	1
0	1
0	0.0862069
0	1
0	1
0	0.0402299
0	0.0114943
0	0.0689655
0	1
0	1
0	inf
0	1
0	0.0862069
0	1
0	1
0	0.0287356
0	1
0	1
0	0.0229885
0	0.00574713
0	1
0	1
0	1
0	1
0	0.0689655
0	1
0	0.0689655
0	1
0	0.0172414
0	1
0	1
0	0.0862069
0	0.0172414
0	0.0287356
0	0.0862069
0	1
0	1
0	0.0689655
0	0.0229885
0	1
0	1
0	0.0229885
0	1
0	0.0229885
0	1
0	0.0114943
0	0.0172414
0	1
0	0.00574713
0	1
0	0.0172414
0	1
0	0.0229885
0	0.0172414
0	0.0287356
0	1
0	1
0	1
0	1
0	0.0172414
0	0.0172414
0	1
0	1
0	0.0114943
0	0.0114943
0	0.0862069
0	0.0114943
0	0.0172414
0	0.0172414
0	0.0172414
0	1
0	0.0862069
0	0.0229885
0	0.0229885
0	1
0	1
0	0.0172414
0	1
0	1
0	1
0	0.0114943
0	1
0	0.0172414
0	0.0344828
0	0.0287356
0	0.0114943
0	1
0	1
0	1
0	1
0	1
0	0.0862069
0	1
0	1
0	0.0114943
0	0.0229885
0	0.0402299
0	0.0689655
0	1
0	1
0	1
0	1
0	1
0	1
0	1
0	0.0229885
0	1
0	1
0	1
0	0.0689655
0	1
0	1
0	1
0	0.0229885
0	1
0	0.0114943
0	0.0114943
0	0.0114943
0	1
0	0.0114943
0	1
0	1
0	1
0	1
0	1
0	0.0862069
0	0.0172414
0	1
0	0.0172414
0	0.0114943
0	1
0	0.0229885
0	1
0	1
0	1
0	1
0	0.0172414
0	0.0229885
0	0.0862069
0	0.0344828
0	0.0862069
0	1
0	1
0	1
0	0.0114943
0	0.0229885
0	1
0	1
0	1
0	0.0114943
0	0.0344828
0	0.00574713
0	1
0	0.0344828
0	0.0862069
0	1
0	0.0287356
0	1
0	0.0229885
0	0.0862069
0	1
0	1
0	1
0	0.0172414
0	0.0172414
0	1
0	1
0	0.0689655
0	0.0172414
0	1
0	0.0344828
0	1
0	0.0689655
0	1
0	1
0	1
0	0.0114943
0	0.0172414
0	1
0	1
0	0.0114943
0	1
0	0.0114943
0	0.0172414
0	0.0172414
0	1
0	0.0862069
0	1
0	0.0114943
0	0.0114943
0	0.0114943
0	1
0	0.0172414
0	0.0402299
0	0.0862069
0	1
0	1
0	0.0114943
0	0.0862069
0	1
0	0.00574713


