# Persistence diagram <GML/0029.gml>
#
# Dimension   : 0
# Entries     : 708
# Betti number: 7
0	inf
0	inf
0	1
0	0.0208955
0	0.0268657
0	0.0238806
0	0.0238806
0	1
0	1
0	1
0	1
0	1
0	0.0208955
0	0.0208955
0	0.0149254
0	1
0	0.0268657
0	0.0208955
0	0.0328358
0	0.0208955
0	1
0	1
0	0.0149254
0	0.0119403
0	0.0238806
0	0.0149254
0	0.0149254
0	0.170149
0	1
0	0.0895522
0	1
0	0.0149254
0	0.170149
0	1
0	1
0	0.0149254
0	1
0	0.0328358
0	1
0	0.041791
0	0.0328358
0	1
0	0.0149254
0	1
0	0.0208955
0	1
0	0.170149
0	1
0	1
0	0.0238806
0	0.041791
0	0.00597015
0	0.0149254
0	0.0119403
0	0.0238806
0	0.0179104
0	1
0	0.00597015
0	1
0	1
0	inf
0	1
0	0.0656716
0	0.0895522
0	0.0268657
0	1
0	0.0119403
0	1
0	0.0238806
0	0.0656716
0	0.0238806
0	1
0	0.0149254
0	0.0149254
0	0.0149254
0	0.0328358
0	0.0208955
0	0.0119403
0	0.0656716
0	1
0	0.0358209
0	1
0	1
0	1
0	1
0	0.041791
0	0.0208955
0	1
0	0.0328358
0	1
0	1
0	0.0895522
0	1
0	1
0	0.00895522
0	0.00895522
0	1
0	1
0	0.0268657
0	0.0268657
0	0.0149254
0	1
0	0.0328358
0	0.0208955
0	0.0179104
0	0.0238806
0	1
0	0.0208955
0	1
0	0.0298507
0	1
0	0.0149254
0	0.170149
0	1
0	0.0179104
0	1
0	0.0358209
0	0.0358209
0	0.170149
0	1
0	0.0656716
0	0.0328358
0	0.0656716
0	0.0208955
0	0.0149254
0	1
0	0.0119403
0	0.0358209
0	0.0179104
0	0.0238806
0	1
0	1
0	0.0119403
0	0.0328358
0	0.0208955
0	1
0	0.041791
0	0.0895522
0	1
0	1
0	0.0179104
0	0.00895522
0	1
0	1
0	1
0	1
0	0.00597015
0	1
0	0.0179104
0	0.0119403
0	1
0	1
0	1
0	0.0328358
0	0.00895522
0	0.0656716
0	0.0895522
0	1
0	1
0	1
0	0.0208955
0	0.0149254
0	0.0149254
0	0.0119403
0	0.0298507
0	0.170149
0	0.0208955
0	1
0	0.0149254
0	1
0	0.0119403
0	0.0656716
0	1
0	1
0	1
0	0.0149254
0	1
0	1
0	1
0	0.0179104
0	1
0	1
0	0.0149254
0	1
0	1
0	0.00895522
0	1
0	0.0238806
0	0.0179104
0	1
0	1
0	0.0119403
0	0.0208955
0	0.00597015
0	1
0	0.0656716
0	1
0	0.0895522
0	1
0	1
0	1
0	1
0	0.170149
0	1
0	0.0238806
0	1
0	0.170149
0	1
0	0.0119403
0	1
0	0.170149
0	1
0	0.00895522
0	1
0	0.0149254
0	0.0268657
0	1
0	1
0	0.0179104
0	0.0328358
0	0.0149254
0	1
0	1
0	0.0328358
0	0.0119403
0	1
0	1
0	0.170149
0	0.0268657
0	0.0268657
0	0.0238806
0	1
0	1
0	1
0	0.0208955
0	1
0	1
0	1
0	0.0238806
0	1
0	0.0149254
0	1
0	0.00895522
0	0.170149
0	0.0268657
0	1
0	1
0	0.00597015
0	0.0208955
0	1
0	0.0149254
0	1
0	1
0	0.0149254
0	0.00895522
0	0.0268657
0	0.0119403
0	1
0	0.0119403
0	0.170149
0	1
0	1
0	0.170149
0	0.0119403
0	0.0328358
0	0.00895522
0	inf
0	0.0149254
0	0.00895522
0	1
0	0.0238806
0	1
0	0.0298507
0	0.0238806
0	inf
0	1
0	1
0	0.0895522
0	1
0	0.00597015
0	0.0268657
0	0.0238806
0	0.041791
0	0.00597015
0	0.0119403
0	0.0179104
0	0.170149
0	0.170149
0	0.00597015
0	0.0179104
0	0.0149254
0	1
0	1
0	0.00597015
0	0.0328358
0	0.0149254
0	0.0149254
0	1
0	0.0119403
0	1
0	0.0149254
0	0.00895522
0	1
0	1
0	0.0149254
0	0.00895522
0	0.0208955
0	1
0	1
0	1
0	0.00895522
0	0.041791
0	1
0	0.0208955
0	1
0	1
0	0.170149
0	0.0268657
0	0.0119403
0	0.0268657
0	0.0328358
0	0.0149254
0	0.0179104
0	0.0238806
0	0.0149254
0	0.00895522
0	0.00597015
0	0.00895522
0	0.170149
0	0.0895522
0	0.0119403
0	1
0	0.00597015
0	0.00597015
0	1
0	0.00895522
0	0.0238806
0	0.0119403
0	0.0149254
0	1
0	0.0268657
0	0.170149
0	inf
0	0.0656716
0	0.00895522
0	1
0	0.0119403
0	1
0	0.0119403
0	1
0	1
0	0.0179104
0	1
0	0.0298507
0	0.0208955
0	0.0149254
0	0.0268657
0	1
0	1
0	1
0	0.0149254
0	0.0358209
0	1
0	0.0268657
0	0.00298507
0	1
0	1
0	0.0358209
0	1
0	1
0	0.0268657
0	0.0149254
0	1
0	0.0268657
0	0.041791
0	1
0	1
0	1
0	0.0149254
0	0.0268657
0	0.0149254
0	0.0119403
0	1
0	1
0	1
0	1
0	0.0179104
0	1
0	0.0358209
0	0.170149
0	0.0149254
0	1
0	0.0119403
0	1
0	0.00597015
0	0.0208955
0	1
0	0.0149254
0	0.0328358
0	0.0208955
0	0.170149
0	0.170149
0	0.0895522
0	1
0	0.0208955
0	0.170149
0	0.0208955
0	0.170149
0	0.0149254
0	0.0149254
0	1
0	1
0	0.0179104
0	1
0	0.0328358
0	0.0208955
0	1
0	0.0328358
0	1
0	1
0	0.00597015
0	0.0328358
0	1
0	1
0	1
0	1
0	0.0119403
0	0.00597015
0	0.0328358
0	1
0	1
0	0.0656716
0	1
0	0.00895522
0	0.00895522
0	0.0149254
0	0.00597015
0	0.0119403
0	1
0	0.0149254
0	0.041791
0	1
0	1
0	0.170149
0	0.0149254
0	0.00895522
0	0.0119403
0	1
0	1
0	0.0179104
0	0.00597015
0	0.00298507
0	0.041791
0	1
0	0.0268657
0	1
0	0.0149254
0	0.00597015
0	0.0119403
0	1
0	1
0	1
0	0.0208955
0	0.00895522
0	0.0149254
0	0.0238806
0	0.00895522
0	0.0179104
0	0.0358209
0	1
0	0.00895522
0	0.00597015
0	0.0656716
0	1
0	0.00298507
0	1
0	0.0268657
0	0.0119403
0	0.0208955
0	1
0	0.00895522
0	0.00597015
0	0.170149
0	0.0895522
0	1
0	0.170149
0	1
0	0.0149254
0	1
0	1
0	0.0208955
0	0.0149254
0	0.0149254
0	1
0	0.00597015
0	0.0179104
0	0.0119403
0	0.0358209
0	1
0	0.0208955
0	0.0268657
0	0.00895522
0	0.0179104
0	1
0	0.00895522
0	0.00597015
0	1
0	0.170149
0	0.0656716
0	0.00895522
0	0.0119403
0	0.0149254
0	1
0	0.0119403
0	1
0	inf
0	1
0	0.0119403
0	0.0149254
0	0.00597015
0	0.0328358
0	0.170149
0	0.041791
0	1
0	0.0328358
0	0.0149254
0	0.0119403
0	0.0268657
0	1
0	0.170149
0	0.00597015
0	1
0	0.0149254
0	0.0268657
0	1
0	0.0119403
0	1
0	1
0	0.0149254
0	1
0	0.00597015
0	0.00895522
0	1
0	0.00895522
0	1
0	1
0	0.041791
0	0.00298507
0	0.0656716
0	0.0298507
0	0.0119403
0	1
0	1
0	1
0	1
0	0.170149
0	0.0328358
0	1
0	0.0328358
0	1
0	0.0179104
0	0.0119403
0	0.0119403
0	0.0895522
0	1
0	0.00298507
0	1
0	0.0895522
0	0.00895522
0	1
0	0.0238806
0	0.0149254
0	0.00597015
0	1
0	0.170149
0	1
0	0.0656716
0	0.00597015
0	0.041791
0	0.0895522
0	0.00597015
0	1
0	0.0328358
0	1
0	0.0268657
0	1
0	0.00895522
0	0.0149254
0	1
0	0.00895522
0	0.0895522
0	0.0179104
0	0.0149254
0	1
0	1
0	0.0208955
0	0.0238806
0	0.00597015
0	1
0	0.00895522
0	1
0	0.0119403
0	1
0	1
0	0.00895522
0	0.0238806
0	0.0149254
0	0.0268657
0	1
0	0.0208955
0	1
0	0.0119403
0	1
0	0.00895522
0	0.0149254
0	0.0328358
0	1
0	0.0268657
0	1
0	0.0895522
0	0.00895522
0	1
0	0.0119403
0	0.00597015
0	1
0	0.0149254
0	0.0358209
0	0.0358209
0	1
0	0.0358209
0	0.0119403
0	0.0149254
0	1
0	1
0	1
0	0.00597015
0	0.00298507
0	0.0895522
0	0.0656716
0	1
0	0.00597015
0	0.0179104
0	0.0656716
0	0.041791
0	0.00895522
0	0.0328358
0	0.00597015
0	0.0328358
0	0.0119403
0	1
0	0.00895522
0	0.0119403
0	0.0238806
0	0.0149254
0	0.00597015
0	0.0656716
0	0.0149254
0	1
0	0.0149254
0	0.0149254
0	0.0149254
0	0.0119403
0	0.00895522
0	0.00895522
0	0.00597015
0	0.00895522
0	0.170149
0	0.0895522
0	1
0	0.0268657
0	0.00597015
0	0.0328358
0	1
0	0.170149
0	0.00597015
0	1
0	0.0149254
0	0.00895522
0	0.00895522
0	0.0895522
0	0.00597015
0	0.0208955
0	1
0	0.00895522
0	0.00895522
0	1
0	1
0	0.0208955
0	1
0	1
0	0.00895522
0	0.00597015
0	0.00597015
0	0.00895522
0	0.0268657
0	0.0208955
0	1
0	0.0149254
0	0.00597015
0	0.0119403
0	0.00597015
0	1
0	1
0	0.0119403
0	0.0298507
0	0.0268657
0	1
0	0.0656716


