# Persistence diagram <GML/0030.gml>
#
# Dimension   : 0
# Entries     : 340
# Betti number: 1
0	inf
0	1
0	0.0542636
0	0.0620155
0	1
0	0.0852713
0	0.0387597
0	1
0	0.0387597
0	0.0465116
0	1
0	0.0387597
0	0.0542636
0	0.124031
0	0.0775194
0	0.0930233
0	0.0620155
0	0.0775194
0	1
0	0.0387597
0	0.0387597
0	0.0387597
0	1
0	0.0387597
0	0.0697674
0	0.0775194
0	1
0	0.0387597
0	0.131783
0	0.0697674
0	0.0232558
0	0.0620155
0	0.0542636
0	1
0	0.131783
0	0.0465116
0	0.0387597
0	0.0387597
0	0.0542636
0	1
0	0.124031
0	1
0	1
0	1
0	0.124031
0	1
0	0.0387597
0	0.0542636
0	0.124031
0	0.0465116
0	1
0	0.0697674
0	0.0465116
0	0.0542636
0	0.0387597
0	0.0232558
0	0.0387597
0	0.0310078
0	1
0	1
0	0.0852713
0	0.0310078
0	0.0852713
0	0.0465116
0	1
0	0.0930233
0	1
0	0.0387597
0	0.0232558
0	1
0	0.0310078
0	0.0155039
0	0.0852713
0	0.0310078
0	0.0310078
0	1
0	0.0852713
0	1
0	1
0	0.0542636
0	1
0	0.0775194
0	0.0775194
0	0.0387597
0	1
0	1
0	0.0775194
0	0.0232558
0	0.0387597
0	0.0852713
0	0.0542636
0	0.124031
0	1
0	0.0620155
0	1
0	1
0	0.0232558
0	0.0465116
0	0.0232558
0	0.0930233
0	0.0387597
0	1
0	0.0852713
0	0.0620155
0	0.0852713
0	0.0620155
0	0.0620155
0	0.0310078
0	1
0	0.0387597
0	0.0852713
0	0.100775
0	0.0232558
0	0.0232558
0	0.0232558
0	1
0	1
0	0.0852713
0	0.0310078
0	1
0	0.0310078
0	0.0155039
0	0.0310078
0	0.0387597
0	0.0387597
0	0.0310078
0	1
0	1
0	0.100775
0	0.0775194
0	0.0387597
0	0.0310078
0	1
0	1
0	0.0775194
0	0.131783
0	0.0775194
0	1
0	0.0930233
0	0.0542636
0	0.0542636
0	0.0387597
0	1
0	0.0155039
0	0.0775194
0	0.100775
0	0.0310078
0	1
0	0.0620155
0	0.0310078
0	0.0465116
0	1
0	0.0542636
0	0.0852713
0	0.0387597
0	0.131783
0	0.0387597
0	0.0310078
0	0.0930233
0	0.0232558
0	0.0387597
0	1
0	0.0310078
0	0.0852713
0	0.0387597
0	0.0155039
0	0.124031
0	1
0	0.100775
0	1
0	0.0542636
0	0.100775
0	1
0	0.0387597
0	0.0155039
0	0.0310078
0	0.0155039
0	0.0310078
0	0.0155039
0	1
0	0.0387597
0	0.100775
0	0.0387597
0	0.0310078
0	0.0232558
0	0.0232558
0	0.0465116
0	0.0232558
0	0.131783
0	0.0852713
0	1
0	1
0	0.0155039
0	0.0310078
0	1
0	0.0232558
0	0.0387597
0	0.100775
0	0.0852713
0	0.131783
0	0.0387597
0	0.0775194
0	0.0155039
0	0.0232558
0	1
0	0.0465116
0	0.0232558
0	1
0	0.0387597
0	0.0387597
0	0.0232558
0	1
0	0.0232558
0	0.0232558
0	1
0	0.0232558
0	0.124031
0	0.0155039
0	0.0232558
0	1
0	0.0310078
0	0.0852713
0	0.0387597
0	0.0387597
0	0.0232558
0	0.0930233
0	0.0542636
0	0.0232558
0	0.0852713
0	1
0	0.0310078
0	0.0310078
0	0.100775
0	0.0310078
0	0.0232558
0	0.0155039
0	0.0155039
0	0.0930233
0	0.0310078
0	1
0	0.0310078
0	0.0310078
0	0.100775
0	0.0387597
0	0.0852713
0	0.0387597
0	1
0	0.0232558
0	1
0	0.0620155
0	0.0232558
0	0.0465116
0	0.0387597
0	1
0	0.0232558
0	0.0155039
0	0.0155039
0	0.0310078
0	0.0155039
0	0.0465116
0	0.0387597
0	0.0310078
0	0.0387597
0	1
0	0.0232558
0	1
0	0.0542636
0	0.0775194
0	1
0	0.0232558
0	1
0	0.0387597
0	0.0465116
0	0.0387597
0	0.0155039
0	0.0387597
0	1
0	1
0	0.0232558
0	0.100775
0	0.0232558
0	1
0	0.0155039
0	0.0387597
0	0.0155039
0	0.0387597
0	0.0387597
0	1
0	1
0	1
0	0.0232558
0	0.0387597
0	0.0852713
0	1
0	1
0	0.0155039
0	0.0155039
0	1
0	0.0697674
0	0.0155039
0	0.0310078
0	0.0232558
0	0.0232558
0	0.0465116
0	0.0155039
0	0.0387597
0	0.0387597
0	0.0310078
0	0.0310078
0	0.0387597
0	0.0465116
0	0.0310078
0	0.124031
0	1
0	0.0155039
0	0.0155039
0	0.0310078
0	1
0	1
0	0.0155039
0	1
0	1
0	1
0	0.0232558
0	0.0310078
0	0.0155039
0	0.0232558
0	0.0310078
0	0.0232558
0	0.0310078
0	1
0	0.0155039
0	0.100775
0	0.0542636
0	1
0	0.0387597
0	1
0	0.0310078
0	1
0	0.0852713


