# Persistence diagram <GML/0031.gml>
#
# Dimension   : 0
# Entries     : 499
# Betti number: 5
0	inf
0	1
0	inf
0	1
0	1
0	1
0	0.0366972
0	1
0	1
0	1
0	1
0	0.0489297
0	0.030581
0	0.0458716
0	1
0	0.030581
0	1
0	0.0122324
0	1
0	1
0	0.0244648
0	0.0244648
0	1
0	0.0275229
0	1
0	1
0	0.0152905
0	0.0152905
0	1
0	1
0	1
0	0.0244648
0	0.030581
0	0.0122324
0	0.0244648
0	1
0	1
0	1
0	0.0519878
0	0.0366972
0	0.0366972
0	1
0	1
0	0.030581
0	1
0	1
0	0.0489297
0	1
0	1
0	1
0	0.0275229
0	1
0	1
0	0.00917431
0	0.0489297
0	1
0	1
0	0.0152905
0	1
0	1
0	0.0183486
0	1
0	1
0	0.030581
0	1
0	1
0	1
0	0.00917431
0	0.00917431
0	0.0458716
0	1
0	1
0	inf
0	0.00917431
0	0.030581
0	1
0	1
0	1
0	1
0	0.0489297
0	1
0	0.0275229
0	1
0	1
0	1
0	0.00611621
0	0.0458716
0	1
0	0.00917431
0	1
0	0.0183486
0	1
0	0.030581
0	0.00917431
0	1
0	1
0	0.00917431
0	0.030581
0	0.0366972
0	0.0458716
0	0.0122324
0	0.00611621
0	0.0122324
0	1
0	1
0	0.0152905
0	1
0	0.0489297
0	1
0	1
0	1
0	0.00611621
0	1
0	0.030581
0	1
0	1
0	1
0	0.0122324
0	1
0	0.0030581
0	0.00917431
0	1
0	0.0122324
0	0.00917431
0	1
0	0.0122324
0	1
0	1
0	1
0	0.0152905
0	0.030581
0	1
0	0.00611621
0	1
0	1
0	1
0	1
0	0.0489297
0	1
0	0.0122324
0	0.0366972
0	0.0519878
0	0.0519878
0	1
0	1
0	0.030581
0	1
0	1
0	1
0	0.0152905
0	0.0458716
0	0.0152905
0	0.00611621
0	0.0122324
0	1
0	0.0152905
0	0.0152905
0	0.0519878
0	1
0	0.030581
0	1
0	1
0	1
0	0.0152905
0	1
0	1
0	0.0275229
0	0.0122324
0	0.0152905
0	1
0	0.00611621
0	0.0122324
0	1
0	1
0	1
0	1
0	0.0244648
0	1
0	0.0244648
0	1
0	1
0	1
0	0.0152905
0	1
0	0.0244648
0	1
0	1
0	1
0	1
0	1
0	1
0	0.0122324
0	1
0	0.00611621
0	1
0	1
0	0.0152905
0	1
0	0.0366972
0	0.0183486
0	1
0	1
0	0.0275229
0	0.0122324
0	1
0	0.00917431
0	1
0	1
0	1
0	1
0	0.0152905
0	1
0	1
0	0.0122324
0	0.0122324
0	1
0	0.00611621
0	0.00917431
0	1
0	0.0152905
0	0.00917431
0	0.0183486
0	0.030581
0	1
0	0.00917431
0	0.0489297
0	1
0	0.0519878
0	0.00917431
0	1
0	1
0	inf
0	0.0183486
0	1
0	1
0	1
0	0.00917431
0	1
0	1
0	1
0	0.0458716
0	0.0122324
0	1
0	1
0	1
0	1
0	0.0122324
0	1
0	1
0	1
0	1
0	0.0122324
0	0.00611621
0	1
0	1
0	0.0244648
0	0.0152905
0	0.0122324
0	0.00917431
0	0.00611621
0	0.00917431
0	1
0	0.0458716
0	0.00917431
0	1
0	1
0	1
0	0.00611621
0	0.0519878
0	1
0	0.00917431
0	1
0	1
0	0.0519878
0	0.0122324
0	0.0183486
0	0.0519878
0	1
0	1
0	0.0458716
0	0.0183486
0	1
0	1
0	0.0244648
0	1
0	1
0	1
0	0.00917431
0	0.00611621
0	1
0	1
0	0.0366972
0	1
0	1
0	0.0183486
0	0.00917431
0	0.00917431
0	0.00917431
0	0.0519878
0	0.030581
0	1
0	1
0	0.0244648
0	0.0122324
0	1
0	1
0	1
0	0.0122324
0	1
0	0.0122324
0	1
0	1
0	inf
0	0.0458716
0	1
0	1
0	1
0	0.030581
0	1
0	0.0244648
0	1
0	1
0	0.00611621
0	0.00917431
0	1
0	1
0	0.00611621
0	0.0122324
0	1
0	0.00917431
0	1
0	0.00917431
0	0.0183486
0	1
0	1
0	1
0	0.00917431
0	0.00917431
0	1
0	1
0	0.00917431
0	1
0	0.0122324
0	1
0	0.00917431
0	1
0	1
0	1
0	1
0	0.00917431
0	1
0	0.00611621
0	1
0	0.00611621
0	0.00611621
0	1
0	1
0	0.0122324
0	0.030581
0	1
0	1
0	1
0	1
0	1
0	1
0	0.0183486
0	0.00917431
0	1
0	0.00611621
0	1
0	1
0	0.00611621
0	1
0	1
0	0.0519878
0	0.0152905
0	0.030581
0	1
0	0.00917431
0	0.00917431
0	0.0122324
0	1
0	1
0	0.00611621
0	0.0122324
0	0.00611621
0	0.0519878
0	0.0152905
0	1
0	1
0	0.00917431
0	1
0	1
0	1
0	1
0	0.0183486
0	1
0	1
0	0.0458716
0	1
0	1
0	1
0	0.0458716
0	1
0	1
0	0.00611621
0	0.00917431
0	1
0	1
0	1
0	1
0	1
0	0.00611621
0	0.0366972
0	0.0183486
0	0.0122324
0	0.0519878
0	1
0	1
0	1
0	1
0	0.00611621
0	1
0	0.0152905
0	0.00611621
0	0.0366972
0	0.0122324
0	1
0	1
0	1
0	1
0	0.0489297
0	1
0	1
0	0.00611621
0	1
0	1
0	1
0	1
0	0.00917431
0	1
0	0.0122324
0	1
0	1
0	1
0	1
0	1
0	1
0	1
0	1
0	1
0	1
0	0.0275229
0	0.0122324
0	0.00917431
0	1
0	0.0122324
0	1
0	1
0	0.00611621
0	0.0275229
0	1
0	1
0	1
0	0.00917431
0	1
0	0.00611621
0	1
0	1
0	0.0152905
0	0.00917431
0	0.0152905
0	1
0	1
0	0.0366972
0	1
0	0.00917431
0	0.00611621
0	0.00917431
0	1
0	1
0	0.00611621
0	0.00917431
0	0.00917431
0	1
0	1
0	0.0122324
0	0.0489297
0	1
0	1
0	0.0183486
0	0.00917431
0	1
0	0.00611621
0	0.0122324
0	0.030581
0	1
0	1
0	1


