# Persistence diagram <GML/0034.gml>
#
# Dimension   : 0
# Entries     : 746
# Betti number: 6
0	inf
0	0.0419948
0	0.023622
0	1
0	1
0	0.0288714
0	0.0472441
0	0.023622
0	0.015748
0	0.0262467
0	0.0551181
0	0.0314961
0	inf
0	0.0314961
0	0.0131234
0	0.015748
0	0.0524934
0	1
0	0.0131234
0	0.0104987
0	0.00787402
0	1
0	0.023622
0	1
0	1
0	1
0	0.015748
0	1
0	0.0551181
0	1
0	1
0	0.0524934
0	0.0262467
0	0.0472441
0	1
0	0.023622
0	1
0	1
0	1
0	0.015748
0	0.015748
0	1
0	0.00787402
0	0.0209974
0	1
0	0.0551181
0	1
0	0.015748
0	0.0839895
0	inf
0	1
0	1
0	0.00787402
0	0.0131234
0	1
0	0.0367454
0	0.015748
0	1
0	0.0288714
0	1
0	1
0	1
0	0.0131234
0	0.015748
0	1
0	0.0288714
0	0.0288714
0	1
0	inf
0	0.015748
0	0.0419948
0	0.0131234
0	0.0288714
0	0.0131234
0	1
0	0.023622
0	0.0131234
0	0.0104987
0	0.0367454
0	1
0	1
0	1
0	1
0	1
0	0.0551181
0	0.0262467
0	0.0524934
0	0.0104987
0	1
0	1
0	1
0	0.0314961
0	1
0	0.0839895
0	1
0	0.0104987
0	1
0	0.015748
0	1
0	0.0367454
0	0.015748
0	0.0839895
0	1
0	0.0839895
0	0.0551181
0	1
0	1
0	1
0	1
0	0.015748
0	1
0	1
0	0.0839895
0	0.0524934
0	0.0209974
0	0.0104987
0	0.0314961
0	1
0	1
0	1
0	1
0	1
0	1
0	0.0183727
0	1
0	1
0	1
0	1
0	1
0	0.0209974
0	0.0131234
0	0.0131234
0	1
0	0.0524934
0	0.0288714
0	0.0209974
0	0.0551181
0	1
0	1
0	0.015748
0	0.0131234
0	1
0	1
0	1
0	1
0	0.015748
0	0.0209974
0	0.0524934
0	0.015748
0	1
0	1
0	1
0	1
0	0.0183727
0	1
0	0.015748
0	0.0131234
0	1
0	0.0131234
0	1
0	0.0131234
0	0.023622
0	1
0	0.0288714
0	0.0288714
0	0.00787402
0	1
0	0.0104987
0	1
0	1
0	0.0839895
0	0.0104987
0	0.015748
0	1
0	0.0104987
0	1
0	1
0	1
0	0.0839895
0	0.0839895
0	1
0	1
0	1
0	0.0131234
0	0.0419948
0	0.0288714
0	0.0131234
0	0.0131234
0	1
0	1
0	0.0314961
0	0.0472441
0	0.0104987
0	1
0	1
0	0.0551181
0	0.0472441
0	1
0	0.015748
0	0.0104987
0	1
0	0.0288714
0	0.0131234
0	0.00787402
0	0.0419948
0	0.0209974
0	1
0	1
0	1
0	0.0551181
0	0.0209974
0	1
0	0.023622
0	0.0209974
0	1
0	0.0419948
0	0.00524934
0	0.023622
0	0.0839895
0	0.00787402
0	0.00524934
0	1
0	0.0104987
0	0.00787402
0	0.0209974
0	1
0	1
0	0.0288714
0	0.0839895
0	0.0472441
0	1
0	0.0183727
0	0.0104987
0	0.0131234
0	1
0	0.0131234
0	1
0	1
0	0.00524934
0	0.0183727
0	1
0	1
0	1
0	0.0209974
0	0.0183727
0	1
0	1
0	1
0	0.0839895
0	1
0	0.015748
0	0.015748
0	0.00787402
0	1
0	1
0	1
0	0.00524934
0	1
0	0.015748
0	1
0	1
0	0.0131234
0	0.0104987
0	1
0	0.00787402
0	1
0	0.0104987
0	1
0	0.0472441
0	0.0419948
0	0.0104987
0	0.0209974
0	0.0472441
0	1
0	1
0	0.015748
0	inf
0	0.0288714
0	0.00524934
0	0.0104987
0	0.0551181
0	1
0	0.0104987
0	1
0	1
0	1
0	1
0	0.0104987
0	0.0183727
0	1
0	1
0	1
0	0.0314961
0	0.023622
0	1
0	0.0262467
0	1
0	0.0288714
0	0.0131234
0	1
0	1
0	0.0551181
0	0.0131234
0	1
0	1
0	1
0	0.0367454
0	0.00787402
0	0.0131234
0	0.0288714
0	1
0	1
0	0.00787402
0	0.015748
0	0.0131234
0	0.0524934
0	0.00787402
0	0.00524934
0	0.0104987
0	1
0	0.0551181
0	1
0	1
0	0.0367454
0	0.00787402
0	0.0839895
0	0.0104987
0	0.0131234
0	1
0	1
0	0.0839895
0	0.0839895
0	0.0104987
0	1
0	0.0314961
0	1
0	1
0	1
0	0.00787402
0	1
0	0.0104987
0	1
0	0.00524934
0	inf
0	0.0131234
0	1
0	0.00262467
0	0.00524934
0	0.00524934
0	0.015748
0	0.0419948
0	0.00787402
0	0.0131234
0	0.0472441
0	1
0	0.0131234
0	1
0	1
0	0.0183727
0	1
0	0.0839895
0	0.0288714
0	0.0262467
0	0.00787402
0	0.00787402
0	0.00524934
0	0.0131234
0	1
0	1
0	1
0	0.00524934
0	0.0104987
0	1
0	0.0524934
0	0.0262467
0	0.0131234
0	0.015748
0	1
0	0.0104987
0	0.0472441
0	0.0288714
0	0.0288714
0	0.00787402
0	0.0104987
0	1
0	0.0314961
0	0.0183727
0	0.0524934
0	1
0	1
0	0.0104987
0	0.0183727
0	0.00524934
0	0.0104987
0	1
0	1
0	0.0209974
0	0.0131234
0	0.0314961
0	0.0104987
0	1
0	0.023622
0	0.00787402
0	0.00524934
0	0.023622
0	1
0	0.0104987
0	0.00524934
0	1
0	0.0288714
0	0.00787402
0	1
0	1
0	0.0104987
0	1
0	1
0	1
0	1
0	0.0104987
0	0.0131234
0	0.0524934
0	0.00524934
0	0.0839895
0	0.0288714
0	0.0131234
0	0.0472441
0	0.023622
0	0.0367454
0	0.0131234
0	0.0131234
0	0.00524934
0	1
0	1
0	1
0	1
0	1
0	0.00262467
0	1
0	0.0288714
0	0.00787402
0	0.00524934
0	1
0	0.00787402
0	1
0	1
0	0.0209974
0	1
0	1
0	0.0131234
0	1
0	1
0	1
0	0.00787402
0	1
0	0.00787402
0	0.00787402
0	0.0104987
0	0.0288714
0	0.00787402
0	1
0	1
0	1
0	0.00787402
0	0.0288714
0	0.0104987
0	0.00787402
0	0.015748
0	1
0	0.023622
0	1
0	1
0	0.0288714
0	0.0472441
0	0.00524934
0	0.0183727
0	0.00524934
0	0.00524934
0	1
0	0.00787402
0	1
0	1
0	0.00787402
0	0.0839895
0	1
0	1
0	1
0	0.0551181
0	0.0104987
0	0.015748
0	0.0104987
0	0.00787402
0	1
0	0.0131234
0	1
0	1
0	1
0	0.0551181
0	0.0288714
0	1
0	1
0	1
0	0.00787402
0	0.0131234
0	0.00787402
0	1
0	1
0	0.0131234
0	0.0524934
0	0.0839895
0	1
0	0.00787402
0	0.0209974
0	0.0131234
0	1
0	1
0	0.0288714
0	0.0839895
0	0.0131234
0	0.0104987
0	0.00787402
0	1
0	1
0	1
0	0.0524934
0	1
0	1
0	0.0839895
0	0.0131234
0	0.00787402
0	0.0104987
0	1
0	0.0262467
0	0.00787402
0	0.00524934
0	0.00524934
0	0.015748
0	0.0839895
0	0.0104987
0	0.0104987
0	0.0839895
0	1
0	1
0	0.0551181
0	0.00524934
0	0.00787402
0	1
0	0.00787402
0	0.0131234
0	1
0	0.0839895
0	1
0	0.00787402
0	0.0419948
0	0.015748
0	1
0	1
0	0.0104987
0	0.00524934
0	1
0	1
0	1
0	0.0419948
0	1
0	0.00524934
0	0.0104987
0	1
0	1
0	0.0104987
0	1
0	1
0	0.00524934
0	1
0	1
0	1
0	1
0	1
0	1
0	1
0	0.00787402
0	1
0	1
0	0.00787402
0	0.015748
0	1
0	0.015748
0	0.0367454
0	1
0	1
0	0.0183727
0	1
0	0.0551181
0	0.00524934
0	0.00787402
0	1
0	0.00524934
0	0.0314961
0	1
0	1
0	0.00524934
0	1
0	1
0	0.0367454
0	0.0104987
0	1
0	0.0839895
0	0.00787402
0	0.0262467
0	1
0	0.0288714
0	0.0288714
0	0.0288714
0	1
0	1
0	0.0524934
0	0.00787402
0	1
0	1
0	1
0	0.0551181
0	0.0131234
0	0.0472441
0	0.00787402
0	1
0	1
0	0.0183727
0	0.0288714
0	1
0	0.0524934
0	1
0	1
0	1
0	0.0551181
0	0.0524934
0	1
0	0.0131234
0	0.00787402
0	0.00787402
0	0.00524934
0	0.00787402
0	1
0	1
0	0.0367454
0	0.00524934
0	0.0419948
0	1
0	1
0	1
0	1
0	0.0104987
0	0.0183727
0	1
0	1
0	0.00787402
0	1
0	1
0	1
0	0.00787402
0	0.0104987
0	1
0	1
0	1
0	0.00787402
0	1
0	0.0104987
0	1
0	1
0	1
0	1
0	0.00524934
0	0.0104987
0	0.00787402
0	1
0	0.023622
0	0.0104987
0	1
0	1
0	1
0	1
0	0.00524934
0	0.0551181
0	0.00524934
0	1
0	0.0131234
0	0.0839895
0	0.0104987
0	0.00262467
0	1
0	1
0	1
0	0.00524934
0	1
0	1
0	1
0	1
0	0.0209974
0	1
0	0.0104987
0	0.00524934
0	1
0	0.0839895
0	1
0	1
0	1
0	0.00787402
0	0.0314961
0	1
0	0.00787402
0	0.0104987
0	1
0	1
0	0.00524934
0	0.0104987
0	0.0104987
0	1
0	1
0	0.00524934
0	1
0	1
0	1
0	1
0	0.0104987
0	1
0	0.00787402
0	0.0104987
0	1
0	1
0	0.0288714
0	1
0	0.0104987
0	1
0	0.00524934
0	1
0	0.0131234
0	0.00524934
0	0.0104987
0	0.015748
0	1
0	1
0	1
0	0.0183727
0	0.00262467
0	1
0	1
0	0.00787402
0	0.0131234
0	0.00787402


