# Persistence diagram <GML/0039.gml>
#
# Dimension   : 0
# Entries     : 1164
# Betti number: 2
0	inf
0	1
0	1
0	1
0	0.0157978
0	0.0236967
0	inf
0	0.0537125
0	1
0	1
0	0.0126382
0	0.0331754
0	0.00947867
0	0.0173776
0	0.0110585
0	1
0	1
0	0.00947867
0	0.014218
0	1
0	0.0315956
0	1
0	1
0	1
0	0.014218
0	1
0	1
0	1
0	0.00947867
0	1
0	1
0	0.0110585
0	1
0	1
0	0.0173776
0	0.014218
0	1
0	1
0	0.0189573
0	1
0	0.0157978
0	0.0268562
0	0.0236967
0	1
0	1
0	1
0	0.0268562
0	0.0236967
0	1
0	0.0537125
0	0.0268562
0	0.0173776
0	0.0410742
0	0.0205371
0	1
0	0.00631912
0	1
0	0.00947867
0	0.0126382
0	0.0537125
0	0.0537125
0	0.0110585
0	1
0	0.0315956
0	0.0315956
0	1
0	0.0110585
0	1
0	0.00947867
0	1
0	1
0	0.00947867
0	1
0	0.0205371
0	1
0	0.00789889
0	0.0205371
0	0.0331754
0	0.0315956
0	1
0	1
0	1
0	0.0236967
0	0.0173776
0	0.0205371
0	0.0157978
0	0.00631912
0	1
0	1
0	0.00947867
0	0.0537125
0	1
0	1
0	1
0	1
0	0.0252765
0	1
0	0.0331754
0	1
0	1
0	0.014218
0	0.014218
0	1
0	1
0	1
0	1
0	1
0	1
0	1
0	1
0	0.0205371
0	0.0173776
0	1
0	1
0	1
0	0.00789889
0	1
0	0.0410742
0	1
0	0.00631912
0	1
0	0.00789889
0	1
0	0.0537125
0	1
0	0.0110585
0	1
0	0.0537125
0	1
0	0.00947867
0	1
0	0.00631912
0	0.00631912
0	0.00473934
0	0.00473934
0	0.0205371
0	0.00631912
0	1
0	1
0	1
0	0.00631912
0	1
0	1
0	1
0	0.0126382
0	0.0205371
0	1
0	1
0	1
0	0.00789889
0	0.00789889
0	1
0	0.0110585
0	1
0	0.0205371
0	0.00631912
0	1
0	0.0252765
0	1
0	1
0	0.00789889
0	1
0	0.014218
0	0.0331754
0	0.014218
0	1
0	0.00473934
0	1
0	0.0173776
0	0.00631912
0	1
0	1
0	1
0	0.0268562
0	0.0268562
0	1
0	0.00631912
0	0.0315956
0	1
0	1
0	0.00473934
0	1
0	0.00789889
0	1
0	0.00473934
0	0.0268562
0	1
0	0.0189573
0	1
0	0.00631912
0	0.00947867
0	0.014218
0	0.0126382
0	0.0331754
0	0.0110585
0	0.0110585
0	1
0	1
0	0.0458136
0	0.00947867
0	0.0236967
0	0.00473934
0	0.0157978
0	0.00473934
0	0.0110585
0	1
0	1
0	1
0	1
0	0.0331754
0	1
0	1
0	1
0	1
0	0.0205371
0	1
0	1
0	1
0	1
0	0.0236967
0	0.0315956
0	0.00789889
0	0.00789889
0	1
0	0.014218
0	1
0	1
0	1
0	0.0458136
0	1
0	1
0	0.0410742
0	1
0	1
0	1
0	1
0	1
0	0.0315956
0	0.014218
0	0.0157978
0	1
0	1
0	0.00947867
0	0.00631912
0	0.0110585
0	1
0	0.014218
0	1
0	0.014218
0	1
0	1
0	1
0	0.0331754
0	0.00473934
0	0.00789889
0	0.0189573
0	1
0	1
0	1
0	0.00631912
0	0.0331754
0	1
0	0.0189573
0	0.0252765
0	1
0	0.0458136
0	1
0	1
0	0.014218
0	1
0	0.00789889
0	0.0173776
0	1
0	1
0	1
0	1
0	0.0410742
0	1
0	1
0	1
0	0.0315956
0	0.00473934
0	0.014218
0	0.0537125
0	1
0	1
0	0.00789889
0	1
0	1
0	1
0	1
0	1
0	1
0	0.0252765
0	0.00789889
0	0.0236967
0	0.0331754
0	1
0	0.00315956
0	0.00315956
0	1
0	1
0	0.0268562
0	0.0110585
0	1
0	0.0236967
0	1
0	0.0537125
0	0.00473934
0	1
0	0.0315956
0	1
0	0.00947867
0	0.00631912
0	0.0331754
0	1
0	0.00315956
0	0.00789889
0	1
0	0.0189573
0	1
0	1
0	1
0	0.00789889
0	1
0	0.00947867
0	1
0	0.00473934
0	0.0537125
0	1
0	1
0	1
0	1
0	0.00631912
0	1
0	1
0	0.0236967
0	0.0315956
0	0.0157978
0	1
0	1
0	0.0315956
0	0.00473934
0	0.0110585
0	0.00473934
0	1
0	0.00789889
0	1
0	0.00473934
0	0.0331754
0	1
0	1
0	1
0	1
0	0.00315956
0	0.00631912
0	1
0	1
0	0.00315956
0	0.00631912
0	1
0	0.00947867
0	0.00947867
0	0.0537125
0	0.0173776
0	0.0331754
0	1
0	1
0	0.0110585
0	0.00947867
0	0.0268562
0	1
0	0.00789889
0	1
0	0.00315956
0	0.00473934
0	1
0	1
0	1
0	1
0	1
0	0.00315956
0	1
0	0.0110585
0	0.00473934
0	1
0	1
0	0.0458136
0	0.00315956
0	0.0537125
0	1
0	1
0	0.0110585
0	1
0	0.00631912
0	1
0	1
0	1
0	1
0	1
0	1
0	1
0	0.00315956
0	1
0	0.0331754
0	0.0173776
0	0.00631912
0	0.00789889
0	1
0	1
0	1
0	1
0	1
0	0.00473934
0	1
0	0.00473934
0	1
0	0.0315956
0	0.0315956
0	1
0	0.0537125
0	0.00315956
0	1
0	0.00315956
0	0.0331754
0	0.00315956
0	0.0110585
0	1
0	0.00631912
0	1
0	0.00473934
0	0.00315956
0	0.014218
0	1
0	1
0	0.00315956
0	0.0205371
0	0.0236967
0	0.0268562
0	0.00789889
0	0.0315956
0	1
0	1
0	1
0	1
0	1
0	0.00947867
0	0.00315956
0	0.0205371
0	0.00789889
0	0.00473934
0	1
0	1
0	1
0	0.0110585
0	1
0	1
0	0.00947867
0	1
0	1
0	0.014218
0	0.0205371
0	1
0	0.00473934
0	0.00789889
0	0.00315956
0	0.00789889
0	0.00789889
0	0.0205371
0	0.0110585
0	1
0	0.00315956
0	1
0	1
0	0.00473934
0	0.0410742
0	0.0189573
0	1
0	1
0	0.00789889
0	1
0	0.0110585
0	1
0	0.00631912
0	0.00631912
0	0.00631912
0	1
0	1
0	0.00473934
0	1
0	0.00631912
0	0.014218
0	1
0	0.0110585
0	1
0	1
0	0.00789889
0	1
0	1
0	1
0	0.0331754
0	1
0	0.00315956
0	1
0	0.0331754
0	0.014218
0	0.0236967
0	0.014218
0	1
0	0.0458136
0	0.00631912
0	1
0	1
0	0.00315956
0	0.00789889
0	0.0236967
0	1
0	0.00631912
0	0.0110585
0	1
0	0.00631912
0	0.0110585
0	1
0	0.00315956
0	0.0537125
0	0.0126382
0	1
0	0.00473934
0	1
0	1
0	0.00473934
0	0.00315956
0	1
0	1
0	1
0	0.00789889
0	1
0	0.00789889
0	0.00315956
0	0.00789889
0	1
0	1
0	1
0	0.0458136
0	1
0	0.00473934
0	0.00947867
0	0.0315956
0	0.0205371
0	0.0458136
0	0.00789889
0	1
0	0.0458136
0	1
0	0.00947867
0	0.0315956
0	0.00631912
0	0.0189573
0	0.0236967
0	1
0	1
0	1
0	1
0	1
0	0.00473934
0	1
0	0.00315956
0	0.00789889
0	0.0205371
0	0.014218
0	0.00789889
0	1
0	0.0173776
0	1
0	0.0410742
0	1
0	0.0110585
0	0.00473934
0	1
0	0.00789889
0	0.00315956
0	0.00473934
0	0.0537125
0	1
0	1
0	1
0	1
0	0.0410742
0	1
0	1
0	1
0	1
0	0.00631912
0	0.0110585
0	1
0	1
0	0.014218
0	1
0	1
0	0.0268562
0	1
0	0.00947867
0	0.0205371
0	0.014218
0	0.00631912
0	0.0110585
0	1
0	0.00789889
0	0.0110585
0	1
0	1
0	1
0	1
0	0.0410742
0	1
0	0.00789889
0	1
0	1
0	0.0331754
0	1
0	1
0	0.00631912
0	0.00789889
0	1
0	1
0	0.00631912
0	1
0	1
0	0.00947867
0	0.00789889
0	1
0	1
0	1
0	0.0110585
0	1
0	1
0	0.00473934
0	0.014218
0	1
0	1
0	1
0	0.00789889
0	0.0458136
0	0.00789889
0	0.00789889
0	0.00315956
0	0.0205371
0	0.00631912
0	0.0126382
0	1
0	1
0	0.0236967
0	1
0	0.00315956
0	1
0	1
0	1
0	1
0	0.00315956
0	0.0410742
0	0.0110585
0	0.00473934
0	0.00473934
0	0.00473934
0	0.0126382
0	0.00473934
0	0.00473934
0	0.00947867
0	0.00789889
0	1
0	1
0	0.0110585
0	0.00473934
0	0.0173776
0	1
0	1
0	0.00789889
0	1
0	1
0	0.0410742
0	0.00473934
0	1
0	0.0110585
0	0.00315956
0	1
0	0.0236967
0	1
0	1
0	0.00947867
0	0.00789889
0	1
0	1
0	0.0410742
0	0.0252765
0	1
0	1
0	1
0	1
0	0.00473934
0	0.014218
0	1
0	1
0	0.00947867
0	0.00631912
0	0.00473934
0	1
0	0.00631912
0	1
0	0.00631912
0	0.0110585
0	1
0	1
0	0.00473934
0	0.0458136
0	0.00947867
0	0.00789889
0	0.00631912
0	1
0	0.00473934
0	0.00473934
0	0.00631912
0	0.0110585
0	0.00631912
0	0.0236967
0	0.0315956
0	0.0315956
0	1
0	0.00631912
0	0.0458136
0	0.00789889
0	1
0	1
0	0.00473934
0	1
0	1
0	1
0	0.00473934
0	0.00473934
0	1
0	0.00473934
0	0.0331754
0	0.014218
0	1
0	0.00947867
0	0.0205371
0	0.0458136
0	1
0	0.00473934
0	0.00315956
0	0.00631912
0	1
0	1
0	0.00473934
0	1
0	1
0	1
0	0.00315956
0	0.00631912
0	1
0	0.00947867
0	0.00473934
0	0.00315956
0	1
0	1
0	0.00315956
0	1
0	1
0	0.014218
0	1
0	0.00315956
0	0.0110585
0	0.0173776
0	0.0252765
0	0.0205371
0	0.00473934
0	0.00315956
0	1
0	0.0458136
0	1
0	1
0	1
0	1
0	0.00473934
0	1
0	1
0	1
0	0.00631912
0	1
0	1
0	0.014218
0	0.00315956
0	0.00473934
0	0.0331754
0	0.00473934
0	0.00947867
0	0.00789889
0	0.00631912
0	1
0	0.0173776
0	0.00315956
0	1
0	1
0	0.00789889
0	0.00473934
0	1
0	1
0	0.00473934
0	1
0	1
0	1
0	0.00473934
0	1
0	0.00789889
0	0.00631912
0	0.00315956
0	1
0	1
0	1
0	0.00473934
0	1
0	0.00315956
0	1
0	1
0	1
0	1
0	0.00315956
0	1
0	1
0	1
0	0.014218
0	0.0331754
0	1
0	1
0	0.0268562
0	1
0	0.00789889
0	1
0	1
0	0.00473934
0	1
0	0.00315956
0	1
0	0.0537125
0	1
0	1
0	0.00631912
0	1
0	0.0315956
0	0.00631912
0	1
0	1
0	1
0	0.00947867
0	0.00315956
0	0.00315956
0	0.00315956
0	1
0	1
0	0.0189573
0	1
0	1
0	0.0205371
0	1
0	0.0315956
0	0.00315956
0	1
0	0.0236967
0	0.0236967
0	1
0	1
0	1
0	0.00789889
0	0.0331754
0	0.0410742
0	0.0315956
0	1
0	0.00947867
0	1
0	0.00947867
0	1
0	1
0	1
0	1
0	1
0	1
0	1
0	0.00789889
0	0.0268562
0	1
0	1
0	0.00315956
0	0.0458136
0	0.0458136
0	1
0	1
0	0.00789889
0	0.00789889
0	0.0315956
0	0.00473934
0	1
0	1
0	1
0	0.00631912
0	0.0268562
0	0.00473934
0	1
0	0.0331754
0	0.0110585
0	0.0205371
0	1
0	1
0	1
0	1
0	1
0	1
0	0.00473934
0	0.00789889
0	0.0315956
0	1
0	1
0	1
0	0.014218
0	1
0	1
0	0.00631912
0	0.00315956
0	0.00631912
0	0.0331754
0	0.00473934
0	0.0110585
0	0.0458136
0	0.0458136
0	0.0205371
0	1
0	1
0	0.0173776
0	1
0	0.00947867
0	0.00631912
0	0.00947867
0	0.0252765
0	1
0	0.00631912
0	1
0	0.00789889
0	0.00473934
0	1
0	0.00315956
0	1
0	0.00631912
0	0.0410742
0	0.00315956
0	0.00473934
0	1
0	1
0	1
0	1
0	1
0	1
0	0.00789889
0	1
0	0.00315956
0	0.00315956
0	0.00473934
0	0.00789889
0	0.0410742
0	0.0205371
0	0.00789889
0	1
0	0.00315956
0	1
0	1
0	1
0	1
0	0.0331754
0	1
0	0.0537125
0	0.00789889
0	1
0	0.0268562
0	1
0	1
0	1
0	1
0	1
0	1
0	0.00315956
0	1
0	0.0173776
0	1
0	0.0537125
0	0.00631912
0	1
0	1
0	0.0205371
0	1
0	0.00631912
0	0.00473934
0	0.0252765
0	1
0	0.0236967
0	1
0	1
0	0.0110585
0	0.00789889
0	1
0	0.00473934
0	0.0252765
0	1
0	0.014218
0	0.0205371
0	0.00315956
0	1
0	1
0	0.0236967
0	0.0410742
0	0.0458136
0	0.00473934
0	0.00473934
0	1
0	0.00789889
0	1
0	1
0	1
0	0.00315956
0	0.00315956
0	1
0	1
0	1
0	0.0173776
0	0.00947867
0	0.00315956
0	0.00315956
0	1
0	0.00789889
0	0.00473934
0	1
0	1
0	1
0	0.00315956
0	0.0458136
0	0.00473934
0	0.0331754
0	0.0315956
0	0.00473934
0	0.00473934
0	0.00631912
0	1
0	0.0173776
0	0.0205371
0	1
0	1
0	0.0315956
0	0.00631912
0	0.014218
0	1
0	0.0110585
0	0.00315956
0	1
0	0.00631912
0	1
0	0.0236967
0	0.014218
0	0.00473934
0	1
0	1
0	0.00315956
0	0.0268562
0	0.014218
0	1
0	0.0315956
0	0.0205371
0	0.0110585
0	0.0458136
0	0.00473934
0	0.00315956
0	1
0	1
0	0.00947867
0	0.00315956
0	0.00789889
0	0.00473934
0	1
0	0.0537125
0	1
0	0.00789889
0	0.00947867
0	0.00789889
0	0.0126382
0	0.0268562
0	1
0	1
0	1
0	1
0	1
0	0.0458136
0	1
0	1
0	0.0331754
0	0.0410742
0	0.00473934
0	0.00947867
0	1
0	1
0	1
0	0.00789889
0	1
0	1
0	0.00315956
0	0.0315956
0	0.00473934
0	1
0	1
0	0.0252765
0	1
0	1
0	0.0205371
0	0.00315956
0	0.014218
0	1
0	1
0	1
0	1
0	0.00473934
0	0.0268562
0	0.00631912
0	0.0315956
0	0.00631912
0	1
0	0.00315956
0	1
0	0.0236967
0	1
0	0.00947867
0	0.014218
0	1
0	1
0	1
0	0.00473934
0	0.0126382
0	0.00473934
0	0.00473934
0	1
0	1
0	1
0	1
0	1
0	1
0	1
0	1
0	1
0	1
0	0.0110585
0	1
0	0.0205371
0	0.00315956
0	0.0537125
0	0.00315956
0	0.00315956
0	1
0	1
0	0.014218
0	1
0	0.00315956


