# Persistence diagram <GML/0041.gml>
#
# Dimension   : 0
# Entries     : 366
# Betti number: 2
0	inf
0	0.0977011
0	1
0	0.0344828
0	1
0	0.0574713
0	0.0517241
0	0.091954
0	0.0344828
0	1
0	0.045977
0	1
0	1
0	0.0977011
0	1
0	1
0	0.091954
0	0.0287356
0	0.0862069
0	1
0	1
0	1
0	1
0	0.0517241
0	1
0	1
0	0.0287356
0	0.0517241
0	0.0517241
0	0.0344828
0	1
0	0.0977011
0	0.0287356
0	0.0344828
0	0.0517241
0	0.143678
0	0.0689655
0	0.0344828
0	0.0287356
0	0.143678
0	1
0	1
0	0.0574713
0	1
0	0.0287356
0	0.0517241
0	1
0	1
0	0.091954
0	1
0	1
0	0.0977011
0	0.0862069
0	0.143678
0	0.0517241
0	0.0229885
0	0.0172414
0	0.0689655
0	1
0	0.0574713
0	0.143678
0	0.0287356
0	0.045977
0	0.0287356
0	0.0287356
0	0.0287356
0	0.0172414
0	0.0517241
0	0.0287356
0	0.143678
0	0.0287356
0	inf
0	1
0	0.0287356
0	0.0229885
0	1
0	0.045977
0	1
0	0.045977
0	0.0172414
0	1
0	0.0287356
0	1
0	1
0	0.143678
0	0.0287356
0	1
0	0.0114943
0	1
0	0.0344828
0	1
0	1
0	0.0287356
0	1
0	0.0344828
0	0.0229885
0	0.0229885
0	0.091954
0	0.0287356
0	1
0	0.143678
0	0.091954
0	0.0344828
0	0.0574713
0	0.0344828
0	0.0114943
0	0.091954
0	0.0229885
0	1
0	0.0517241
0	0.091954
0	1
0	0.0287356
0	0.0172414
0	0.091954
0	1
0	0.0517241
0	0.0344828
0	1
0	0.0229885
0	0.0229885
0	0.0172414
0	0.0172414
0	1
0	0.0517241
0	0.0287356
0	0.0287356
0	0.0172414
0	0.0517241
0	0.0517241
0	1
0	0.0172414
0	0.0517241
0	0.0287356
0	0.0517241
0	0.0287356
0	1
0	0.0172414
0	1
0	1
0	0.0344828
0	0.0114943
0	0.0517241
0	1
0	0.0172414
0	0.0172414
0	1
0	0.0862069
0	0.0517241
0	0.0172414
0	0.0344828
0	0.0977011
0	1
0	1
0	0.091954
0	0.0229885
0	0.0172414
0	0.0229885
0	0.0344828
0	1
0	1
0	0.0172414
0	1
0	1
0	1
0	0.0172414
0	0.0977011
0	1
0	0.0287356
0	0.0344828
0	0.0229885
0	1
0	0.0344828
0	0.0114943
0	0.0172414
0	1
0	0.091954
0	0.0172414
0	0.0689655
0	0.0402299
0	0.143678
0	1
0	0.0344828
0	1
0	0.0344828
0	1
0	0.0287356
0	0.0114943
0	0.0287356
0	0.0114943
0	0.0172414
0	0.0344828
0	0.0977011
0	0.0344828
0	1
0	1
0	0.0287356
0	1
0	0.0344828
0	1
0	0.0517241
0	0.0689655
0	0.0172414
0	0.0172414
0	0.0172414
0	0.0229885
0	0.0114943
0	1
0	0.0172414
0	1
0	1
0	0.045977
0	0.0229885
0	1
0	0.0862069
0	0.0287356
0	1
0	1
0	0.0287356
0	0.0287356
0	1
0	1
0	1
0	0.0287356
0	0.0402299
0	0.0287356
0	0.0344828
0	0.0114943
0	0.0574713
0	1
0	0.0229885
0	1
0	1
0	0.0287356
0	1
0	0.0114943
0	1
0	1
0	1
0	0.0344828
0	0.0344828
0	1
0	0.0977011
0	0.0172414
0	1
0	1
0	1
0	0.0402299
0	0.091954
0	0.0172414
0	0.0574713
0	1
0	0.0287356
0	0.0689655
0	1
0	1
0	0.0172414
0	0.0517241
0	0.0114943
0	1
0	1
0	1
0	1
0	1
0	1
0	0.0172414
0	0.0172414
0	0.091954
0	1
0	0.0287356
0	0.0402299
0	0.0862069
0	1
0	0.0344828
0	0.0862069
0	1
0	0.091954
0	0.0114943
0	1
0	0.0287356
0	0.143678
0	1
0	0.0229885
0	0.0114943
0	0.0114943
0	1
0	0.0229885
0	0.0172414
0	1
0	0.0172414
0	1
0	0.0172414
0	1
0	0.0287356
0	1
0	0.0344828
0	1
0	0.0402299
0	0.0287356
0	0.0114943
0	1
0	0.0172414
0	0.0287356
0	0.0114943
0	1
0	0.0229885
0	1
0	0.0229885
0	0.0114943
0	0.0229885
0	0.0114943
0	0.0114943
0	1
0	0.0229885
0	0.0517241
0	0.0229885
0	0.0287356
0	0.0114943
0	0.0862069
0	0.0114943
0	0.143678
0	0.143678
0	1
0	0.0229885
0	0.0172414
0	0.0114943
0	0.0977011
0	0.0114943
0	1
0	0.0114943
0	0.0229885
0	0.0229885
0	0.0114943
0	0.0517241
0	0.0517241
0	1
0	1
0	1
0	1
0	0.0287356
0	0.0229885
0	0.0229885
0	0.0172414
0	1
0	1
0	1
0	1
0	0.0344828
0	0.0287356
0	1
0	1
0	0.0977011
0	1
0	0.0229885
0	0.0172414
0	0.0344828
0	1
0	1
0	0.0172414
0	0.0402299
0	0.0172414
0	0.0344828
0	0.0344828
0	0.0229885
0	0.0517241
0	0.0862069


