# Persistence diagram <GML/0042.gml>
#
# Dimension   : 0
# Entries     : 159
# Betti number: 3
0	inf
0	1
0	1
0	1
0	1
0	0.169811
0	1
0	0.132075
0	0.0566038
0	0.132075
0	1
0	0.0943396
0	0.113208
0	0.113208
0	1
0	0.0943396
0	0.0943396
0	1
0	1
0	0.132075
0	0.132075
0	1
0	0.0943396
0	0.0943396
0	0.0943396
0	0.0943396
0	0.0377358
0	1
0	0.132075
0	0.0566038
0	0.0754717
0	0.113208
0	0.132075
0	0.169811
0	inf
0	0.132075
0	0.0566038
0	1
0	0.0566038
0	1
0	1
0	1
0	0.132075
0	1
0	1
0	0.0566038
0	0.0377358
0	1
0	0.132075
0	0.150943
0	0.113208
0	0.0943396
0	0.0566038
0	0.0943396
0	0.0377358
0	1
0	0.0943396
0	0.0754717
0	0.0943396
0	1
0	0.150943
0	1
0	0.0566038
0	1
0	0.169811
0	0.0943396
0	1
0	1
0	0.0377358
0	0.150943
0	1
0	1
0	0.0377358
0	0.0566038
0	0.150943
0	0.0566038
0	1
0	inf
0	1
0	1
0	0.0943396
0	0.0943396
0	0.0377358
0	0.0377358
0	0.0943396
0	1
0	0.0377358
0	1
0	0.0943396
0	1
0	0.0377358
0	0.150943
0	0.0377358
0	0.0566038
0	0.0377358
0	0.0943396
0	0.0377358
0	0.0943396
0	0.0943396
0	0.132075
0	0.0566038
0	0.0566038
0	0.0377358
0	0.0943396
0	0.0566038
0	0.0377358
0	0.0566038
0	0.0566038
0	0.132075
0	0.0754717
0	1
0	0.132075
0	0.0943396
0	0.113208
0	0.0377358
0	0.0377358
0	0.0566038
0	0.0943396
0	1
0	0.0754717
0	0.0566038
0	0.0377358
0	0.0377358
0	0.113208
0	0.0188679
0	1
0	0.0377358
0	1
0	0.0943396
0	0.0377358
0	0.0377358
0	0.0566038
0	0.0754717
0	0.0377358
0	0.0377358
0	0.0566038
0	0.132075
0	1
0	1
0	0.113208
0	1
0	0.113208
0	0.132075
0	0.0566038
0	0.169811
0	0.0566038
0	1
0	1
0	0.132075
0	0.0566038
0	1
0	0.0754717
0	0.0943396
0	0.0566038
0	1
0	1
0	0.132075
0	0.0566038
0	1


