# Persistence diagram <GML/0043.gml>
#
# Dimension   : 0
# Entries     : 378
# Betti number: 3
0	inf
0	0.0985915
0	0.0352113
0	0.0633803
0	1
0	0.0704225
0	0.0352113
0	1
0	0.0352113
0	0.0352113
0	0.0704225
0	0.0352113
0	0.0352113
0	0.0774648
0	0.056338
0	0.0352113
0	0.0704225
0	0.0492958
0	0.0352113
0	0.0352113
0	0.0211268
0	1
0	0.028169
0	0.0704225
0	inf
0	0.0352113
0	0.0352113
0	0.0352113
0	0.147887
0	1
0	0.0352113
0	0.0915493
0	0.147887
0	1
0	0.0915493
0	0.0352113
0	1
0	1
0	0.0492958
0	0.0422535
0	0.084507
0	0.0422535
0	0.0633803
0	1
0	1
0	1
0	0.056338
0	0.028169
0	1
0	1
0	0.147887
0	0.084507
0	0.0140845
0	0.028169
0	1
0	0.0211268
0	1
0	1
0	0.0422535
0	0.028169
0	0.0633803
0	1
0	0.0352113
0	1
0	0.0704225
0	0.0211268
0	0.084507
0	0.0633803
0	0.028169
0	0.028169
0	0.056338
0	0.0140845
0	0.147887
0	0.0352113
0	0.147887
0	0.0140845
0	1
0	1
0	0.0352113
0	0.0633803
0	0.0352113
0	0.147887
0	1
0	0.084507
0	0.0211268
0	0.028169
0	0.0985915
0	0.056338
0	0.0704225
0	1
0	0.0211268
0	1
0	0.147887
0	0.0704225
0	1
0	0.0422535
0	1
0	0.0352113
0	1
0	0.028169
0	0.0422535
0	0.0352113
0	0.0352113
0	0.147887
0	0.0352113
0	1
0	0.028169
0	0.0633803
0	1
0	0.0704225
0	0.0211268
0	0.056338
0	1
0	0.0704225
0	0.028169
0	0.0352113
0	0.028169
0	0.0633803
0	0.0985915
0	1
0	1
0	0.0211268
0	0.0140845
0	1
0	inf
0	1
0	0.0352113
0	0.0633803
0	0.0915493
0	1
0	0.0211268
0	0.0492958
0	0.0352113
0	0.028169
0	0.0352113
0	1
0	0.0140845
0	1
0	0.056338
0	0.0774648
0	0.0211268
0	1
0	0.028169
0	1
0	1
0	0.0352113
0	0.0140845
0	0.0211268
0	0.0774648
0	0.0352113
0	0.0211268
0	0.0492958
0	0.028169
0	0.0140845
0	0.0352113
0	0.028169
0	0.0352113
0	0.0352113
0	0.0352113
0	0.0140845
0	1
0	0.0140845
0	0.028169
0	0.0211268
0	0.0633803
0	0.147887
0	0.056338
0	0.0140845
0	0.0352113
0	0.0211268
0	0.147887
0	0.0211268
0	0.0140845
0	0.0140845
0	1
0	0.0352113
0	0.0352113
0	0.0352113
0	0.0211268
0	0.0352113
0	0.147887
0	0.0422535
0	0.0352113
0	0.0352113
0	0.0985915
0	0.0211268
0	0.028169
0	0.028169
0	0.0211268
0	0.0633803
0	0.0774648
0	0.147887
0	0.0140845
0	0.0211268
0	1
0	0.0985915
0	0.0633803
0	1
0	0.0352113
0	0.056338
0	0.0211268
0	1
0	0.0352113
0	1
0	0.0985915
0	1
0	0.0211268
0	0.147887
0	1
0	1
0	0.028169
0	1
0	1
0	0.0140845
0	0.028169
0	0.028169
0	0.028169
0	0.0633803
0	0.0211268
0	0.0704225
0	1
0	0.028169
0	1
0	1
0	1
0	0.028169
0	0.0140845
0	1
0	0.0140845
0	0.147887
0	0.028169
0	1
0	0.0211268
0	0.147887
0	0.0140845
0	1
0	0.147887
0	0.028169
0	1
0	0.028169
0	0.056338
0	1
0	0.028169
0	0.0211268
0	0.0492958
0	0.0352113
0	0.0633803
0	0.0211268
0	0.0211268
0	1
0	0.147887
0	0.147887
0	0.028169
0	1
0	1
0	0.0352113
0	0.0352113
0	0.0211268
0	0.0211268
0	1
0	0.147887
0	0.0211268
0	0.0211268
0	0.028169
0	0.0352113
0	0.0915493
0	0.056338
0	0.0140845
0	0.0211268
0	1
0	0.0352113
0	0.0211268
0	0.0211268
0	0.028169
0	0.0704225
0	0.028169
0	0.0211268
0	0.0211268
0	1
0	0.0774648
0	1
0	0.0633803
0	0.0352113
0	0.0140845
0	0.0140845
0	0.0140845
0	0.0633803
0	0.028169
0	1
0	1
0	0.084507
0	0.0211268
0	1
0	0.028169
0	0.0140845
0	0.0140845
0	1
0	1
0	0.0140845
0	0.0704225
0	1
0	1
0	0.0704225
0	0.0140845
0	0.0211268
0	0.0140845
0	1
0	0.0352113
0	0.0352113
0	1
0	1
0	0.0140845
0	1
0	0.0211268
0	0.0140845
0	0.0633803
0	0.028169
0	0.028169
0	0.0352113
0	0.0211268
0	1
0	0.147887
0	0.0704225
0	1
0	1
0	0.0704225
0	1
0	0.0140845
0	0.147887
0	0.0352113
0	1
0	0.0140845
0	0.028169
0	0.00704225
0	0.056338
0	1
0	0.0633803
0	0.0140845
0	0.0633803
0	0.0985915
0	0.0352113
0	0.0985915
0	1
0	0.0211268
0	0.0352113
0	1
0	0.147887
0	1
0	0.0774648
0	1
0	0.084507
0	0.084507
0	1
0	1
0	0.147887
0	0.028169
0	1
0	0.147887
0	0.0352113
0	0.0633803
0	1
0	1
0	0.0704225
0	1
0	0.0140845
0	1
0	0.0140845
0	0.0211268
0	0.0140845
0	0.0422535
0	0.0352113
0	1
0	0.028169
0	0.0211268
0	0.147887
0	1
0	0.056338
0	0.0211268


