# Persistence diagram <GML/0046.gml>
#
# Dimension   : 0
# Entries     : 355
# Betti number: 8
0	inf
0	0.0957447
0	1
0	0.0957447
0	0.0265957
0	0.143617
0	0.143617
0	1
0	0.0478723
0	0.143617
0	1
0	0.037234
0	1
0	1
0	0.0319149
0	0.143617
0	0.0957447
0	0.0265957
0	1
0	1
0	1
0	1
0	1
0	inf
0	1
0	0.037234
0	1
0	0.0265957
0	0.0425532
0	1
0	inf
0	1
0	1
0	0.0531915
0	1
0	1
0	0.0212766
0	1
0	1
0	1
0	1
0	0.143617
0	1
0	1
0	1
0	1
0	1
0	0.0425532
0	0.0425532
0	1
0	0.0531915
0	1
0	0.143617
0	0.0957447
0	0.143617
0	1
0	1
0	0.037234
0	1
0	0.037234
0	1
0	0.0159574
0	1
0	1
0	1
0	0.0106383
0	0.0531915
0	0.0265957
0	0.0159574
0	0.0531915
0	0.0159574
0	1
0	0.0106383
0	1
0	0.0106383
0	1
0	1
0	0.0957447
0	1
0	0.0212766
0	1
0	inf
0	0.0957447
0	0.143617
0	0.0425532
0	0.0106383
0	0.0212766
0	0.143617
0	0.0212766
0	0.037234
0	0.0106383
0	0.0106383
0	1
0	0.037234
0	1
0	1
0	0.037234
0	0.037234
0	1
0	inf
0	0.0106383
0	1
0	1
0	inf
0	0.0957447
0	0.143617
0	0.0265957
0	0.0106383
0	0.0319149
0	1
0	1
0	0.0265957
0	0.0159574
0	1
0	0.0425532
0	0.0159574
0	inf
0	0.0265957
0	0.0159574
0	0.0159574
0	0.0159574
0	0.0265957
0	0.0106383
0	0.0265957
0	0.0265957
0	0.037234
0	0.0425532
0	0.0159574
0	0.0957447
0	0.0106383
0	1
0	0.0212766
0	0.037234
0	0.0159574
0	0.0957447
0	1
0	0.0957447
0	1
0	0.0159574
0	0.00531915
0	1
0	1
0	1
0	0.143617
0	1
0	1
0	0.0106383
0	0.0159574
0	1
0	0.0159574
0	0.037234
0	1
0	1
0	0.037234
0	1
0	0.0957447
0	1
0	1
0	0.0106383
0	1
0	0.037234
0	0.0159574
0	1
0	0.0212766
0	1
0	0.0478723
0	1
0	0.143617
0	0.0265957
0	0.00531915
0	1
0	0.0159574
0	1
0	0.0478723
0	0.0478723
0	0.0106383
0	1
0	1
0	0.0159574
0	1
0	1
0	1
0	0.0106383
0	0.0106383
0	0.037234
0	0.0106383
0	0.0265957
0	0.0159574
0	0.0265957
0	0.0319149
0	1
0	1
0	1
0	1
0	1
0	0.0425532
0	0.0159574
0	1
0	0.0425532
0	0.0531915
0	0.143617
0	1
0	0.0957447
0	0.0159574
0	0.037234
0	0.143617
0	1
0	0.0212766
0	0.0106383
0	0.0106383
0	1
0	0.143617
0	0.0159574
0	0.0425532
0	1
0	0.0159574
0	0.143617
0	0.0159574
0	0.0106383
0	1
0	0.0265957
0	1
0	0.143617
0	0.0212766
0	0.037234
0	0.0212766
0	0.0425532
0	0.0106383
0	1
0	1
0	0.0212766
0	1
0	1
0	0.037234
0	1
0	1
0	0.0265957
0	1
0	0.0425532
0	1
0	1
0	1
0	0.0319149
0	1
0	0.0478723
0	0.00531915
0	0.0106383
0	0.0212766
0	1
0	0.0159574
0	0.143617
0	0.037234
0	1
0	0.0159574
0	0.0159574
0	0.0957447
0	0.0478723
0	inf
0	0.0159574
0	0.0957447
0	0.0265957
0	1
0	0.0106383
0	1
0	0.0106383
0	1
0	1
0	1
0	1
0	1
0	1
0	1
0	0.037234
0	0.037234
0	0.0319149
0	0.0159574
0	1
0	1
0	0.0159574
0	1
0	1
0	1
0	0.0265957
0	0.0159574
0	0.0159574
0	0.0159574
0	1
0	0.037234
0	0.0106383
0	0.0159574
0	0.0106383
0	1
0	0.0425532
0	1
0	0.0106383
0	0.0212766
0	0.0957447
0	1
0	1
0	0.0531915
0	1
0	0.0212766
0	0.143617
0	1
0	0.0265957
0	0.0106383
0	0.0159574
0	0.0478723
0	1
0	1
0	0.0265957
0	1
0	1
0	0.0319149
0	0.0106383
0	0.0106383
0	0.0265957
0	0.0159574
0	0.0159574
0	0.0106383
0	1
0	1
0	0.143617
0	1
0	1
0	0.0106383
0	0.0265957
0	0.0106383
0	0.0106383
0	1
0	0.0106383
0	1
0	0.0212766
0	0.0106383
0	0.037234
0	0.0106383
0	1
0	1
0	1
0	0.0957447
0	0.143617
0	1
0	0.0106383
0	1
0	1
0	0.00531915
0	1
0	0.0106383
0	0.0106383
0	0.0159574
0	0.00531915
0	0.0106383
0	1
0	1
0	1


