# Persistence diagram <GML/0056.gml>
#
# Dimension   : 0
# Entries     : 329
# Betti number: 4
0	inf
0	0.0747126
0	1
0	1
0	1
0	0.0747126
0	0.0574713
0	1
0	1
0	0.0862069
0	0.0862069
0	1
0	1
0	1
0	1
0	0.0747126
0	inf
0	0.045977
0	0.0344828
0	0.0632184
0	0.0632184
0	0.0344828
0	1
0	0.0747126
0	1
0	0.0287356
0	0.0747126
0	0.0344828
0	1
0	1
0	1
0	1
0	0.0632184
0	0.0632184
0	0.0287356
0	0.0229885
0	0.0344828
0	1
0	0.0172414
0	1
0	0.0632184
0	1
0	0.0574713
0	1
0	0.0632184
0	0.0287356
0	0.0632184
0	1
0	0.0574713
0	0.0114943
0	0.0632184
0	0.0632184
0	0.0229885
0	1
0	1
0	0.0287356
0	0.0747126
0	1
0	1
0	1
0	1
0	0.0632184
0	0.0114943
0	0.0632184
0	1
0	0.0632184
0	1
0	0.0632184
0	1
0	1
0	1
0	1
0	0.0287356
0	1
0	0.0172414
0	0.0287356
0	0.0747126
0	0.0344828
0	1
0	1
0	1
0	0.0287356
0	0.0862069
0	0.0229885
0	inf
0	0.0344828
0	0.0229885
0	0.0172414
0	1
0	0.045977
0	0.0114943
0	0.0172414
0	1
0	0.0229885
0	0.0229885
0	1
0	0.0862069
0	0.0114943
0	1
0	0.045977
0	1
0	1
0	0.0114943
0	1
0	0.0229885
0	1
0	1
0	1
0	1
0	0.045977
0	0.0287356
0	0.0287356
0	0.0632184
0	1
0	0.0114943
0	0.0632184
0	0.0287356
0	1
0	1
0	1
0	0.0114943
0	1
0	0.0114943
0	0.0747126
0	0.0574713
0	1
0	0.045977
0	0.0747126
0	0.0287356
0	1
0	1
0	0.0229885
0	0.0172414
0	0.0287356
0	0.0114943
0	0.0574713
0	1
0	0.0344828
0	0.0574713
0	0.0229885
0	0.0287356
0	0.0632184
0	1
0	0.0344828
0	1
0	0.0344828
0	1
0	1
0	0.0632184
0	0.0632184
0	0.0747126
0	1
0	1
0	1
0	0.0229885
0	1
0	0.0632184
0	0.0114943
0	1
0	0.0172414
0	0.0287356
0	0.0747126
0	1
0	0.0632184
0	0.0172414
0	1
0	0.0632184
0	0.0344828
0	1
0	1
0	0.0862069
0	0.0172414
0	1
0	1
0	1
0	0.0862069
0	0.0114943
0	0.0287356
0	1
0	1
0	0.0287356
0	0.0632184
0	1
0	0.0747126
0	0.0114943
0	0.0114943
0	0.0114943
0	0.0229885
0	1
0	1
0	1
0	0.0172414
0	1
0	1
0	0.0229885
0	0.0172414
0	1
0	0.0862069
0	0.0747126
0	1
0	0.0287356
0	1
0	1
0	1
0	1
0	1
0	0.0747126
0	0.0862069
0	0.0287356
0	1
0	0.0862069
0	1
0	0.0287356
0	0.0632184
0	1
0	1
0	0.0574713
0	1
0	0.0114943
0	0.0229885
0	0.0862069
0	1
0	0.0632184
0	1
0	1
0	1
0	0.0862069
0	0.0114943
0	1
0	1
0	0.0229885
0	0.0114943
0	0.0114943
0	0.0114943
0	0.0287356
0	1
0	1
0	1
0	0.0862069
0	0.0229885
0	0.0287356
0	0.045977
0	0.0114943
0	0.0287356
0	1
0	0.0344828
0	0.0632184
0	1
0	inf
0	0.0172414
0	1
0	0.0287356
0	0.0172414
0	1
0	0.0287356
0	1
0	0.0287356
0	0.0287356
0	1
0	1
0	0.0632184
0	1
0	1
0	1
0	0.0172414
0	1
0	0.0229885
0	1
0	0.0114943
0	0.0229885
0	0.0114943
0	0.0114943
0	1
0	0.0632184
0	0.0287356
0	0.0172414
0	0.0172414
0	0.0172414
0	0.0287356
0	1
0	1
0	0.0747126
0	1
0	1
0	0.0287356
0	0.0287356
0	1
0	0.0114943
0	1
0	1
0	1
0	0.0747126
0	1
0	1
0	1
0	1
0	1
0	1
0	1
0	1
0	1
0	0.0287356
0	0.0114943
0	1
0	1
0	0.0114943
0	0.00574713
0	0.0114943
0	1
0	0.0344828
0	1
0	1
0	1
0	0.0229885
0	0.0229885
0	0.0114943
0	1
0	0.0862069
0	0.0114943
0	0.0114943
0	1
0	0.0287356
0	0.0574713
0	1
0	0.0114943
0	0.0344828
0	1
0	0.0114943
0	0.0172414


