# Persistence diagram <GML/0058.gml>
#
# Dimension   : 0
# Entries     : 699
# Betti number: 8
0	inf
0	0.0404858
0	0.0323887
0	0.0566802
0	0.0242915
0	1
0	0.0566802
0	0.0283401
0	0.0526316
0	inf
0	0.0323887
0	0.0202429
0	0.0364372
0	0.0364372
0	0.0404858
0	0.0161943
0	0.0242915
0	0.0202429
0	0.0323887
0	0.0161943
0	1
0	0.0242915
0	1
0	0.0202429
0	0.0323887
0	0.0283401
0	0.0323887
0	1
0	1
0	1
0	0.0202429
0	0.0404858
0	0.0202429
0	0.0323887
0	0.0566802
0	0.0323887
0	0.0202429
0	0.0202429
0	0.0161943
0	0.0526316
0	1
0	0.0404858
0	0.0242915
0	0.0161943
0	1
0	0.0202429
0	inf
0	0.0161943
0	0.0283401
0	0.0242915
0	0.0202429
0	inf
0	0.0688259
0	1
0	0.0404858
0	0.0202429
0	0.0323887
0	0.048583
0	0.0202429
0	1
0	1
0	0.0364372
0	0.0566802
0	0.0161943
0	1
0	1
0	0.0202429
0	0.0161943
0	0.0242915
0	0.0202429
0	0.0242915
0	0.0404858
0	0.0202429
0	1
0	0.0404858
0	0.0242915
0	1
0	0.0566802
0	0.0161943
0	0.0121457
0	0.0566802
0	0.0121457
0	0.0566802
0	0.0404858
0	1
0	0.0323887
0	1
0	0.0242915
0	0.0161943
0	0.0161943
0	0.0202429
0	0.0404858
0	inf
0	0.00809717
0	0.0404858
0	0.0242915
0	1
0	0.0242915
0	0.0364372
0	1
0	0.0202429
0	0.0202429
0	0.0323887
0	0.0242915
0	0.0202429
0	0.0202429
0	1
0	0.0202429
0	0.00809717
0	0.0526316
0	0.0121457
0	0.0688259
0	1
0	0.0202429
0	0.0121457
0	0.0323887
0	0.0242915
0	1
0	0.0283401
0	0.0566802
0	0.0283401
0	1
0	0.0161943
0	0.0121457
0	0.0121457
0	0.0404858
0	0.0283401
0	0.0161943
0	0.0121457
0	0.0364372
0	1
0	0.0364372
0	0.00404858
0	1
0	0.0202429
0	0.0202429
0	0.0202429
0	0.0364372
0	1
0	0.0121457
0	0.0121457
0	1
0	0.0323887
0	1
0	0.0404858
0	0.0323887
0	0.0242915
0	0.0323887
0	0.0364372
0	0.0404858
0	0.0202429
0	0.0242915
0	0.048583
0	0.0566802
0	0.0364372
0	1
0	0.00809717
0	0.048583
0	0.0242915
0	0.0364372
0	1
0	0.0202429
0	0.0242915
0	0.0404858
0	0.0283401
0	1
0	1
0	0.0283401
0	0.0161943
0	0.0364372
0	1
0	1
0	1
0	0.0202429
0	0.0121457
0	0.0445344
0	1
0	0.0202429
0	0.0688259
0	0.0769231
0	1
0	0.0323887
0	0.0404858
0	0.00809717
0	0.0242915
0	1
0	0.0202429
0	0.0202429
0	0.0566802
0	0.0242915
0	0.0242915
0	1
0	1
0	0.0364372
0	0.0242915
0	0.0202429
0	1
0	0.0688259
0	0.0445344
0	1
0	0.0323887
0	0.0242915
0	1
0	0.0242915
0	0.0242915
0	0.0364372
0	0.0242915
0	0.0566802
0	0.0161943
0	1
0	1
0	0.0121457
0	0.0283401
0	0.0404858
0	0.0202429
0	0.0202429
0	0.0283401
0	0.0688259
0	0.0242915
0	0.00809717
0	0.0202429
0	0.0283401
0	0.0242915
0	0.0202429
0	1
0	0.0202429
0	1
0	0.0242915
0	0.0242915
0	1
0	0.0445344
0	0.0202429
0	1
0	0.00809717
0	0.0121457
0	0.0283401
0	0.00809717
0	0.0202429
0	0.0161943
0	0.0323887
0	0.0688259
0	0.0566802
0	0.0202429
0	1
0	0.0202429
0	0.0526316
0	1
0	1
0	1
0	inf
0	0.0283401
0	0.0121457
0	0.0121457
0	0.00809717
0	0.0526316
0	0.0404858
0	0.0323887
0	0.0161943
0	1
0	0.0404858
0	0.0161943
0	0.0161943
0	1
0	1
0	0.0364372
0	0.0121457
0	0.00809717
0	1
0	0.0161943
0	0.0566802
0	0.0323887
0	0.0404858
0	0.0121457
0	1
0	0.0242915
0	0.0202429
0	0.0364372
0	0.0323887
0	0.0323887
0	0.0364372
0	0.0121457
0	0.0202429
0	0.0688259
0	0.0526316
0	0.0404858
0	0.00809717
0	0.0242915
0	0.0161943
0	0.0566802
0	0.0202429
0	0.00809717
0	0.00809717
0	0.0283401
0	0.0688259
0	0.0161943
0	1
0	0.0323887
0	1
0	0.0283401
0	0.0202429
0	0.0404858
0	0.0445344
0	1
0	0.0202429
0	0.0121457
0	0.0242915
0	0.0283401
0	inf
0	1
0	1
0	1
0	1
0	0.0242915
0	0.0202429
0	0.0202429
0	0.0202429
0	0.0121457
0	0.0566802
0	0.00809717
0	0.0283401
0	0.0404858
0	0.00809717
0	0.0121457
0	0.0121457
0	inf
0	0.0202429
0	0.0202429
0	0.0121457
0	1
0	0.0526316
0	0.0242915
0	0.00809717
0	1
0	0.00809717
0	0.0404858
0	0.0202429
0	0.0445344
0	1
0	0.0161943
0	0.0283401
0	0.00809717
0	1
0	0.00809717
0	0.0161943
0	1
0	1
0	0.0445344
0	0.0688259
0	0.0242915
0	1
0	0.0161943
0	0.0445344
0	0.00809717
0	1
0	0.0202429
0	1
0	0.00809717
0	0.0161943
0	0.0202429
0	0.0202429
0	0.0364372
0	0.0161943
0	0.0283401
0	0.0161943
0	0.0202429
0	0.0242915
0	1
0	0.0323887
0	1
0	0.0364372
0	1
0	0.0121457
0	0.0364372
0	0.0242915
0	0.0526316
0	1
0	0.0202429
0	0.0769231
0	0.0121457
0	0.0364372
0	0.0161943
0	0.0283401
0	0.0161943
0	0.0161943
0	1
0	0.0242915
0	1
0	0.00809717
0	0.0121457
0	0.0364372
0	0.0323887
0	0.0202429
0	0.0161943
0	1
0	1
0	1
0	1
0	0.0526316
0	1
0	0.0323887
0	1
0	0.0121457
0	0.0688259
0	0.0242915
0	0.0121457
0	0.0445344
0	1
0	0.0404858
0	1
0	1
0	0.0121457
0	0.0161943
0	1
0	0.0445344
0	0.0404858
0	0.0242915
0	0.0121457
0	0.0202429
0	0.0121457
0	1
0	0.0323887
0	0.00809717
0	0.0566802
0	1
0	1
0	0.0566802
0	0.00809717
0	0.00404858
0	0.0161943
0	1
0	0.00809717
0	0.0364372
0	0.0161943
0	0.00809717
0	0.0769231
0	1
0	1
0	1
0	0.0688259
0	0.0121457
0	0.0161943
0	0.0404858
0	0.0161943
0	0.0161943
0	1
0	0.0566802
0	1
0	1
0	0.0404858
0	0.0242915
0	0.0121457
0	0.0202429
0	1
0	0.0242915
0	0.0445344
0	0.0161943
0	0.0121457
0	0.0404858
0	0.0121457
0	1
0	0.048583
0	0.0404858
0	0.0202429
0	0.0242915
0	0.0242915
0	0.0202429
0	1
0	0.0202429
0	0.0161943
0	0.0202429
0	1
0	0.0121457
0	0.0202429
0	0.0121457
0	1
0	0.0242915
0	0.0202429
0	0.0202429
0	0.0202429
0	0.0242915
0	0.0202429
0	0.0364372
0	0.0364372
0	0.00809717
0	1
0	0.0364372
0	0.0202429
0	0.0121457
0	0.0202429
0	0.0566802
0	0.00809717
0	0.048583
0	0.0121457
0	0.0202429
0	1
0	0.0121457
0	0.0242915
0	0.0202429
0	1
0	0.0445344
0	0.0202429
0	0.0161943
0	0.0242915
0	1
0	0.0242915
0	0.0121457
0	0.00404858
0	0.0121457
0	0.0202429
0	0.0242915
0	0.0404858
0	0.0242915
0	0.00404858
0	1
0	0.0404858
0	0.00809717
0	1
0	0.0161943
0	0.00809717
0	0.0121457
0	0.0242915
0	1
0	0.0161943
0	0.0202429
0	1
0	0.0242915
0	0.00809717
0	1
0	0.0566802
0	0.0202429
0	0.00809717
0	0.0121457
0	0.00809717
0	1
0	0.0242915
0	0.0121457
0	0.00809717
0	0.0161943
0	1
0	0.0161943
0	0.0404858
0	0.0161943
0	0.0121457
0	0.0202429
0	1
0	1
0	0.0526316
0	0.0121457
0	0.0121457
0	0.0202429
0	1
0	0.0364372
0	0.0121457
0	0.0202429
0	0.0202429
0	0.0283401
0	0.0202429
0	0.0202429
0	0.0161943
0	0.0161943
0	0.0242915
0	0.0121457
0	0.0161943
0	0.0202429
0	0.00809717
0	0.0121457
0	0.0202429
0	1
0	0.0161943
0	0.0121457
0	0.0526316
0	1
0	0.0161943
0	1
0	0.0161943
0	0.0404858
0	0.0121457
0	1
0	0.0202429
0	0.00809717
0	0.0161943
0	0.0121457
0	1
0	0.00809717
0	0.0364372
0	1
0	0.00809717
0	1
0	0.0121457
0	0.0121457
0	0.0566802
0	0.0242915
0	1
0	1
0	1
0	0.00809717
0	1
0	0.0121457
0	0.0202429
0	0.00809717
0	1
0	0.0202429
0	0.0202429
0	0.0202429
0	0.0202429
0	0.00809717
0	0.0121457
0	1
0	0.0283401
0	0.0161943
0	1
0	1
0	0.0242915
0	0.0161943
0	0.0202429
0	0.048583
0	1
0	0.0161943
0	0.0202429
0	0.0121457
0	0.0202429
0	0.0121457
0	0.0202429
0	0.0161943
0	0.0404858
0	1
0	0.0161943
0	0.048583
0	0.0202429
0	0.0242915
0	1
0	1
0	0.0202429
0	0.0364372
0	0.0161943
0	1
0	0.0242915
0	0.0202429
0	0.0526316
0	0.0242915
0	0.0202429
0	1
0	1
0	1
0	0.0242915
0	0.00809717
0	0.00809717
0	0.0323887
0	0.0121457
0	1
0	0.0242915
0	0.0242915
0	0.0242915
0	0.0242915
0	0.0161943
0	1
0	0.0161943
0	0.0404858
0	0.00809717
0	0.0688259
0	0.0404858
0	0.0161943
0	0.00809717
0	0.0566802
0	1
0	0.0688259
0	0.0161943
0	0.0121457
0	1
0	0.0161943
0	0.0404858
0	1
0	1
0	0.0202429
0	0.0202429
0	0.0242915
0	0.0364372
0	0.0769231
0	0.0121457
0	0.0364372
0	1
0	1
0	1
0	0.00809717
0	0.0161943
0	0.00809717
0	1
0	0.0242915
0	1
0	0.0323887
0	0.0242915
0	0.0242915
0	0.0161943
0	0.0161943
0	0.0323887
0	0.0121457
0	0.0323887
0	0.048583
0	0.0323887


