# Persistence diagram <GML/0060.gml>
#
# Dimension   : 0
# Entries     : 456
# Betti number: 5
0	inf
0	1
0	1
0	1
0	0.0213675
0	0.0598291
0	1
0	0.034188
0	0.128205
0	1
0	1
0	1
0	0.034188
0	0.0512821
0	1
0	1
0	inf
0	1
0	1
0	0.025641
0	0.042735
0	0.128205
0	0.0555556
0	0.0128205
0	1
0	0.025641
0	0.042735
0	1
0	1
0	inf
0	0.025641
0	0.128205
0	1
0	1
0	0.0213675
0	1
0	1
0	1
0	1
0	0.017094
0	0.017094
0	1
0	0.128205
0	1
0	0.0213675
0	1
0	1
0	1
0	0.0213675
0	0.0470085
0	0.0512821
0	0.0555556
0	1
0	1
0	1
0	0.025641
0	1
0	0.0512821
0	0.128205
0	1
0	1
0	0.0213675
0	1
0	1
0	1
0	inf
0	0.0128205
0	0.025641
0	0.0512821
0	1
0	1
0	1
0	0.0128205
0	1
0	0.128205
0	0.0213675
0	0.025641
0	0.025641
0	0.128205
0	0.017094
0	0.017094
0	0.025641
0	0.017094
0	0.017094
0	1
0	1
0	0.00854701
0	0.0470085
0	1
0	1
0	1
0	0.00854701
0	0.025641
0	1
0	1
0	0.128205
0	1
0	1
0	0.0213675
0	0.0512821
0	0.00854701
0	0.025641
0	1
0	1
0	0.0213675
0	1
0	1
0	1
0	1
0	0.00854701
0	1
0	1
0	1
0	1
0	0.0512821
0	0.025641
0	0.025641
0	0.0470085
0	0.0128205
0	0.0512821
0	0.128205
0	1
0	1
0	0.128205
0	1
0	0.0555556
0	1
0	0.025641
0	0.0470085
0	1
0	0.0598291
0	0.025641
0	1
0	0.017094
0	0.017094
0	0.0512821
0	1
0	1
0	0.0598291
0	0.017094
0	0.0213675
0	1
0	0.00854701
0	1
0	1
0	0.128205
0	0.128205
0	0.025641
0	1
0	0.025641
0	0.0128205
0	0.0598291
0	0.0128205
0	0.00854701
0	0.0213675
0	0.00854701
0	0.0128205
0	1
0	0.0128205
0	0.017094
0	0.0213675
0	1
0	1
0	0.00854701
0	0.00854701
0	0.0512821
0	1
0	0.042735
0	0.0213675
0	0.025641
0	1
0	1
0	1
0	0.0555556
0	1
0	0.025641
0	1
0	0.017094
0	1
0	1
0	1
0	0.00854701
0	0.042735
0	0.0512821
0	0.0555556
0	0.0213675
0	0.0128205
0	0.017094
0	0.0128205
0	0.0128205
0	0.017094
0	0.0128205
0	0.017094
0	0.042735
0	0.0598291
0	0.0384615
0	0.0512821
0	1
0	1
0	0.00854701
0	1
0	1
0	1
0	0.0213675
0	1
0	1
0	0.0384615
0	0.0470085
0	1
0	1
0	0.0598291
0	0.0512821
0	0.025641
0	0.00854701
0	0.0384615
0	0.017094
0	0.0213675
0	1
0	1
0	0.025641
0	0.0128205
0	1
0	0.0384615
0	0.0213675
0	1
0	1
0	0.0128205
0	0.128205
0	0.0128205
0	0.0128205
0	1
0	0.00854701
0	0.017094
0	0.0213675
0	0.0128205
0	1
0	0.00854701
0	1
0	1
0	0.128205
0	0.0213675
0	1
0	0.00854701
0	1
0	inf
0	0.0555556
0	0.0213675
0	0.00854701
0	0.128205
0	1
0	0.0512821
0	1
0	1
0	0.0598291
0	1
0	0.0213675
0	0.0470085
0	0.00854701
0	0.0384615
0	1
0	1
0	0.00854701
0	1
0	0.017094
0	0.0470085
0	1
0	0.025641
0	1
0	0.0213675
0	1
0	0.0213675
0	0.0598291
0	0.0512821
0	1
0	1
0	1
0	0.00854701
0	1
0	0.034188
0	0.0512821
0	0.0470085
0	0.128205
0	0.025641
0	0.00854701
0	0.017094
0	0.00854701
0	0.0384615
0	0.0128205
0	0.017094
0	0.0213675
0	0.0128205
0	0.017094
0	1
0	0.042735
0	1
0	1
0	1
0	0.0128205
0	1
0	1
0	0.0128205
0	0.025641
0	0.00854701
0	0.0128205
0	1
0	1
0	0.0213675
0	0.00854701
0	0.0555556
0	0.017094
0	0.0128205
0	1
0	0.0128205
0	1
0	1
0	0.128205
0	0.0555556
0	0.0128205
0	1
0	0.0128205
0	0.017094
0	0.042735
0	0.0512821
0	0.0128205
0	0.034188
0	1
0	0.0512821
0	0.00854701
0	0.0042735
0	0.034188
0	0.0512821
0	0.025641
0	1
0	0.0128205
0	1
0	0.0598291
0	0.00854701
0	1
0	1
0	1
0	0.0128205
0	1
0	1
0	0.0128205
0	0.0128205
0	0.0213675
0	0.00854701
0	0.00854701
0	0.0128205
0	1
0	0.00854701
0	0.025641
0	0.017094
0	0.00854701
0	0.025641
0	0.0128205
0	0.0512821
0	1
0	0.00854701
0	0.00854701
0	1
0	0.0213675
0	1
0	0.017094
0	1
0	0.0128205
0	0.00854701
0	1
0	0.00854701
0	0.025641
0	0.025641
0	1
0	0.0128205
0	0.0128205
0	1
0	1
0	0.0213675
0	0.0128205
0	0.0555556
0	1
0	0.0128205
0	0.128205
0	1
0	1
0	0.0470085
0	1
0	1
0	0.00854701
0	0.017094
0	1
0	0.017094
0	0.025641
0	1
0	0.017094
0	1
0	0.025641
0	0.00854701
0	0.017094
0	0.0598291
0	1
0	0.0213675
0	0.017094
0	0.042735
0	0.0213675
0	1
0	1
0	0.128205
0	0.0598291
0	0.00854701
0	0.00854701
0	1
0	0.0128205
0	1
0	0.0128205
0	1
0	0.017094
0	1
0	1
0	0.0128205
0	1
0	1
0	0.0128205
0	1
0	1
0	0.0128205
0	0.0128205
0	1
0	1
0	0.00854701
0	0.034188
0	1
0	1
0	0.0128205
0	1
0	1
0	0.0128205
0	0.025641
0	0.0512821
0	0.0470085
0	1
0	0.0213675
0	0.0128205
0	0.128205
0	0.0512821
0	1
0	0.00854701
0	0.0128205
0	0.017094
0	0.042735
0	0.0213675
0	0.0384615
0	0.00854701
0	0.00854701
0	1
0	0.017094
0	1


