# Persistence diagram <GML/0061.gml>
#
# Dimension   : 0
# Entries     : 206
# Betti number: 3
0	inf
0	1
0	1
0	1
0	0.0909091
0	0.0909091
0	0.136364
0	inf
0	0.378788
0	0.121212
0	0.0909091
0	0.0606061
0	1
0	0.0757576
0	0.0757576
0	0.0454545
0	0.121212
0	0.121212
0	0.0454545
0	0.0757576
0	0.121212
0	0.136364
0	1
0	1
0	0.136364
0	1
0	0.0606061
0	0.121212
0	1
0	0.0606061
0	1
0	0.106061
0	0.378788
0	0.0454545
0	0.106061
0	0.121212
0	1
0	0.0757576
0	1
0	0.0757576
0	0.378788
0	0.121212
0	0.0606061
0	0.0909091
0	0.0454545
0	1
0	0.378788
0	0.121212
0	0.0454545
0	0.0757576
0	1
0	0.0909091
0	1
0	1
0	0.121212
0	0.106061
0	inf
0	0.0151515
0	0.0454545
0	0.0606061
0	1
0	0.106061
0	1
0	0.0757576
0	0.121212
0	0.0757576
0	0.0454545
0	0.0606061
0	1
0	0.0454545
0	1
0	1
0	1
0	0.0454545
0	0.106061
0	0.0757576
0	0.0151515
0	0.378788
0	0.0454545
0	0.121212
0	0.0454545
0	0.0454545
0	0.121212
0	1
0	0.136364
0	0.0606061
0	0.136364
0	0.0606061
0	0.0454545
0	1
0	0.136364
0	1
0	0.0909091
0	0.121212
0	0.121212
0	0.121212
0	1
0	0.0606061
0	1
0	0.0909091
0	0.0606061
0	0.0454545
0	0.030303
0	0.121212
0	0.0454545
0	0.0757576
0	0.0757576
0	0.136364
0	0.0757576
0	0.0454545
0	0.0606061
0	1
0	0.136364
0	1
0	0.030303
0	0.0606061
0	1
0	0.0454545
0	0.0454545
0	0.0757576
0	0.121212
0	0.0606061
0	0.378788
0	0.0909091
0	0.136364
0	0.0454545
0	0.0454545
0	0.0606061
0	0.030303
0	0.030303
0	0.0454545
0	0.0454545
0	0.378788
0	0.121212
0	1
0	0.0757576
0	0.136364
0	0.030303
0	0.0454545
0	0.0606061
0	0.0757576
0	0.136364
0	0.030303
0	0.0454545
0	0.0454545
0	0.0454545
0	0.121212
0	1
0	0.106061
0	0.0606061
0	0.030303
0	0.030303
0	1
0	1
0	1
0	0.0454545
0	0.0757576
0	0.030303
0	0.030303
0	0.0757576
0	0.0757576
0	1
0	0.0454545
0	0.0757576
0	0.030303
0	0.0454545
0	0.0454545
0	0.0606061
0	0.378788
0	0.0454545
0	0.378788
0	0.378788
0	0.030303
0	1
0	0.0454545
0	1
0	1
0	1
0	0.378788
0	1
0	0.0454545
0	0.0454545
0	1
0	0.378788
0	1
0	0.378788
0	0.121212
0	0.0454545
0	1
0	0.136364
0	1
0	1
0	1
0	1
0	1
0	0.136364
0	0.0606061
0	0.0454545
0	0.0454545
0	0.121212
0	1
0	0.030303
0	0.136364
0	0.030303
0	0.0454545
0	0.121212


