# Persistence diagram <GML/0066.gml>
#
# Dimension   : 0
# Entries     : 238
# Betti number: 2
0	inf
0	1
0	1
0	1
0	1
0	0.185714
0	1
0	1
0	1
0	0.114286
0	1
0	1
0	1
0	1
0	0.185714
0	0.05
0	0.114286
0	1
0	0.185714
0	0.0357143
0	1
0	1
0	1
0	1
0	0.05
0	0.185714
0	1
0	1
0	0.0428571
0	0.0285714
0	0.0571429
0	0.0285714
0	0.0214286
0	1
0	0.0285714
0	1
0	0.05
0	1
0	1
0	0.0285714
0	0.0571429
0	1
0	1
0	1
0	0.0571429
0	1
0	0.05
0	0.0357143
0	1
0	1
0	0.0214286
0	1
0	0.0428571
0	inf
0	1
0	0.0357143
0	1
0	0.185714
0	1
0	1
0	0.0571429
0	0.0571429
0	1
0	0.05
0	0.0285714
0	0.00714286
0	1
0	0.0285714
0	1
0	0.0142857
0	0.0214286
0	0.0142857
0	1
0	1
0	0.0857143
0	0.0571429
0	0.0857143
0	0.0857143
0	1
0	0.0214286
0	0.0428571
0	1
0	1
0	0.0285714
0	1
0	0.0428571
0	0.0285714
0	0.0571429
0	0.114286
0	0.0285714
0	1
0	0.0357143
0	0.0857143
0	1
0	0.0285714
0	1
0	1
0	1
0	0.0857143
0	0.0428571
0	0.0214286
0	1
0	0.185714
0	0.0142857
0	1
0	0.0285714
0	1
0	1
0	1
0	0.05
0	1
0	0.0857143
0	0.0357143
0	1
0	0.114286
0	0.185714
0	0.0357143
0	0.0285714
0	0.0214286
0	1
0	1
0	0.114286
0	1
0	1
0	1
0	0.0142857
0	1
0	0.05
0	0.0285714
0	0.0357143
0	0.0214286
0	0.0857143
0	1
0	1
0	0.0428571
0	1
0	0.0285714
0	0.0214286
0	0.0571429
0	0.0214286
0	1
0	0.185714
0	0.0357143
0	0.0571429
0	0.0285714
0	0.0214286
0	0.0142857
0	0.0571429
0	1
0	0.0214286
0	0.185714
0	1
0	0.0214286
0	0.0857143
0	1
0	0.0214286
0	0.0214286
0	0.185714
0	0.05
0	0.05
0	0.0357143
0	1
0	0.0285714
0	0.0214286
0	0.114286
0	0.0428571
0	1
0	0.0285714
0	0.0285714
0	0.0214286
0	1
0	1
0	1
0	1
0	1
0	0.0214286
0	1
0	0.0285714
0	0.0214286
0	0.0285714
0	0.0214286
0	0.185714
0	1
0	0.0571429
0	0.185714
0	1
0	0.0142857
0	0.0428571
0	1
0	1
0	1
0	0.0285714
0	1
0	1
0	0.0214286
0	0.0142857
0	1
0	0.0142857
0	0.05
0	0.0214286
0	1
0	1
0	0.0214286
0	1
0	0.0857143
0	0.185714
0	1
0	0.0285714
0	1
0	1
0	1
0	1
0	0.0428571
0	1
0	1
0	1
0	1
0	0.0285714
0	0.0142857
0	1
0	0.0142857
0	1
0	0.0142857
0	0.0214286
0	1
0	1
0	1
0	1
0	0.0142857
0	1
0	1
0	1
0	1
0	0.05
0	0.185714
0	0.0285714
0	1
0	0.0285714


