# Persistence diagram <GML/0074.gml>
#
# Dimension   : 0
# Entries     : 182
# Betti number: 1
0	inf
0	1
0	1
0	1
0	1
0	1
0	0.227848
0	1
0	0.0759494
0	1
0	1
0	1
0	0.0632911
0	1
0	0.0759494
0	0.0759494
0	1
0	1
0	1
0	0.227848
0	0.0759494
0	1
0	1
0	0.0759494
0	0.0632911
0	0.0632911
0	0.227848
0	0.227848
0	0.0632911
0	0.0379747
0	0.0506329
0	0.0506329
0	0.227848
0	0.227848
0	1
0	0.227848
0	1
0	0.0632911
0	0.0379747
0	0.227848
0	0.0759494
0	0.0632911
0	0.227848
0	1
0	1
0	1
0	1
0	0.0632911
0	0.0379747
0	0.0253165
0	0.0379747
0	1
0	0.0379747
0	0.0506329
0	0.0506329
0	0.0759494
0	0.227848
0	0.227848
0	1
0	1
0	0.0632911
0	1
0	1
0	0.0379747
0	1
0	0.0379747
0	1
0	1
0	1
0	1
0	1
0	0.0506329
0	0.0506329
0	1
0	0.0506329
0	0.0253165
0	0.0253165
0	0.0506329
0	0.0379747
0	0.0506329
0	0.227848
0	1
0	1
0	1
0	0.0506329
0	1
0	0.0379747
0	0.227848
0	0.0379747
0	0.0632911
0	0.0253165
0	1
0	0.0379747
0	0.0506329
0	1
0	1
0	1
0	0.0632911
0	0.0506329
0	0.0506329
0	0.0506329
0	0.0759494
0	1
0	0.0253165
0	0.0379747
0	0.0253165
0	0.0632911
0	1
0	0.0632911
0	1
0	0.227848
0	0.0506329
0	0.0253165
0	0.0632911
0	1
0	0.0253165
0	1
0	0.0379747
0	0.0632911
0	0.227848
0	0.0379747
0	1
0	1
0	1
0	0.0506329
0	0.0632911
0	0.0253165
0	0.0253165
0	0.0253165
0	0.0506329
0	0.0506329
0	0.0759494
0	0.0253165
0	0.0253165
0	1
0	0.0379747
0	0.0632911
0	1
0	1
0	0.0759494
0	1
0	0.0506329
0	1
0	0.0632911
0	0.0506329
0	0.0506329
0	1
0	0.0379747
0	1
0	1
0	1
0	0.0253165
0	0.0759494
0	0.0253165
0	0.0253165
0	0.0379747
0	0.0632911
0	0.0506329
0	0.227848
0	0.0632911
0	1
0	1
0	0.0253165
0	0.0632911
0	0.0632911
0	1
0	0.0506329
0	0.0379747
0	0.0379747
0	0.0506329
0	0.0379747
0	0.0253165
0	1
0	0.0632911
0	1
0	0.0253165
0	0.0379747
0	1
0	0.0253165
0	0.0632911
0	0.0506329
0	0.227848


