# Persistence diagram <GML/0080.gml>
#
# Dimension   : 1
# Entries     : 83
# Betti number: 83
0.020339	inf
0.0237288	inf
0.0271186	inf
0.0271186	inf
0.0271186	inf
0.0305085	inf
0.0305085	inf
0.0305085	inf
0.0305085	inf
0.0305085	inf
0.0305085	inf
0.0305085	inf
0.0305085	inf
0.0305085	inf
0.0305085	inf
0.0305085	inf
0.0338983	inf
0.0338983	inf
0.0338983	inf
0.0338983	inf
0.0372881	inf
0.0508475	inf
0.0508475	inf
0.0508475	inf
0.0508475	inf
0.0576271	inf
0.0576271	inf
0.0576271	inf
0.0576271	inf
0.0576271	inf
0.0576271	inf
0.0576271	inf
0.0576271	inf
0.0644068	inf
0.0644068	inf
0.0644068	inf
0.0644068	inf
0.0644068	inf
0.0644068	inf
0.0983051	inf
0.0983051	inf
0.0983051	inf
0.0983051	inf
0.0983051	inf
0.0983051	inf
0.0983051	inf
0.0983051	inf
0.0983051	inf
0.0983051	inf
0.0983051	inf
0.0983051	inf
0.0983051	inf
1	inf
1	inf
1	inf
1	inf
1	inf
1	inf
1	inf
1	inf
1	inf
1	inf
1	inf
1	inf
1	inf
1	inf
1	inf
1	inf
1	inf
1	inf
1	inf
1	inf
1	inf
1	inf
1	inf
1	inf
1	inf
1	inf
1	inf
1	inf
1	inf
1	inf
1	inf
