# Persistence diagram <GML/0080.gml>
#
# Dimension   : 0
# Entries     : 571
# Betti number: 2
0	inf
0	1
0	1
0	0.0576271
0	0.0305085
0	0.020339
0	1
0	0.0271186
0	1
0	0.0644068
0	0.020339
0	0.0237288
0	1
0	0.0576271
0	1
0	0.0237288
0	1
0	0.0237288
0	1
0	0.0135593
0	0.0576271
0	0.0135593
0	0.0372881
0	0.0305085
0	0.0101695
0	0.0237288
0	1
0	0.0508475
0	0.0237288
0	0.0169492
0	1
0	0.0101695
0	0.0508475
0	0.020339
0	1
0	0.020339
0	1
0	0.0305085
0	1
0	1
0	0.0983051
0	1
0	0.0305085
0	0.0135593
0	0.0508475
0	1
0	1
0	0.0576271
0	0.0169492
0	0.020339
0	0.0372881
0	0.0508475
0	0.0440678
0	0.0237288
0	1
0	0.0101695
0	1
0	0.0305085
0	1
0	1
0	1
0	1
0	1
0	0.0169492
0	0.0237288
0	0.0440678
0	0.020339
0	inf
0	0.0169492
0	1
0	0.0576271
0	1
0	1
0	0.0372881
0	1
0	1
0	0.0169492
0	0.0440678
0	1
0	0.00677966
0	0.0271186
0	0.00677966
0	1
0	0.0305085
0	1
0	1
0	0.0101695
0	0.0305085
0	1
0	1
0	1
0	0.0169492
0	0.0135593
0	0.0644068
0	0.0644068
0	0.0338983
0	1
0	0.0101695
0	1
0	0.020339
0	0.0135593
0	0.0508475
0	0.0169492
0	0.0305085
0	0.0237288
0	0.00677966
0	0.0508475
0	0.0135593
0	1
0	0.020339
0	1
0	1
0	0.0135593
0	0.0305085
0	0.0169492
0	1
0	1
0	0.0237288
0	0.0169492
0	1
0	0.0101695
0	0.020339
0	1
0	0.0101695
0	1
0	0.0101695
0	1
0	0.0169492
0	1
0	0.0440678
0	1
0	1
0	1
0	0.0372881
0	1
0	0.0338983
0	0.0305085
0	1
0	1
0	0.0440678
0	0.0135593
0	1
0	1
0	0.0372881
0	0.020339
0	0.0576271
0	0.0169492
0	0.0983051
0	1
0	0.0508475
0	0.00677966
0	1
0	0.0338983
0	1
0	0.0305085
0	0.0644068
0	1
0	1
0	1
0	1
0	0.0372881
0	0.0983051
0	1
0	0.00677966
0	1
0	1
0	1
0	1
0	1
0	0.0305085
0	0.0271186
0	0.0135593
0	0.0271186
0	0.0101695
0	1
0	1
0	0.00677966
0	1
0	1
0	0.0101695
0	1
0	0.0169492
0	0.0338983
0	0.00677966
0	0.0576271
0	1
0	1
0	0.0372881
0	1
0	0.0135593
0	0.0576271
0	0.0644068
0	0.0237288
0	1
0	1
0	1
0	1
0	0.0101695
0	1
0	1
0	0.0169492
0	1
0	0.0101695
0	1
0	0.0305085
0	0.00677966
0	0.020339
0	1
0	0.0271186
0	0.0576271
0	0.0576271
0	1
0	1
0	0.0135593
0	1
0	0.0169492
0	0.020339
0	0.0101695
0	0.0169492
0	0.0576271
0	0.0101695
0	1
0	0.0101695
0	1
0	0.0135593
0	1
0	0.0135593
0	0.0983051
0	0.0644068
0	1
0	0.0237288
0	0.0372881
0	0.0338983
0	1
0	0.0169492
0	1
0	1
0	0.0135593
0	1
0	0.0305085
0	1
0	0.00677966
0	0.00677966
0	0.0169492
0	1
0	1
0	0.0101695
0	1
0	0.0644068
0	1
0	1
0	0.0135593
0	0.0983051
0	0.0644068
0	1
0	1
0	0.0508475
0	0.00677966
0	0.0101695
0	1
0	0.00677966
0	1
0	0.0169492
0	1
0	0.0101695
0	0.0101695
0	0.0305085
0	0.0983051
0	0.00677966
0	1
0	0.020339
0	1
0	1
0	0.020339
0	0.020339
0	0.0135593
0	1
0	1
0	1
0	0.0576271
0	0.0576271
0	0.0576271
0	1
0	1
0	1
0	0.0169492
0	0.0983051
0	0.020339
0	0.00677966
0	0.0101695
0	1
0	0.0169492
0	0.0169492
0	0.0135593
0	0.0101695
0	0.0576271
0	0.0576271
0	0.00677966
0	1
0	0.0983051
0	0.0983051
0	0.00677966
0	0.020339
0	1
0	1
0	0.0440678
0	1
0	0.0440678
0	1
0	0.00677966
0	0.0101695
0	0.00677966
0	1
0	1
0	0.0237288
0	0.0169492
0	0.0169492
0	0.0271186
0	0.00677966
0	0.0169492
0	1
0	0.0169492
0	0.0169492
0	0.0101695
0	0.00677966
0	1
0	1
0	0.0305085
0	1
0	1
0	0.0169492
0	1
0	0.0135593
0	0.0135593
0	1
0	0.020339
0	0.0305085
0	0.0135593
0	0.0101695
0	1
0	0.0576271
0	0.00677966
0	0.0576271
0	0.00677966
0	1
0	1
0	0.0101695
0	0.00677966
0	0.020339
0	1
0	1
0	0.0101695
0	1
0	0.0440678
0	1
0	0.0135593
0	0.0440678
0	1
0	0.0983051
0	1
0	1
0	1
0	0.0237288
0	1
0	0.0372881
0	1
0	1
0	1
0	1
0	0.00677966
0	1
0	0.0576271
0	0.0101695
0	0.0101695
0	0.0101695
0	1
0	0.0508475
0	0.0101695
0	1
0	1
0	0.0169492
0	1
0	1
0	0.00677966
0	1
0	0.0576271
0	1
0	0.0440678
0	1
0	0.0101695
0	1
0	1
0	1
0	1
0	0.00677966
0	1
0	0.0101695
0	0.0440678
0	0.00677966
0	1
0	1
0	1
0	1
0	1
0	0.0237288
0	0.00677966
0	1
0	0.0305085
0	1
0	0.00677966
0	0.0135593
0	1
0	1
0	0.0305085
0	0.0576271
0	1
0	1
0	0.00677966
0	0.0271186
0	1
0	0.0101695
0	1
0	1
0	1
0	0.0237288
0	1
0	1
0	0.0305085
0	1
0	0.0169492
0	0.0440678
0	0.0135593
0	1
0	0.0135593
0	1
0	0.020339
0	1
0	1
0	0.0305085
0	0.00677966
0	1
0	0.0169492
0	1
0	1
0	0.0101695
0	0.0237288
0	0.0169492
0	0.0169492
0	1
0	0.00677966
0	1
0	1
0	1
0	1
0	1
0	1
0	1
0	0.0644068
0	1
0	0.0135593
0	0.0271186
0	1
0	0.0644068
0	0.0576271
0	1
0	0.0576271
0	0.0372881
0	0.0101695
0	0.0169492
0	0.0101695
0	0.00677966
0	1
0	0.0305085
0	1
0	1
0	1
0	0.00677966
0	1
0	0.0237288
0	0.0305085
0	0.0101695
0	1
0	0.0169492
0	1
0	0.0983051
0	1
0	1
0	1
0	0.0237288
0	0.0135593
0	0.020339
0	1
0	1
0	1
0	0.0644068
0	0.0305085
0	0.00677966
0	0.0135593
0	0.0169492
0	0.00677966
0	0.0644068
0	0.0271186
0	0.0101695
0	0.0983051
0	0.0169492
0	1
0	1
0	0.0101695
0	1
0	1
0	0.020339
0	0.00677966
0	1
0	1
0	1
0	1
0	1
0	0.0305085
0	1
0	1
0	0.0508475
0	0.0101695
0	0.0101695
0	1
0	0.00677966
0	1
0	0.0101695
0	1
0	1
0	0.0101695
0	1
0	0.0305085
0	0.00677966
0	0.0101695
0	0.0135593
0	0.0135593
0	0.0101695
0	0.0237288
0	1
0	1
0	0.0101695
0	1
0	0.0101695
0	1
0	1
0	1
0	1
0	0.0305085
0	0.00677966
0	1
0	1
0	0.0576271
0	0.0135593
0	0.00677966
0	0.0101695
0	0.0135593
0	1
0	0.020339
0	0.0101695
0	1
0	0.0237288
0	0.0101695
0	0.0271186
0	1
0	0.00677966
0	1
0	0.00677966
0	1
0	0.0101695
0	1
0	0.0169492


