# Persistence diagram <GML/0082.gml>
#
# Dimension   : 0
# Entries     : 457
# Betti number: 4
0	inf
0	inf
0	0.078125
0	0.0546875
0	0.203125
0	0.0625
0	0.117188
0	1
0	0.0546875
0	0.0546875
0	0.078125
0	0.0625
0	0.0546875
0	0.0390625
0	0.0546875
0	0.117188
0	0.0390625
0	0.117188
0	0.109375
0	0.0546875
0	0.0390625
0	0.0234375
0	0.0625
0	0.0625
0	0.03125
0	1
0	1
0	0.0546875
0	1
0	0.046875
0	0.109375
0	1
0	0.0546875
0	0.0390625
0	0.226562
0	0.0234375
0	0.0390625
0	0.03125
0	0.078125
0	0.078125
0	0.0390625
0	0.0234375
0	0.117188
0	1
0	0.03125
0	0.0625
0	0.226562
0	0.046875
0	0.03125
0	0.0234375
0	0.226562
0	0.0625
0	0.117188
0	0.0625
0	0.0234375
0	0.0625
0	1
0	0.046875
0	1
0	0.0859375
0	1
0	0.03125
0	0.03125
0	0.015625
0	0.03125
0	0.0625
0	1
0	0.03125
0	0.0625
0	0.046875
0	0.015625
0	0.0625
0	0.0546875
0	1
0	1
0	0.117188
0	1
0	1
0	0.0390625
0	1
0	0.226562
0	0.0390625
0	0.0234375
0	0.117188
0	0.0625
0	0.117188
0	0.0546875
0	0.0703125
0	0.0625
0	0.046875
0	0.117188
0	0.046875
0	0.0625
0	0.0390625
0	0.015625
0	1
0	0.0390625
0	0.015625
0	0.203125
0	1
0	1
0	0.03125
0	0.0234375
0	0.046875
0	0.203125
0	0.0390625
0	0.0390625
0	0.03125
0	0.078125
0	0.0234375
0	1
0	0.0546875
0	0.203125
0	1
0	0.203125
0	0.0390625
0	0.203125
0	0.03125
0	0.117188
0	0.03125
0	1
0	1
0	1
0	1
0	0.0625
0	0.03125
0	1
0	1
0	1
0	0.046875
0	0.203125
0	0.03125
0	0.0546875
0	0.046875
0	0.046875
0	0.046875
0	0.0234375
0	0.03125
0	0.078125
0	1
0	0.078125
0	0.117188
0	1
0	0.015625
0	0.046875
0	0.03125
0	0.09375
0	0.0390625
0	0.0390625
0	0.03125
0	1
0	0.0234375
0	0.015625
0	1
0	0.203125
0	1
0	0.0234375
0	0.0703125
0	0.09375
0	1
0	1
0	0.0234375
0	0.117188
0	0.0390625
0	1
0	0.0625
0	1
0	0.03125
0	1
0	0.03125
0	0.0234375
0	0.0546875
0	0.0546875
0	1
0	0.03125
0	inf
0	0.117188
0	1
0	0.109375
0	0.03125
0	1
0	0.03125
0	0.046875
0	0.109375
0	0.03125
0	0.0390625
0	0.0390625
0	1
0	0.03125
0	0.046875
0	1
0	0.117188
0	1
0	0.0390625
0	0.03125
0	0.046875
0	0.015625
0	0.03125
0	0.046875
0	0.046875
0	0.226562
0	0.0390625
0	1
0	0.03125
0	1
0	0.226562
0	0.078125
0	0.0390625
0	0.03125
0	0.03125
0	0.0234375
0	0.117188
0	0.09375
0	1
0	0.078125
0	1
0	1
0	1
0	0.0234375
0	1
0	0.109375
0	1
0	1
0	0.0625
0	1
0	1
0	0.203125
0	0.0859375
0	0.0390625
0	0.03125
0	0.015625
0	1
0	0.0625
0	0.0390625
0	0.03125
0	0.078125
0	0.203125
0	0.046875
0	0.0234375
0	0.046875
0	1
0	1
0	0.015625
0	0.0625
0	0.0625
0	0.226562
0	0.0390625
0	1
0	0.0234375
0	0.0390625
0	1
0	0.0234375
0	inf
0	0.015625
0	1
0	0.03125
0	0.03125
0	0.0390625
0	0.0234375
0	1
0	0.0234375
0	0.03125
0	1
0	0.0234375
0	0.0390625
0	0.078125
0	0.03125
0	0.015625
0	0.03125
0	0.046875
0	0.0625
0	0.015625
0	0.046875
0	0.078125
0	0.0390625
0	0.078125
0	0.03125
0	0.0625
0	0.0234375
0	0.015625
0	0.03125
0	0.0234375
0	0.109375
0	0.0234375
0	0.03125
0	0.0234375
0	0.0625
0	0.0234375
0	1
0	0.0234375
0	0.046875
0	1
0	0.117188
0	0.078125
0	0.0234375
0	1
0	0.03125
0	0.046875
0	1
0	0.03125
0	1
0	0.226562
0	1
0	0.0703125
0	0.03125
0	0.03125
0	0.0625
0	0.046875
0	0.03125
0	1
0	0.117188
0	0.226562
0	1
0	0.09375
0	0.0859375
0	0.046875
0	1
0	0.03125
0	0.046875
0	0.03125
0	0.203125
0	0.226562
0	0.03125
0	0.0234375
0	0.117188
0	0.0234375
0	0.015625
0	0.0546875
0	1
0	0.109375
0	0.0625
0	0.0234375
0	0.015625
0	0.03125
0	0.046875
0	0.015625
0	0.015625
0	0.0859375
0	0.0234375
0	0.109375
0	1
0	0.0234375
0	0.0390625
0	1
0	0.0234375
0	0.0234375
0	1
0	1
0	0.0703125
0	1
0	0.0234375
0	0.015625
0	0.046875
0	0.0625
0	0.0625
0	1
0	0.0546875
0	0.0234375
0	0.046875
0	0.015625
0	0.03125
0	0.015625
0	0.078125
0	0.117188
0	0.0390625
0	0.0703125
0	0.0078125
0	0.078125
0	0.015625
0	0.0390625
0	0.015625
0	0.226562
0	0.015625
0	1
0	0.078125
0	0.046875
0	0.0390625
0	0.03125
0	0.0234375
0	0.0390625
0	0.0234375
0	1
0	0.117188
0	1
0	0.0234375
0	0.0625
0	0.046875
0	0.203125
0	0.046875
0	0.117188
0	1
0	0.0234375
0	0.03125
0	0.203125
0	0.0234375
0	0.03125
0	0.0390625
0	0.109375
0	0.046875
0	0.0234375
0	1
0	0.03125
0	0.046875
0	0.0625
0	0.0234375
0	0.03125
0	1
0	0.0234375
0	0.0234375
0	1
0	0.0234375
0	0.015625
0	0.226562
0	0.203125
0	0.015625
0	0.0546875
0	0.203125
0	1
0	0.015625
0	1
0	0.03125
0	0.0234375
0	0.226562
0	0.109375
0	1
0	0.046875
0	0.078125
0	0.0078125
0	1
0	1
0	0.0234375
0	0.203125
0	1
0	0.046875
0	0.015625
0	0.117188
0	0.015625
0	0.226562
0	1
0	0.015625
0	0.0546875
0	1
0	0.0234375
0	0.0390625
0	0.046875
0	1
0	0.015625
0	0.015625
0	0.046875
0	0.117188
0	0.0546875
0	0.0234375
0	0.0234375
0	1
0	0.078125
0	0.226562
0	0.046875


