# Persistence diagram <GML/0086.gml>
#
# Dimension   : 0
# Entries     : 251
# Betti number: 4
0	inf
0	1
0	1
0	1
0	inf
0	0.120301
0	1
0	0.0827068
0	1
0	1
0	1
0	1
0	1
0	1
0	1
0	0.120301
0	0.0827068
0	1
0	1
0	1
0	1
0	0.037594
0	1
0	1
0	0.0526316
0	0.0827068
0	1
0	0.0526316
0	1
0	0.120301
0	1
0	0.0225564
0	0.0526316
0	1
0	0.0225564
0	0.0150376
0	0.0150376
0	1
0	1
0	1
0	1
0	1
0	inf
0	1
0	0.120301
0	1
0	0.0225564
0	0.0225564
0	1
0	0.037594
0	0.0225564
0	1
0	1
0	1
0	0.037594
0	0.0300752
0	1
0	1
0	1
0	1
0	0.037594
0	1
0	1
0	1
0	0.120301
0	0.0300752
0	1
0	0.0451128
0	1
0	0.120301
0	0.0300752
0	0.0827068
0	0.0526316
0	1
0	0.0225564
0	1
0	1
0	0.0225564
0	1
0	0.0225564
0	0.0150376
0	1
0	0.0225564
0	0.037594
0	0.0150376
0	1
0	1
0	1
0	1
0	0.037594
0	0.0225564
0	0.0526316
0	1
0	1
0	0.0451128
0	0.0300752
0	0.0451128
0	0.0225564
0	1
0	1
0	0.0451128
0	1
0	0.037594
0	0.037594
0	1
0	1
0	1
0	1
0	1
0	0.0526316
0	0.120301
0	0.0225564
0	0.0150376
0	1
0	0.0225564
0	0.037594
0	1
0	0.120301
0	0.0150376
0	1
0	1
0	1
0	1
0	1
0	1
0	0.120301
0	0.0150376
0	0.0526316
0	1
0	0.0225564
0	1
0	1
0	0.0526316
0	0.120301
0	inf
0	1
0	0.120301
0	0.0150376
0	1
0	1
0	1
0	0.0526316
0	0.0150376
0	1
0	0.0150376
0	0.0075188
0	1
0	1
0	0.0225564
0	1
0	0.0300752
0	0.0827068
0	0.037594
0	0.0150376
0	1
0	1
0	1
0	1
0	1
0	0.0451128
0	0.0150376
0	0.0451128
0	1
0	1
0	1
0	0.0150376
0	0.0225564
0	0.037594
0	0.0075188
0	1
0	0.0150376
0	0.037594
0	0.0225564
0	0.120301
0	0.037594
0	1
0	0.0225564
0	1
0	0.0451128
0	0.0150376
0	1
0	0.0150376
0	1
0	0.0150376
0	1
0	0.0225564
0	0.0150376
0	0.0150376
0	1
0	0.0150376
0	0.0225564
0	1
0	0.0225564
0	0.037594
0	0.0225564
0	0.0225564
0	1
0	1
0	0.0526316
0	0.0075188
0	0.037594
0	0.0300752
0	1
0	0.0150376
0	0.0827068
0	0.0225564
0	1
0	0.0827068
0	0.0150376
0	0.0150376
0	0.0150376
0	1
0	1
0	0.0150376
0	1
0	0.0150376
0	0.0225564
0	1
0	0.0150376
0	0.0150376
0	1
0	0.0225564
0	1
0	0.0150376
0	0.0150376
0	0.0225564
0	1
0	1
0	0.0225564
0	0.0150376
0	1
0	1
0	0.0300752
0	0.0827068
0	0.0150376
0	1
0	1
0	0.037594
0	1
0	1
0	0.120301
0	0.0150376
0	0.037594
0	1
0	1
0	0.0150376
0	0.037594
0	0.120301
0	0.0150376
0	1
0	0.0150376


