# Persistence diagram <GML/0091.gml>
#
# Dimension   : 0
# Entries     : 1155
# Betti number: 6
0	inf
0	1
0	0.0277778
0	1
0	1
0	0.0173611
0	1
0	0.0173611
0	1
0	0.0399306
0	0.015625
0	0.0295139
0	0.0381944
0	0.0121528
0	1
0	0.015625
0	0.0208333
0	1
0	1
0	1
0	1
0	0.0173611
0	1
0	0.0260417
0	1
0	1
0	0.0104167
0	1
0	0.0104167
0	0.0451389
0	0.0121528
0	0.0104167
0	0.0104167
0	0.0104167
0	0.00694444
0	0.0190972
0	0.0173611
0	1
0	0.00347222
0	1
0	0.0173611
0	1
0	0.0121528
0	1
0	1
0	1
0	0.0451389
0	0.0104167
0	0.0104167
0	1
0	1
0	1
0	0.0173611
0	1
0	0.0416667
0	0.0208333
0	1
0	0.0121528
0	1
0	1
0	0.00868056
0	1
0	0.00868056
0	0.0104167
0	0.0399306
0	1
0	0.0208333
0	0.0104167
0	0.00868056
0	0.0138889
0	1
0	0.0277778
0	0.0399306
0	0.00868056
0	1
0	1
0	1
0	1
0	1
0	1
0	0.0121528
0	1
0	0.00520833
0	1
0	0.00868056
0	1
0	0.0295139
0	0.0104167
0	1
0	0.0138889
0	0.00694444
0	1
0	1
0	0.0104167
0	1
0	0.0121528
0	1
0	0.00520833
0	0.0208333
0	1
0	0.0208333
0	1
0	0.0399306
0	1
0	0.0190972
0	0.0173611
0	0.0451389
0	1
0	1
0	0.0260417
0	1
0	0.00868056
0	1
0	0.0295139
0	0.0190972
0	1
0	0.0138889
0	1
0	0.00868056
0	1
0	0.0208333
0	1
0	0.0208333
0	0.00868056
0	0.00868056
0	0.0399306
0	0.0138889
0	1
0	0.0208333
0	0.0121528
0	0.0399306
0	1
0	0.0121528
0	1
0	0.015625
0	1
0	0.0173611
0	1
0	0.0121528
0	1
0	0.0104167
0	0.0295139
0	0.0381944
0	0.0451389
0	0.0121528
0	0.00868056
0	1
0	1
0	1
0	1
0	0.0121528
0	1
0	0.015625
0	1
0	0.0381944
0	0.015625
0	0.0138889
0	0.0295139
0	1
0	0.0104167
0	1
0	1
0	0.0451389
0	0.0295139
0	0.0121528
0	1
0	1
0	0.0399306
0	0.0208333
0	0.00520833
0	0.0399306
0	1
0	0.0138889
0	0.0277778
0	1
0	0.0121528
0	1
0	0.0121528
0	0.00347222
0	1
0	0.00520833
0	1
0	1
0	0.0121528
0	0.0104167
0	1
0	1
0	1
0	0.0138889
0	0.0399306
0	1
0	1
0	1
0	0.0295139
0	0.00694444
0	0.0173611
0	0.0399306
0	0.00520833
0	0.00520833
0	0.0399306
0	1
0	1
0	0.00868056
0	0.0104167
0	1
0	0.0104167
0	1
0	1
0	0.0173611
0	1
0	0.0121528
0	0.0208333
0	1
0	0.00868056
0	1
0	0.0104167
0	0.00694444
0	1
0	1
0	1
0	1
0	1
0	0.0173611
0	1
0	0.00868056
0	0.0173611
0	inf
0	0.00694444
0	0.00694444
0	0.0138889
0	0.00520833
0	1
0	1
0	0.00520833
0	0.0399306
0	1
0	1
0	0.0121528
0	0.0416667
0	1
0	1
0	0.0104167
0	1
0	1
0	0.00520833
0	0.00694444
0	1
0	0.00347222
0	0.0104167
0	1
0	0.00520833
0	0.0138889
0	0.015625
0	1
0	0.0121528
0	0.0277778
0	0.00520833
0	0.0104167
0	0.00694444
0	0.00694444
0	0.0295139
0	0.00520833
0	0.00520833
0	1
0	0.00520833
0	0.00868056
0	0.00868056
0	0.0208333
0	0.0173611
0	1
0	0.0381944
0	0.00520833
0	1
0	0.00868056
0	1
0	1
0	1
0	0.00520833
0	0.00520833
0	0.0208333
0	0.0399306
0	inf
0	1
0	1
0	0.0138889
0	1
0	0.0451389
0	1
0	0.00694444
0	0.00347222
0	0.0121528
0	1
0	0.0173611
0	1
0	0.00347222
0	0.0121528
0	0.0208333
0	0.0399306
0	1
0	0.0208333
0	1
0	0.0121528
0	0.00520833
0	1
0	0.0121528
0	1
0	1
0	1
0	1
0	1
0	0.015625
0	0.00347222
0	1
0	1
0	0.0208333
0	inf
0	0.0260417
0	0.00520833
0	0.00868056
0	0.0121528
0	1
0	0.0138889
0	0.0399306
0	0.0173611
0	0.0104167
0	1
0	1
0	0.00173611
0	1
0	1
0	1
0	0.00694444
0	0.0104167
0	0.0208333
0	0.0190972
0	1
0	0.0173611
0	1
0	1
0	0.0277778
0	1
0	0.0104167
0	1
0	0.00868056
0	1
0	1
0	0.0121528
0	1
0	0.0104167
0	0.0104167
0	0.0104167
0	0.0104167
0	1
0	1
0	1
0	0.00347222
0	1
0	0.0121528
0	0.0416667
0	1
0	1
0	0.0208333
0	0.0104167
0	1
0	1
0	0.0104167
0	0.00868056
0	0.0208333
0	0.0260417
0	1
0	1
0	1
0	1
0	1
0	1
0	1
0	1
0	0.00694444
0	1
0	1
0	0.00868056
0	0.0451389
0	1
0	1
0	0.0208333
0	0.015625
0	0.0104167
0	0.00694444
0	1
0	0.0208333
0	1
0	0.0104167
0	0.0399306
0	0.00868056
0	0.00520833
0	0.00694444
0	0.0121528
0	0.0104167
0	1
0	1
0	1
0	0.00347222
0	0.0208333
0	0.00694444
0	0.0104167
0	0.00694444
0	0.0104167
0	1
0	0.0121528
0	0.00520833
0	1
0	0.00868056
0	1
0	1
0	0.0121528
0	0.00694444
0	1
0	1
0	1
0	1
0	0.00868056
0	0.0190972
0	0.0399306
0	0.00694444
0	0.0121528
0	1
0	0.0381944
0	0.00694444
0	0.015625
0	1
0	1
0	0.00173611
0	1
0	0.00694444
0	0.00868056
0	1
0	0.0295139
0	0.00868056
0	1
0	1
0	0.00694444
0	0.00347222
0	0.0121528
0	0.0190972
0	1
0	1
0	0.0173611
0	0.0451389
0	0.0451389
0	0.00868056
0	0.00868056
0	1
0	0.00520833
0	1
0	0.0190972
0	0.00694444
0	0.00694444
0	1
0	0.0121528
0	0.015625
0	1
0	0.0121528
0	0.0399306
0	0.00694444
0	0.00347222
0	0.00868056
0	0.0138889
0	0.0451389
0	0.0190972
0	0.00694444
0	1
0	1
0	0.0121528
0	1
0	0.0416667
0	1
0	0.00868056
0	0.0104167
0	0.00173611
0	0.00347222
0	1
0	0.00868056
0	0.0121528
0	0.0121528
0	1
0	0.00520833
0	1
0	0.0277778
0	1
0	0.0138889
0	1
0	0.00694444
0	0.00520833
0	0.00694444
0	1
0	0.0138889
0	1
0	0.015625
0	0.0295139
0	1
0	1
0	0.0399306
0	1
0	1
0	0.00694444
0	0.00520833
0	0.0208333
0	0.0399306
0	0.00694444
0	1
0	0.0121528
0	1
0	1
0	1
0	0.00868056
0	0.0173611
0	0.0104167
0	1
0	0.00520833
0	0.0104167
0	0.0416667
0	1
0	0.0104167
0	1
0	0.00868056
0	0.00868056
0	1
0	1
0	0.0399306
0	0.0208333
0	1
0	1
0	0.0208333
0	1
0	1
0	0.00868056
0	0.0104167
0	1
0	1
0	1
0	1
0	1
0	0.00520833
0	0.0399306
0	0.0121528
0	0.00694444
0	1
0	0.00694444
0	1
0	1
0	0.0208333
0	0.0138889
0	0.00694444
0	1
0	0.00520833
0	1
0	0.00520833
0	0.00520833
0	0.00694444
0	0.00694444
0	0.00520833
0	1
0	0.0381944
0	0.00694444
0	0.0104167
0	0.0173611
0	1
0	1
0	0.00347222
0	1
0	1
0	1
0	0.0451389
0	1
0	0.0121528
0	0.0399306
0	1
0	1
0	0.00694444
0	1
0	1
0	0.0173611
0	1
0	0.00694444
0	1
0	1
0	0.0104167
0	0.0295139
0	0.00520833
0	1
0	0.00520833
0	0.0104167
0	1
0	1
0	1
0	0.0121528
0	0.0104167
0	0.00347222
0	0.0173611
0	0.00694444
0	0.00520833
0	0.00694444
0	1
0	1
0	1
0	0.00347222
0	0.00347222
0	0.00868056
0	0.0295139
0	0.0260417
0	0.0138889
0	1
0	1
0	0.00868056
0	0.00868056
0	0.0277778
0	1
0	1
0	0.00520833
0	0.0399306
0	1
0	0.0173611
0	0.00868056
0	1
0	0.0399306
0	1
0	0.0121528
0	0.00694444
0	1
0	0.0121528
0	1
0	0.0138889
0	1
0	0.0138889
0	1
0	0.00868056
0	1
0	0.0208333
0	0.0451389
0	0.0260417
0	0.00520833
0	1
0	0.00694444
0	0.00868056
0	1
0	0.00694444
0	0.00520833
0	1
0	inf
0	0.0260417
0	0.0208333
0	0.0208333
0	1
0	1
0	1
0	0.00694444
0	0.0121528
0	0.0399306
0	0.00520833
0	0.00347222
0	1
0	1
0	0.00347222
0	0.00520833
0	1
0	0.0277778
0	0.00868056
0	0.00347222
0	0.0451389
0	0.0104167
0	1
0	1
0	1
0	1
0	0.00347222
0	1
0	1
0	0.0399306
0	1
0	0.00868056
0	1
0	0.0399306
0	0.0138889
0	0.0295139
0	0.0381944
0	0.00520833
0	1
0	1
0	0.00868056
0	0.00868056
0	1
0	0.0104167
0	0.0399306
0	0.00347222
0	0.0399306
0	0.0190972
0	0.00347222
0	0.00520833
0	0.00694444
0	0.0208333
0	0.00868056
0	0.0399306
0	0.00868056
0	0.00347222
0	1
0	0.0104167
0	0.00520833
0	1
0	0.0381944
0	1
0	0.00520833
0	1
0	1
0	1
0	0.00347222
0	1
0	0.00347222
0	1
0	0.00347222
0	0.0121528
0	0.00868056
0	0.00520833
0	0.0138889
0	1
0	1
0	0.0399306
0	1
0	0.0399306
0	0.00347222
0	0.00347222
0	0.00520833
0	1
0	1
0	1
0	1
0	0.0121528
0	0.00694444
0	0.00868056
0	0.0190972
0	0.00694444
0	0.00520833
0	0.0173611
0	0.00520833
0	0.00520833
0	0.00347222
0	1
0	0.00520833
0	1
0	0.00347222
0	0.00520833
0	1
0	1
0	0.00520833
0	0.00868056
0	1
0	0.00347222
0	0.0416667
0	0.0416667
0	0.00694444
0	1
0	0.00694444
0	1
0	0.00694444
0	inf
0	0.0104167
0	0.00694444
0	0.00694444
0	0.00520833
0	0.0399306
0	0.00868056
0	0.0260417
0	0.00868056
0	0.00520833
0	1
0	1
0	0.0277778
0	0.00347222
0	0.00520833
0	1
0	0.00347222
0	0.00694444
0	0.00347222
0	1
0	0.0277778
0	0.0277778
0	0.0208333
0	0.0295139
0	0.0399306
0	0.00868056
0	1
0	1
0	0.00347222
0	0.0104167
0	1
0	1
0	1
0	0.00520833
0	0.00694444
0	1
0	1
0	0.00520833
0	0.00520833
0	1
0	0.0260417
0	0.00520833
0	0.00868056
0	1
0	0.00347222
0	0.0121528
0	0.0399306
0	0.0121528
0	0.0190972
0	0.00520833
0	0.00520833
0	1
0	1
0	1
0	0.00520833
0	0.0381944
0	0.0104167
0	1
0	0.00520833
0	0.00347222
0	0.0381944
0	1
0	1
0	0.0121528
0	0.0121528
0	1
0	0.00347222
0	1
0	0.00868056
0	0.0138889
0	0.0138889
0	0.00868056
0	0.00520833
0	0.00347222
0	1
0	0.00520833
0	1
0	1
0	0.0399306
0	1
0	0.00347222
0	0.00347222
0	0.00520833
0	0.00694444
0	1
0	0.0399306
0	1
0	1
0	0.00347222
0	0.0190972
0	0.00868056
0	0.0399306
0	0.00694444
0	1
0	1
0	0.0104167
0	0.00520833
0	0.0399306
0	0.0260417
0	0.00694444
0	0.0138889
0	0.00520833
0	0.0173611
0	1
0	0.00868056
0	0.00694444
0	0.00347222
0	0.00347222
0	1
0	0.00520833
0	0.0381944
0	0.0208333
0	0.00868056
0	0.0104167
0	1
0	1
0	1
0	0.00694444
0	0.0416667
0	0.00868056
0	0.0138889
0	0.015625
0	0.0190972
0	1
0	0.00347222
0	0.00520833
0	0.00520833
0	0.00694444
0	0.015625
0	1
0	0.00347222
0	1
0	1
0	1
0	0.00347222
0	0.00694444
0	1
0	0.00520833
0	1
0	1
0	1
0	1
0	0.00347222
0	1
0	1
0	0.0451389
0	1
0	1
0	0.00520833
0	1
0	0.0104167
0	1
0	0.00694444
0	0.0138889
0	1
0	1
0	1
0	1
0	0.0104167
0	0.0208333
0	1
0	0.0104167
0	0.0121528
0	1
0	0.0381944
0	1
0	0.00520833
0	0.00347222
0	0.0104167
0	1
0	0.0260417
0	1
0	1
0	1
0	1
0	1
0	0.0121528
0	1
0	0.00347222
0	0.00347222
0	0.00694444
0	1
0	0.0121528
0	0.00347222
0	0.00347222
0	1
0	1
0	0.00520833
0	1
0	0.00694444
0	0.00868056
0	0.00868056
0	0.00347222
0	1
0	1
0	0.00868056
0	0.00347222
0	1
0	1
0	0.00347222
0	0.00520833
0	1
0	0.015625
0	1
0	1
0	0.0451389
0	0.00868056
0	0.0104167
0	0.00347222
0	0.0399306
0	0.00694444
0	1
0	1
0	0.0260417
0	0.00520833
0	1
0	0.0104167
0	1
0	0.0138889
0	0.0416667
0	1
0	0.0104167
0	0.0208333
0	0.00520833
0	0.00347222
0	1
0	0.00347222
0	0.0295139
0	1
0	1
0	0.00347222
0	0.0104167
0	0.00694444
0	0.00694444
0	1
0	1
0	0.00347222
0	0.0173611
0	0.00694444
0	0.0260417
0	0.00520833
0	0.00347222
0	0.0121528
0	1
0	1
0	0.00520833
0	1
0	0.0173611
0	1
0	0.00694444
0	0.00694444
0	0.0190972
0	0.00520833
0	0.0208333
0	0.00347222
0	0.00520833
0	0.00520833
0	1
0	0.00868056
0	0.0399306
0	0.0104167
0	0.0190972
0	1
0	0.00694444
0	1
0	0.00347222
0	1
0	0.00520833
0	0.0138889
0	0.0399306
0	0.0399306
0	0.0104167
0	0.0208333
0	1
0	0.00694444
0	0.00520833
0	0.00347222
0	1
0	1
0	0.0173611
0	1
0	0.0138889
0	0.00694444
0	1
0	0.00347222
0	0.0208333
0	0.00694444
0	0.0121528
0	0.00520833
0	0.00694444
0	1
0	0.00520833
0	0.00347222
0	1
0	1
0	0.00520833
0	0.00347222
0	0.00520833
0	1
0	0.00520833
0	1
0	0.00868056
0	1
0	0.00520833
0	0.0381944
0	0.00520833
0	1
0	1
0	0.00520833
0	0.0121528
0	0.00694444
0	0.00868056
0	0.00347222
0	1
0	1
0	0.0104167
0	1
0	0.0208333
0	0.00868056
0	1
0	0.0399306
0	0.0104167
0	0.00520833
0	1
0	1
0	1
0	0.00347222
0	1
0	1
0	0.00868056
0	1
0	0.00347222
0	0.0399306
0	1
0	0.00347222
0	1
0	0.0138889
0	1
0	1
0	1
0	0.00347222
0	0.0121528
0	0.00347222
0	0.00347222
0	0.00347222
0	1
0	1
0	0.0121528
0	0.0104167
0	0.00347222
0	1
0	1
0	0.0138889
0	0.00694444
0	0.0121528
0	1
0	0.0121528
0	0.00694444
0	1
0	0.0121528
0	0.00347222
0	0.00868056
0	0.00520833
0	1
0	0.00520833
0	0.0208333
0	1
0	0.00347222
0	1
0	1
0	0.00868056
0	1
0	1
0	1
0	0.00694444
0	0.00173611
0	1
0	0.00868056
0	0.0104167
0	1
0	0.0173611
0	1
0	1
0	1
0	1
0	0.00694444
0	0.00694444
0	0.0121528
0	0.00868056
0	0.00347222
0	1
0	0.00347222


