# Persistence diagram <GML/0092.gml>
#
# Dimension   : 1
# Entries     : 139
# Betti number: 138
0.0159574	inf
0.0212766	inf
0.0239362	inf
0.0239362	inf
0.0239362	inf
0.0239362	inf
0.0239362	inf
0.0265957	inf
0.0265957	inf
0.0265957	inf
0.0265957	inf
0.0265957	inf
0.0292553	inf
0.0292553	inf
0.0292553	inf
0.0292553	1
0.0319149	inf
0.0319149	inf
0.0319149	inf
0.037234	inf
0.037234	inf
0.037234	inf
0.037234	inf
0.037234	inf
0.037234	inf
0.037234	inf
0.037234	inf
0.0398936	inf
0.0398936	inf
0.0398936	inf
0.0398936	inf
0.0398936	inf
0.0398936	inf
0.0398936	inf
0.0398936	inf
0.0398936	inf
0.0398936	inf
0.0398936	inf
0.0558511	inf
0.0558511	inf
0.0558511	inf
0.0558511	inf
0.0558511	inf
0.0558511	inf
0.0558511	inf
0.0558511	inf
0.0558511	inf
0.0585106	inf
0.0585106	inf
0.0585106	inf
0.0585106	inf
0.0585106	inf
0.0585106	inf
0.0585106	inf
0.0585106	inf
0.0585106	inf
0.0585106	inf
0.0585106	inf
0.0718085	inf
0.0718085	inf
0.0718085	inf
0.0718085	inf
0.0718085	inf
0.0718085	inf
0.0718085	inf
0.0718085	inf
0.0718085	inf
0.0718085	inf
0.0718085	inf
0.0718085	inf
0.0718085	inf
0.0718085	inf
0.0718085	inf
0.0718085	inf
0.0718085	inf
0.0718085	inf
0.0718085	inf
0.0718085	inf
0.0718085	inf
0.0718085	inf
0.0718085	inf
0.0718085	inf
0.0718085	inf
0.0718085	inf
1	inf
1	inf
1	inf
1	inf
1	inf
1	inf
1	inf
1	inf
1	inf
1	inf
1	inf
1	inf
1	inf
1	inf
1	inf
1	inf
1	inf
1	inf
1	inf
1	inf
1	inf
1	inf
1	inf
1	inf
1	inf
1	inf
1	inf
1	inf
1	inf
1	inf
1	inf
1	inf
1	inf
1	inf
1	inf
1	inf
1	inf
1	inf
1	inf
1	inf
1	inf
1	inf
1	inf
1	inf
1	inf
1	inf
1	inf
1	inf
1	inf
1	inf
1	inf
1	inf
1	inf
1	inf
1	inf
