# Persistence diagram <GML/0095.gml>
#
# Dimension   : 0
# Entries     : 791
# Betti number: 9
0	inf
0	1
0	1
0	0.0555556
0	1
0	0.0661376
0	0.0291005
0	inf
0	0.0185185
0	0.047619
0	1
0	0.015873
0	1
0	1
0	0.0132275
0	1
0	0.021164
0	1
0	0.021164
0	0.0185185
0	0.026455
0	1
0	0.042328
0	0.031746
0	0.0291005
0	0.0793651
0	1
0	0.015873
0	0.047619
0	0.015873
0	1
0	0.026455
0	0.0132275
0	0.015873
0	0.0132275
0	1
0	0.021164
0	1
0	1
0	0.010582
0	0.015873
0	1
0	1
0	0.0132275
0	1
0	0.0238095
0	0.042328
0	1
0	1
0	1
0	1
0	1
0	0.021164
0	0.026455
0	0.0291005
0	0.021164
0	1
0	1
0	0.015873
0	1
0	inf
0	1
0	0.021164
0	0.0132275
0	0.031746
0	1
0	0.00793651
0	1
0	1
0	0.0661376
0	0.037037
0	0.0026455
0	1
0	0.015873
0	1
0	0.0661376
0	1
0	0.0238095
0	0.0132275
0	0.00529101
0	0.0185185
0	0.0291005
0	0.010582
0	1
0	0.010582
0	1
0	1
0	0.015873
0	0.015873
0	1
0	0.0582011
0	1
0	1
0	0.042328
0	0.0185185
0	0.0132275
0	0.0661376
0	0.015873
0	0.0132275
0	0.015873
0	0.015873
0	0.010582
0	0.0132275
0	1
0	1
0	1
0	1
0	0.026455
0	0.0132275
0	0.021164
0	0.042328
0	1
0	0.015873
0	0.0132275
0	0.021164
0	0.00793651
0	1
0	1
0	0.015873
0	0.026455
0	0.00793651
0	1
0	1
0	1
0	1
0	0.00793651
0	0.010582
0	0.015873
0	0.015873
0	0.0291005
0	0.0661376
0	0.047619
0	0.0661376
0	1
0	1
0	1
0	0.010582
0	0.00793651
0	1
0	0.031746
0	1
0	1
0	1
0	1
0	0.0661376
0	0.0185185
0	1
0	0.0132275
0	0.00529101
0	1
0	0.0555556
0	0.00793651
0	0.047619
0	0.010582
0	1
0	inf
0	1
0	0.015873
0	1
0	0.015873
0	1
0	0.0793651
0	0.010582
0	0.021164
0	0.00793651
0	0.010582
0	0.0185185
0	0.021164
0	1
0	1
0	0.00793651
0	0.0661376
0	0.0238095
0	inf
0	0.010582
0	0.015873
0	1
0	0.015873
0	0.010582
0	1
0	1
0	1
0	0.0132275
0	1
0	1
0	1
0	0.021164
0	1
0	0.0793651
0	0.0661376
0	0.0132275
0	0.015873
0	0.010582
0	0.021164
0	0.00793651
0	1
0	0.0132275
0	0.00793651
0	0.0185185
0	1
0	0.026455
0	inf
0	0.0185185
0	0.00529101
0	1
0	0.0132275
0	0.037037
0	0.00529101
0	0.0582011
0	0.0132275
0	0.0132275
0	0.0661376
0	1
0	0.031746
0	1
0	0.037037
0	1
0	1
0	0.0185185
0	1
0	0.00793651
0	0.0132275
0	0.0582011
0	0.0132275
0	0.021164
0	0.015873
0	0.0132275
0	0.0793651
0	1
0	0.0582011
0	0.00793651
0	0.00793651
0	0.00529101
0	0.00793651
0	0.0132275
0	0.015873
0	0.021164
0	0.0132275
0	1
0	1
0	0.010582
0	0.015873
0	0.0582011
0	0.015873
0	0.026455
0	1
0	0.0793651
0	1
0	0.0132275
0	0.0132275
0	0.00529101
0	1
0	1
0	0.0185185
0	1
0	0.0555556
0	0.026455
0	0.015873
0	1
0	0.021164
0	1
0	0.00529101
0	0.00793651
0	0.0793651
0	0.0185185
0	0.015873
0	0.0132275
0	1
0	1
0	0.010582
0	0.0793651
0	1
0	1
0	1
0	0.00793651
0	0.00793651
0	1
0	0.0132275
0	0.026455
0	0.010582
0	0.0132275
0	0.00793651
0	0.0555556
0	1
0	0.0132275
0	0.0132275
0	0.00529101
0	1
0	0.015873
0	0.021164
0	0.0132275
0	1
0	0.021164
0	0.00793651
0	1
0	0.00793651
0	1
0	1
0	0.010582
0	0.021164
0	1
0	1
0	0.042328
0	1
0	0.0132275
0	0.015873
0	0.0132275
0	0.010582
0	0.0185185
0	0.0661376
0	0.0661376
0	1
0	1
0	0.0026455
0	0.0132275
0	0.0291005
0	0.0793651
0	0.00793651
0	1
0	0.00793651
0	0.0238095
0	0.0238095
0	1
0	0.015873
0	1
0	0.0132275
0	1
0	0.00529101
0	1
0	1
0	0.0238095
0	0.015873
0	1
0	0.00793651
0	0.0185185
0	inf
0	0.0132275
0	1
0	1
0	0.010582
0	1
0	0.0582011
0	1
0	0.0291005
0	1
0	0.00793651
0	1
0	1
0	0.00793651
0	1
0	0.0661376
0	0.0555556
0	1
0	0.00529101
0	1
0	0.0132275
0	1
0	0.00793651
0	0.026455
0	0.031746
0	0.00793651
0	0.0132275
0	0.0132275
0	0.00793651
0	1
0	0.0793651
0	1
0	1
0	1
0	1
0	0.0132275
0	0.015873
0	0.0661376
0	0.026455
0	0.0132275
0	0.0132275
0	0.00793651
0	1
0	0.00793651
0	0.010582
0	0.00529101
0	1
0	1
0	1
0	1
0	0.00529101
0	1
0	0.010582
0	0.00793651
0	0.0793651
0	1
0	0.010582
0	inf
0	1
0	1
0	1
0	1
0	0.00793651
0	0.0132275
0	0.0793651
0	1
0	1
0	0.0661376
0	1
0	1
0	0.0661376
0	0.00529101
0	0.015873
0	0.021164
0	0.0132275
0	1
0	0.0026455
0	0.015873
0	1
0	0.015873
0	0.0026455
0	0.00529101
0	0.021164
0	1
0	1
0	0.00793651
0	0.0661376
0	0.0185185
0	1
0	0.00793651
0	1
0	0.0132275
0	1
0	1
0	0.015873
0	0.0132275
0	0.00529101
0	0.00793651
0	0.0793651
0	0.0026455
0	1
0	0.00793651
0	0.026455
0	0.0185185
0	1
0	0.042328
0	1
0	0.00793651
0	0.00793651
0	1
0	0.0026455
0	1
0	0.0793651
0	0.00793651
0	0.00793651
0	1
0	0.010582
0	1
0	1
0	1
0	0.0582011
0	1
0	0.0132275
0	1
0	1
0	0.00529101
0	1
0	0.042328
0	0.0132275
0	inf
0	0.015873
0	0.00529101
0	0.021164
0	0.0555556
0	1
0	0.026455
0	1
0	0.026455
0	1
0	1
0	1
0	0.00529101
0	0.0185185
0	0.015873
0	0.015873
0	0.0661376
0	0.015873
0	0.00529101
0	0.00529101
0	0.0132275
0	1
0	0.031746
0	0.021164
0	1
0	1
0	0.021164
0	0.0661376
0	0.0555556
0	0.021164
0	1
0	0.0793651
0	1
0	0.0132275
0	0.010582
0	0.047619
0	0.015873
0	0.0661376
0	0.047619
0	0.0185185
0	0.015873
0	0.00529101
0	1
0	1
0	0.0793651
0	0.0661376
0	1
0	0.0582011
0	1
0	1
0	0.0185185
0	0.00529101
0	1
0	0.00793651
0	0.0238095
0	0.0238095
0	0.00793651
0	1
0	0.00793651
0	0.00793651
0	1
0	1
0	0.042328
0	1
0	1
0	0.037037
0	1
0	0.00793651
0	0.031746
0	0.0132275
0	1
0	0.0132275
0	1
0	0.015873
0	0.0132275
0	0.015873
0	1
0	1
0	1
0	0.026455
0	0.010582
0	0.015873
0	1
0	0.0661376
0	0.026455
0	0.010582
0	0.015873
0	1
0	0.0132275
0	1
0	0.0132275
0	0.00793651
0	1
0	0.0185185
0	0.015873
0	1
0	1
0	1
0	0.015873
0	0.0661376
0	1
0	0.015873
0	0.0185185
0	0.00529101
0	1
0	0.042328
0	0.0661376
0	1
0	1
0	0.021164
0	1
0	1
0	0.0132275
0	1
0	1
0	1
0	1
0	1
0	0.00793651
0	1
0	1
0	0.010582
0	0.010582
0	1
0	0.0291005
0	1
0	1
0	0.042328
0	0.010582
0	0.00529101
0	1
0	0.015873
0	0.015873
0	0.010582
0	0.0661376
0	0.0185185
0	0.00529101
0	0.015873
0	0.0132275
0	0.015873
0	1
0	1
0	0.0661376
0	0.00529101
0	0.00793651
0	0.0793651
0	0.015873
0	1
0	0.0793651
0	1
0	1
0	1
0	0.0132275
0	1
0	0.010582
0	1
0	1
0	0.010582
0	0.00529101
0	0.0793651
0	1
0	1
0	0.00793651
0	0.010582
0	0.010582
0	0.0132275
0	0.0132275
0	1
0	1
0	1
0	0.010582
0	0.00793651
0	0.00529101
0	0.0132275
0	0.0661376
0	1
0	1
0	1
0	0.010582
0	1
0	0.00529101
0	1
0	0.0132275
0	0.00793651
0	0.0238095
0	0.015873
0	0.00529101
0	0.021164
0	0.00793651
0	0.0238095
0	1
0	0.031746
0	1
0	0.010582
0	0.015873
0	0.0026455
0	0.015873
0	0.00793651
0	0.015873
0	1
0	0.015873
0	0.0582011
0	0.010582
0	0.0132275
0	0.00793651
0	1
0	0.010582
0	1
0	1
0	0.00529101
0	0.00529101
0	0.015873
0	0.010582
0	1
0	1
0	0.0185185
0	0.00793651
0	1
0	1
0	0.00793651
0	0.00793651
0	0.015873
0	0.00793651
0	0.00793651
0	0.010582
0	1
0	0.00793651
0	0.010582
0	1
0	1
0	0.010582
0	1
0	0.010582
0	1
0	0.0132275
0	1
0	1
0	0.026455
0	0.00793651
0	0.0582011
0	0.00793651
0	0.0582011
0	0.015873
0	0.0238095
0	1
0	0.00529101
0	0.0185185
0	0.021164
0	0.0291005
0	0.0132275
0	0.026455
0	1
0	0.0238095
0	1
0	0.0661376
0	0.0132275
0	0.00793651
0	1
0	0.021164
0	1
0	1
0	1
0	1
0	1
0	0.0132275
0	0.00529101
0	1
0	0.00529101
0	0.0185185
0	0.00793651
0	1
0	1
0	0.00793651
0	1
0	1
0	1
0	0.00529101
0	0.00529101
0	1
0	1
0	0.010582
0	0.0132275
0	1
0	0.00793651
0	1
0	0.00793651
0	0.0132275
0	0.00529101
0	0.042328
0	0.00529101
0	0.031746
0	1
0	0.015873
0	0.00529101
0	0.042328
0	1
0	0.00793651
0	0.00793651
0	0.026455
0	1
0	0.00529101
0	1
0	0.0132275
0	0.00793651
0	0.0185185
0	0.00529101
0	0.0132275
0	0.00793651
0	1
0	1
0	1
0	0.0185185
0	0.026455
0	1
0	1
0	0.010582
0	0.00529101
0	1
0	1
0	1
0	0.0582011
0	0.015873
0	0.00793651
0	0.010582
0	0.0661376
0	1
0	1


