# Persistence diagram <GML/0104.gml>
#
# Dimension   : 1
# Entries     : 81
# Betti number: 81
0.0431034	inf
0.0603448	inf
0.0603448	inf
0.0603448	inf
0.0603448	inf
0.0603448	inf
0.0603448	inf
0.0603448	inf
0.0603448	inf
0.0603448	inf
0.0689655	inf
0.0689655	inf
0.0689655	inf
0.0689655	inf
0.0775862	inf
0.0775862	inf
0.0862069	inf
0.0862069	inf
0.0862069	inf
0.0862069	inf
0.0862069	inf
0.0862069	inf
0.0862069	inf
0.0862069	inf
0.0862069	inf
0.0862069	inf
0.0948276	inf
0.0948276	inf
0.0948276	inf
0.0948276	inf
0.0948276	inf
0.0948276	inf
0.0948276	inf
0.0948276	inf
0.0948276	inf
0.0948276	inf
0.0948276	inf
0.0948276	inf
0.0948276	inf
0.0948276	inf
0.112069	inf
0.112069	inf
0.112069	inf
0.112069	inf
0.12931	inf
0.12931	inf
0.12931	inf
0.12931	inf
0.146552	inf
0.146552	inf
0.146552	inf
0.146552	inf
0.146552	inf
0.155172	inf
0.155172	inf
1	inf
1	inf
1	inf
1	inf
1	inf
1	inf
1	inf
1	inf
1	inf
1	inf
1	inf
1	inf
1	inf
1	inf
1	inf
1	inf
1	inf
1	inf
1	inf
1	inf
1	inf
1	inf
1	inf
1	inf
1	inf
1	inf
