# Persistence diagram <GML/0106.gml>
#
# Dimension   : 0
# Entries     : 573
# Betti number: 7
0	inf
0	1
0	1
0	0.0156863
0	1
0	1
0	1
0	1
0	0.027451
0	0.0313725
0	0.027451
0	0.0745098
0	0.0470588
0	0.0392157
0	1
0	0.0392157
0	1
0	0.0470588
0	1
0	0.027451
0	0.027451
0	0.0196078
0	1
0	0.0470588
0	1
0	0.054902
0	0.0784314
0	0.0156863
0	0.0196078
0	0.0156863
0	0.027451
0	1
0	0.00784314
0	0.00784314
0	1
0	1
0	0.027451
0	0.0196078
0	1
0	1
0	0.0352941
0	1
0	1
0	1
0	0.0352941
0	0.027451
0	1
0	0.0509804
0	1
0	0.0470588
0	1
0	0.0431373
0	inf
0	0.0470588
0	1
0	0.027451
0	0.0196078
0	1
0	0.0313725
0	1
0	0.0431373
0	0.027451
0	0.0392157
0	0.0745098
0	1
0	1
0	0.0431373
0	1
0	0.027451
0	0.0392157
0	0.0156863
0	1
0	1
0	0.0235294
0	0.0509804
0	0.0117647
0	1
0	1
0	0.0352941
0	1
0	0.0196078
0	1
0	1
0	0.0784314
0	1
0	1
0	0.0235294
0	0.0745098
0	1
0	1
0	0.027451
0	1
0	1
0	1
0	inf
0	0.0235294
0	0.0392157
0	1
0	0.0784314
0	0.0509804
0	0.0745098
0	inf
0	0.0470588
0	0.0117647
0	0.0156863
0	0.0431373
0	0.0117647
0	0.0235294
0	1
0	0.0352941
0	1
0	0.0117647
0	0.00784314
0	1
0	1
0	0.0509804
0	1
0	0.00784314
0	0.0117647
0	0.0352941
0	0.0352941
0	1
0	0.0196078
0	0.027451
0	0.0352941
0	0.0352941
0	1
0	0.0352941
0	1
0	1
0	0.0470588
0	0.0156863
0	1
0	0.0470588
0	1
0	1
0	inf
0	0.0470588
0	0.0196078
0	0.0784314
0	1
0	1
0	1
0	0.0313725
0	0.0117647
0	1
0	0.0156863
0	0.0352941
0	0.0156863
0	1
0	0.0196078
0	0.0117647
0	0.0235294
0	1
0	0.0235294
0	1
0	0.0509804
0	0.0392157
0	1
0	0.0156863
0	0.0313725
0	0.0392157
0	0.0117647
0	1
0	1
0	1
0	0.0313725
0	0.0117647
0	1
0	0.0117647
0	1
0	1
0	0.0235294
0	0.0509804
0	0.027451
0	1
0	1
0	0.0352941
0	0.0235294
0	1
0	1
0	0.0196078
0	0.0156863
0	0.0156863
0	1
0	0.0235294
0	1
0	1
0	0.0117647
0	1
0	1
0	1
0	0.0352941
0	0.0352941
0	0.0235294
0	0.00784314
0	0.0784314
0	1
0	1
0	0.0235294
0	1
0	0.0745098
0	1
0	0.0196078
0	0.0196078
0	0.0431373
0	0.00784314
0	0.027451
0	0.0235294
0	0.0235294
0	0.0784314
0	1
0	1
0	0.00784314
0	0.0156863
0	inf
0	0.0117647
0	1
0	0.0156863
0	0.0313725
0	0.0156863
0	0.0431373
0	0.027451
0	1
0	0.0196078
0	1
0	0.00784314
0	0.0745098
0	1
0	0.0196078
0	1
0	0.0431373
0	0.0745098
0	0.0117647
0	1
0	1
0	1
0	1
0	0.027451
0	1
0	0.0392157
0	1
0	0.00784314
0	1
0	1
0	1
0	0.0470588
0	0.027451
0	0.0117647
0	0.027451
0	0.027451
0	0.0196078
0	1
0	0.027451
0	0.027451
0	0.0392157
0	1
0	1
0	0.0196078
0	1
0	0.027451
0	0.0117647
0	0.0313725
0	0.0509804
0	0.0509804
0	0.0431373
0	inf
0	0.0235294
0	0.027451
0	1
0	1
0	1
0	1
0	0.0470588
0	0.0235294
0	1
0	0.0156863
0	0.0392157
0	0.0117647
0	1
0	0.0392157
0	0.0117647
0	0.0117647
0	1
0	1
0	0.0156863
0	0.0117647
0	1
0	0.00392157
0	0.0352941
0	1
0	0.00784314
0	0.0117647
0	1
0	0.0196078
0	0.0745098
0	0.0509804
0	0.00784314
0	1
0	0.00392157
0	0.0117647
0	0.0313725
0	1
0	0.054902
0	0.0470588
0	0.00784314
0	0.0745098
0	0.0117647
0	0.0313725
0	0.0392157
0	1
0	0.0235294
0	0.0235294
0	0.00784314
0	0.00784314
0	0.0352941
0	0.027451
0	0.027451
0	0.00784314
0	0.0196078
0	0.0470588
0	1
0	0.054902
0	0.0235294
0	1
0	0.0352941
0	0.0784314
0	1
0	0.027451
0	0.00784314
0	0.0196078
0	0.027451
0	0.0156863
0	0.0156863
0	0.0235294
0	1
0	0.0156863
0	1
0	0.0470588
0	0.0352941
0	0.0196078
0	0.0352941
0	1
0	0.00784314
0	1
0	0.00784314
0	1
0	0.0156863
0	1
0	0.0156863
0	0.00784314
0	0.0156863
0	1
0	0.0117647
0	0.0235294
0	0.00784314
0	0.00784314
0	0.0117647
0	0.00784314
0	1
0	0.0509804
0	0.0470588
0	0.0784314
0	0.0117647
0	0.0745098
0	0.0156863
0	0.027451
0	0.0156863
0	1
0	0.0156863
0	1
0	1
0	0.00784314
0	0.0117647
0	1
0	1
0	1
0	0.0235294
0	0.0235294
0	0.0196078
0	1
0	0.00784314
0	1
0	0.0196078
0	0.00784314
0	0.00784314
0	1
0	1
0	1
0	1
0	0.0235294
0	0.0117647
0	0.00784314
0	0.027451
0	0.0313725
0	0.00784314
0	0.00784314
0	1
0	1
0	0.0313725
0	0.027451
0	0.027451
0	0.0117647
0	0.00784314
0	0.0117647
0	0.0235294
0	1
0	1
0	1
0	1
0	1
0	0.00784314
0	1
0	0.0156863
0	0.0196078
0	0.00784314
0	1
0	0.00784314
0	0.00784314
0	0.00784314
0	0.0470588
0	1
0	1
0	0.0196078
0	1
0	1
0	0.0431373
0	0.0196078
0	1
0	0.027451
0	0.00392157
0	1
0	0.00784314
0	0.0745098
0	1
0	1
0	0.0117647
0	0.0196078
0	0.0235294
0	0.0156863
0	1
0	0.0117647
0	1
0	0.0156863
0	1
0	0.0196078
0	1
0	1
0	1
0	0.0235294
0	0.0470588
0	1
0	1
0	1
0	0.00784314
0	1
0	0.00784314
0	0.0117647
0	1
0	0.0235294
0	1
0	1
0	0.00784314
0	0.0313725
0	0.0117647
0	0.00784314
0	1
0	1
0	0.0392157
0	1
0	0.0509804
0	1
0	1
0	0.0431373
0	0.0196078
0	0.0196078
0	0.0196078
0	0.0509804
0	0.054902
0	0.0196078
0	1
0	1
0	0.0196078
0	1
0	0.00784314
0	0.00784314
0	0.0313725
0	0.027451
0	0.0235294
0	0.027451
0	0.0235294
0	0.0156863
0	0.00784314
0	0.0156863
0	1
0	0.0196078
0	1
0	1
0	1
0	0.0470588
0	1
0	0.0784314
0	0.0470588
0	1
0	1
0	1
0	0.0470588
0	1
0	0.054902
0	1
0	1
0	1
0	1
0	1
0	1
0	0.0745098
0	0.0117647
0	1
0	0.0313725
0	0.0196078
0	0.00784314
0	0.0117647
0	0.00784314
0	0.0117647
0	1
0	1
0	1
0	0.0117647
0	0.0156863
0	0.054902
0	1
0	0.0235294
0	1
0	0.0156863
0	1
0	1
0	0.0196078
0	0.00784314
0	0.00784314
0	1
0	0.00784314
0	0.00784314
0	1
0	0.0313725
0	0.027451
0	0.0117647
0	1
0	1
0	1
0	0.00784314
0	1
0	1
0	0.0784314
0	1
0	0.0117647
0	0.0117647
0	0.00784314
0	0.0196078
0	1
0	0.0117647
0	0.0470588
0	0.0235294
0	0.00784314
0	0.0156863
0	0.0235294
0	1
0	0.0196078
0	0.0117647
0	0.0117647
0	0.0196078
0	0.0784314
0	1
0	1


