# Persistence diagram <GML/0107.gml>
#
# Dimension   : 0
# Entries     : 739
# Betti number: 4
0	inf
0	1
0	1
0	1
0	1
0	1
0	1
0	1
0	0.0177215
0	0.0177215
0	1
0	1
0	1
0	0.043038
0	1
0	0.0481013
0	0.00759494
0	1
0	0.0202532
0	1
0	1
0	1
0	1
0	1
0	0.0481013
0	0.0177215
0	0.0151899
0	1
0	0.0202532
0	1
0	1
0	0.0126582
0	1
0	0.0177215
0	1
0	0.0177215
0	0.0202532
0	1
0	0.0202532
0	0.0151899
0	0.0126582
0	0.0506329
0	1
0	1
0	1
0	0.0202532
0	1
0	1
0	0.0151899
0	0.0202532
0	0.0202532
0	1
0	0.0126582
0	0.0253165
0	1
0	1
0	1
0	1
0	0.0303797
0	1
0	0.0151899
0	0.0227848
0	0.0481013
0	0.0481013
0	0.043038
0	1
0	1
0	0.035443
0	0.0202532
0	1
0	1
0	1
0	1
0	0.0177215
0	1
0	1
0	0.0151899
0	1
0	1
0	1
0	0.0177215
0	0.0126582
0	0.0126582
0	0.0202532
0	0.0101266
0	0.0329114
0	1
0	1
0	0.0481013
0	0.0303797
0	0.0481013
0	0.00759494
0	0.0227848
0	1
0	1
0	1
0	1
0	1
0	1
0	1
0	1
0	0.0227848
0	0.0126582
0	1
0	1
0	0.0202532
0	0.0126582
0	1
0	0.0303797
0	0.0303797
0	0.0177215
0	0.0253165
0	inf
0	0.043038
0	1
0	0.0151899
0	1
0	1
0	0.0506329
0	0.0177215
0	1
0	0.0126582
0	0.043038
0	0.0202532
0	1
0	0.00759494
0	0.00759494
0	1
0	0.0177215
0	1
0	1
0	0.0126582
0	0.0177215
0	1
0	0.0126582
0	0.0506329
0	1
0	0.0202532
0	1
0	0.0177215
0	0.0506329
0	1
0	0.0303797
0	1
0	0.035443
0	0.00759494
0	0.0202532
0	0.0481013
0	0.0126582
0	1
0	1
0	0.0101266
0	0.00759494
0	1
0	1
0	0.0126582
0	0.00759494
0	1
0	0.0101266
0	1
0	0.00759494
0	1
0	1
0	1
0	0.0253165
0	1
0	1
0	0.0329114
0	0.0481013
0	1
0	0.0329114
0	0.0177215
0	1
0	1
0	0.0177215
0	0.0101266
0	1
0	1
0	1
0	1
0	1
0	1
0	1
0	0.043038
0	1
0	1
0	1
0	1
0	1
0	0.0202532
0	1
0	1
0	1
0	0.00759494
0	1
0	1
0	1
0	0.0202532
0	0.0126582
0	0.00759494
0	1
0	0.00759494
0	1
0	0.0101266
0	0.0126582
0	1
0	1
0	0.0303797
0	1
0	1
0	1
0	1
0	0.00506329
0	1
0	1
0	1
0	1
0	0.0506329
0	1
0	0.0329114
0	1
0	0.0126582
0	1
0	1
0	0.00506329
0	1
0	1
0	1
0	1
0	1
0	0.00759494
0	0.00759494
0	1
0	0.0101266
0	0.0126582
0	0.0101266
0	0.0202532
0	1
0	0.0202532
0	1
0	1
0	0.00759494
0	1
0	0.0101266
0	1
0	1
0	0.0126582
0	1
0	1
0	0.043038
0	1
0	1
0	0.0126582
0	0.00759494
0	1
0	0.00506329
0	0.0101266
0	1
0	0.00506329
0	0.00506329
0	1
0	0.0177215
0	0.0126582
0	1
0	1
0	1
0	1
0	1
0	1
0	0.0202532
0	0.0481013
0	inf
0	1
0	0.00759494
0	1
0	1
0	1
0	0.0126582
0	1
0	0.00506329
0	1
0	0.0151899
0	0.00506329
0	0.00759494
0	0.0101266
0	1
0	0.00506329
0	1
0	1
0	0.0202532
0	0.0177215
0	1
0	0.00506329
0	1
0	0.0506329
0	0.00759494
0	1
0	0.0177215
0	1
0	0.0101266
0	1
0	0.0126582
0	1
0	1
0	1
0	1
0	1
0	0.0177215
0	0.0177215
0	0.00506329
0	1
0	1
0	1
0	1
0	0.00506329
0	0.0177215
0	0.043038
0	0.0202532
0	0.0101266
0	1
0	0.0329114
0	0.00506329
0	1
0	1
0	1
0	1
0	0.00759494
0	1
0	0.00506329
0	0.0126582
0	1
0	1
0	1
0	0.043038
0	1
0	0.00506329
0	1
0	1
0	0.043038
0	0.0151899
0	0.0101266
0	1
0	0.0101266
0	1
0	0.0202532
0	0.0101266
0	0.0126582
0	1
0	1
0	0.00506329
0	1
0	0.043038
0	0.0126582
0	1
0	0.0126582
0	1
0	0.00759494
0	1
0	0.0126582
0	1
0	0.0151899
0	0.0303797
0	1
0	0.0202532
0	1
0	1
0	0.00506329
0	0.00506329
0	1
0	1
0	0.0101266
0	0.0481013
0	0.035443
0	0.0177215
0	0.0101266
0	1
0	0.0329114
0	1
0	0.0126582
0	0.00506329
0	0.0253165
0	0.0126582
0	1
0	1
0	0.0481013
0	0.0177215
0	0.0101266
0	0.00506329
0	0.0202532
0	0.00506329
0	1
0	1
0	0.0177215
0	0.0481013
0	0.0151899
0	0.0151899
0	0.0202532
0	1
0	inf
0	0.0253165
0	0.00759494
0	1
0	0.00759494
0	1
0	1
0	0.00506329
0	0.0177215
0	0.0151899
0	1
0	0.0506329
0	0.0481013
0	1
0	0.00506329
0	0.00759494
0	1
0	0.0126582
0	0.0202532
0	0.0101266
0	1
0	0.0303797
0	0.0101266
0	0.00506329
0	1
0	1
0	0.0329114
0	0.00506329
0	1
0	0.0126582
0	0.035443
0	0.0481013
0	1
0	0.0227848
0	0.00759494
0	1
0	1
0	0.0506329
0	0.0177215
0	1
0	0.00759494
0	1
0	0.0202532
0	1
0	0.0329114
0	0.00506329
0	1
0	0.0202532
0	0.00506329
0	0.0126582
0	0.0177215
0	0.0126582
0	0.0151899
0	0.0202532
0	0.00506329
0	1
0	0.0126582
0	1
0	1
0	0.00759494
0	1
0	1
0	1
0	1
0	0.00759494
0	1
0	1
0	0.00759494
0	0.0101266
0	1
0	1
0	1
0	1
0	1
0	0.00759494
0	1
0	1
0	0.00759494
0	1
0	0.00506329
0	1
0	0.00759494
0	0.0177215
0	0.0126582
0	0.0227848
0	1
0	1
0	0.00506329
0	0.0177215
0	1
0	0.00506329
0	1
0	1
0	0.035443
0	1
0	1
0	0.0329114
0	0.00759494
0	0.0202532
0	1
0	0.0101266
0	0.043038
0	0.0101266
0	1
0	1
0	0.0177215
0	0.00759494
0	0.0177215
0	1
0	0.0202532
0	0.0481013
0	0.043038
0	1
0	1
0	0.00759494
0	1
0	0.0202532
0	0.0253165
0	1
0	1
0	1
0	1
0	1
0	1
0	0.00759494
0	1
0	1
0	1
0	0.00759494
0	1
0	0.0101266
0	0.00759494
0	0.0202532
0	0.0177215
0	1
0	0.0101266
0	0.00759494
0	0.0177215
0	0.0126582
0	0.00759494
0	0.0151899
0	0.0481013
0	0.0253165
0	0.0101266
0	1
0	1
0	0.00759494
0	0.0101266
0	0.0227848
0	0.0101266
0	0.0101266
0	1
0	0.0101266
0	0.00253165
0	1
0	1
0	0.0177215
0	0.0101266
0	0.0481013
0	1
0	1
0	0.00759494
0	1
0	1
0	1
0	1
0	0.00506329
0	1
0	0.00506329
0	0.0202532
0	0.00506329
0	0.0101266
0	1
0	0.00759494
0	0.0177215
0	0.0177215
0	1
0	1
0	0.00759494
0	0.0126582
0	0.0101266
0	1
0	1
0	0.00759494
0	0.00759494
0	1
0	1
0	1
0	0.00506329
0	0.00759494
0	1
0	0.00759494
0	0.00506329
0	0.0126582
0	0.00506329
0	1
0	1
0	0.00506329
0	0.0101266
0	1
0	0.0101266
0	0.00506329
0	1
0	0.00759494
0	1
0	0.00759494
0	0.00506329
0	0.0202532
0	0.00506329
0	0.0101266
0	0.00506329
0	1
0	0.00506329
0	0.0101266
0	1
0	1
0	1
0	0.00759494
0	0.00759494
0	0.00759494
0	0.0481013
0	1
0	1
0	1
0	0.0126582
0	0.0202532
0	0.0202532
0	1
0	1
0	0.035443
0	1
0	1
0	0.00506329
0	0.0151899
0	0.00759494
0	0.0202532
0	0.00759494
0	1
0	0.0177215
0	1
0	0.0177215
0	0.00759494
0	1
0	1
0	0.0506329
0	0.00506329
0	0.00506329
0	0.00506329
0	1
0	1
0	0.043038
0	0.00506329
0	1
0	1
0	1
0	1
0	0.00506329
0	0.00506329
0	0.00506329
0	0.00759494
0	0.0126582
0	0.00759494
0	0.0126582
0	0.0506329
0	1
0	0.0126582
0	0.00759494
0	1
0	1
0	0.0177215
0	0.0481013
0	0.00506329
0	0.0227848
0	0.0151899
0	0.0101266
0	0.0151899
0	0.0126582
0	1
0	1
0	0.0126582
0	1
0	0.00759494
0	1
0	0.0506329
0	1
0	1
0	1
0	0.00506329
0	0.00506329
0	0.00506329
0	1
0	1
0	0.0151899
0	1
0	0.0151899
0	0.0481013
0	0.0101266
0	1
0	1
0	1
0	0.00506329
0	0.00506329
0	0.0506329
0	1
0	1
0	1
0	0.00506329
0	1
0	0.00759494
0	0.0253165
0	0.0126582
0	0.0202532
0	0.0177215
0	1
0	0.00506329
0	1
0	0.00759494
0	0.00759494
0	1
0	0.00506329
0	1
0	0.0151899
0	1
0	0.00759494
0	0.0481013
0	0.043038
0	1
0	1
0	1
0	0.00506329
0	1
0	0.00506329
0	0.0177215
0	1
0	0.00506329
0	0.00506329
0	1
0	1
0	0.0481013
0	1
0	0.0506329


