# Persistence diagram <GML/0113.gml>
#
# Dimension   : 0
# Entries     : 226
# Betti number: 2
0	inf
0	1
0	1
0	1
0	1
0	1
0	1
0	1
0	1
0	1
0	1
0	1
0	1
0	1
0	1
0	0.0538462
0	1
0	1
0	1
0	0.0307692
0	1
0	1
0	0.0307692
0	1
0	1
0	0.0538462
0	0.0153846
0	0.0461538
0	0.0769231
0	0.0461538
0	0.0307692
0	1
0	0.0307692
0	0.0153846
0	0.0307692
0	0.0153846
0	0.0461538
0	1
0	1
0	1
0	0.0384615
0	0.0384615
0	1
0	0.0307692
0	0.0461538
0	1
0	1
0	0.0461538
0	0.0230769
0	0.0307692
0	0.0461538
0	0.0307692
0	1
0	0.0230769
0	0.0307692
0	1
0	1
0	0.0153846
0	1
0	0.0384615
0	0.0769231
0	1
0	1
0	0.0538462
0	0.0307692
0	1
0	1
0	1
0	1
0	0.0384615
0	0.0230769
0	1
0	1
0	0.0230769
0	0.0538462
0	1
0	0.0230769
0	1
0	1
0	1
0	0.0307692
0	1
0	0.0230769
0	1
0	0.0153846
0	1
0	0.0307692
0	0.0307692
0	0.0538462
0	0.0461538
0	0.0307692
0	0.0384615
0	0.0384615
0	0.0307692
0	0.0615385
0	1
0	1
0	1
0	1
0	0.0307692
0	1
0	1
0	0.0307692
0	1
0	1
0	1
0	0.0384615
0	0.0769231
0	1
0	0.0384615
0	0.0230769
0	0.0461538
0	0.0769231
0	1
0	1
0	0.0461538
0	0.0153846
0	0.0230769
0	0.0384615
0	0.0153846
0	1
0	0.0307692
0	0.0307692
0	0.0153846
0	0.0153846
0	1
0	1
0	0.0153846
0	0.0307692
0	0.0461538
0	0.0615385
0	1
0	0.0153846
0	1
0	1
0	1
0	1
0	inf
0	1
0	1
0	0.0538462
0	1
0	1
0	0.0153846
0	0.0461538
0	0.0769231
0	1
0	0.0230769
0	0.0230769
0	1
0	0.0230769
0	1
0	1
0	0.0153846
0	1
0	0.0153846
0	0.0153846
0	1
0	0.0153846
0	0.0769231
0	0.00769231
0	1
0	1
0	1
0	1
0	0.0538462
0	0.0538462
0	0.0384615
0	0.0538462
0	0.0153846
0	0.0538462
0	1
0	0.0538462
0	0.0153846
0	0.0615385
0	0.0769231
0	0.0769231
0	0.0153846
0	0.0307692
0	0.0307692
0	0.0538462
0	0.0384615
0	1
0	1
0	1
0	0.0230769
0	1
0	0.0230769
0	1
0	0.0384615
0	0.0153846
0	1
0	0.0230769
0	0.0230769
0	0.0615385
0	0.0153846
0	1
0	0.0153846
0	1
0	1
0	1
0	1
0	0.0230769
0	1
0	1
0	0.0230769
0	1
0	1
0	1
0	0.0230769
0	1
0	0.0153846
0	1
0	0.0769231
0	0.0153846
0	0.0461538
0	0.0153846
0	0.0153846
0	0.0230769
0	0.0230769
0	1
0	0.0153846
0	0.0615385
0	0.0230769
0	0.0230769
0	1


