# Persistence diagram <GML/0114.gml>
#
# Dimension   : 0
# Entries     : 554
# Betti number: 3
0	inf
0	1
0	1
0	0.057971
0	1
0	0.0338164
0	0.0386473
0	1
0	1
0	0.0289855
0	0.0193237
0	0.0772947
0	0.0241546
0	0.0289855
0	1
0	0.0289855
0	0.0483092
0	1
0	0.0386473
0	0.0338164
0	0.0289855
0	inf
0	0.0531401
0	0.0289855
0	0.0772947
0	1
0	0.0289855
0	0.0289855
0	0.0241546
0	0.0483092
0	1
0	1
0	1
0	0.0434783
0	0.057971
0	1
0	1
0	1
0	0.0193237
0	1
0	0.0193237
0	0.0241546
0	1
0	0.0772947
0	0.0193237
0	1
0	0.0772947
0	1
0	0.0289855
0	1
0	0.0821256
0	0.0289855
0	0.10628
0	0.057971
0	0.0241546
0	0.0241546
0	1
0	0.0289855
0	0.0241546
0	1
0	0.0193237
0	1
0	1
0	1
0	1
0	0.0193237
0	0.0241546
0	0.0193237
0	0.0531401
0	1
0	0.0241546
0	1
0	0.0531401
0	0.0821256
0	0.0289855
0	0.0289855
0	0.0531401
0	1
0	0.0241546
0	0.0144928
0	0.057971
0	0.0193237
0	0.00966184
0	0.0193237
0	0.0241546
0	1
0	0.0241546
0	1
0	1
0	0.10628
0	0.0241546
0	1
0	1
0	0.0144928
0	0.10628
0	0.0241546
0	0.0193237
0	1
0	1
0	1
0	1
0	0.0772947
0	0.10628
0	0.0386473
0	0.0193237
0	1
0	0.0338164
0	0.0193237
0	0.0241546
0	0.0289855
0	0.0338164
0	0.0193237
0	1
0	0.00966184
0	0.0241546
0	1
0	0.0772947
0	0.0434783
0	1
0	0.00966184
0	0.0241546
0	0.0241546
0	0.0338164
0	1
0	1
0	0.0289855
0	0.057971
0	1
0	0.0193237
0	0.0338164
0	0.0193237
0	0.00966184
0	0.0193237
0	1
0	1
0	1
0	0.10628
0	0.0386473
0	0.0289855
0	0.00966184
0	0.057971
0	0.0289855
0	1
0	0.0241546
0	0.0193237
0	0.00966184
0	1
0	0.0193237
0	0.0434783
0	0.0193237
0	1
0	0.0289855
0	0.057971
0	0.0193237
0	1
0	0.0289855
0	0.0241546
0	0.0144928
0	1
0	1
0	1
0	0.0193237
0	0.0144928
0	0.0193237
0	0.00966184
0	0.00966184
0	0.0193237
0	1
0	0.057971
0	0.0193237
0	0.0821256
0	0.0772947
0	1
0	1
0	1
0	0.0386473
0	0.10628
0	0.0193237
0	1
0	0.00966184
0	0.00966184
0	1
0	0.0289855
0	0.0289855
0	0.0144928
0	0.0821256
0	1
0	0.0241546
0	1
0	0.00966184
0	0.00966184
0	0.0144928
0	0.00966184
0	0.0193237
0	1
0	1
0	0.0193237
0	0.0338164
0	0.0144928
0	0.0193237
0	0.0144928
0	0.0193237
0	0.10628
0	1
0	0.0144928
0	1
0	0.0144928
0	1
0	0.0193237
0	0.0193237
0	0.0289855
0	1
0	0.10628
0	0.0193237
0	0.0289855
0	1
0	1
0	1
0	0.0241546
0	1
0	1
0	0.0193237
0	0.00966184
0	1
0	0.0144928
0	0.0193237
0	0.0144928
0	0.0144928
0	0.0193237
0	0.0193237
0	1
0	0.0193237
0	0.00966184
0	1
0	1
0	0.0772947
0	1
0	0.10628
0	0.0144928
0	0.0241546
0	1
0	0.00966184
0	0.0144928
0	1
0	1
0	1
0	0.0144928
0	0.0289855
0	0.0193237
0	0.0144928
0	0.0289855
0	0.0144928
0	0.0338164
0	1
0	0.00966184
0	1
0	0.0338164
0	0.0193237
0	0.00966184
0	0.00966184
0	0.0241546
0	0.00966184
0	0.0241546
0	0.0434783
0	0.0193237
0	0.057971
0	0.00966184
0	0.0241546
0	0.0241546
0	0.0193237
0	0.0289855
0	1
0	1
0	1
0	0.0193237
0	0.0241546
0	0.00966184
0	1
0	0.0386473
0	1
0	0.0144928
0	1
0	1
0	0.0144928
0	0.057971
0	0.0144928
0	0.0483092
0	0.0144928
0	0.0144928
0	0.0772947
0	0.0144928
0	0.0338164
0	0.0193237
0	0.0193237
0	0.0289855
0	0.0144928
0	1
0	0.0241546
0	0.0193237
0	1
0	1
0	1
0	0.0289855
0	0.0144928
0	0.0483092
0	1
0	0.10628
0	1
0	0.0241546
0	1
0	1
0	0.0144928
0	0.0241546
0	1
0	0.057971
0	0.0144928
0	0.0144928
0	inf
0	0.0193237
0	1
0	0.10628
0	1
0	0.00483092
0	1
0	0.0144928
0	1
0	0.10628
0	0.0289855
0	0.0241546
0	0.00966184
0	0.0144928
0	0.0386473
0	0.0821256
0	0.00966184
0	0.00966184
0	0.057971
0	0.0193237
0	0.0531401
0	1
0	0.0193237
0	0.0144928
0	0.0193237
0	1
0	0.0144928
0	0.00966184
0	1
0	0.0193237
0	0.0289855
0	0.0338164
0	0.0144928
0	1
0	0.0144928
0	1
0	0.0193237
0	0.0241546
0	0.0144928
0	1
0	1
0	1
0	0.0144928
0	1
0	1
0	0.0193237
0	0.0144928
0	1
0	0.0144928
0	1
0	0.0531401
0	0.0144928
0	1
0	0.0144928
0	0.0193237
0	0.0193237
0	0.0434783
0	0.0241546
0	0.10628
0	0.0144928
0	1
0	1
0	0.00966184
0	1
0	0.0144928
0	0.0289855
0	1
0	0.00966184
0	0.0193237
0	0.00966184
0	1
0	1
0	1
0	1
0	1
0	1
0	0.0434783
0	0.0289855
0	0.0772947
0	0.00966184
0	0.0483092
0	0.0193237
0	0.0193237
0	0.0193237
0	1
0	1
0	0.10628
0	0.0241546
0	0.0772947
0	1
0	0.057971
0	0.0193237
0	1
0	1
0	0.0193237
0	0.0338164
0	0.0144928
0	0.0144928
0	0.00966184
0	0.00966184
0	0.0241546
0	0.0386473
0	0.00966184
0	1
0	0.00966184
0	0.10628
0	0.057971
0	0.00966184
0	0.0289855
0	1
0	0.00966184
0	1
0	0.0144928
0	0.0241546
0	0.00966184
0	0.0821256
0	0.0144928
0	0.00966184
0	1
0	0.0193237
0	0.0386473
0	1
0	0.0289855
0	0.00966184
0	1
0	1
0	0.0241546
0	0.057971
0	1
0	0.00966184
0	0.00966184
0	0.00966184
0	0.0144928
0	1
0	1
0	0.0241546
0	0.0821256
0	0.00966184
0	0.0241546
0	0.0193237
0	1
0	0.00966184
0	0.0144928
0	0.0144928
0	0.0772947
0	1
0	0.00966184
0	0.00966184
0	0.0193237
0	1
0	0.10628
0	1
0	1
0	0.0772947
0	0.0241546
0	0.0241546
0	1
0	0.0821256
0	0.0241546
0	1
0	1
0	0.0193237
0	0.00966184
0	1
0	0.0193237
0	0.00966184
0	0.00966184
0	0.0144928
0	0.0289855
0	0.10628
0	0.0241546
0	0.00966184
0	0.10628
0	0.0241546
0	1
0	0.00966184
0	0.0772947
0	0.0144928
0	0.0144928
0	0.0144928
0	0.0144928
0	0.00966184
0	1
0	0.00966184
0	0.0193237
0	0.0144928
0	1
0	0.0531401
0	0.0193237
0	0.0772947
0	1
0	0.0241546
0	1
0	0.00966184
0	0.00966184
0	0.0434783
0	0.0531401
0	0.0193237
0	1
0	0.0144928
0	0.0144928
0	0.0338164
0	0.0821256
0	0.0144928
0	1
0	1
0	1
0	0.0289855
0	1
0	0.0193237
0	1
0	1
0	0.0193237
0	1
0	0.0483092
0	1
0	1
0	1
0	1
0	1
0	0.0483092
0	1
0	1
0	1
0	0.0144928
0	0.0386473
0	0.0241546
0	0.00966184
0	0.0289855
0	0.0144928
0	0.0144928
0	0.0193237
0	0.0241546
0	0.00966184
0	0.0144928
0	1
0	0.0144928


