# Persistence diagram <GML/0115.gml>
#
# Dimension   : 0
# Entries     : 193
# Betti number: 4
0	inf
0	inf
0	inf
0	0.0882353
0	0.102941
0	0.102941
0	0.0882353
0	0.102941
0	0.147059
0	0.0588235
0	0.0441176
0	0.102941
0	0.147059
0	0.0735294
0	1
0	0.102941
0	1
0	0.0735294
0	1
0	1
0	0.161765
0	1
0	0.0441176
0	0.0882353
0	0.176471
0	1
0	0.0588235
0	0.176471
0	0.0882353
0	0.0735294
0	0.0735294
0	1
0	0.102941
0	0.102941
0	0.0882353
0	0.0588235
0	0.0882353
0	0.0441176
0	1
0	1
0	0.0735294
0	0.102941
0	0.0441176
0	1
0	0.117647
0	1
0	0.147059
0	1
0	1
0	0.161765
0	0.0882353
0	1
0	0.102941
0	0.0735294
0	0.0588235
0	0.0294118
0	0.0882353
0	0.176471
0	1
0	1
0	0.102941
0	0.0441176
0	0.161765
0	0.161765
0	0.0441176
0	0.0588235
0	1
0	0.0294118
0	0.0735294
0	0.0441176
0	0.102941
0	0.0441176
0	0.0441176
0	0.0735294
0	1
0	0.0735294
0	0.0294118
0	0.102941
0	1
0	0.0588235
0	0.161765
0	0.0588235
0	1
0	0.0441176
0	0.0735294
0	0.0588235
0	0.0735294
0	1
0	inf
0	0.102941
0	1
0	0.0441176
0	0.0294118
0	0.117647
0	0.0441176
0	0.0294118
0	0.0441176
0	0.0294118
0	1
0	0.0294118
0	1
0	1
0	0.117647
0	0.102941
0	1
0	1
0	1
0	0.0588235
0	0.147059
0	1
0	1
0	0.102941
0	0.0294118
0	0.161765
0	0.0294118
0	0.0294118
0	0.0294118
0	0.0294118
0	0.0588235
0	1
0	1
0	0.0588235
0	1
0	0.176471
0	1
0	0.117647
0	0.0441176
0	0.0588235
0	0.0294118
0	1
0	1
0	1
0	0.102941
0	1
0	0.176471
0	0.0294118
0	0.102941
0	0.0441176
0	0.147059
0	0.161765
0	0.147059
0	0.0294118
0	1
0	0.0735294
0	0.102941
0	1
0	0.0441176
0	0.0588235
0	0.176471
0	0.0588235
0	0.161765
0	0.0441176
0	0.0294118
0	0.0294118
0	0.0735294
0	1
0	0.0294118
0	1
0	0.176471
0	0.0294118
0	0.0735294
0	1
0	0.0441176
0	1
0	1
0	1
0	0.0294118
0	1
0	1
0	1
0	1
0	1
0	0.102941
0	0.176471
0	0.0294118
0	0.0441176
0	1
0	0.117647
0	1
0	0.102941
0	0.0441176
0	0.0294118
0	1
0	0.117647
0	0.176471
0	0.0735294
0	0.0441176
0	0.0735294
0	0.0441176
0	0.102941
0	0.0588235
0	1
0	0.161765


