# Persistence diagram <GML/0125.gml>
#
# Dimension   : 1
# Entries     : 81
# Betti number: 81
0.0224359	inf
0.0224359	inf
0.0224359	inf
0.0224359	inf
0.0224359	inf
0.025641	inf
0.025641	inf
0.025641	inf
0.0288462	inf
0.0288462	inf
0.0288462	inf
0.0288462	inf
0.0288462	inf
0.0288462	inf
0.0288462	inf
0.0288462	inf
0.0320513	inf
0.0320513	inf
0.0320513	inf
0.0320513	inf
0.0320513	inf
0.0320513	inf
0.0320513	inf
0.0352564	inf
0.0352564	inf
0.0352564	inf
0.0352564	inf
0.0352564	inf
0.0608974	inf
0.0608974	inf
0.0608974	inf
0.0608974	inf
0.0608974	inf
0.0608974	inf
0.0608974	inf
0.0608974	inf
0.0608974	inf
0.0608974	inf
0.0608974	inf
0.0608974	inf
0.0608974	inf
0.0769231	inf
0.0769231	inf
0.0769231	inf
0.0769231	inf
0.0769231	inf
0.0769231	inf
0.0769231	inf
0.0769231	inf
0.0769231	inf
0.0769231	inf
0.0801282	inf
0.0801282	inf
0.0801282	inf
0.153846	inf
0.153846	inf
0.153846	inf
0.153846	inf
0.153846	inf
0.153846	inf
0.153846	inf
1	inf
1	inf
1	inf
1	inf
1	inf
1	inf
1	inf
1	inf
1	inf
1	inf
1	inf
1	inf
1	inf
1	inf
1	inf
1	inf
1	inf
1	inf
1	inf
1	inf
