# Persistence diagram <GML/0127.gml>
#
# Dimension   : 0
# Entries     : 335
# Betti number: 3
0	inf
0	1
0	0.18232
0	0.18232
0	1
0	1
0	0.0552486
0	0.18232
0	0.0552486
0	1
0	0.18232
0	0.0497238
0	0.038674
0	0.0607735
0	0.18232
0	1
0	1
0	1
0	0.0497238
0	1
0	0.0662983
0	0.0552486
0	0.0165746
0	0.18232
0	0.0662983
0	0.0662983
0	0.0607735
0	0.0331492
0	0.0552486
0	0.18232
0	0.0497238
0	0.038674
0	0.18232
0	0.0552486
0	1
0	1
0	0.18232
0	1
0	1
0	1
0	0.18232
0	0.0165746
0	1
0	0.0331492
0	0.0110497
0	0.0552486
0	1
0	1
0	1
0	1
0	1
0	0.038674
0	0.0607735
0	1
0	0.0276243
0	0.0331492
0	0.0331492
0	0.0497238
0	1
0	0.0331492
0	0.038674
0	0.0276243
0	1
0	0.0110497
0	0.0220994
0	1
0	0.0276243
0	0.0552486
0	0.0220994
0	0.0607735
0	0.0165746
0	0.18232
0	1
0	1
0	0.0552486
0	0.0220994
0	1
0	0.0165746
0	0.0497238
0	0.0165746
0	1
0	1
0	0.0276243
0	1
0	0.0276243
0	1
0	1
0	0.0165746
0	1
0	0.0276243
0	1
0	1
0	0.0276243
0	1
0	1
0	1
0	inf
0	0.0607735
0	1
0	0.038674
0	0.18232
0	1
0	1
0	0.0276243
0	0.18232
0	1
0	1
0	1
0	1
0	1
0	0.0165746
0	1
0	0.0607735
0	0.038674
0	0.18232
0	0.0276243
0	1
0	1
0	0.0110497
0	1
0	0.038674
0	0.0110497
0	0.18232
0	0.0662983
0	0.0110497
0	1
0	1
0	1
0	0.0110497
0	1
0	0.0331492
0	1
0	1
0	1
0	1
0	0.0165746
0	1
0	1
0	0.0110497
0	0.0331492
0	0.00552486
0	0.0552486
0	1
0	0.0165746
0	1
0	0.0331492
0	0.0276243
0	1
0	0.0276243
0	1
0	1
0	1
0	0.038674
0	0.18232
0	0.0110497
0	1
0	0.0607735
0	1
0	0.0110497
0	1
0	0.0552486
0	0.0165746
0	1
0	1
0	0.0165746
0	1
0	0.0276243
0	0.0276243
0	1
0	0.0110497
0	0.0220994
0	0.0165746
0	1
0	1
0	1
0	0.0220994
0	0.038674
0	0.18232
0	1
0	0.18232
0	1
0	0.0165746
0	1
0	0.0220994
0	1
0	0.0165746
0	inf
0	0.0165746
0	1
0	0.0331492
0	1
0	0.0110497
0	0.0220994
0	1
0	0.0110497
0	1
0	0.0276243
0	1
0	1
0	0.0165746
0	1
0	1
0	1
0	1
0	0.0552486
0	0.0220994
0	1
0	0.0110497
0	1
0	0.0110497
0	0.0110497
0	0.0497238
0	1
0	0.0552486
0	0.0662983
0	1
0	1
0	1
0	0.18232
0	1
0	0.0165746
0	0.0165746
0	0.0110497
0	0.18232
0	0.00552486
0	1
0	1
0	0.0110497
0	0.0552486
0	0.0276243
0	0.0165746
0	0.0276243
0	0.0110497
0	0.0110497
0	0.0165746
0	1
0	0.0110497
0	1
0	1
0	1
0	0.0552486
0	1
0	0.0165746
0	1
0	0.0165746
0	1
0	1
0	1
0	0.0331492
0	1
0	0.0165746
0	0.0497238
0	0.0497238
0	1
0	0.0165746
0	0.0662983
0	1
0	0.0165746
0	0.18232
0	1
0	1
0	0.0276243
0	0.0165746
0	1
0	0.0110497
0	1
0	0.0331492
0	1
0	1
0	0.038674
0	1
0	1
0	1
0	0.0165746
0	0.18232
0	0.0497238
0	1
0	1
0	0.0165746
0	1
0	1
0	1
0	1
0	1
0	0.0607735
0	1
0	0.18232
0	0.0662983
0	1
0	0.0165746
0	1
0	1
0	1
0	0.18232
0	0.0110497
0	1
0	0.0110497
0	1
0	1
0	1
0	1
0	0.0165746
0	0.0276243
0	1
0	0.0220994
0	0.18232
0	0.0110497
0	1
0	0.0110497
0	1
0	0.0110497
0	0.0110497
0	0.0165746
0	1
0	0.0165746
0	0.0110497
0	0.0110497
0	0.0165746
0	1
0	1
0	1
0	1
0	0.0276243
0	0.0110497
0	1
0	0.0110497
0	1
0	1
0	1
0	0.0662983
0	1
0	0.0165746
0	1
0	0.0607735
0	0.18232


