# Persistence diagram <GML/0130.gml>
#
# Dimension   : 0
# Entries     : 236
# Betti number: 1
0	inf
0	0.224299
0	0.046729
0	1
0	0.0560748
0	0.0747664
0	1
0	0.17757
0	0.0560748
0	1
0	0.17757
0	1
0	0.0747664
0	0.121495
0	0.0747664
0	1
0	0.0560748
0	1
0	0.0373832
0	0.0560748
0	0.224299
0	0.224299
0	0.0280374
0	1
0	1
0	0.224299
0	1
0	0.0373832
0	1
0	1
0	0.0373832
0	0.17757
0	1
0	0.046729
0	0.121495
0	0.11215
0	1
0	0.0373832
0	0.046729
0	0.0373832
0	1
0	0.046729
0	0.121495
0	0.11215
0	0.0747664
0	1
0	0.046729
0	0.0747664
0	0.0560748
0	1
0	0.0373832
0	0.224299
0	0.0560748
0	0.0280374
0	0.17757
0	1
0	0.121495
0	0.121495
0	0.224299
0	0.0373832
0	0.0373832
0	0.0373832
0	0.0560748
0	1
0	0.0280374
0	0.046729
0	0.121495
0	0.046729
0	0.046729
0	0.0560748
0	0.046729
0	1
0	0.0373832
0	0.046729
0	0.0747664
0	0.11215
0	0.17757
0	1
0	1
0	0.0186916
0	0.0186916
0	1
0	1
0	1
0	0.0280374
0	1
0	1
0	0.17757
0	0.0747664
0	0.046729
0	0.046729
0	0.224299
0	0.0186916
0	0.0560748
0	0.046729
0	0.0560748
0	0.0186916
0	0.224299
0	0.0373832
0	1
0	1
0	0.0373832
0	1
0	0.0280374
0	1
0	0.224299
0	1
0	0.0280374
0	1
0	0.0560748
0	1
0	0.0186916
0	0.0186916
0	0.046729
0	1
0	0.224299
0	0.0747664
0	1
0	0.046729
0	1
0	0.0560748
0	0.046729
0	0.0280374
0	1
0	0.0747664
0	0.17757
0	0.17757
0	1
0	0.0373832
0	0.121495
0	1
0	1
0	0.0747664
0	0.224299
0	0.0186916
0	0.0280374
0	0.0280374
0	0.121495
0	1
0	0.0373832
0	0.0373832
0	0.0280374
0	1
0	0.224299
0	0.17757
0	0.0560748
0	0.17757
0	0.0280374
0	1
0	1
0	1
0	0.0186916
0	1
0	0.0560748
0	1
0	0.224299
0	0.0280374
0	0.0373832
0	1
0	0.0280374
0	1
0	0.046729
0	1
0	0.11215
0	0.11215
0	1
0	0.046729
0	0.0280374
0	1
0	1
0	0.17757
0	0.046729
0	0.0186916
0	1
0	0.0280374
0	0.0186916
0	0.0280374
0	0.0186916
0	0.0280374
0	1
0	0.0186916
0	0.121495
0	0.0560748
0	0.0280374
0	0.0373832
0	0.0186916
0	0.0186916
0	1
0	1
0	0.17757
0	1
0	1
0	1
0	0.0280374
0	0.0373832
0	1
0	0.17757
0	0.0373832
0	0.0280374
0	0.0186916
0	0.0373832
0	0.224299
0	0.0747664
0	0.0747664
0	0.0186916
0	1
0	0.0186916
0	0.0280374
0	0.0280374
0	0.121495
0	0.0280374
0	1
0	0.0280374
0	0.17757
0	0.0280374
0	0.17757
0	0.0186916
0	0.11215
0	1
0	0.0280374
0	0.224299
0	0.0186916
0	1
0	0.0747664
0	0.0280374
0	0.0186916
0	1
0	0.0373832
0	0.0186916
0	0.0186916
0	1
0	1
0	0.0373832
0	0.0186916
0	0.0186916
0	0.0280374


