# Persistence diagram <GML/0133.gml>
#
# Dimension   : 0
# Entries     : 681
# Betti number: 2
0	inf
0	1
0	1
0	0.0285714
0	0.0238095
0	1
0	1
0	1
0	1
0	0.0190476
0	1
0	0.0357143
0	0.0190476
0	1
0	0.00952381
0	0.0309524
0	0.0190476
0	1
0	0.0285714
0	0.0309524
0	0.0119048
0	1
0	1
0	1
0	0.0142857
0	1
0	0.0214286
0	0.0238095
0	0.0142857
0	1
0	0.0190476
0	1
0	0.00952381
0	1
0	1
0	0.00952381
0	0.0142857
0	1
0	0.0190476
0	0.0238095
0	1
0	0.0142857
0	1
0	1
0	1
0	0.00952381
0	0.0142857
0	0.0309524
0	1
0	1
0	1
0	0.0142857
0	0.0119048
0	0.0357143
0	1
0	0.0238095
0	0.0285714
0	1
0	1
0	1
0	0.0190476
0	0.0119048
0	0.0333333
0	1
0	1
0	1
0	0.0119048
0	0.0214286
0	0.0119048
0	1
0	0.0380952
0	1
0	1
0	1
0	0.0142857
0	0.0380952
0	0.00952381
0	1
0	1
0	0.0380952
0	1
0	0.0309524
0	0.00714286
0	0.0190476
0	0.0166667
0	1
0	1
0	1
0	1
0	1
0	1
0	0.0309524
0	1
0	0.0142857
0	1
0	1
0	0.00952381
0	1
0	1
0	0.00714286
0	0.0309524
0	1
0	0.00952381
0	1
0	0.00952381
0	0.0119048
0	0.0142857
0	1
0	1
0	1
0	0.0142857
0	0.0309524
0	1
0	1
0	1
0	0.0142857
0	0.0333333
0	1
0	1
0	1
0	1
0	1
0	1
0	1
0	0.0238095
0	0.0166667
0	0.0190476
0	0.00952381
0	1
0	1
0	1
0	0.0190476
0	0.0142857
0	1
0	0.0333333
0	0.0333333
0	1
0	1
0	1
0	0.0357143
0	0.0333333
0	1
0	1
0	1
0	0.00952381
0	1
0	1
0	0.0357143
0	0.0214286
0	0.00952381
0	1
0	1
0	0.0047619
0	1
0	0.0333333
0	0.0119048
0	1
0	0.0238095
0	1
0	1
0	0.00952381
0	0.0285714
0	0.00952381
0	1
0	1
0	1
0	1
0	0.00952381
0	0.0214286
0	0.0357143
0	1
0	0.0285714
0	0.00714286
0	0.0309524
0	0.00952381
0	0.0285714
0	0.0333333
0	1
0	1
0	0.00714286
0	0.0119048
0	0.0214286
0	1
0	0.00952381
0	0.0380952
0	0.0166667
0	0.0047619
0	0.00952381
0	1
0	1
0	1
0	inf
0	0.0309524
0	1
0	0.00714286
0	0.0142857
0	0.00952381
0	1
0	0.0309524
0	0.0142857
0	0.00952381
0	1
0	1
0	1
0	0.0142857
0	1
0	0.0214286
0	1
0	1
0	0.0142857
0	0.0119048
0	0.0309524
0	1
0	0.0119048
0	0.00714286
0	0.0119048
0	1
0	1
0	0.0142857
0	1
0	1
0	1
0	1
0	1
0	1
0	1
0	0.00952381
0	0.0309524
0	1
0	1
0	0.0142857
0	0.00952381
0	1
0	0.00714286
0	0.0190476
0	1
0	0.00714286
0	0.0142857
0	1
0	0.00952381
0	0.00714286
0	1
0	0.0119048
0	1
0	1
0	1
0	0.0190476
0	1
0	1
0	1
0	0.0285714
0	0.0238095
0	1
0	0.0190476
0	1
0	1
0	0.0309524
0	1
0	1
0	0.00952381
0	0.00714286
0	0.0238095
0	1
0	0.0238095
0	0.0047619
0	0.00714286
0	1
0	0.0190476
0	0.0380952
0	0.00952381
0	1
0	0.0309524
0	0.00952381
0	0.00714286
0	0.0309524
0	1
0	1
0	1
0	0.0333333
0	0.00714286
0	0.0380952
0	1
0	1
0	1
0	1
0	0.0047619
0	0.00714286
0	0.00714286
0	0.00952381
0	0.00952381
0	0.0333333
0	1
0	0.0190476
0	1
0	0.0380952
0	0.0333333
0	0.0119048
0	0.0309524
0	1
0	1
0	0.0047619
0	0.0119048
0	1
0	1
0	0.0357143
0	1
0	1
0	0.0142857
0	1
0	0.00952381
0	0.00714286
0	0.0190476
0	1
0	1
0	0.0380952
0	1
0	0.00952381
0	1
0	1
0	1
0	1
0	1
0	0.0142857
0	0.00952381
0	1
0	0.00952381
0	0.0333333
0	1
0	0.00952381
0	0.0214286
0	0.0047619
0	0.0333333
0	1
0	1
0	1
0	1
0	1
0	1
0	1
0	1
0	0.0166667
0	0.0309524
0	0.0142857
0	0.0333333
0	1
0	1
0	0.0380952
0	0.0047619
0	0.00952381
0	0.00714286
0	0.0238095
0	0.00714286
0	0.00714286
0	0.00714286
0	0.00714286
0	0.0119048
0	1
0	0.0309524
0	0.00952381
0	0.00952381
0	1
0	0.00714286
0	0.00714286
0	1
0	0.00714286
0	0.00952381
0	0.0119048
0	1
0	1
0	1
0	1
0	0.0142857
0	0.0166667
0	1
0	1
0	0.0214286
0	0.0142857
0	1
0	1
0	0.0309524
0	0.0380952
0	0.0285714
0	1
0	1
0	0.00952381
0	0.0047619
0	1
0	0.0357143
0	1
0	1
0	1
0	0.00714286
0	0.0047619
0	0.0047619
0	0.0238095
0	0.0285714
0	1
0	0.00714286
0	0.00952381
0	0.00714286
0	0.0333333
0	0.0119048
0	0.0142857
0	1
0	0.0142857
0	0.0285714
0	0.00714286
0	1
0	0.00714286
0	1
0	0.0309524
0	0.0142857
0	1
0	0.0142857
0	1
0	1
0	1
0	0.00714286
0	1
0	0.0119048
0	0.0190476
0	1
0	1
0	1
0	1
0	1
0	1
0	0.0333333
0	1
0	0.0142857
0	1
0	0.0142857
0	1
0	1
0	0.0119048
0	1
0	1
0	0.0047619
0	1
0	1
0	1
0	1
0	0.0047619
0	1
0	1
0	1
0	1
0	1
0	0.0119048
0	0.00714286
0	0.00714286
0	0.00714286
0	0.0309524
0	0.0333333
0	0.00714286
0	1
0	0.0285714
0	0.0285714
0	0.0166667
0	0.0047619
0	1
0	1
0	1
0	0.00714286
0	0.00714286
0	0.00714286
0	0.0047619
0	0.0285714
0	1
0	0.0166667
0	1
0	0.0047619
0	1
0	1
0	0.0214286
0	1
0	1
0	1
0	0.0190476
0	0.00952381
0	1
0	1
0	1
0	0.0333333
0	1
0	0.0309524
0	0.0285714
0	0.0047619
0	0.00952381
0	0.0285714
0	0.0214286
0	1
0	0.0119048
0	0.0119048
0	0.0285714
0	0.0190476
0	0.0047619
0	0.00714286
0	0.0238095
0	0.00714286
0	1
0	0.0380952
0	1
0	1
0	1
0	1
0	0.00714286
0	0.0047619
0	1
0	1
0	1
0	1
0	1
0	0.0190476
0	0.00952381
0	0.00952381
0	0.0047619
0	0.0047619
0	0.00952381
0	1
0	1
0	0.0238095
0	0.00952381
0	0.0119048
0	1
0	0.00952381
0	0.00714286
0	1
0	1
0	0.00952381
0	1
0	1
0	1
0	1
0	0.0047619
0	0.0119048
0	1
0	0.00952381
0	1
0	0.00714286
0	0.0119048
0	1
0	0.0333333
0	1
0	0.0142857
0	0.0309524
0	0.00714286
0	1
0	1
0	0.0285714
0	0.00714286
0	1
0	1
0	1
0	0.0047619
0	0.0238095
0	1
0	1
0	0.00714286
0	0.0357143
0	0.0333333
0	1
0	1
0	0.0142857
0	0.0047619
0	1
0	0.00714286
0	1
0	0.00952381
0	1
0	0.00714286
0	1
0	1
0	0.00714286
0	1
0	1
0	1
0	0.00714286
0	1
0	0.0047619
0	1
0	0.00714286
0	0.0214286
0	0.00952381
0	1
0	0.00714286
0	1
0	0.0309524
0	1
0	0.00714286
0	0.00714286
0	0.00714286
0	1
0	0.0119048
0	1
0	0.0190476
0	1
0	1
0	1
0	0.0309524
0	0.00952381
0	0.0047619
0	1
0	0.00714286
0	0.00952381
0	0.00952381
0	0.00952381
0	1
0	1
0	1
0	0.0119048
0	0.0309524
0	1
0	1
0	1
0	0.0285714
0	0.0333333
0	1
0	0.00952381
0	0.00952381
0	1
0	1
0	0.0238095
0	1
0	0.00714286
0	1
0	0.0285714
0	0.0119048
0	1
0	0.00714286
0	0.00714286
0	1
0	0.0047619
0	0.00714286
0	1
0	1
0	0.00714286
0	1
0	1
0	1
0	0.0047619
0	0.00714286
0	0.0309524
0	0.0285714
0	0.00714286
0	0.00714286
0	0.0047619
0	0.00714286
0	1
0	0.00714286
0	0.00714286
0	1
0	0.0047619
0	0.0047619
0	0.0047619
0	0.00952381
0	0.00714286
0	0.0047619
0	1
0	0.00714286
0	1
0	1
0	0.0285714
0	0.0285714
0	1
0	0.0333333
0	1
0	0.0142857
0	1
0	1
0	0.0190476
0	0.0047619
0	0.00714286
0	1
0	1
0	1
0	0.00714286
0	0.00714286
0	0.00714286
0	1
0	1


