# Persistence diagram <GML/0145.gml>
#
# Dimension   : 0
# Entries     : 201
# Betti number: 5
0	inf
0	inf
0	0.0705882
0	1
0	1
0	1
0	1
0	1
0	1
0	0.0705882
0	1
0	0.0705882
0	1
0	1
0	0.0588235
0	1
0	1
0	0.176471
0	1
0	0.0588235
0	1
0	0.0705882
0	0.0235294
0	0.0588235
0	1
0	0.0470588
0	0.0823529
0	0.176471
0	1
0	0.0470588
0	1
0	0.0823529
0	inf
0	0.0470588
0	1
0	1
0	0.0470588
0	0.0470588
0	1
0	1
0	0.0470588
0	0.176471
0	1
0	0.176471
0	0.176471
0	0.0470588
0	0.0352941
0	1
0	0.176471
0	0.0235294
0	0.176471
0	0.0235294
0	1
0	0.0823529
0	0.0705882
0	0.0235294
0	0.0470588
0	0.0352941
0	1
0	0.0235294
0	1
0	0.176471
0	0.0705882
0	0.0470588
0	inf
0	0.0235294
0	0.0470588
0	1
0	1
0	1
0	0.0235294
0	0.0235294
0	1
0	0.0352941
0	1
0	0.0705882
0	1
0	0.0470588
0	1
0	0.0470588
0	1
0	0.0705882
0	1
0	0.0705882
0	1
0	0.176471
0	0.0588235
0	0.176471
0	0.0470588
0	1
0	0.0352941
0	0.0352941
0	1
0	1
0	1
0	1
0	0.0823529
0	0.0352941
0	0.0235294
0	0.0470588
0	0.0235294
0	1
0	0.0235294
0	0.0588235
0	0.176471
0	1
0	0.0235294
0	0.0235294
0	1
0	0.0705882
0	1
0	0.0352941
0	1
0	0.0705882
0	1
0	0.0588235
0	1
0	0.0352941
0	0.0352941
0	0.0823529
0	1
0	0.0588235
0	0.0235294
0	0.0352941
0	0.0588235
0	1
0	0.0235294
0	0.0470588
0	0.0470588
0	1
0	0.0470588
0	0.0470588
0	0.0117647
0	0.0352941
0	1
0	0.0823529
0	0.0588235
0	0.0588235
0	0.0235294
0	0.0352941
0	0.0235294
0	0.0235294
0	0.0823529
0	0.0470588
0	0.0352941
0	1
0	0.0352941
0	0.0352941
0	0.0470588
0	0.0588235
0	0.0352941
0	0.0352941
0	1
0	1
0	0.0352941
0	0.0235294
0	1
0	0.0823529
0	0.0352941
0	0.0588235
0	1
0	0.0823529
0	0.0352941
0	0.0823529
0	1
0	0.0470588
0	0.0235294
0	0.0235294
0	0.0470588
0	0.0352941
0	1
0	1
0	0.0235294
0	0.0235294
0	1
0	1
0	inf
0	1
0	0.0823529
0	0.0588235
0	0.0117647
0	0.0705882
0	0.0235294
0	0.0352941
0	0.0235294
0	0.0352941
0	0.0352941
0	0.0235294
0	0.0823529
0	0.0235294
0	0.0235294
0	0.0235294
0	1
0	0.176471
0	1
0	1
0	0.0235294
0	0.0352941
0	1
0	0.0235294
0	0.0235294


