# Persistence diagram <GML/0151.gml>
#
# Dimension   : 1
# Entries     : 102
# Betti number: 102
0.0444444	inf
0.0444444	inf
0.0444444	inf
0.0518519	inf
0.0518519	inf
0.0518519	inf
0.0518519	inf
0.0592593	inf
0.0592593	inf
0.0592593	inf
0.0592593	inf
0.0592593	inf
0.0592593	inf
0.0666667	inf
0.0666667	inf
0.0666667	inf
0.0666667	inf
0.0666667	inf
0.0666667	inf
0.0666667	inf
0.0666667	inf
0.0666667	inf
0.0814815	inf
0.0814815	inf
0.0814815	inf
0.0962963	inf
0.0962963	inf
0.0962963	inf
0.0962963	inf
0.0962963	inf
0.0962963	inf
0.103704	inf
0.103704	inf
0.103704	inf
0.103704	inf
0.103704	inf
0.103704	inf
0.111111	inf
0.111111	inf
0.111111	inf
0.111111	inf
0.111111	inf
0.111111	inf
0.133333	inf
0.133333	inf
0.133333	inf
0.133333	inf
0.133333	inf
0.133333	inf
0.133333	inf
0.355556	inf
0.355556	inf
0.355556	inf
0.355556	inf
0.355556	inf
0.355556	inf
0.355556	inf
0.355556	inf
0.355556	inf
0.355556	inf
0.355556	inf
0.355556	inf
0.355556	inf
0.355556	inf
0.355556	inf
0.355556	inf
0.355556	inf
0.355556	inf
0.355556	inf
1	inf
1	inf
1	inf
1	inf
1	inf
1	inf
1	inf
1	inf
1	inf
1	inf
1	inf
1	inf
1	inf
1	inf
1	inf
1	inf
1	inf
1	inf
1	inf
1	inf
1	inf
1	inf
1	inf
1	inf
1	inf
1	inf
1	inf
1	inf
1	inf
1	inf
1	inf
1	inf
1	inf
