# Persistence diagram <GML/0154.gml>
#
# Dimension   : 1
# Entries     : 101
# Betti number: 101
0.0612245	inf
0.0612245	inf
0.0612245	inf
0.0714286	inf
0.0714286	inf
0.0714286	inf
0.0714286	inf
0.0714286	inf
0.0714286	inf
0.0714286	inf
0.0714286	inf
0.0816327	inf
0.0816327	inf
0.0816327	inf
0.0816327	inf
0.0816327	inf
0.0816327	inf
0.0816327	inf
0.0816327	inf
0.0918367	inf
0.0918367	inf
0.0918367	inf
0.0918367	inf
0.0918367	inf
0.0918367	inf
0.0918367	inf
0.112245	inf
0.112245	inf
0.112245	inf
0.112245	inf
0.112245	inf
0.112245	inf
0.132653	inf
0.132653	inf
0.132653	inf
0.132653	inf
0.132653	inf
0.132653	inf
0.132653	inf
0.142857	inf
0.142857	inf
0.142857	inf
0.142857	inf
0.153061	inf
0.153061	inf
0.153061	inf
0.153061	inf
0.153061	inf
0.153061	inf
0.153061	inf
0.153061	inf
0.163265	inf
0.163265	inf
0.163265	inf
0.163265	inf
0.163265	inf
0.163265	inf
0.163265	inf
0.163265	inf
0.163265	inf
0.163265	inf
0.163265	inf
0.163265	inf
0.163265	inf
0.163265	inf
0.163265	inf
0.22449	inf
0.22449	inf
0.22449	inf
0.22449	inf
0.22449	inf
0.22449	inf
1	inf
1	inf
1	inf
1	inf
1	inf
1	inf
1	inf
1	inf
1	inf
1	inf
1	inf
1	inf
1	inf
1	inf
1	inf
1	inf
1	inf
1	inf
1	inf
1	inf
1	inf
1	inf
1	inf
1	inf
1	inf
1	inf
1	inf
1	inf
1	inf
