# Persistence diagram <GML/0155.gml>
#
# Dimension   : 1
# Entries     : 134
# Betti number: 134
0.0145985	inf
0.0182482	inf
0.0218978	inf
0.0255474	inf
0.0255474	inf
0.0255474	inf
0.0255474	inf
0.0255474	inf
0.0291971	inf
0.0291971	inf
0.0328467	inf
0.0328467	inf
0.0328467	inf
0.0328467	inf
0.0328467	inf
0.0328467	inf
0.0328467	inf
0.0328467	inf
0.0328467	inf
0.0328467	inf
0.0328467	inf
0.0328467	inf
0.0328467	inf
0.0328467	inf
0.0328467	inf
0.0364964	inf
0.0364964	inf
0.0364964	inf
0.0364964	inf
0.0364964	inf
0.0364964	inf
0.0364964	inf
0.0364964	inf
0.0364964	inf
0.0364964	inf
0.0364964	inf
0.040146	inf
0.040146	inf
0.040146	inf
0.040146	inf
0.040146	inf
0.040146	inf
0.040146	inf
0.040146	inf
0.040146	inf
0.040146	inf
0.040146	inf
0.0437956	inf
0.0437956	inf
0.0437956	inf
0.0474453	inf
0.0474453	inf
0.0474453	inf
0.0474453	inf
0.0474453	inf
0.0474453	inf
0.0474453	inf
0.0510949	inf
0.0510949	inf
0.0510949	inf
0.0510949	inf
0.0510949	inf
0.0510949	inf
0.0510949	inf
0.0510949	inf
0.0510949	inf
0.0510949	inf
0.0510949	inf
0.0510949	inf
0.0547445	inf
0.0547445	inf
0.0547445	inf
0.0547445	inf
0.0547445	inf
0.0547445	inf
0.0547445	inf
0.0547445	inf
0.0547445	inf
0.0547445	inf
0.0547445	inf
0.0547445	inf
0.0766423	inf
0.0766423	inf
0.0766423	inf
0.0766423	inf
0.0766423	inf
0.0766423	inf
0.0766423	inf
0.105839	inf
0.105839	inf
0.105839	inf
0.105839	inf
0.105839	inf
0.105839	inf
0.105839	inf
0.105839	inf
0.105839	inf
0.105839	inf
0.105839	inf
0.105839	inf
1	inf
1	inf
1	inf
1	inf
1	inf
1	inf
1	inf
1	inf
1	inf
1	inf
1	inf
1	inf
1	inf
1	inf
1	inf
1	inf
1	inf
1	inf
1	inf
1	inf
1	inf
1	inf
1	inf
1	inf
1	inf
1	inf
1	inf
1	inf
1	inf
1	inf
1	inf
1	inf
1	inf
1	inf
