# Persistence diagram <GML/0155.gml>
#
# Dimension   : 0
# Entries     : 687
# Betti number: 3
0	inf
0	0.0328467
0	0.0510949
0	0.0291971
0	1
0	0.0255474
0	0.040146
0	1
0	1
0	0.0218978
0	1
0	1
0	0.040146
0	1
0	0.0364964
0	1
0	0.0510949
0	0.0328467
0	0.0182482
0	1
0	1
0	0.0364964
0	1
0	0.040146
0	0.0255474
0	0.0255474
0	0.0218978
0	0.0291971
0	0.0109489
0	0.0510949
0	1
0	0.0291971
0	0.0510949
0	0.0328467
0	1
0	1
0	0.0364964
0	1
0	1
0	1
0	0.0547445
0	0.0255474
0	1
0	0.0328467
0	0.0182482
0	0.0291971
0	0.040146
0	0.0218978
0	1
0	0.0218978
0	0.040146
0	1
0	1
0	0.0364964
0	0.0364964
0	0.0364964
0	1
0	0.0218978
0	1
0	1
0	0.0218978
0	1
0	0.0145985
0	0.0766423
0	0.0182482
0	0.0328467
0	0.0255474
0	1
0	0.0255474
0	1
0	0.0182482
0	1
0	0.0364964
0	1
0	0.0766423
0	0.0255474
0	0.0510949
0	1
0	0.0109489
0	0.0364964
0	0.0145985
0	1
0	0.0218978
0	1
0	0.0182482
0	1
0	0.0547445
0	1
0	0.0109489
0	0.0510949
0	0.0218978
0	1
0	0.0109489
0	1
0	1
0	1
0	0.0182482
0	0.0291971
0	1
0	0.00729927
0	1
0	0.0328467
0	0.105839
0	0.0218978
0	0.0218978
0	0.0182482
0	0.0182482
0	0.0328467
0	1
0	0.0109489
0	1
0	0.0182482
0	0.0109489
0	0.0328467
0	0.0182482
0	0.0145985
0	0.0182482
0	0.0510949
0	0.0510949
0	0.0182482
0	0.0364964
0	0.0109489
0	0.0291971
0	0.0145985
0	0.0182482
0	0.0291971
0	0.0547445
0	1
0	1
0	inf
0	1
0	0.0218978
0	0.0291971
0	1
0	1
0	1
0	0.0291971
0	0.0510949
0	0.0364964
0	1
0	0.0255474
0	0.0182482
0	1
0	1
0	0.0218978
0	1
0	0.0364964
0	0.0218978
0	0.0510949
0	0.0766423
0	1
0	0.0218978
0	1
0	0.0291971
0	0.0364964
0	1
0	0.0364964
0	1
0	0.0328467
0	0.00729927
0	1
0	0.040146
0	0.0364964
0	0.0364964
0	1
0	0.0291971
0	1
0	1
0	0.0182482
0	0.00729927
0	0.0109489
0	0.0255474
0	1
0	0.0182482
0	1
0	0.0364964
0	0.0145985
0	1
0	0.0218978
0	0.0182482
0	0.040146
0	1
0	0.0547445
0	0.0437956
0	0.0145985
0	1
0	0.0510949
0	1
0	0.0182482
0	0.0218978
0	1
0	1
0	1
0	0.0510949
0	0.0109489
0	0.0182482
0	0.0437956
0	1
0	1
0	0.0145985
0	0.0182482
0	0.0182482
0	0.0328467
0	1
0	0.040146
0	1
0	1
0	1
0	1
0	0.0218978
0	1
0	0.0364964
0	0.040146
0	0.105839
0	0.0145985
0	0.0109489
0	0.0291971
0	0.105839
0	0.0182482
0	1
0	1
0	0.0255474
0	0.0182482
0	1
0	1
0	1
0	0.0364964
0	0.0109489
0	0.0145985
0	1
0	0.0218978
0	0.0109489
0	1
0	1
0	0.105839
0	0.0109489
0	1
0	0.0328467
0	1
0	1
0	0.0547445
0	1
0	1
0	0.0145985
0	1
0	0.0109489
0	1
0	0.0291971
0	0.0547445
0	0.0218978
0	1
0	0.0145985
0	1
0	1
0	0.00729927
0	0.0474453
0	0.0510949
0	0.0182482
0	1
0	0.0145985
0	0.0766423
0	0.0437956
0	0.0474453
0	0.00729927
0	0.0145985
0	0.0182482
0	0.0510949
0	0.00729927
0	0.00729927
0	0.0510949
0	1
0	0.0109489
0	0.0218978
0	0.0547445
0	0.0218978
0	0.0328467
0	0.0109489
0	1
0	1
0	0.0182482
0	0.0510949
0	1
0	1
0	0.0145985
0	1
0	0.0218978
0	0.0145985
0	1
0	0.105839
0	0.0364964
0	0.0109489
0	0.0328467
0	0.00364964
0	1
0	0.0145985
0	0.0291971
0	0.040146
0	1
0	1
0	1
0	0.040146
0	0.0255474
0	0.00729927
0	0.0145985
0	0.0182482
0	0.0510949
0	0.0328467
0	1
0	1
0	0.0218978
0	0.0109489
0	0.0182482
0	0.0218978
0	0.0145985
0	1
0	0.0109489
0	0.0109489
0	0.0182482
0	inf
0	1
0	1
0	0.0255474
0	0.0364964
0	1
0	0.0328467
0	0.0109489
0	0.0255474
0	0.0109489
0	1
0	0.0474453
0	0.0182482
0	1
0	0.0291971
0	0.0218978
0	0.0364964
0	1
0	1
0	1
0	0.0218978
0	1
0	0.0145985
0	1
0	0.0182482
0	0.0109489
0	0.0109489
0	0.0145985
0	1
0	0.0291971
0	0.0182482
0	1
0	1
0	0.0328467
0	0.0145985
0	0.0766423
0	0.0291971
0	0.0291971
0	0.0291971
0	0.0218978
0	0.0145985
0	1
0	0.0510949
0	1
0	0.0109489
0	0.0218978
0	0.0109489
0	1
0	1
0	1
0	0.00729927
0	0.0364964
0	0.0291971
0	0.0364964
0	1
0	1
0	0.0145985
0	0.0218978
0	1
0	0.0437956
0	0.0364964
0	0.0109489
0	0.0291971
0	0.0109489
0	0.0145985
0	0.0145985
0	0.0145985
0	1
0	0.0364964
0	1
0	1
0	0.0364964
0	0.0145985
0	0.0766423
0	0.0109489
0	1
0	0.00729927
0	1
0	0.00729927
0	0.0145985
0	0.0510949
0	0.0182482
0	1
0	1
0	0.0109489
0	0.00729927
0	0.0218978
0	0.00729927
0	0.0109489
0	0.0145985
0	1
0	0.00729927
0	1
0	0.00729927
0	1
0	0.0109489
0	0.0145985
0	0.0218978
0	1
0	0.0291971
0	0.0437956
0	1
0	1
0	0.0547445
0	0.0109489
0	0.0109489
0	0.00729927
0	0.105839
0	1
0	0.040146
0	1
0	0.0547445
0	0.0182482
0	1
0	0.0182482
0	0.00729927
0	1
0	0.0218978
0	0.0218978
0	0.0109489
0	0.0328467
0	0.0109489
0	0.0182482
0	0.0109489
0	0.0109489
0	1
0	1
0	0.0547445
0	0.0291971
0	0.0218978
0	0.00729927
0	1
0	0.0109489
0	0.0328467
0	0.0109489
0	0.0145985
0	0.0182482
0	0.0109489
0	0.0182482
0	0.00729927
0	0.0182482
0	0.0145985
0	0.0510949
0	0.0364964
0	0.0437956
0	1
0	0.00729927
0	0.0218978
0	0.0109489
0	1
0	1
0	1
0	1
0	0.0145985
0	0.0328467
0	1
0	0.0291971
0	1
0	0.00729927
0	1
0	0.0766423
0	1
0	0.00729927
0	0.0218978
0	0.0145985
0	0.0364964
0	0.0291971
0	0.0182482
0	0.0255474
0	0.0364964
0	0.0145985
0	1
0	1
0	1
0	0.0255474
0	1
0	0.0145985
0	0.00729927
0	0.040146
0	0.0291971
0	0.0218978
0	0.0182482
0	0.0218978
0	0.0182482
0	1
0	0.0255474
0	1
0	0.0364964
0	0.0766423
0	0.0328467
0	0.0328467
0	1
0	1
0	0.0182482
0	0.0218978
0	0.0182482
0	1
0	0.00729927
0	0.0109489
0	0.0364964
0	0.0109489
0	1
0	1
0	0.0218978
0	0.00729927
0	1
0	0.0328467
0	0.0145985
0	0.0109489
0	0.00729927
0	0.00729927
0	0.0145985
0	0.00729927
0	0.0145985
0	0.0328467
0	0.0109489
0	0.00729927
0	0.00729927
0	1
0	1
0	1
0	0.0255474
0	1
0	1
0	0.0510949
0	0.0364964
0	0.0364964
0	0.00729927
0	1
0	0.0109489
0	0.0218978
0	1
0	0.0218978
0	0.0218978
0	1
0	1
0	0.105839
0	1
0	1
0	1
0	1
0	1
0	0.0109489
0	0.0182482
0	0.00729927
0	1
0	0.0109489
0	0.00729927
0	1
0	0.0474453
0	1
0	0.0291971
0	0.0328467
0	1
0	0.0145985
0	0.0109489
0	0.0145985
0	1
0	1
0	0.0437956
0	1
0	1
0	1
0	0.0291971
0	0.0109489
0	0.0291971
0	1
0	1
0	1
0	1
0	0.0364964
0	0.0109489
0	1
0	0.0364964
0	0.0547445
0	0.0182482
0	0.00729927
0	0.0364964
0	0.0291971
0	0.0766423
0	0.0109489
0	1
0	0.0182482
0	0.0328467
0	0.0109489
0	0.0145985
0	0.0182482
0	0.00729927
0	0.0328467
0	0.0766423
0	1
0	1
0	1
0	0.0109489
0	0.0547445
0	0.0547445
0	0.040146
0	0.0145985
0	0.00729927
0	1
0	0.0766423
0	0.0218978
0	1
0	1
0	0.00729927
0	0.105839
0	0.0291971
0	0.0218978
0	0.0766423
0	1
0	1
0	0.0328467
0	1
0	1
0	1
0	0.0109489
0	1
0	1
0	1
0	0.0218978
0	0.0510949
0	0.0145985
0	0.0510949
0	0.0218978
0	0.0364964
0	0.0109489
0	0.00729927
0	0.0766423
0	0.0328467
0	0.0364964
0	1
0	0.0510949
0	0.00729927
0	1
0	0.0109489
0	1
0	0.0510949
0	0.0182482
0	0.0145985
0	0.00729927
0	1
0	0.0109489
0	0.0218978
0	1
0	1
0	0.0109489
0	0.0145985
0	1
0	1
0	0.040146
0	1
0	0.0510949
0	1
0	0.00729927
0	0.0109489
0	0.0145985
0	0.0182482
0	1
0	1
0	0.00729927
0	0.0364964
0	0.0109489
0	1
0	0.00729927
0	0.00729927
0	1
0	0.00729927
0	0.0328467
0	0.0474453


