# Persistence diagram <GML/0159.gml>
#
# Dimension   : 0
# Entries     : 392
# Betti number: 2
0	inf
0	0.028169
0	1
0	0.0422535
0	0.0469484
0	1
0	0.0234742
0	0.0234742
0	1
0	1
0	0.0234742
0	1
0	1
0	inf
0	0.0657277
0	1
0	0.0469484
0	0.0375587
0	0.0657277
0	1
0	0.0375587
0	0.0187793
0	1
0	1
0	1
0	0.0187793
0	1
0	1
0	1
0	0.056338
0	1
0	1
0	1
0	1
0	0.056338
0	1
0	0.0187793
0	1
0	1
0	1
0	1
0	0.056338
0	1
0	0.028169
0	0.0140845
0	1
0	1
0	0.0140845
0	1
0	0.0187793
0	0.0234742
0	0.028169
0	0.028169
0	1
0	0.0469484
0	0.0187793
0	1
0	0.00938967
0	0.0234742
0	0.0798122
0	1
0	0.0657277
0	1
0	0.0657277
0	0.0516432
0	1
0	1
0	1
0	1
0	1
0	1
0	1
0	1
0	1
0	0.028169
0	0.0140845
0	0.0187793
0	1
0	0.0187793
0	1
0	0.0187793
0	1
0	0.0422535
0	1
0	1
0	1
0	1
0	1
0	1
0	1
0	1
0	1
0	0.0187793
0	0.0516432
0	1
0	1
0	0.028169
0	1
0	1
0	0.0798122
0	0.0234742
0	1
0	0.028169
0	1
0	0.00938967
0	0.0187793
0	0.0657277
0	0.0187793
0	1
0	1
0	1
0	1
0	1
0	0.0140845
0	0.0234742
0	0.0798122
0	1
0	1
0	1
0	1
0	0.0798122
0	0.0187793
0	1
0	1
0	0.0140845
0	1
0	0.0140845
0	0.0187793
0	1
0	0.0140845
0	0.0187793
0	0.0140845
0	0.00938967
0	0.0140845
0	0.0140845
0	1
0	1
0	1
0	1
0	0.028169
0	0.0234742
0	1
0	1
0	1
0	0.00938967
0	0.0140845
0	1
0	1
0	1
0	0.0140845
0	0.0140845
0	0.0375587
0	1
0	0.0140845
0	0.0187793
0	1
0	0.00938967
0	0.0140845
0	1
0	1
0	1
0	1
0	1
0	0.0140845
0	0.0187793
0	1
0	0.028169
0	0.028169
0	1
0	1
0	0.0234742
0	1
0	0.00938967
0	0.0187793
0	1
0	0.00938967
0	0.0140845
0	0.0140845
0	0.0187793
0	1
0	1
0	0.00938967
0	1
0	0.0140845
0	0.0234742
0	0.00938967
0	0.00938967
0	0.0234742
0	1
0	0.0798122
0	1
0	0.0187793
0	0.0140845
0	1
0	0.0187793
0	0.0140845
0	0.0140845
0	0.0187793
0	0.056338
0	0.00938967
0	0.0187793
0	0.00938967
0	0.028169
0	1
0	0.0140845
0	1
0	1
0	1
0	0.00938967
0	1
0	0.0375587
0	0.0422535
0	1
0	0.0187793
0	1
0	1
0	1
0	0.00938967
0	0.00938967
0	1
0	0.0469484
0	1
0	0.00938967
0	0.028169
0	1
0	1
0	0.0187793
0	1
0	1
0	0.00938967
0	0.0798122
0	1
0	0.00938967
0	1
0	0.028169
0	0.0140845
0	1
0	1
0	0.0187793
0	0.0187793
0	0.0187793
0	0.0375587
0	0.028169
0	1
0	1
0	0.0187793
0	0.0422535
0	1
0	1
0	0.0187793
0	1
0	0.0798122
0	0.0140845
0	1
0	0.0234742
0	1
0	0.0140845
0	1
0	1
0	0.0140845
0	0.00938967
0	0.00938967
0	0.0187793
0	1
0	1
0	0.00938967
0	1
0	0.00938967
0	0.028169
0	0.056338
0	0.0140845
0	0.00938967
0	0.056338
0	0.0140845
0	0.0187793
0	0.00938967
0	0.0422535
0	1
0	0.0140845
0	1
0	0.0375587
0	0.0798122
0	0.0187793
0	1
0	0.0469484
0	1
0	0.028169
0	0.028169
0	0.0187793
0	0.028169
0	0.0187793
0	0.0140845
0	1
0	0.0798122
0	0.0187793
0	0.0187793
0	0.0140845
0	1
0	0.0140845
0	0.0234742
0	1
0	0.0140845
0	0.028169
0	1
0	0.00938967
0	0.0140845
0	1
0	0.028169
0	0.0187793
0	1
0	1
0	1
0	0.00938967
0	1
0	0.0187793
0	0.0375587
0	0.0375587
0	1
0	1
0	1
0	0.0422535
0	1
0	0.00938967
0	1
0	0.0422535
0	0.028169
0	0.00938967
0	0.00938967
0	0.0234742
0	1
0	0.0375587
0	1
0	0.0798122
0	1
0	0.0187793
0	0.056338
0	1
0	1
0	1
0	0.0422535
0	1
0	1
0	0.0422535
0	1
0	0.0140845
0	0.0140845
0	0.0657277
0	0.0187793
0	1
0	1
0	1
0	0.0234742
0	0.0234742
0	0.0234742
0	1
0	1
0	0.00938967
0	0.028169
0	1
0	0.056338
0	1
0	0.0140845
0	0.028169
0	0.0657277
0	0.00938967
0	0.0140845
0	0.00938967
0	0.0140845
0	0.00938967
0	0.0234742
0	0.056338
0	0.0187793
0	1
0	1
0	1
0	1
0	1
0	0.0516432
0	0.0140845
0	0.028169
0	0.028169
0	0.028169
0	1
0	0.00938967
0	1
0	0.0187793
0	0.0657277
0	0.0469484
0	1
0	0.00938967
0	1
0	0.0140845


