# Persistence diagram <GML/0161.gml>
#
# Dimension   : 0
# Entries     : 607
# Betti number: 5
0	inf
0	1
0	0.0527859
0	1
0	0.0322581
0	1
0	1
0	0.0557185
0	0.026393
0	0.0527859
0	1
0	0.0410557
0	0.0205279
0	0.0175953
0	1
0	1
0	0.0205279
0	1
0	1
0	1
0	1
0	0.0351906
0	inf
0	0.0205279
0	0.026393
0	1
0	0.0117302
0	0.0205279
0	1
0	1
0	0.0351906
0	1
0	0.0557185
0	0.0175953
0	0.0527859
0	inf
0	0.0146628
0	1
0	1
0	0.0205279
0	1
0	0.0175953
0	0.026393
0	0.0205279
0	0.0439883
0	1
0	1
0	1
0	1
0	0.0527859
0	0.0205279
0	0.0205279
0	1
0	0.0058651
0	0.0205279
0	0.0117302
0	0.0293255
0	0.0234604
0	0.026393
0	0.026393
0	1
0	0.00879765
0	1
0	1
0	1
0	0.0117302
0	1
0	1
0	1
0	1
0	0.0117302
0	0.0058651
0	1
0	0.0293255
0	0.0205279
0	1
0	0.0439883
0	0.0410557
0	0.0322581
0	1
0	0.0146628
0	0.0175953
0	0.0234604
0	1
0	1
0	0.0439883
0	0.0117302
0	1
0	0.0293255
0	1
0	1
0	1
0	1
0	0.0205279
0	1
0	0.0146628
0	1
0	1
0	1
0	0.0557185
0	0.0205279
0	0.0175953
0	0.0117302
0	0.0234604
0	0.0117302
0	0.0410557
0	1
0	1
0	0.0117302
0	0.0117302
0	1
0	0.0351906
0	0.0117302
0	1
0	0.0117302
0	0.0175953
0	1
0	0.0058651
0	1
0	0.0175953
0	0.0175953
0	1
0	0.026393
0	1
0	1
0	1
0	0.0117302
0	0.0205279
0	0.0058651
0	0.0117302
0	0.0058651
0	1
0	0.0146628
0	1
0	0.0234604
0	0.0058651
0	0.00879765
0	0.0439883
0	1
0	1
0	0.0234604
0	0.0234604
0	0.026393
0	1
0	0.0117302
0	0.00879765
0	0.0527859
0	0.00879765
0	1
0	0.0146628
0	0.0058651
0	1
0	1
0	0.026393
0	1
0	0.0205279
0	0.0234604
0	1
0	1
0	1
0	1
0	0.0205279
0	0.0146628
0	0.0117302
0	0.0058651
0	1
0	0.0234604
0	1
0	0.0117302
0	1
0	1
0	0.0439883
0	1
0	0.0234604
0	1
0	0.0205279
0	1
0	0.0175953
0	0.0117302
0	1
0	1
0	0.00879765
0	1
0	0.0117302
0	0.0439883
0	1
0	0.0205279
0	1
0	0.00879765
0	1
0	1
0	1
0	0.0439883
0	0.0205279
0	1
0	0.0146628
0	0.026393
0	0.0557185
0	1
0	1
0	inf
0	0.0146628
0	0.0058651
0	1
0	1
0	0.0234604
0	0.0058651
0	0.0205279
0	0.0175953
0	0.00879765
0	0.0146628
0	1
0	0.0205279
0	1
0	1
0	1
0	1
0	1
0	1
0	0.0146628
0	0.026393
0	0.0058651
0	1
0	0.0205279
0	1
0	0.0117302
0	0.0175953
0	0.0234604
0	1
0	1
0	0.0205279
0	0.0205279
0	1
0	1
0	0.0175953
0	1
0	1
0	0.0293255
0	1
0	0.0058651
0	1
0	1
0	1
0	1
0	0.00879765
0	0.0557185
0	0.0117302
0	0.0058651
0	1
0	0.00879765
0	1
0	1
0	0.0234604
0	1
0	0.0117302
0	0.0175953
0	1
0	1
0	1
0	0.0351906
0	1
0	1
0	1
0	1
0	1
0	0.0410557
0	1
0	0.0322581
0	0.0351906
0	1
0	1
0	0.0117302
0	1
0	0.0293255
0	1
0	0.0117302
0	1
0	1
0	0.00879765
0	1
0	0.0058651
0	0.0058651
0	1
0	0.0351906
0	1
0	0.0410557
0	1
0	1
0	1
0	1
0	1
0	1
0	0.0146628
0	1
0	1
0	1
0	0.0205279
0	0.0117302
0	1
0	0.0175953
0	0.0293255
0	1
0	1
0	1
0	1
0	0.00879765
0	1
0	1
0	1
0	1
0	1
0	1
0	1
0	1
0	1
0	1
0	0.0205279
0	1
0	0.0322581
0	1
0	inf
0	0.026393
0	1
0	1
0	1
0	0.0058651
0	0.026393
0	1
0	1
0	0.0058651
0	0.0117302
0	0.026393
0	1
0	0.0439883
0	1
0	1
0	0.0205279
0	0.0527859
0	1
0	1
0	0.0410557
0	0.026393
0	0.0410557
0	1
0	0.0117302
0	0.00879765
0	0.0410557
0	0.0293255
0	0.00879765
0	1
0	0.0117302
0	1
0	0.0205279
0	1
0	1
0	0.0205279
0	0.0146628
0	0.0058651
0	0.0058651
0	0.0117302
0	1
0	1
0	0.0234604
0	0.0146628
0	0.0117302
0	0.00879765
0	0.0322581
0	1
0	1
0	1
0	0.0175953
0	1
0	1
0	0.00879765
0	0.0234604
0	1
0	0.0058651
0	1
0	0.0058651
0	0.026393
0	0.0205279
0	0.00879765
0	1
0	1
0	1
0	0.0205279
0	1
0	0.0146628
0	1
0	0.0146628
0	1
0	1
0	1
0	0.00879765
0	1
0	1
0	0.0058651
0	1
0	1
0	0.0234604
0	0.0117302
0	0.026393
0	1
0	1
0	1
0	0.00879765
0	0.0117302
0	0.0058651
0	1
0	0.0205279
0	0.0293255
0	0.0146628
0	0.026393
0	0.0175953
0	1
0	0.026393
0	0.026393
0	0.0234604
0	1
0	0.0117302
0	0.00879765
0	0.026393
0	0.0410557
0	0.026393
0	0.0527859
0	0.0058651
0	1
0	1
0	1
0	0.0234604
0	0.0058651
0	1
0	1
0	0.0410557
0	1
0	0.00879765
0	0.0205279
0	0.00879765
0	0.0234604
0	1
0	0.0058651
0	0.00879765
0	1
0	0.00879765
0	0.0234604
0	0.0410557
0	0.00879765
0	0.0205279
0	1
0	0.00879765
0	0.0557185
0	0.0117302
0	1
0	0.026393
0	1
0	1
0	0.0058651
0	0.0117302
0	0.0146628
0	1
0	1
0	0.00879765
0	1
0	1
0	0.0058651
0	0.0410557
0	0.0058651
0	0.0205279
0	0.0439883
0	1
0	0.0117302
0	0.0058651
0	0.0146628
0	1
0	1
0	1
0	0.0293255
0	1
0	0.0410557
0	1
0	1
0	1
0	1
0	0.0117302
0	1
0	0.00879765
0	0.00879765
0	0.0410557
0	0.00879765
0	0.0058651
0	1
0	1
0	0.00879765
0	1
0	0.0117302
0	0.026393
0	1
0	0.0117302
0	0.0058651
0	0.0205279
0	1
0	1
0	1
0	1
0	0.0146628
0	1
0	1
0	0.0117302
0	0.0527859
0	0.0527859
0	0.0205279
0	0.0058651
0	0.0058651
0	0.0175953
0	0.0175953
0	0.0175953
0	0.00879765
0	1
0	0.0234604
0	1
0	1
0	1
0	1
0	0.0439883
0	0.026393
0	1
0	1
0	1
0	0.0234604
0	1
0	0.0117302
0	0.0117302
0	0.0117302
0	0.0117302
0	0.00879765
0	0.0117302
0	0.026393
0	0.0175953
0	1
0	1
0	0.0058651
0	1
0	0.0234604
0	0.0205279
0	0.026393
0	1
0	0.0146628
0	1
0	0.0175953
0	1
0	0.0117302
0	1
0	0.0175953
0	1
0	0.0058651
0	0.0205279
0	0.0058651
0	0.00879765
0	1
0	0.0146628
0	0.0146628
0	1
0	1
0	1
0	1
0	1
0	0.0117302
0	0.0117302
0	0.0234604
0	0.0058651
0	1
0	0.00879765
0	0.0234604
0	1
0	1
0	1
0	0.00879765
0	0.0205279
0	1
0	1
0	0.0322581
0	0.00879765
0	1
0	1
0	0.0146628
0	1
0	0.0058651
0	1
0	1
0	1
0	1
0	1
0	0.00879765
0	0.00879765
0	0.0058651
0	0.00293255
0	1
0	0.0557185
0	1
0	1
0	0.0351906
0	0.00879765
0	0.00879765
0	1
0	1
0	0.0175953
0	1


