# Persistence diagram <GML/0162.gml>
#
# Dimension   : 0
# Entries     : 240
# Betti number: 5
0	inf
0	1
0	0.183908
0	0.114943
0	0.0229885
0	1
0	0.114943
0	1
0	0.0229885
0	0.298851
0	0.298851
0	0.103448
0	0.114943
0	0.045977
0	0.103448
0	1
0	1
0	1
0	0.103448
0	0.103448
0	1
0	0.0804598
0	0.298851
0	1
0	1
0	0.0689655
0	1
0	0.183908
0	1
0	0.298851
0	0.103448
0	1
0	0.0689655
0	inf
0	1
0	1
0	0.103448
0	1
0	1
0	0.0689655
0	1
0	0.103448
0	0.0804598
0	1
0	1
0	0.0574713
0	1
0	1
0	0.045977
0	0.103448
0	1
0	0.045977
0	1
0	0.0689655
0	0.103448
0	0.183908
0	0.183908
0	0.298851
0	0.103448
0	0.103448
0	0.103448
0	0.0689655
0	0.0344828
0	0.0229885
0	inf
0	0.0344828
0	1
0	0.298851
0	0.045977
0	0.0689655
0	0.0229885
0	0.045977
0	0.0689655
0	0.0229885
0	0.103448
0	0.298851
0	0.0574713
0	inf
0	1
0	0.0574713
0	1
0	0.0344828
0	0.0229885
0	0.103448
0	0.045977
0	0.0229885
0	0.045977
0	1
0	0.0229885
0	1
0	0.0574713
0	0.0229885
0	0.298851
0	1
0	0.0574713
0	1
0	0.103448
0	0.0229885
0	0.183908
0	0.0689655
0	0.0229885
0	0.045977
0	0.0229885
0	0.0229885
0	0.0689655
0	0.103448
0	0.0229885
0	0.045977
0	0.298851
0	0.0574713
0	0.103448
0	1
0	0.0574713
0	0.045977
0	1
0	1
0	0.0229885
0	1
0	0.0689655
0	0.045977
0	1
0	0.0229885
0	0.103448
0	0.183908
0	1
0	0.0689655
0	1
0	0.045977
0	1
0	1
0	0.0574713
0	0.045977
0	0.0574713
0	0.298851
0	0.103448
0	1
0	1
0	1
0	0.103448
0	0.045977
0	0.0804598
0	1
0	1
0	0.0689655
0	0.045977
0	0.0574713
0	0.0229885
0	1
0	1
0	0.0689655
0	1
0	0.045977
0	0.183908
0	0.0804598
0	1
0	0.0229885
0	0.0229885
0	0.0804598
0	0.0229885
0	inf
0	1
0	1
0	1
0	0.045977
0	1
0	0.0689655
0	1
0	0.103448
0	0.045977
0	0.298851
0	0.103448
0	0.0229885
0	0.0229885
0	0.045977
0	0.045977
0	0.045977
0	0.298851
0	0.0689655
0	1
0	0.045977
0	0.0804598
0	0.114943
0	0.298851
0	1
0	0.0229885
0	0.045977
0	1
0	0.0229885
0	0.0344828
0	0.045977
0	0.045977
0	0.298851
0	0.0229885
0	0.045977
0	0.0229885
0	0.045977
0	0.0344828
0	0.045977
0	1
0	0.0344828
0	1
0	0.0574713
0	0.045977
0	0.103448
0	0.045977
0	1
0	1
0	0.103448
0	0.0689655
0	0.103448
0	0.0689655
0	0.0689655
0	0.0229885
0	0.045977
0	0.298851
0	0.103448
0	1
0	0.0229885
0	0.0229885
0	0.0229885
0	0.0229885
0	0.0229885
0	0.103448
0	1
0	0.0229885
0	0.0229885
0	0.045977
0	1
0	0.0114943
0	0.0344828
0	1
0	1
0	0.045977
0	0.0344828
0	0.045977
0	0.298851
0	0.0229885
0	0.0229885
0	0.045977
0	0.0229885


