# Persistence diagram <GML/0171.gml>
#
# Dimension   : 0
# Entries     : 219
# Betti number: 3
0	inf
0	1
0	0.317073
0	1
0	0.207317
0	0.317073
0	0.121951
0	0.317073
0	1
0	0.109756
0	0.0609756
0	0.109756
0	0.0609756
0	0.207317
0	0.0609756
0	1
0	0.317073
0	1
0	0.0487805
0	0.317073
0	1
0	0.0609756
0	1
0	0.0487805
0	1
0	0.317073
0	0.0731707
0	1
0	0.0731707
0	0.121951
0	0.317073
0	0.0487805
0	0.0731707
0	0.0487805
0	0.0365854
0	0.109756
0	0.0731707
0	0.109756
0	0.0731707
0	1
0	0.109756
0	0.0731707
0	0.0731707
0	1
0	0.0365854
0	0.0243902
0	1
0	1
0	0.0487805
0	1
0	1
0	0.121951
0	1
0	1
0	0.317073
0	0.207317
0	0.0243902
0	0.0243902
0	0.109756
0	0.0487805
0	0.121951
0	1
0	0.0487805
0	1
0	0.317073
0	0.0243902
0	0.0487805
0	1
0	1
0	0.0609756
0	0.207317
0	0.109756
0	0.0731707
0	inf
0	0.0243902
0	1
0	1
0	0.0487805
0	0.207317
0	0.0365854
0	inf
0	0.0487805
0	1
0	0.0731707
0	0.0487805
0	0.317073
0	1
0	1
0	0.317073
0	0.0731707
0	0.0731707
0	0.0243902
0	1
0	0.0365854
0	1
0	0.207317
0	0.0609756
0	0.121951
0	0.121951
0	1
0	0.207317
0	0.0609756
0	0.109756
0	0.0365854
0	1
0	1
0	0.0365854
0	0.0731707
0	1
0	1
0	0.0243902
0	0.0243902
0	0.121951
0	0.0365854
0	1
0	1
0	1
0	0.207317
0	0.317073
0	0.317073
0	0.0609756
0	0.0487805
0	1
0	1
0	0.0731707
0	0.0365854
0	1
0	0.121951
0	0.0365854
0	1
0	0.0487805
0	1
0	0.207317
0	0.207317
0	0.0731707
0	0.0609756
0	0.0243902
0	0.0243902
0	0.0243902
0	0.0731707
0	0.0487805
0	1
0	0.0243902
0	0.0609756
0	0.0487805
0	1
0	1
0	0.0731707
0	1
0	0.0365854
0	1
0	0.317073
0	1
0	0.0243902
0	0.0487805
0	0.0487805
0	0.121951
0	0.121951
0	0.0365854
0	0.0487805
0	0.0243902
0	0.317073
0	0.317073
0	0.0487805
0	0.0609756
0	1
0	1
0	0.207317
0	0.0487805
0	0.0609756
0	0.0365854
0	0.0243902
0	0.0487805
0	0.317073
0	0.121951
0	0.0243902
0	0.0243902
0	0.0731707
0	0.121951
0	1
0	0.317073
0	1
0	1
0	0.0731707
0	0.0731707
0	0.0243902
0	1
0	1
0	1
0	0.0365854
0	0.0243902
0	0.207317
0	0.121951
0	0.109756
0	0.0487805
0	0.0243902
0	0.317073
0	1
0	0.0243902
0	0.0365854
0	1
0	0.0243902
0	1
0	0.0121951
0	0.207317
0	0.0365854
0	0.0243902
0	0.207317
0	0.109756
0	0.0243902
0	0.0243902
0	0.207317
0	1
0	1
0	0.0243902
0	0.0609756
0	0.121951
0	0.0609756
0	1


