# Persistence diagram <GML/0172.gml>
#
# Dimension   : 1
# Entries     : 140
# Betti number: 140
0.0206897	inf
0.0241379	inf
0.0241379	inf
0.0241379	inf
0.0275862	inf
0.0275862	inf
0.0275862	inf
0.0275862	inf
0.0275862	inf
0.0275862	inf
0.0275862	inf
0.0275862	inf
0.0275862	inf
0.0275862	inf
0.0310345	inf
0.0310345	inf
0.0310345	inf
0.0310345	inf
0.0310345	inf
0.0310345	inf
0.0310345	inf
0.0310345	inf
0.0310345	inf
0.0310345	inf
0.0310345	inf
0.0344828	inf
0.0344828	inf
0.0344828	inf
0.0344828	inf
0.0344828	inf
0.0344828	inf
0.0344828	inf
0.0344828	inf
0.0344828	inf
0.0344828	inf
0.0344828	inf
0.0344828	inf
0.0344828	inf
0.0344828	inf
0.0344828	inf
0.0344828	inf
0.037931	inf
0.037931	inf
0.037931	inf
0.037931	inf
0.037931	inf
0.037931	inf
0.037931	inf
0.037931	inf
0.037931	inf
0.037931	inf
0.037931	inf
0.037931	inf
0.0413793	inf
0.0413793	inf
0.0413793	inf
0.0413793	inf
0.0413793	inf
0.0413793	inf
0.0413793	inf
0.0413793	inf
0.0413793	inf
0.0413793	inf
0.0413793	inf
0.0413793	inf
0.0413793	inf
0.0413793	inf
0.0413793	inf
0.0413793	inf
0.0413793	inf
0.0413793	inf
0.0413793	inf
0.0413793	inf
0.0413793	inf
0.0413793	inf
0.0413793	inf
0.0413793	inf
0.0448276	inf
0.0448276	inf
0.062069	inf
0.062069	inf
0.062069	inf
0.062069	inf
0.062069	inf
0.062069	inf
0.062069	inf
0.0965517	inf
0.0965517	inf
0.0965517	inf
0.0965517	inf
0.0965517	inf
0.0965517	inf
0.0965517	inf
0.0965517	inf
0.0965517	inf
0.0965517	inf
0.0965517	inf
0.0965517	inf
1	inf
1	inf
1	inf
1	inf
1	inf
1	inf
1	inf
1	inf
1	inf
1	inf
1	inf
1	inf
1	inf
1	inf
1	inf
1	inf
1	inf
1	inf
1	inf
1	inf
1	inf
1	inf
1	inf
1	inf
1	inf
1	inf
1	inf
1	inf
1	inf
1	inf
1	inf
1	inf
1	inf
1	inf
1	inf
1	inf
1	inf
1	inf
1	inf
1	inf
1	inf
1	inf
