# Persistence diagram <GML/0175.gml>
#
# Dimension   : 0
# Entries     : 343
# Betti number: 6
0	inf
0	0.0213904
0	1
0	0.0427807
0	0.0213904
0	0.0160428
0	1
0	1
0	1
0	1
0	1
0	1
0	0.0320856
0	0.0160428
0	0.0213904
0	1
0	0.0374332
0	1
0	0.0320856
0	1
0	0.112299
0	0.0160428
0	1
0	0.0106952
0	1
0	0.112299
0	1
0	1
0	1
0	1
0	1
0	0.0160428
0	1
0	1
0	1
0	0.0213904
0	1
0	0.112299
0	1
0	0.0213904
0	1
0	0.0427807
0	0.0320856
0	1
0	1
0	1
0	inf
0	1
0	1
0	0.0695187
0	1
0	1
0	1
0	0.0213904
0	0.0374332
0	0.0213904
0	1
0	0.0213904
0	1
0	0.0320856
0	0.0427807
0	0.0374332
0	1
0	0.026738
0	1
0	1
0	inf
0	1
0	0.0320856
0	1
0	0.0160428
0	0.0320856
0	1
0	0.0534759
0	1
0	1
0	0.0320856
0	1
0	0.026738
0	0.0320856
0	1
0	1
0	1
0	0.0481283
0	0.112299
0	0.0427807
0	0.0160428
0	1
0	0.0213904
0	1
0	1
0	1
0	1
0	0.0160428
0	0.0374332
0	0.0213904
0	1
0	1
0	1
0	0.0481283
0	1
0	0.0213904
0	1
0	0.0213904
0	0.112299
0	0.0106952
0	0.0481283
0	0.0106952
0	1
0	0.112299
0	1
0	0.112299
0	1
0	1
0	1
0	0.0106952
0	0.0320856
0	1
0	0.0213904
0	1
0	0.0160428
0	0.0160428
0	inf
0	1
0	0.0213904
0	1
0	0.0106952
0	0.0695187
0	1
0	0.0106952
0	0.112299
0	0.0695187
0	0.0481283
0	0.0320856
0	0.0213904
0	1
0	1
0	0.0213904
0	1
0	1
0	1
0	0.0213904
0	0.0695187
0	1
0	1
0	0.0106952
0	1
0	0.0160428
0	1
0	1
0	1
0	1
0	0.0160428
0	1
0	1
0	1
0	1
0	0.026738
0	1
0	0.0320856
0	1
0	0.0160428
0	1
0	0.0534759
0	1
0	0.026738
0	0.0320856
0	0.0160428
0	0.0160428
0	0.0320856
0	0.0320856
0	0.026738
0	1
0	0.0320856
0	1
0	0.0481283
0	0.0320856
0	0.0320856
0	0.0160428
0	0.0106952
0	0.0320856
0	1
0	1
0	1
0	0.0481283
0	0.0160428
0	1
0	0.0213904
0	1
0	1
0	0.0160428
0	1
0	0.0213904
0	0.0213904
0	0.0481283
0	1
0	0.0320856
0	1
0	1
0	1
0	1
0	1
0	0.0106952
0	1
0	0.0213904
0	0.0106952
0	0.0160428
0	0.0106952
0	0.0695187
0	1
0	0.0213904
0	1
0	1
0	1
0	1
0	1
0	0.00534759
0	1
0	1
0	0.0374332
0	1
0	1
0	1
0	1
0	0.0695187
0	0.0213904
0	0.0160428
0	0.0213904
0	0.0427807
0	0.0160428
0	1
0	1
0	1
0	0.0106952
0	0.0106952
0	0.0106952
0	0.0160428
0	1
0	1
0	0.0320856
0	0.0160428
0	0.0106952
0	1
0	1
0	0.0106952
0	1
0	0.0374332
0	1
0	0.0213904
0	0.0320856
0	0.0374332
0	0.112299
0	inf
0	0.0106952
0	1
0	0.0695187
0	0.112299
0	0.0213904
0	0.0160428
0	0.00534759
0	1
0	0.0534759
0	0.0106952
0	0.0160428
0	1
0	0.0213904
0	1
0	0.0160428
0	1
0	0.0106952
0	0.026738
0	0.0320856
0	1
0	0.0160428
0	0.0160428
0	0.0320856
0	0.0374332
0	0.0106952
0	1
0	0.0213904
0	0.0320856
0	0.0106952
0	1
0	0.0106952
0	0.0695187
0	0.0106952
0	0.0160428
0	1
0	1
0	0.0160428
0	0.0160428
0	0.0160428
0	1
0	1
0	1
0	0.112299
0	inf
0	0.0160428
0	0.00534759
0	0.0320856
0	1
0	0.0160428
0	1
0	0.0160428
0	1
0	0.0160428
0	1
0	0.0106952
0	1
0	0.0106952
0	1
0	1
0	0.026738
0	1
0	0.0320856
0	1
0	0.0106952
0	0.0481283
0	0.0106952
0	1
0	1
0	0.0106952
0	0.0374332
0	0.0106952
0	1
0	0.0160428
0	0.0320856
0	1
0	0.0534759
0	0.0106952
0	0.0160428
0	0.0106952
0	0.026738
0	1
0	0.0106952
0	1
0	1
0	0.0160428
0	0.0213904
0	1
0	0.0106952
0	0.0160428
0	1


