# Persistence diagram <GML/0176.gml>
#
# Dimension   : 0
# Entries     : 429
# Betti number: 5
0	inf
0	1
0	0.0597015
0	0.039801
0	0.0348259
0	0.0248756
0	0.039801
0	0.0298507
0	1
0	0.0248756
0	0.039801
0	0.0298507
0	0.039801
0	0.039801
0	0.0298507
0	1
0	1
0	0.0547264
0	1
0	0.0248756
0	inf
0	0.0248756
0	0.0248756
0	1
0	0.0298507
0	0.039801
0	1
0	0.0248756
0	1
0	0.0248756
0	0.0497512
0	0.0547264
0	0.0597015
0	0.0199005
0	1
0	0.039801
0	0.039801
0	1
0	0.0348259
0	0.0547264
0	0.0547264
0	0.0497512
0	0.039801
0	0.0199005
0	1
0	0.0149254
0	1
0	1
0	1
0	1
0	0.039801
0	0.039801
0	0.0298507
0	0.0248756
0	1
0	0.0348259
0	0.00995025
0	1
0	0.039801
0	1
0	1
0	1
0	0.0348259
0	0.0199005
0	1
0	0.0248756
0	0.0547264
0	0.0149254
0	1
0	0.0149254
0	0.00995025
0	0.0248756
0	0.0298507
0	0.0199005
0	1
0	1
0	0.0348259
0	0.0298507
0	1
0	1
0	0.0298507
0	1
0	1
0	0.0597015
0	1
0	0.0149254
0	1
0	1
0	1
0	0.0298507
0	1
0	1
0	0.0348259
0	0.0547264
0	1
0	0.0298507
0	1
0	1
0	0.0149254
0	0.0149254
0	0.039801
0	0.0348259
0	1
0	1
0	0.0298507
0	1
0	1
0	0.0348259
0	1
0	0.0149254
0	0.0248756
0	0.0248756
0	1
0	1
0	1
0	1
0	1
0	0.0597015
0	0.0149254
0	0.0298507
0	0.00995025
0	0.0298507
0	0.0149254
0	0.0149254
0	1
0	1
0	inf
0	1
0	1
0	0.0248756
0	0.039801
0	1
0	0.0248756
0	0.0199005
0	0.0248756
0	0.039801
0	1
0	0.0149254
0	0.0199005
0	1
0	1
0	1
0	0.0298507
0	1
0	0.0149254
0	0.0248756
0	0.0298507
0	0.0497512
0	1
0	1
0	0.0199005
0	0.00995025
0	1
0	1
0	0.0348259
0	0.00995025
0	1
0	1
0	0.0348259
0	0.0298507
0	1
0	0.0199005
0	1
0	1
0	0.0298507
0	0.0298507
0	0.0248756
0	0.0348259
0	0.0497512
0	1
0	0.0149254
0	0.039801
0	0.0199005
0	0.0348259
0	0.0298507
0	0.0149254
0	1
0	0.0199005
0	0.0248756
0	1
0	0.0149254
0	0.0547264
0	inf
0	0.0597015
0	0.0149254
0	1
0	0.0348259
0	0.0199005
0	0.0547264
0	0.0149254
0	0.00995025
0	1
0	1
0	0.00995025
0	0.0149254
0	0.00995025
0	1
0	0.0199005
0	0.0149254
0	1
0	0.0298507
0	0.039801
0	0.0149254
0	0.0149254
0	1
0	0.00995025
0	0.00995025
0	0.0149254
0	0.0298507
0	0.0149254
0	0.0298507
0	0.0149254
0	0.0149254
0	1
0	0.0298507
0	0.0248756
0	1
0	0.039801
0	0.0199005
0	0.039801
0	0.0149254
0	0.0248756
0	1
0	0.0149254
0	0.0199005
0	1
0	1
0	0.0547264
0	1
0	0.0199005
0	0.0199005
0	0.00995025
0	0.00995025
0	1
0	1
0	0.00995025
0	1
0	0.00995025
0	0.0348259
0	1
0	1
0	0.0199005
0	0.0348259
0	0.00995025
0	1
0	1
0	1
0	1
0	0.0547264
0	1
0	0.0348259
0	0.0149254
0	0.0199005
0	0.0597015
0	1
0	0.00995025
0	1
0	1
0	0.00995025
0	1
0	1
0	1
0	1
0	0.0547264
0	0.0597015
0	0.0248756
0	0.00995025
0	0.0149254
0	0.0497512
0	0.0348259
0	0.0149254
0	1
0	1
0	1
0	1
0	1
0	0.0149254
0	0.039801
0	1
0	0.0149254
0	1
0	1
0	0.0248756
0	1
0	0.0149254
0	0.0149254
0	0.0248756
0	0.0149254
0	0.0547264
0	1
0	0.0199005
0	0.00995025
0	0.0248756
0	0.00995025
0	0.00995025
0	1
0	1
0	1
0	0.00995025
0	0.0348259
0	0.0248756
0	1
0	0.00995025
0	0.0199005
0	0.00995025
0	0.0149254
0	0.0248756
0	1
0	0.00995025
0	1
0	0.0149254
0	1
0	0.039801
0	0.0149254
0	1
0	0.0298507
0	1
0	1
0	1
0	1
0	1
0	0.0149254
0	1
0	0.00995025
0	0.0348259
0	0.0199005
0	0.039801
0	0.0348259
0	0.0199005
0	0.0199005
0	0.00995025
0	0.0149254
0	1
0	0.00995025
0	1
0	1
0	1
0	0.0149254
0	inf
0	0.00995025
0	1
0	0.0199005
0	0.0199005
0	1
0	0.0149254
0	0.0248756
0	0.0149254
0	0.0248756
0	1
0	0.0348259
0	0.0149254
0	1
0	1
0	0.00995025
0	1
0	0.0149254
0	0.00995025
0	0.00995025
0	0.00995025
0	0.0149254
0	1
0	0.0199005
0	1
0	1
0	0.0348259
0	1
0	1
0	1
0	0.0547264
0	1
0	0.039801
0	1
0	0.0149254
0	0.00497512
0	1
0	0.0597015
0	0.0248756
0	1
0	0.0149254
0	0.0199005
0	0.00995025
0	0.0149254
0	1
0	0.00995025
0	0.00995025
0	1
0	0.0547264
0	1
0	0.039801
0	0.0149254
0	0.0149254
0	0.00995025
0	1
0	0.0199005
0	0.00995025
0	0.0348259
0	0.0149254
0	0.00995025
0	0.0348259
0	0.00995025
0	0.0199005
0	0.00497512
0	0.0149254
0	1
0	1
0	1
0	1
0	1
0	0.0298507
0	0.0149254
0	1
0	0.00995025
0	1
0	1
0	1
0	0.0547264
0	0.0199005
0	0.0149254
0	0.0149254
0	0.00995025
0	1
0	0.0199005
0	0.0149254
0	0.0149254
0	1
0	0.00995025
0	1
0	1
0	0.0149254


