# Persistence diagram <GML/0182.gml>
#
# Dimension   : 0
# Entries     : 305
# Betti number: 7
0	inf
0	inf
0	1
0	0.0748299
0	0.0408163
0	1
0	0.0748299
0	1
0	1
0	0.0680272
0	0.0340136
0	0.0340136
0	1
0	0.0408163
0	0.0748299
0	0.0272109
0	0.0748299
0	inf
0	0.0272109
0	0.0340136
0	inf
0	1
0	0.0340136
0	1
0	0.0272109
0	1
0	inf
0	0.0204082
0	0.0952381
0	1
0	0.0680272
0	0.0340136
0	1
0	1
0	0.047619
0	0.0952381
0	0.0408163
0	0.0952381
0	0.0340136
0	0.0408163
0	0.0748299
0	1
0	0.0272109
0	0.0748299
0	0.0612245
0	1
0	0.0204082
0	0.0748299
0	1
0	0.0748299
0	0.0408163
0	1
0	0.0272109
0	0.0204082
0	1
0	0.0136054
0	0.0408163
0	0.0680272
0	1
0	1
0	1
0	0.0952381
0	0.0748299
0	1
0	0.0952381
0	1
0	0.0272109
0	inf
0	0.0748299
0	1
0	1
0	0.0748299
0	1
0	0.0204082
0	0.0612245
0	1
0	1
0	1
0	0.0408163
0	1
0	0.0272109
0	1
0	1
0	0.0272109
0	0.0272109
0	0.047619
0	1
0	1
0	0.0408163
0	1
0	inf
0	1
0	0.0952381
0	1
0	0.047619
0	0.0340136
0	0.0204082
0	1
0	0.0272109
0	0.0136054
0	1
0	0.0748299
0	0.0340136
0	1
0	1
0	0.0272109
0	1
0	0.0748299
0	1
0	0.0612245
0	0.0748299
0	0.0612245
0	1
0	1
0	0.0204082
0	0.0748299
0	0.0136054
0	0.0204082
0	0.0204082
0	0.0204082
0	0.00680272
0	0.0204082
0	1
0	1
0	0.0136054
0	1
0	0.0340136
0	0.0340136
0	0.0340136
0	1
0	1
0	0.0340136
0	1
0	0.0408163
0	0.0136054
0	0.0340136
0	1
0	1
0	0.0272109
0	1
0	1
0	0.0204082
0	1
0	1
0	1
0	0.00680272
0	1
0	0.0340136
0	0.0408163
0	0.0204082
0	0.0204082
0	1
0	0.047619
0	0.0204082
0	0.0136054
0	0.0680272
0	1
0	0.0272109
0	0.0204082
0	0.0272109
0	1
0	1
0	0.0136054
0	0.0680272
0	1
0	0.0204082
0	0.0272109
0	0.0204082
0	0.0272109
0	1
0	0.0408163
0	0.0204082
0	1
0	1
0	1
0	0.0204082
0	0.0136054
0	0.0272109
0	0.0204082
0	1
0	0.0748299
0	0.0952381
0	0.0748299
0	1
0	0.0204082
0	1
0	0.0136054
0	1
0	0.0204082
0	1
0	0.0272109
0	0.0204082
0	0.00680272
0	0.0204082
0	1
0	1
0	1
0	0.0272109
0	1
0	0.0204082
0	0.0204082
0	0.0680272
0	1
0	0.0136054
0	0.0204082
0	1
0	0.0952381
0	1
0	1
0	1
0	0.0272109
0	0.0340136
0	0.0204082
0	0.0204082
0	0.0748299
0	1
0	0.0204082
0	1
0	1
0	1
0	0.0340136
0	0.0136054
0	1
0	1
0	0.0340136
0	0.0612245
0	0.0204082
0	1
0	0.0272109
0	0.0136054
0	0.0408163
0	1
0	0.0340136
0	0.00680272
0	1
0	1
0	0.0204082
0	1
0	0.0272109
0	1
0	0.0136054
0	1
0	0.0272109
0	0.0748299
0	1
0	0.0952381
0	1
0	0.0204082
0	1
0	0.0408163
0	0.0204082
0	0.0272109
0	0.0204082
0	0.0340136
0	0.0204082
0	1
0	0.0272109
0	0.0272109
0	1
0	1
0	0.0340136
0	1
0	0.047619
0	0.0136054
0	0.0204082
0	0.0136054
0	1
0	0.0136054
0	0.0340136
0	0.0340136
0	0.0612245
0	1
0	0.0204082
0	0.0340136
0	1
0	1
0	1
0	0.0204082
0	0.0272109
0	1
0	1
0	0.0204082
0	1
0	1
0	0.0340136
0	1
0	0.0204082
0	0.0204082
0	0.0204082
0	0.0136054
0	1
0	1
0	0.0204082
0	0.0136054
0	0.00680272
0	0.0612245
0	0.0136054
0	1
0	1
0	1
0	0.0204082
0	0.0136054
0	1
0	1
0	0.0680272


