# Persistence diagram <GML/0184.gml>
#
# Dimension   : 0
# Entries     : 213
# Betti number: 1
0	inf
0	0.169643
0	1
0	1
0	1
0	0.348214
0	0.0803571
0	1
0	1
0	0.0178571
0	1
0	0.0714286
0	1
0	1
0	0.348214
0	0.169643
0	0.0714286
0	0.0625
0	0.0714286
0	1
0	1
0	1
0	0.169643
0	1
0	0.0625
0	1
0	0.0625
0	1
0	0.348214
0	0.0803571
0	0.0446429
0	1
0	1
0	0.0446429
0	1
0	0.169643
0	0.0535714
0	0.0714286
0	0.0267857
0	1
0	0.348214
0	1
0	0.348214
0	0.348214
0	1
0	1
0	1
0	0.348214
0	0.169643
0	0.0714286
0	0.0357143
0	0.0625
0	0.0625
0	1
0	1
0	0.0267857
0	0.0625
0	0.0714286
0	1
0	1
0	1
0	0.169643
0	1
0	0.0535714
0	1
0	1
0	0.169643
0	1
0	1
0	1
0	0.169643
0	1
0	0.348214
0	0.0803571
0	0.348214
0	1
0	1
0	1
0	0.0357143
0	1
0	1
0	1
0	0.0267857
0	0.0446429
0	1
0	1
0	0.169643
0	0.0178571
0	0.0267857
0	0.0535714
0	1
0	1
0	0.169643
0	1
0	1
0	0.0178571
0	0.0714286
0	0.0357143
0	1
0	0.0267857
0	1
0	0.0178571
0	0.0714286
0	0.0625
0	0.169643
0	1
0	1
0	0.0357143
0	0.0625
0	1
0	0.0714286
0	0.0625
0	0.0178571
0	0.348214
0	1
0	1
0	0.0267857
0	0.0178571
0	1
0	1
0	0.0625
0	0.0714286
0	1
0	0.348214
0	1
0	0.169643
0	1
0	1
0	1
0	0.0625
0	1
0	0.0714286
0	0.348214
0	0.0535714
0	1
0	0.0267857
0	0.0267857
0	0.348214
0	1
0	1
0	0.169643
0	1
0	1
0	0.0357143
0	0.169643
0	0.348214
0	0.0625
0	0.0625
0	0.0357143
0	0.0357143
0	1
0	0.0267857
0	0.169643
0	1
0	0.0803571
0	0.348214
0	0.0357143
0	0.0803571
0	0.0803571
0	1
0	0.0178571
0	0.0625
0	0.0267857
0	0.0178571
0	1
0	0.0357143
0	0.348214
0	0.0714286
0	1
0	1
0	1
0	1
0	0.169643
0	0.0714286
0	0.0267857
0	1
0	0.0178571
0	1
0	1
0	0.0625
0	0.0625
0	1
0	0.0714286
0	1
0	1
0	0.0714286
0	1
0	1
0	0.0625
0	1
0	0.348214
0	0.0267857
0	0.0267857
0	0.0446429
0	1
0	0.0267857
0	0.348214
0	1
0	0.0446429
0	0.0178571
0	1
0	0.0178571
0	1
0	0.0357143
0	0.0178571
0	0.348214
0	0.0625
0	0.0267857
0	1
0	0.0535714
0	1
0	1
0	0.0267857


