# Persistence diagram <GML/0186.gml>
#
# Dimension   : 0
# Entries     : 365
# Betti number: 2
0	inf
0	0.0510949
0	0.0656934
0	0.0875912
0	0.0583942
0	0.0583942
0	1
0	0.0583942
0	0.0656934
0	0.0656934
0	1
0	0.0437956
0	0.0656934
0	1
0	0.0948905
0	1
0	0.0656934
0	1
0	0.0948905
0	0.0729927
0	1
0	1
0	0.0510949
0	0.0948905
0	0.0437956
0	0.0437956
0	1
0	0.0948905
0	1
0	0.0656934
0	1
0	0.0437956
0	0.0583942
0	0.0583942
0	0.0510949
0	0.0364964
0	0.0291971
0	0.0437956
0	0.0291971
0	0.0510949
0	0.0437956
0	1
0	0.0510949
0	0.0875912
0	0.0510949
0	1
0	0.0656934
0	0.0510949
0	0.145985
0	1
0	0.0437956
0	0.0291971
0	0.0729927
0	1
0	0.0218978
0	0.0729927
0	1
0	0.0729927
0	0.0145985
0	1
0	0.0510949
0	0.0729927
0	0.0948905
0	1
0	1
0	1
0	1
0	1
0	0.0875912
0	1
0	0.0364964
0	0.0364964
0	1
0	1
0	0.0218978
0	0.0583942
0	0.0948905
0	0.0364964
0	0.0510949
0	1
0	1
0	1
0	1
0	0.0875912
0	0.0510949
0	0.0510949
0	1
0	0.145985
0	0.0510949
0	1
0	inf
0	0.0437956
0	0.0510949
0	0.0948905
0	0.0437956
0	0.0291971
0	0.0729927
0	1
0	1
0	0.0510949
0	1
0	0.0364964
0	0.0291971
0	0.0583942
0	0.0729927
0	0.0291971
0	0.0437956
0	1
0	0.0291971
0	0.145985
0	0.0510949
0	0.0510949
0	0.0437956
0	0.0729927
0	0.0218978
0	0.0218978
0	0.0583942
0	0.0437956
0	1
0	0.0218978
0	0.0364964
0	0.0656934
0	0.0145985
0	0.0875912
0	0.0583942
0	1
0	0.0145985
0	1
0	0.0729927
0	0.0948905
0	0.0510949
0	0.0291971
0	0.0437956
0	1
0	1
0	0.0948905
0	0.0875912
0	1
0	0.0948905
0	0.0510949
0	0.0510949
0	0.0364964
0	1
0	0.080292
0	1
0	1
0	0.0510949
0	0.0948905
0	0.0218978
0	0.0437956
0	0.0510949
0	1
0	0.0291971
0	1
0	1
0	0.0291971
0	0.0875912
0	1
0	0.0875912
0	1
0	0.0291971
0	0.0875912
0	0.0145985
0	0.00729927
0	0.0364964
0	0.0510949
0	0.0437956
0	0.0510949
0	0.145985
0	1
0	0.0656934
0	1
0	0.0437956
0	0.0218978
0	0.0218978
0	1
0	0.0437956
0	0.145985
0	0.0145985
0	0.0510949
0	0.0875912
0	1
0	0.0656934
0	0.0875912
0	0.0364964
0	0.0145985
0	0.0291971
0	0.0145985
0	0.0218978
0	0.0948905
0	0.0510949
0	0.0145985
0	0.0364964
0	0.0437956
0	0.0437956
0	0.0656934
0	0.0291971
0	0.0291971
0	0.0218978
0	1
0	0.0437956
0	1
0	1
0	0.0510949
0	0.0656934
0	0.0218978
0	0.0948905
0	0.0218978
0	0.0145985
0	0.0656934
0	1
0	0.0291971
0	0.0510949
0	1
0	0.0510949
0	0.0364964
0	0.0364964
0	0.0291971
0	1
0	0.0656934
0	1
0	0.0510949
0	0.0145985
0	0.0656934
0	0.0218978
0	1
0	1
0	0.0218978
0	0.0291971
0	0.0510949
0	0.0729927
0	0.080292
0	0.0656934
0	0.0218978
0	0.0656934
0	0.0437956
0	0.0218978
0	0.0218978
0	1
0	0.0875912
0	0.0875912
0	1
0	0.0218978
0	0.0583942
0	1
0	0.0364964
0	0.0145985
0	0.0875912
0	0.0875912
0	0.0218978
0	0.145985
0	0.0145985
0	0.0218978
0	0.0364964
0	0.0218978
0	0.0218978
0	1
0	0.0364964
0	0.0729927
0	0.0145985
0	0.0218978
0	1
0	1
0	0.0364964
0	0.0291971
0	0.0437956
0	0.0656934
0	1
0	0.0948905
0	0.0218978
0	0.0291971
0	1
0	0.0145985
0	1
0	1
0	1
0	1
0	0.0145985
0	0.0437956
0	0.0291971
0	0.0364964
0	0.0218978
0	1
0	0.0437956
0	0.0510949
0	0.145985
0	0.0510949
0	0.0437956
0	0.0218978
0	1
0	0.0145985
0	1
0	0.0875912
0	1
0	1
0	0.0948905
0	0.0218978
0	0.145985
0	0.0145985
0	0.0437956
0	0.0656934
0	0.0510949
0	0.0145985
0	0.0145985
0	0.0437956
0	1
0	0.0510949
0	0.145985
0	0.0656934
0	1
0	1
0	0.0218978
0	0.0437956
0	0.0510949
0	0.0510949
0	0.0364964
0	0.0145985
0	1
0	1
0	0.0218978
0	0.0510949
0	0.0291971
0	0.0218978
0	0.0437956
0	0.0291971
0	0.0364964
0	1
0	0.0291971
0	0.0291971
0	0.0437956
0	1
0	0.0875912
0	1
0	0.0291971
0	0.0875912
0	0.0145985
0	1
0	0.0145985
0	0.0218978
0	1
0	0.0218978
0	0.0145985
0	0.0218978
0	1
0	0.0218978
0	0.0145985
0	0.0656934
0	0.0218978
0	1
0	0.080292
0	0.0218978
0	0.0145985
0	0.0291971
0	0.145985
0	1
0	0.0875912
0	0.0437956
0	0.0218978
0	0.0583942
0	1
0	0.0291971
0	1
0	0.0510949
0	0.0948905
0	0.0218978


