# Persistence diagram <GML/0188.gml>
#
# Dimension   : 0
# Entries     : 235
# Betti number: 9
0	inf
0	1
0	0.0909091
0	1
0	inf
0	1
0	1
0	0.193182
0	0.0909091
0	inf
0	0.0909091
0	1
0	0.193182
0	0.0568182
0	0.193182
0	0.0909091
0	0.125
0	1
0	0.0340909
0	1
0	0.0454545
0	inf
0	0.0454545
0	0.0340909
0	1
0	0.0681818
0	0.0454545
0	0.0454545
0	0.0568182
0	0.0568182
0	0.193182
0	1
0	0.193182
0	1
0	0.0340909
0	1
0	0.0454545
0	1
0	inf
0	0.0227273
0	0.0454545
0	0.0454545
0	0.0909091
0	0.0681818
0	1
0	0.125
0	0.0340909
0	0.0340909
0	1
0	0.0568182
0	0.0227273
0	1
0	0.0454545
0	0.0454545
0	1
0	0.0909091
0	0.0454545
0	1
0	1
0	1
0	0.0909091
0	0.0568182
0	0.0909091
0	inf
0	0.0340909
0	0.193182
0	0.0227273
0	1
0	0.0227273
0	1
0	0.0909091
0	1
0	0.0454545
0	0.0454545
0	1
0	1
0	0.125
0	0.0909091
0	1
0	1
0	0.0340909
0	1
0	1
0	1
0	1
0	1
0	0.0227273
0	0.193182
0	0.0227273
0	1
0	0.0454545
0	0.0681818
0	0.0681818
0	0.0568182
0	1
0	1
0	1
0	1
0	0.125
0	1
0	0.0454545
0	0.0340909
0	1
0	0.125
0	1
0	0.193182
0	0.0340909
0	0.0227273
0	0.0454545
0	0.0454545
0	1
0	0.0227273
0	1
0	1
0	0.193182
0	0.0340909
0	1
0	0.0340909
0	0.193182
0	1
0	0.0454545
0	1
0	0.0454545
0	1
0	0.0340909
0	0.0227273
0	1
0	0.0227273
0	0.0227273
0	1
0	1
0	1
0	0.125
0	inf
0	inf
0	0.125
0	1
0	1
0	0.0227273
0	inf
0	1
0	0.0681818
0	0.125
0	0.0227273
0	0.0454545
0	0.0227273
0	1
0	1
0	0.0227273
0	1
0	0.0340909
0	0.0340909
0	0.0227273
0	0.0340909
0	0.125
0	0.0454545
0	1
0	0.0340909
0	0.0454545
0	0.0568182
0	1
0	0.0568182
0	0.0340909
0	0.0227273
0	0.0454545
0	0.0340909
0	0.0454545
0	0.0568182
0	0.0227273
0	0.0227273
0	0.0227273
0	0.0227273
0	0.193182
0	0.0340909
0	0.0227273
0	1
0	0.0227273
0	0.0454545
0	1
0	0.0454545
0	1
0	0.0340909
0	0.0454545
0	0.125
0	0.0227273
0	0.0227273
0	0.0227273
0	0.0340909
0	0.0227273
0	0.0340909
0	0.0227273
0	0.0340909
0	1
0	0.0227273
0	0.0227273
0	0.0113636
0	1
0	0.0568182
0	1
0	0.0227273
0	0.0227273
0	1
0	0.0113636
0	0.0227273
0	0.0454545
0	0.0340909
0	0.0227273
0	0.125
0	0.0340909
0	1
0	0.0227273
0	0.0227273
0	0.0568182
0	0.193182
0	0.0227273
0	0.0227273
0	1
0	0.0454545
0	0.0340909
0	0.0454545
0	1
0	0.0227273
0	0.0568182
0	0.0227273
0	1
0	1
0	0.0568182
0	1
0	0.0340909
0	0.0454545
0	1
0	0.0227273
0	0.0454545
0	1
0	0.0227273


