# Persistence diagram <GML/0191.gml>
#
# Dimension   : 0
# Entries     : 476
# Betti number: 3
0	inf
0	1
0	0.0429448
0	0.134969
0	0.0429448
0	0.165644
0	1
0	0.0306748
0	0.171779
0	0.0368098
0	0.171779
0	1
0	1
0	0.0245399
0	0.110429
0	0.0552147
0	1
0	0.0490798
0	0.0490798
0	1
0	0.0306748
0	0.110429
0	0.122699
0	1
0	1
0	0.0368098
0	0.0245399
0	0.0245399
0	0.0306748
0	0.0306748
0	0.0306748
0	0.0368098
0	1
0	0.165644
0	0.0429448
0	0.0429448
0	0.0429448
0	0.0490798
0	0.0245399
0	0.110429
0	0.0368098
0	1
0	1
0	0.110429
0	1
0	0.0245399
0	0.0306748
0	0.165644
0	0.0368098
0	0.0429448
0	1
0	0.110429
0	0.0552147
0	1
0	1
0	0.134969
0	0.171779
0	0.0122699
0	0.0368098
0	0.0429448
0	1
0	1
0	1
0	0.0245399
0	0.0245399
0	0.0122699
0	inf
0	0.165644
0	0.0429448
0	0.110429
0	0.0306748
0	0.122699
0	0.0429448
0	0.0736196
0	0.0245399
0	0.0429448
0	0.0122699
0	0.122699
0	0.0245399
0	1
0	0.0184049
0	0.0429448
0	0.0245399
0	0.0245399
0	0.0490798
0	0.0368098
0	0.134969
0	0.0245399
0	0.0552147
0	0.0306748
0	0.0552147
0	1
0	0.0184049
0	1
0	0.0245399
0	1
0	0.0429448
0	0.0306748
0	0.0184049
0	0.0245399
0	0.0184049
0	0.110429
0	0.122699
0	0.0245399
0	0.0245399
0	1
0	0.0122699
0	0.0306748
0	1
0	0.0306748
0	0.0552147
0	0.0245399
0	0.0184049
0	0.0184049
0	1
0	0.0245399
0	1
0	0.0306748
0	0.0429448
0	0.0122699
0	0.0552147
0	1
0	0.0245399
0	0.0736196
0	0.171779
0	0.134969
0	0.0552147
0	0.0184049
0	0.122699
0	0.0184049
0	1
0	1
0	0.0429448
0	0.110429
0	1
0	0.0245399
0	1
0	0.122699
0	0.0245399
0	0.122699
0	0.0184049
0	0.122699
0	0.171779
0	0.0245399
0	0.0184049
0	1
0	0.134969
0	0.110429
0	0.0245399
0	1
0	0.0122699
0	0.122699
0	0.0306748
0	0.0552147
0	0.0306748
0	0.0368098
0	0.0184049
0	1
0	0.0245399
0	0.0306748
0	0.0245399
0	1
0	0.0368098
0	1
0	0.0306748
0	0.122699
0	0.122699
0	0.0245399
0	0.0245399
0	0.134969
0	0.0245399
0	1
0	0.0245399
0	1
0	0.165644
0	0.0736196
0	0.0184049
0	1
0	0.0184049
0	0.0429448
0	0.134969
0	0.0122699
0	0.171779
0	1
0	1
0	1
0	1
0	0.110429
0	0.0245399
0	0.122699
0	0.0245399
0	0.0368098
0	0.0429448
0	0.0552147
0	0.0368098
0	0.0490798
0	0.0368098
0	1
0	0.0245399
0	0.0245399
0	0.0122699
0	1
0	0.0245399
0	1
0	0.0368098
0	0.0245399
0	1
0	0.0245399
0	0.0429448
0	0.0306748
0	0.0122699
0	1
0	1
0	0.0245399
0	1
0	1
0	1
0	0.0184049
0	0.0245399
0	1
0	0.0552147
0	1
0	1
0	0.0429448
0	0.134969
0	0.0184049
0	0.110429
0	0.0184049
0	0.0245399
0	1
0	1
0	1
0	0.165644
0	0.171779
0	0.165644
0	0.0736196
0	0.0306748
0	0.0245399
0	0.0245399
0	0.0245399
0	1
0	0.0184049
0	0.0245399
0	0.0122699
0	0.122699
0	1
0	1
0	1
0	1
0	0.0122699
0	0.0368098
0	0.0245399
0	0.0306748
0	0.0245399
0	0.134969
0	0.110429
0	0.0552147
0	0.171779
0	1
0	0.0306748
0	1
0	0.0552147
0	1
0	1
0	0.0245399
0	0.0245399
0	0.0429448
0	0.0736196
0	0.0245399
0	1
0	1
0	1
0	0.0184049
0	0.0306748
0	1
0	0.0245399
0	0.0429448
0	1
0	0.0368098
0	0.0122699
0	0.0245399
0	inf
0	0.165644
0	0.165644
0	1
0	0.0245399
0	1
0	0.0245399
0	0.0245399
0	0.0184049
0	0.165644
0	1
0	0.171779
0	0.171779
0	0.0306748
0	0.0245399
0	1
0	1
0	0.0245399
0	0.0552147
0	1
0	0.0245399
0	0.0245399
0	0.0736196
0	0.0245399
0	0.165644
0	0.0368098
0	0.0736196
0	0.0184049
0	0.165644
0	0.0184049
0	0.0306748
0	0.0245399
0	1
0	0.0245399
0	1
0	1
0	1
0	0.0184049
0	0.0184049
0	1
0	1
0	0.165644
0	0.0429448
0	0.134969
0	1
0	0.0552147
0	0.0122699
0	0.0552147
0	0.0245399
0	0.0490798
0	0.0245399
0	0.0429448
0	1
0	0.0368098
0	0.0122699
0	0.0245399
0	0.0306748
0	0.0245399
0	0.0184049
0	0.0552147
0	1
0	0.0245399
0	0.0122699
0	1
0	0.0306748
0	0.0552147
0	0.0184049
0	1
0	0.0184049
0	1
0	0.0245399
0	1
0	1
0	1
0	1
0	1
0	1
0	0.171779
0	0.0122699
0	0.165644
0	0.110429
0	0.0245399
0	0.0429448
0	0.134969
0	0.0429448
0	0.0184049
0	0.0122699
0	1
0	1
0	0.0306748
0	0.0368098
0	0.0368098
0	0.0306748
0	0.0184049
0	1
0	0.0245399
0	0.165644
0	0.0552147
0	1
0	0.0368098
0	0.0429448
0	0.0245399
0	0.0184049
0	0.0245399
0	0.0306748
0	0.0368098
0	1
0	1
0	0.0245399
0	0.0184049
0	1
0	0.0368098
0	0.0368098
0	0.0245399
0	0.0245399
0	1
0	0.0368098
0	0.0429448
0	0.165644
0	0.0184049
0	0.0306748
0	0.0245399
0	0.0184049
0	0.134969
0	0.171779
0	0.0184049
0	0.0368098
0	0.0429448
0	1
0	0.0306748
0	1
0	0.0245399
0	0.0184049
0	1
0	0.0245399
0	0.0184049
0	0.0245399
0	1
0	0.0122699
0	0.134969
0	0.0245399
0	0.0245399
0	0.0429448
0	0.0122699
0	0.165644
0	1
0	1
0	0.0736196
0	0.0184049
0	0.0122699
0	1
0	0.0184049
0	0.165644
0	0.0552147
0	1
0	1
0	0.0122699
0	1
0	0.0184049
0	1
0	1
0	1
0	0.165644
0	1
0	0.0245399
0	0.0122699
0	1
0	0.0122699
0	0.0368098
0	0.0122699
0	0.0184049
0	1
0	1
0	0.0122699
0	0.0184049
0	1
0	1
0	0.0245399
0	0.0122699
0	0.0122699
0	1
0	0.134969
0	0.0122699
0	1
0	0.0184049
0	0.0306748
0	0.122699
0	0.122699
0	0.0122699
0	0.0306748
0	0.0122699
0	0.0552147
0	0.0552147
0	0.00613497
0	1


