# Persistence diagram <GML/0192.gml>
#
# Dimension   : 1
# Entries     : 91
# Betti number: 91
0.0134529	inf
0.0179372	inf
0.0179372	inf
0.0179372	inf
0.0201794	inf
0.0201794	inf
0.0201794	inf
0.0201794	inf
0.0201794	inf
0.0201794	inf
0.0201794	inf
0.0201794	inf
0.0201794	inf
0.0201794	inf
0.0201794	inf
0.0224215	inf
0.0224215	inf
0.0224215	inf
0.0224215	inf
0.0224215	inf
0.0224215	inf
0.0224215	inf
0.0224215	inf
0.0224215	inf
0.0224215	inf
0.0246637	inf
0.0246637	inf
0.0246637	inf
0.0269058	inf
0.0269058	inf
0.0269058	inf
0.0269058	inf
0.029148	inf
0.029148	inf
0.029148	inf
0.029148	inf
0.029148	inf
0.029148	inf
0.029148	inf
0.029148	inf
0.0313901	inf
0.0313901	inf
0.0313901	inf
0.0313901	inf
0.0313901	inf
0.0313901	inf
0.0313901	inf
0.0313901	inf
0.0313901	inf
0.0313901	inf
0.0313901	inf
0.0313901	inf
0.0538117	inf
0.0538117	inf
0.0538117	inf
0.0538117	inf
0.0538117	inf
1	inf
1	inf
1	inf
1	inf
1	inf
1	inf
1	inf
1	inf
1	inf
1	inf
1	inf
1	inf
1	inf
1	inf
1	inf
1	inf
1	inf
1	inf
1	inf
1	inf
1	inf
1	inf
1	inf
1	inf
1	inf
1	inf
1	inf
1	inf
1	inf
1	inf
1	inf
1	inf
1	inf
1	inf
