# Persistence diagram <GML/0192.gml>
#
# Dimension   : 0
# Entries     : 840
# Betti number: 2
0	inf
0	1
0	0.0269058
0	0.0179372
0	1
0	0.0538117
0	1
0	0.0538117
0	0.0179372
0	1
0	0.0179372
0	1
0	1
0	1
0	1
0	1
0	0.0179372
0	0.0134529
0	0.0224215
0	1
0	0.0224215
0	1
0	1
0	1
0	1
0	0.0179372
0	0.00672646
0	0.0269058
0	1
0	0.00896861
0	1
0	0.0179372
0	0.0201794
0	1
0	0.0179372
0	1
0	1
0	1
0	0.0538117
0	0.0112108
0	1
0	0.0134529
0	0.0179372
0	1
0	1
0	1
0	0.0269058
0	0.0224215
0	1
0	0.00672646
0	1
0	0.0179372
0	0.0179372
0	0.0246637
0	1
0	1
0	0.0134529
0	0.0246637
0	0.0112108
0	0.0269058
0	0.0201794
0	0.00896861
0	0.0134529
0	0.0134529
0	0.0313901
0	1
0	0.0224215
0	1
0	0.00896861
0	1
0	1
0	0.0134529
0	0.029148
0	0.0201794
0	0.0538117
0	1
0	1
0	0.029148
0	0.029148
0	0.00672646
0	1
0	1
0	0.0134529
0	0.0134529
0	0.0179372
0	0.0179372
0	0.0112108
0	1
0	0.00672646
0	1
0	0.0134529
0	0.0134529
0	0.0201794
0	0.0224215
0	0.0201794
0	0.0246637
0	1
0	0.0269058
0	0.0112108
0	0.0112108
0	1
0	0.029148
0	1
0	0.0112108
0	0.0538117
0	0.0134529
0	1
0	0.0179372
0	0.0224215
0	1
0	0.0201794
0	1
0	1
0	1
0	0.00896861
0	1
0	1
0	1
0	1
0	0.0201794
0	1
0	0.0201794
0	1
0	0.0538117
0	1
0	1
0	0.0112108
0	0.0201794
0	1
0	0.0179372
0	1
0	0.0134529
0	1
0	1
0	1
0	0.0179372
0	0.00672646
0	0.0269058
0	1
0	0.0112108
0	0.0224215
0	0.0201794
0	0.00672646
0	1
0	0.0313901
0	1
0	1
0	0.0134529
0	1
0	1
0	1
0	1
0	1
0	0.029148
0	0.0201794
0	0.0201794
0	0.0179372
0	0.00896861
0	0.029148
0	0.0538117
0	0.0044843
0	0.0246637
0	0.0112108
0	0.029148
0	1
0	0.0224215
0	0.0179372
0	0.0269058
0	0.0179372
0	1
0	0.0112108
0	1
0	0.029148
0	1
0	0.00672646
0	1
0	1
0	0.0112108
0	0.0179372
0	1
0	1
0	0.029148
0	1
0	0.0201794
0	1
0	0.029148
0	0.0538117
0	0.0044843
0	0.00672646
0	0.00672646
0	0.0134529
0	0.0269058
0	1
0	0.0134529
0	1
0	1
0	1
0	1
0	1
0	0.0246637
0	0.00672646
0	1
0	0.00896861
0	0.00896861
0	0.00896861
0	1
0	0.0179372
0	1
0	1
0	0.0112108
0	1
0	1
0	0.0269058
0	1
0	0.0179372
0	1
0	1
0	1
0	0.00672646
0	0.0179372
0	0.0134529
0	1
0	1
0	0.00896861
0	0.0134529
0	0.00672646
0	0.0224215
0	1
0	0.00672646
0	0.00672646
0	1
0	0.0112108
0	0.0134529
0	1
0	1
0	1
0	0.0224215
0	1
0	1
0	1
0	0.0538117
0	1
0	1
0	0.0313901
0	0.0313901
0	0.0313901
0	1
0	0.0044843
0	1
0	1
0	0.00672646
0	1
0	0.0134529
0	1
0	1
0	0.0201794
0	1
0	1
0	0.029148
0	0.0179372
0	1
0	1
0	0.0538117
0	1
0	1
0	0.0224215
0	0.029148
0	1
0	0.0179372
0	0.0134529
0	0.00672646
0	1
0	1
0	1
0	0.0134529
0	0.0044843
0	1
0	0.0134529
0	1
0	0.00672646
0	1
0	1
0	1
0	0.0313901
0	0.00672646
0	0.00896861
0	1
0	0.00672646
0	0.0112108
0	1
0	1
0	0.0044843
0	0.0112108
0	1
0	1
0	1
0	1
0	0.0112108
0	1
0	1
0	0.0044843
0	1
0	1
0	0.0112108
0	1
0	0.029148
0	1
0	1
0	1
0	0.0112108
0	0.0044843
0	0.0179372
0	0.0201794
0	0.00672646
0	0.00896861
0	1
0	0.0179372
0	1
0	1
0	0.029148
0	1
0	1
0	0.0201794
0	0.0134529
0	0.0134529
0	0.00896861
0	0.00896861
0	0.0246637
0	1
0	0.00896861
0	1
0	1
0	1
0	0.0134529
0	0.0134529
0	1
0	0.0179372
0	1
0	1
0	1
0	1
0	1
0	0.0179372
0	1
0	0.0201794
0	0.029148
0	1
0	0.0224215
0	0.00672646
0	1
0	0.0179372
0	1
0	0.029148
0	0.00672646
0	1
0	0.0044843
0	0.0224215
0	0.0044843
0	1
0	0.0269058
0	1
0	0.00672646
0	0.0538117
0	0.0134529
0	0.00672646
0	1
0	0.00896861
0	1
0	1
0	0.0224215
0	0.0179372
0	0.00896861
0	1
0	0.0112108
0	1
0	0.0224215
0	0.0044843
0	1
0	0.0044843
0	0.0044843
0	0.0044843
0	0.0112108
0	0.0112108
0	0.00672646
0	0.0246637
0	1
0	1
0	0.00896861
0	0.00672646
0	0.0112108
0	0.0134529
0	0.0112108
0	1
0	1
0	1
0	0.00896861
0	0.00672646
0	0.0246637
0	0.0134529
0	0.0044843
0	0.0538117
0	1
0	0.00896861
0	1
0	1
0	1
0	1
0	0.00672646
0	1
0	1
0	1
0	0.0179372
0	0.0201794
0	1
0	1
0	0.029148
0	0.0112108
0	1
0	0.0044843
0	1
0	1
0	1
0	0.0044843
0	1
0	1
0	0.029148
0	1
0	1
0	1
0	0.0044843
0	1
0	1
0	1
0	0.00896861
0	1
0	0.0112108
0	1
0	1
0	0.0313901
0	0.0044843
0	0.00896861
0	0.0201794
0	1
0	0.0044843
0	0.00672646
0	0.0201794
0	1
0	1
0	1
0	0.00672646
0	0.0112108
0	1
0	1
0	0.00672646
0	0.0134529
0	0.00672646
0	0.0112108
0	0.00672646
0	0.0044843
0	0.0112108
0	0.00672646
0	0.0134529
0	0.0112108
0	0.00672646
0	1
0	1
0	1
0	1
0	1
0	0.00672646
0	1
0	0.00672646
0	1
0	0.0112108
0	0.0112108
0	0.0313901
0	0.0044843
0	1
0	1
0	1
0	0.00896861
0	0.0313901
0	1
0	0.00896861
0	0.0044843
0	0.0134529
0	0.00672646
0	0.0134529
0	0.0112108
0	0.00672646
0	0.0179372
0	0.00672646
0	0.0134529
0	0.0201794
0	0.0179372
0	1
0	0.00672646
0	0.0134529
0	1
0	1
0	1
0	0.00672646
0	0.0201794
0	1
0	0.0044843
0	1
0	0.0179372
0	0.0224215
0	1
0	0.00672646
0	1
0	0.0224215
0	1
0	0.0179372
0	1
0	0.0112108
0	inf
0	0.0224215
0	1
0	1
0	0.0201794
0	1
0	0.0112108
0	1
0	0.00672646
0	0.0134529
0	0.0134529
0	0.0112108
0	0.0313901
0	0.0269058
0	0.0538117
0	1
0	1
0	1
0	1
0	1
0	0.0044843
0	1
0	0.0044843
0	0.00672646
0	0.0201794
0	1
0	1
0	1
0	0.0179372
0	0.0179372
0	0.0112108
0	0.0044843
0	0.029148
0	0.0134529
0	1
0	0.0134529
0	0.00896861
0	1
0	0.00672646
0	0.00672646
0	0.0179372
0	1
0	0.0224215
0	1
0	1
0	1
0	0.00896861
0	1
0	1
0	1
0	1
0	0.0201794
0	0.00896861
0	0.00672646
0	1
0	1
0	0.0269058
0	1
0	1
0	0.0044843
0	1
0	0.00672646
0	0.0269058
0	1
0	0.0313901
0	0.0179372
0	1
0	1
0	0.029148
0	1
0	0.0179372
0	1
0	1
0	0.029148
0	1
0	1
0	0.00672646
0	0.00896861
0	1
0	0.0179372
0	0.0044843
0	1
0	0.0112108
0	1
0	0.0179372
0	1
0	1
0	0.0044843
0	0.0044843
0	1
0	0.0224215
0	0.00672646
0	0.0201794
0	0.00896861
0	0.0201794
0	1
0	1
0	1
0	1
0	0.0269058
0	1
0	0.0179372
0	1
0	0.0313901
0	0.00672646
0	0.0134529
0	0.0044843
0	1
0	0.0044843
0	1
0	1
0	0.0201794
0	0.0538117
0	1
0	0.0179372
0	1
0	1
0	1
0	0.00672646
0	0.00672646
0	0.029148
0	0.0044843
0	1
0	1
0	0.00672646
0	0.0044843
0	1
0	0.0134529
0	1
0	0.00672646
0	0.0112108
0	0.0313901
0	0.00896861
0	0.0201794
0	1
0	1
0	1
0	0.0201794
0	0.00672646
0	1
0	1
0	1
0	1
0	0.029148
0	0.00896861
0	1
0	1
0	0.00896861
0	1
0	0.00896861
0	1
0	0.00672646
0	1
0	0.00896861
0	1
0	0.0112108
0	0.00672646
0	1
0	1
0	1
0	0.0538117
0	1
0	0.0201794
0	1
0	0.00672646
0	0.0044843
0	1
0	1
0	1
0	0.0224215
0	1
0	1
0	1
0	0.0044843
0	0.0224215
0	0.0313901
0	1
0	1
0	0.0044843
0	0.0134529
0	0.0044843
0	1
0	0.0112108
0	0.0224215
0	1
0	0.00672646
0	1
0	1
0	0.00896861
0	0.0201794
0	0.00672646
0	0.0112108
0	1
0	1
0	0.00672646
0	0.0224215
0	0.00896861
0	1
0	0.00672646
0	1
0	0.00672646
0	1
0	0.00672646
0	1
0	0.0044843
0	0.0538117
0	1
0	1
0	1
0	0.0201794
0	1
0	1
0	1
0	1
0	1
0	0.0112108
0	1
0	1
0	1
0	0.0112108
0	0.0224215
0	1
0	1
0	1
0	0.0179372
0	1
0	1
0	0.0112108
0	1
0	1
0	0.029148
0	1
0	1
0	0.0112108
0	1
0	1
0	0.00896861
0	0.0112108
0	0.00672646
0	0.0112108
0	1
0	1
0	0.0201794
0	0.0044843
0	0.0112108
0	1
0	1
0	0.00672646
0	1
0	0.00672646
0	0.0112108
0	1
0	1
0	0.00672646
0	0.0134529
0	1
0	1
0	0.0044843
0	1
0	0.00672646
0	0.0179372
0	0.0269058
0	1
0	0.029148
0	1
0	1
0	0.0112108
0	1
0	1
0	1
0	1
0	0.00672646
0	0.0538117
0	1
0	0.0134529
0	0.0134529
0	0.0269058
0	0.00896861
0	0.0201794
0	0.00672646
0	1
0	0.00672646
0	1
0	1
0	1
0	0.0201794
0	1
0	1
0	0.0179372
0	0.029148
0	0.0112108
0	0.0134529
0	0.0538117
0	1
0	1
0	0.00672646
0	1
0	1
0	0.0269058
0	0.0224215
0	1
0	0.00672646
0	0.00896861
0	0.0112108
0	1
0	1
0	0.029148
0	1
0	0.00896861
0	0.0112108
0	1
0	0.0224215
0	0.0224215
0	0.00672646
0	0.00672646
0	0.0269058
0	0.00672646
0	0.00672646
0	1
0	1
0	1
0	0.00896861
0	0.0112108
0	0.00672646


