# Persistence diagram <GML/0193.gml>
#
# Dimension   : 0
# Entries     : 594
# Betti number: 3
0	inf
0	0.0397112
0	0.0288809
0	1
0	0.0288809
0	0.0288809
0	0.0252708
0	1
0	1
0	1
0	1
0	0.0180505
0	1
0	0.0252708
0	1
0	0.0144404
0	0.0902527
0	1
0	0.0397112
0	0.0180505
0	0.032491
0	0.0252708
0	1
0	1
0	0.0397112
0	inf
0	0.0505415
0	0.0252708
0	0.0361011
0	1
0	0.032491
0	1
0	0.0144404
0	0.0180505
0	1
0	0.0469314
0	0.032491
0	1
0	0.0180505
0	1
0	0.032491
0	1
0	1
0	0.0830325
0	0.0216606
0	1
0	0.0902527
0	0.0830325
0	0.0144404
0	0.0252708
0	0.0216606
0	0.0216606
0	1
0	0.0830325
0	1
0	1
0	1
0	0.0252708
0	1
0	1
0	1
0	0.0180505
0	0.0469314
0	0.0216606
0	0.0180505
0	1
0	0.0216606
0	0.0397112
0	1
0	0.0216606
0	1
0	1
0	0.032491
0	1
0	0.0180505
0	1
0	0.0216606
0	0.0180505
0	0.0361011
0	0.0541516
0	0.0541516
0	0.0180505
0	1
0	0.0144404
0	0.032491
0	1
0	0.0902527
0	1
0	0.00722022
0	1
0	0.0144404
0	1
0	1
0	1
0	0.0830325
0	1
0	0.0397112
0	0.032491
0	1
0	0.0252708
0	0.0108303
0	1
0	1
0	0.0108303
0	1
0	1
0	0.0902527
0	0.0144404
0	0.0108303
0	1
0	0.0469314
0	0.0144404
0	0.0830325
0	1
0	0.0144404
0	1
0	1
0	1
0	0.0505415
0	1
0	1
0	0.0108303
0	0.0144404
0	1
0	1
0	0.0252708
0	1
0	0.0902527
0	0.0180505
0	1
0	1
0	1
0	1
0	0.0180505
0	1
0	1
0	1
0	1
0	1
0	0.00722022
0	0.0144404
0	0.0180505
0	0.0216606
0	inf
0	1
0	0.0830325
0	0.0252708
0	1
0	1
0	1
0	1
0	0.0902527
0	0.0108303
0	0.00722022
0	0.0108303
0	0.0469314
0	0.00722022
0	0.0830325
0	0.0216606
0	1
0	0.032491
0	0.0613718
0	0.0505415
0	1
0	0.0361011
0	0.0108303
0	1
0	0.0902527
0	1
0	0.0180505
0	0.0144404
0	0.0180505
0	1
0	0.0108303
0	0.0180505
0	1
0	1
0	1
0	0.0180505
0	0.00722022
0	1
0	1
0	1
0	1
0	0.0252708
0	0.0397112
0	1
0	1
0	1
0	0.0361011
0	0.0902527
0	0.032491
0	0.0216606
0	0.0180505
0	0.0144404
0	0.0505415
0	1
0	1
0	1
0	0.0252708
0	1
0	1
0	0.0180505
0	0.0830325
0	1
0	0.032491
0	0.0469314
0	0.0144404
0	1
0	1
0	0.00722022
0	0.0180505
0	0.0830325
0	1
0	0.0361011
0	0.00722022
0	0.0830325
0	1
0	0.032491
0	0.032491
0	0.0902527
0	0.0180505
0	0.0397112
0	0.0469314
0	1
0	1
0	0.0108303
0	0.0144404
0	0.0469314
0	0.0902527
0	1
0	0.0288809
0	1
0	1
0	1
0	0.0180505
0	0.0469314
0	1
0	0.0469314
0	0.0216606
0	0.0144404
0	0.0216606
0	0.032491
0	1
0	0.00722022
0	0.00722022
0	0.00722022
0	1
0	1
0	0.0144404
0	1
0	0.0108303
0	1
0	0.032491
0	0.0397112
0	0.0902527
0	1
0	0.032491
0	1
0	0.0830325
0	0.0541516
0	0.0144404
0	0.0144404
0	0.00722022
0	0.00722022
0	0.0361011
0	0.0288809
0	0.0505415
0	0.0108303
0	0.0505415
0	1
0	0.0216606
0	0.0180505
0	0.00722022
0	1
0	1
0	0.0613718
0	0.0613718
0	1
0	1
0	0.0216606
0	0.0252708
0	1
0	0.00722022
0	0.0902527
0	0.00722022
0	0.0216606
0	0.0216606
0	0.0902527
0	0.0541516
0	0.00722022
0	0.032491
0	0.0180505
0	0.0144404
0	0.0469314
0	0.0144404
0	0.0469314
0	1
0	1
0	1
0	1
0	0.00722022
0	0.0108303
0	0.0216606
0	0.0361011
0	0.0830325
0	0.00722022
0	0.0144404
0	0.0397112
0	0.0144404
0	0.00722022
0	1
0	0.0108303
0	0.0180505
0	0.0144404
0	0.0144404
0	0.0144404
0	1
0	1
0	0.0216606
0	0.0180505
0	0.0108303
0	0.0144404
0	0.0361011
0	0.0830325
0	1
0	1
0	0.0144404
0	0.0180505
0	0.0397112
0	1
0	0.0108303
0	1
0	1
0	1
0	0.0505415
0	1
0	1
0	0.0180505
0	1
0	0.0180505
0	0.00722022
0	0.0108303
0	0.0108303
0	1
0	1
0	0.0288809
0	0.032491
0	0.0397112
0	0.0397112
0	1
0	0.0180505
0	1
0	1
0	0.0252708
0	0.00361011
0	1
0	0.0613718
0	0.00722022
0	1
0	0.0108303
0	0.0144404
0	1
0	0.0288809
0	1
0	0.0144404
0	0.0108303
0	0.0830325
0	0.00722022
0	0.0144404
0	0.0108303
0	1
0	0.0252708
0	1
0	1
0	1
0	0.0902527
0	0.0108303
0	1
0	1
0	1
0	1
0	0.0397112
0	0.0469314
0	0.0144404
0	1
0	0.00722022
0	0.0108303
0	1
0	1
0	1
0	1
0	1
0	0.0288809
0	0.00722022
0	0.0144404
0	1
0	0.0144404
0	1
0	1
0	0.0180505
0	0.0108303
0	0.0144404
0	1
0	1
0	0.0108303
0	0.0144404
0	0.0144404
0	0.0288809
0	1
0	0.0180505
0	0.0469314
0	0.0180505
0	0.00722022
0	1
0	0.0902527
0	1
0	0.032491
0	1
0	0.032491
0	0.0144404
0	0.0252708
0	0.00722022
0	1
0	0.0902527
0	1
0	0.0108303
0	0.00722022
0	0.0144404
0	0.00722022
0	1
0	0.0397112
0	0.0902527
0	1
0	0.0108303
0	0.0180505
0	0.0108303
0	1
0	1
0	1
0	1
0	0.0902527
0	0.0144404
0	1
0	1
0	1
0	0.00722022
0	0.0108303
0	0.0180505
0	1
0	1
0	0.0397112
0	0.0252708
0	1
0	0.0144404
0	0.0361011
0	1
0	0.0252708
0	0.00722022
0	1
0	0.0144404
0	1
0	0.0108303
0	0.00722022
0	0.0180505
0	1
0	0.00361011
0	0.0252708
0	1
0	0.0108303
0	1
0	1
0	0.0397112
0	1
0	1
0	0.0397112
0	1
0	1
0	0.00722022
0	1
0	1
0	1
0	0.0180505
0	0.0505415
0	1
0	0.032491
0	0.0469314
0	0.032491
0	1
0	1
0	0.00722022
0	0.0505415
0	1
0	1
0	0.0180505
0	0.00722022
0	0.00722022
0	0.00722022
0	0.0144404
0	0.032491
0	0.0180505
0	0.0180505
0	1
0	1
0	0.0830325
0	1
0	1
0	1
0	0.0252708
0	1
0	1
0	0.0180505
0	0.0108303
0	1
0	1
0	1
0	0.0541516
0	0.0361011
0	0.0541516
0	1
0	0.0144404
0	0.00722022
0	0.0613718
0	0.00722022
0	1
0	1
0	1
0	1
0	0.0361011
0	1
0	0.0505415
0	1
0	1
0	0.0108303
0	0.00722022
0	0.0216606
0	0.0180505
0	0.0108303
0	1
0	0.0613718
0	1
0	0.0541516
0	0.0144404
0	0.0108303
0	1
0	0.0144404
0	0.00722022
0	0.0144404
0	1
0	0.0108303
0	0.0180505
0	1
0	0.0830325
0	1
0	1
0	1
0	0.00722022
0	0.0541516
0	0.0108303
0	0.00722022
0	1
0	1
0	0.0902527
0	0.0108303
0	1
0	1
0	1
0	1
0	0.0144404
0	0.0108303
0	0.0108303
0	0.0144404
0	0.00722022
0	1
0	1
0	1
0	0.0108303
0	0.0830325
0	1
0	1
0	1
0	0.032491
0	0.0180505
0	1
0	1
0	0.0144404
0	0.0108303
0	0.0541516
0	0.0180505
0	1
0	0.00722022
0	0.0902527
0	0.0397112
0	0.0144404


