# Persistence diagram <GML/0197.gml>
#
# Dimension   : 0
# Entries     : 376
# Betti number: 2
0	inf
0	1
0	1
0	0.0424242
0	0.0545455
0	0.0424242
0	1
0	1
0	0.0424242
0	1
0	0.0848485
0	0.175758
0	0.0848485
0	1
0	0.0424242
0	0.0545455
0	0.030303
0	1
0	0.175758
0	1
0	0.0424242
0	1
0	0.0242424
0	0.0484848
0	1
0	0.175758
0	0.0363636
0	1
0	0.0545455
0	1
0	1
0	1
0	1
0	0.0363636
0	0.0363636
0	0.0545455
0	0.0848485
0	0.0363636
0	0.0545455
0	0.0484848
0	0.0242424
0	0.0424242
0	1
0	0.0363636
0	0.175758
0	0.0121212
0	0.0363636
0	0.0424242
0	0.0181818
0	0.0181818
0	0.0363636
0	1
0	0.175758
0	1
0	0.0363636
0	1
0	1
0	0.0363636
0	0.030303
0	0.0848485
0	0.175758
0	1
0	0.0545455
0	0.0121212
0	1
0	0.0121212
0	0.0848485
0	1
0	0.0424242
0	1
0	1
0	0.0545455
0	0.0424242
0	1
0	1
0	0.0848485
0	0.030303
0	1
0	1
0	1
0	1
0	0.0121212
0	1
0	1
0	0.0363636
0	0.0606061
0	0.0363636
0	0.0181818
0	0.175758
0	0.0181818
0	0.0363636
0	0.0242424
0	0.0363636
0	1
0	0.0363636
0	0.0363636
0	1
0	1
0	0.0424242
0	0.0181818
0	1
0	0.0424242
0	1
0	0.0363636
0	1
0	0.0363636
0	0.0545455
0	0.0484848
0	0.0363636
0	0.0181818
0	0.030303
0	0.0424242
0	1
0	0.0363636
0	0.0242424
0	0.0606061
0	1
0	0.0424242
0	0.0181818
0	0.0363636
0	0.030303
0	0.030303
0	1
0	1
0	0.0606061
0	0.0121212
0	0.0606061
0	0.0121212
0	0.0121212
0	1
0	1
0	0.030303
0	0.0181818
0	0.0606061
0	0.0242424
0	0.0242424
0	0.0181818
0	0.0121212
0	0.0363636
0	0.0848485
0	1
0	1
0	0.0848485
0	0.030303
0	0.0545455
0	0.0181818
0	1
0	0.0363636
0	1
0	0.0181818
0	0.0545455
0	0.0424242
0	0.0242424
0	0.0545455
0	1
0	0.0181818
0	0.0181818
0	0.0424242
0	0.0424242
0	1
0	1
0	0.0242424
0	0.0121212
0	0.0242424
0	0.030303
0	1
0	0.0121212
0	1
0	0.0181818
0	inf
0	0.0181818
0	0.0363636
0	0.0363636
0	0.030303
0	0.0484848
0	0.0181818
0	0.0848485
0	1
0	0.175758
0	1
0	0.0363636
0	1
0	1
0	1
0	1
0	1
0	0.030303
0	0.0181818
0	1
0	0.175758
0	1
0	1
0	0.0181818
0	0.0424242
0	0.0848485
0	0.0363636
0	0.0242424
0	1
0	1
0	1
0	0.0121212
0	1
0	1
0	1
0	0.030303
0	1
0	1
0	0.0121212
0	1
0	0.0181818
0	1
0	1
0	0.0121212
0	0.00606061
0	0.0242424
0	0.0181818
0	0.0242424
0	1
0	1
0	0.030303
0	0.0181818
0	1
0	0.0848485
0	0.030303
0	0.0242424
0	0.0181818
0	0.030303
0	1
0	0.0181818
0	1
0	0.0121212
0	0.175758
0	1
0	0.0363636
0	0.0242424
0	1
0	1
0	0.0121212
0	0.0121212
0	1
0	0.0121212
0	0.0181818
0	0.030303
0	0.0424242
0	0.0363636
0	0.030303
0	1
0	1
0	0.0121212
0	0.0121212
0	1
0	1
0	1
0	0.0242424
0	1
0	0.0424242
0	1
0	0.0242424
0	0.0848485
0	0.0181818
0	0.0363636
0	0.0181818
0	1
0	0.0242424
0	1
0	0.0848485
0	0.0121212
0	0.0848485
0	0.0363636
0	1
0	1
0	1
0	0.0181818
0	1
0	1
0	0.0242424
0	1
0	0.0181818
0	1
0	0.0848485
0	0.175758
0	0.0363636
0	0.0121212
0	1
0	1
0	0.0121212
0	0.0181818
0	0.175758
0	1
0	0.0121212
0	0.030303
0	0.0181818
0	1
0	1
0	0.175758
0	0.0121212
0	0.0121212
0	1
0	0.0363636
0	0.175758
0	0.0181818
0	0.0121212
0	1
0	0.0242424
0	1
0	1
0	1
0	1
0	0.0181818
0	0.0181818
0	0.175758
0	0.175758
0	0.0363636
0	1
0	0.0181818
0	0.0424242
0	0.0181818
0	0.0181818
0	1
0	0.0242424
0	0.0121212
0	0.0121212
0	1
0	1
0	0.030303
0	0.0121212
0	0.0848485
0	0.0181818
0	1
0	0.030303
0	1
0	0.0484848
0	1
0	0.0363636
0	0.0242424
0	0.0242424
0	0.0424242
0	1
0	1
0	1
0	0.0121212
0	0.0848485
0	1
0	0.0363636
0	0.0242424
0	0.0181818
0	0.0242424
0	0.0242424
0	0.0181818
0	1
0	0.0181818
0	0.0121212
0	0.0545455
0	0.0121212
0	1
0	0.0121212
0	0.0424242
0	1
0	1
0	0.0121212
0	0.0242424
0	0.0363636
0	0.0121212
0	1
0	0.0242424
0	1
0	0.0181818
0	1
0	0.0242424
0	0.0242424
0	1
0	0.0363636
0	0.0363636
0	1
0	0.0181818
0	0.0181818


