# Persistence diagram <GML/0205.gml>
#
# Dimension   : 1
# Entries     : 71
# Betti number: 71
0.0458015	inf
0.0458015	inf
0.0610687	inf
0.0610687	inf
0.0610687	inf
0.0610687	inf
0.0610687	inf
0.0687023	inf
0.0687023	inf
0.0687023	inf
0.0687023	inf
0.0687023	inf
0.0687023	inf
0.0763359	inf
0.0763359	inf
0.0763359	inf
0.0839695	inf
0.0839695	inf
0.0839695	inf
0.0916031	inf
0.0916031	inf
0.0992366	inf
0.0992366	inf
0.0992366	inf
0.0992366	inf
0.0992366	inf
0.0992366	inf
0.0992366	inf
0.0992366	inf
0.0992366	inf
0.0992366	inf
0.0992366	inf
0.10687	inf
0.10687	inf
0.10687	inf
0.10687	inf
0.122137	inf
0.122137	inf
0.129771	inf
0.129771	inf
0.129771	inf
0.129771	inf
0.129771	inf
0.129771	inf
0.129771	inf
0.129771	inf
0.137405	inf
0.137405	inf
0.137405	inf
0.137405	inf
1	inf
1	inf
1	inf
1	inf
1	inf
1	inf
1	inf
1	inf
1	inf
1	inf
1	inf
1	inf
1	inf
1	inf
1	inf
1	inf
1	inf
1	inf
1	inf
1	inf
1	inf
