# Persistence diagram <GML/0209.gml>
#
# Dimension   : 0
# Entries     : 93
# Betti number: 1
0	inf
0	1
0	1
0	1
0	0.0980392
0	0.0980392
0	1
0	0.0588235
0	0.0980392
0	1
0	1
0	1
0	1
0	0.0980392
0	0.0588235
0	1
0	0.0980392
0	0.0588235
0	1
0	1
0	1
0	0.0784314
0	0.0980392
0	1
0	0.0980392
0	0.0980392
0	1
0	0.0588235
0	1
0	1
0	1
0	1
0	1
0	1
0	0.0980392
0	0.0588235
0	1
0	0.0588235
0	0.0392157
0	1
0	0.0588235
0	1
0	0.0392157
0	1
0	1
0	1
0	1
0	1
0	0.0588235
0	0.0392157
0	0.0392157
0	1
0	1
0	0.0588235
0	0.0588235
0	1
0	0.0784314
0	1
0	0.0588235
0	0.0392157
0	0.0784314
0	1
0	0.0784314
0	1
0	1
0	1
0	1
0	1
0	0.0588235
0	0.0784314
0	1
0	0.0392157
0	0.0392157
0	1
0	0.0392157
0	0.0980392
0	1
0	1
0	0.0588235
0	1
0	0.0588235
0	0.0980392
0	0.0392157
0	1
0	1
0	0.0588235
0	0.0392157
0	1
0	0.0588235
0	0.0392157
0	0.0392157
0	0.0392157
0	0.0588235


