# Persistence diagram <GML/0210.gml>
#
# Dimension   : 0
# Entries     : 260
# Betti number: 3
0	inf
0	1
0	0.0909091
0	0.282828
0	0.191919
0	0.282828
0	0.282828
0	1
0	1
0	0.0808081
0	0.0505051
0	0.0505051
0	0.0606061
0	0.0505051
0	0.282828
0	0.191919
0	1
0	0.0606061
0	0.040404
0	0.0505051
0	1
0	0.282828
0	0.0505051
0	0.282828
0	0.0505051
0	1
0	0.0808081
0	0.10101
0	0.020202
0	0.10101
0	0.0505051
0	0.040404
0	0.0505051
0	1
0	0.030303
0	0.0505051
0	0.282828
0	0.10101
0	0.10101
0	0.040404
0	0.040404
0	1
0	0.040404
0	0.282828
0	1
0	0.040404
0	0.0505051
0	0.030303
0	1
0	0.10101
0	0.030303
0	0.030303
0	1
0	0.040404
0	0.0505051
0	0.030303
0	inf
0	0.282828
0	0.0909091
0	0.030303
0	1
0	0.030303
0	0.0606061
0	0.282828
0	0.10101
0	1
0	0.0505051
0	1
0	0.040404
0	0.0505051
0	0.030303
0	1
0	1
0	1
0	0.191919
0	0.282828
0	0.191919
0	0.0909091
0	0.282828
0	0.10101
0	0.0505051
0	0.121212
0	0.020202
0	0.0505051
0	1
0	0.030303
0	0.020202
0	1
0	0.0606061
0	0.040404
0	0.0909091
0	1
0	0.020202
0	0.10101
0	1
0	1
0	0.282828
0	1
0	0.020202
0	0.10101
0	0.0707071
0	0.282828
0	1
0	0.0505051
0	1
0	1
0	0.0909091
0	0.282828
0	0.10101
0	0.040404
0	0.121212
0	1
0	0.0707071
0	0.0808081
0	0.0606061
0	1
0	0.020202
0	1
0	0.0505051
0	1
0	0.10101
0	0.10101
0	0.040404
0	0.0606061
0	0.040404
0	0.0505051
0	0.0707071
0	0.020202
0	1
0	0.030303
0	0.020202
0	0.020202
0	0.030303
0	0.0505051
0	0.191919
0	0.10101
0	0.020202
0	1
0	0.10101
0	0.0707071
0	0.10101
0	0.0505051
0	1
0	0.0505051
0	0.0606061
0	1
0	0.10101
0	0.0505051
0	0.020202
0	0.040404
0	0.0707071
0	0.0505051
0	0.040404
0	0.191919
0	1
0	0.020202
0	0.030303
0	1
0	1
0	0.030303
0	1
0	0.191919
0	0.020202
0	0.030303
0	0.040404
0	0.030303
0	1
0	1
0	0.040404
0	0.191919
0	inf
0	0.030303
0	1
0	1
0	1
0	0.10101
0	0.0707071
0	1
0	0.040404
0	1
0	0.0505051
0	0.121212
0	0.0707071
0	1
0	0.020202
0	1
0	0.191919
0	0.0707071
0	0.040404
0	1
0	0.0606061
0	0.020202
0	0.282828
0	0.020202
0	0.282828
0	0.0707071
0	0.0606061
0	1
0	0.10101
0	0.0505051
0	0.040404
0	0.121212
0	0.121212
0	0.030303
0	0.282828
0	0.0606061
0	0.040404
0	1
0	0.030303
0	0.121212
0	0.010101
0	0.040404
0	0.040404
0	0.040404
0	0.0909091
0	0.0505051
0	1
0	1
0	0.030303
0	1
0	1
0	0.020202
0	0.030303
0	0.0505051
0	0.0707071
0	0.040404
0	0.10101
0	1
0	0.121212
0	0.020202
0	0.030303
0	0.282828
0	1
0	0.0606061
0	1
0	0.010101
0	0.10101
0	0.0808081
0	0.282828
0	1
0	0.040404
0	1
0	0.0505051
0	0.040404
0	0.020202
0	0.282828
0	0.10101
0	0.030303
0	1
0	0.191919
0	1
0	0.030303
0	0.020202
0	0.040404
0	1
0	1
0	1
0	0.040404
0	0.020202
0	0.0505051


