# Persistence diagram <GML/0217.gml>
#
# Dimension   : 0
# Entries     : 397
# Betti number: 5
0	inf
0	0.103261
0	0.076087
0	0.076087
0	1
0	1
0	1
0	1
0	0.0163043
0	1
0	0.0652174
0	1
0	1
0	1
0	inf
0	0.048913
0	0.0434783
0	inf
0	0.0923913
0	0.0923913
0	0.0163043
0	0.0326087
0	0.0923913
0	inf
0	0.0652174
0	1
0	0.0380435
0	0.048913
0	0.0652174
0	1
0	0.0217391
0	1
0	0.0434783
0	0.0380435
0	1
0	0.0923913
0	1
0	0.0217391
0	0.0434783
0	0.0271739
0	0.0923913
0	1
0	0.0434783
0	1
0	1
0	1
0	0.0434783
0	0.0434783
0	1
0	0.0706522
0	0.048913
0	0.076087
0	0.0706522
0	0.0923913
0	0.0652174
0	0.0923913
0	1
0	0.103261
0	1
0	0.0271739
0	1
0	0.0380435
0	1
0	0.0380435
0	1
0	0.0217391
0	1
0	1
0	0.0923913
0	0.0163043
0	0.0108696
0	0.0923913
0	0.0163043
0	0.00543478
0	1
0	0.0652174
0	0.0923913
0	1
0	0.0706522
0	1
0	1
0	0.0543478
0	1
0	0.0434783
0	1
0	1
0	1
0	0.0923913
0	1
0	1
0	0.0434783
0	0.0163043
0	0.0326087
0	1
0	0.103261
0	1
0	0.0706522
0	1
0	0.0434783
0	0.0271739
0	0.0923913
0	1
0	1
0	0.103261
0	1
0	1
0	0.0217391
0	1
0	1
0	1
0	0.0217391
0	1
0	0.0271739
0	1
0	0.103261
0	0.0923913
0	0.0652174
0	0.0271739
0	0.0434783
0	1
0	0.0923913
0	1
0	1
0	0.048913
0	1
0	1
0	0.0326087
0	1
0	0.076087
0	0.0652174
0	0.0163043
0	0.0163043
0	0.103261
0	1
0	1
0	0.0706522
0	0.0271739
0	0.0434783
0	0.0163043
0	1
0	1
0	0.0271739
0	1
0	0.0326087
0	0.048913
0	0.0434783
0	0.0923913
0	1
0	0.0652174
0	0.0271739
0	0.0434783
0	1
0	0.048913
0	0.0163043
0	0.0217391
0	0.0380435
0	1
0	0.0543478
0	1
0	0.0271739
0	1
0	0.0163043
0	0.048913
0	1
0	1
0	1
0	1
0	0.0652174
0	0.0108696
0	1
0	0.0326087
0	1
0	0.103261
0	1
0	1
0	0.048913
0	0.0326087
0	0.0652174
0	1
0	1
0	0.0326087
0	0.0108696
0	0.0434783
0	0.0271739
0	0.0923913
0	0.0163043
0	0.0380435
0	0.0217391
0	0.0380435
0	1
0	0.0163043
0	0.0923913
0	0.0108696
0	0.103261
0	0.0271739
0	1
0	0.0652174
0	0.0380435
0	0.0380435
0	1
0	0.048913
0	0.0923913
0	1
0	0.0108696
0	0.076087
0	0.0543478
0	0.0217391
0	0.048913
0	0.0380435
0	0.0706522
0	0.076087
0	1
0	0.076087
0	1
0	0.0163043
0	1
0	0.0217391
0	1
0	0.0217391
0	inf
0	1
0	1
0	1
0	0.0163043
0	0.0163043
0	0.0108696
0	0.0108696
0	1
0	0.0163043
0	0.0271739
0	0.0923913
0	0.0217391
0	0.00543478
0	0.0163043
0	0.0217391
0	0.0217391
0	0.00543478
0	1
0	0.0923913
0	0.076087
0	0.0163043
0	0.0108696
0	0.0217391
0	1
0	1
0	0.0163043
0	0.0217391
0	1
0	0.0163043
0	0.0380435
0	1
0	0.103261
0	0.0271739
0	0.0108696
0	1
0	0.0163043
0	1
0	1
0	1
0	1
0	0.0108696
0	1
0	1
0	0.0326087
0	0.0380435
0	0.0163043
0	0.0163043
0	0.0706522
0	1
0	0.048913
0	0.0163043
0	0.0380435
0	1
0	0.103261
0	1
0	0.0163043
0	1
0	1
0	0.0163043
0	1
0	0.0326087
0	0.103261
0	0.048913
0	0.0163043
0	1
0	0.0326087
0	0.103261
0	0.0217391
0	0.0380435
0	0.0652174
0	0.0108696
0	0.0217391
0	1
0	0.0923913
0	0.0271739
0	1
0	1
0	0.0108696
0	1
0	0.0434783
0	0.0217391
0	1
0	0.0543478
0	1
0	1
0	0.0163043
0	0.0217391
0	1
0	1
0	1
0	0.0543478
0	0.0434783
0	0.0163043
0	0.0652174
0	0.0108696
0	0.0543478
0	0.0163043
0	0.0923913
0	1
0	0.0217391
0	0.0163043
0	1
0	1
0	1
0	0.0326087
0	1
0	0.0163043
0	0.0652174
0	0.0434783
0	1
0	1
0	1
0	0.0271739
0	1
0	0.0163043
0	1
0	1
0	0.0108696
0	1
0	1
0	0.0108696
0	1
0	0.0108696
0	0.0163043
0	0.0217391
0	0.0543478
0	1
0	0.076087
0	1
0	1
0	0.0217391
0	0.0108696
0	1
0	1
0	1
0	0.0163043
0	0.0108696
0	0.0652174
0	0.103261
0	1
0	0.0108696
0	0.0163043
0	0.0163043
0	0.0163043
0	0.0108696
0	0.0271739
0	0.0217391
0	1
0	0.0108696
0	0.0163043
0	0.0163043
0	1
0	0.0380435
0	1
0	0.0652174
0	0.0271739
0	0.0108696
0	1
0	1
0	0.0271739
0	0.0380435
0	0.0108696
0	1
0	1
0	0.0108696
0	0.0271739
0	1
0	1
0	1
0	1
0	1
0	0.048913
0	0.0217391
0	0.0434783
0	0.048913
0	0.0652174
0	1


