# Persistence diagram <GML/0219.gml>
#
# Dimension   : 0
# Entries     : 236
# Betti number: 2
0	inf
0	1
0	1
0	0.0740741
0	0.111111
0	1
0	0.0740741
0	1
0	0.0462963
0	0.037037
0	0.175926
0	1
0	0.175926
0	1
0	0.0740741
0	0.0740741
0	0.0185185
0	1
0	0.037037
0	0.037037
0	0.175926
0	1
0	0.0833333
0	0.0185185
0	0.0185185
0	0.0740741
0	0.111111
0	0.175926
0	0.0740741
0	0.0555556
0	0.0740741
0	1
0	1
0	0.111111
0	1
0	1
0	0.0833333
0	1
0	0.0555556
0	1
0	0.0277778
0	1
0	0.111111
0	1
0	0.111111
0	0.0740741
0	1
0	0.111111
0	0.0462963
0	1
0	0.0277778
0	0.0555556
0	1
0	1
0	1
0	1
0	1
0	0.0462963
0	1
0	1
0	0.0740741
0	0.0277778
0	0.0740741
0	1
0	1
0	1
0	0.0185185
0	0.0555556
0	0.0555556
0	1
0	1
0	1
0	1
0	1
0	1
0	0.0185185
0	0.0277778
0	0.0555556
0	0.0740741
0	0.0740741
0	1
0	1
0	1
0	0.0185185
0	1
0	0.175926
0	1
0	0.0740741
0	1
0	0.0462963
0	0.0185185
0	0.037037
0	0.0740741
0	0.0277778
0	1
0	0.0277778
0	1
0	0.0185185
0	1
0	0.0277778
0	0.0185185
0	1
0	0.0740741
0	0.111111
0	1
0	0.0833333
0	1
0	1
0	0.0277778
0	0.111111
0	0.0185185
0	0.175926
0	1
0	0.0555556
0	1
0	0.175926
0	0.0185185
0	0.0185185
0	0.0185185
0	0.0185185
0	inf
0	0.0462963
0	1
0	1
0	1
0	1
0	0.0555556
0	1
0	1
0	1
0	0.0555556
0	1
0	0.0185185
0	0.175926
0	1
0	0.0277778
0	0.0740741
0	0.175926
0	0.0185185
0	0.0185185
0	1
0	1
0	1
0	0.0277778
0	1
0	0.0185185
0	1
0	0.0277778
0	1
0	1
0	0.0185185
0	0.0740741
0	0.0555556
0	0.0462963
0	1
0	0.0185185
0	1
0	1
0	1
0	1
0	1
0	0.0277778
0	1
0	0.0277778
0	1
0	1
0	0.0740741
0	0.0277778
0	1
0	0.175926
0	0.0740741
0	1
0	1
0	0.0833333
0	1
0	0.0185185
0	0.0277778
0	1
0	0.0740741
0	0.175926
0	0.0185185
0	0.037037
0	0.0740741
0	0.0185185
0	1
0	0.0185185
0	0.037037
0	1
0	0.0185185
0	0.0277778
0	0.0185185
0	1
0	0.037037
0	1
0	0.175926
0	1
0	1
0	0.0462963
0	0.0833333
0	1
0	0.111111
0	0.0277778
0	0.0185185
0	0.0740741
0	0.037037
0	1
0	1
0	0.0462963
0	1
0	0.0277778
0	0.0185185
0	0.0185185
0	1
0	0.0277778
0	0.0462963
0	1
0	1
0	0.0277778
0	1
0	1
0	0.175926
0	0.037037
0	1
0	1
0	0.0277778
0	0.0277778
0	1
0	0.0277778
0	0.0277778
0	0.175926
0	1
0	0.0462963
0	0.0185185
0	0.0277778
0	0.037037
0	0.0555556


