# Persistence diagram <GML/0220.gml>
#
# Dimension   : 0
# Entries     : 185
# Betti number: 4
0	inf
0	0.45098
0	0.196078
0	inf
0	1
0	1
0	1
0	1
0	0.137255
0	0.117647
0	0.117647
0	0.117647
0	0.137255
0	0.196078
0	0.137255
0	0.117647
0	0.137255
0	0.0980392
0	0.137255
0	0.196078
0	0.117647
0	0.0980392
0	0.117647
0	0.196078
0	0.176471
0	0.176471
0	0.117647
0	0.176471
0	0.117647
0	0.137255
0	0.0784314
0	0.0392157
0	0.137255
0	1
0	0.117647
0	0.0980392
0	0.137255
0	0.117647
0	0.137255
0	0.0980392
0	0.0588235
0	0.117647
0	1
0	0.117647
0	1
0	0.137255
0	0.0784314
0	0.117647
0	0.176471
0	0.176471
0	0.0784314
0	0.117647
0	0.0784314
0	1
0	0.0980392
0	1
0	1
0	0.0980392
0	0.0392157
0	0.0980392
0	0.0392157
0	1
0	0.0392157
0	0.117647
0	1
0	0.0784314
0	0.137255
0	1
0	0.0784314
0	0.176471
0	0.0784314
0	1
0	0.176471
0	0.0588235
0	0.117647
0	0.0784314
0	0.0588235
0	0.0980392
0	0.0392157
0	inf
0	0.117647
0	0.0980392
0	0.0980392
0	0.0588235
0	0.0588235
0	0.0392157
0	0.117647
0	0.0784314
0	1
0	0.117647
0	1
0	0.0980392
0	0.0784314
0	0.0784314
0	0.0980392
0	0.156863
0	1
0	0.117647
0	0.0980392
0	0.137255
0	0.137255
0	inf
0	0.0392157
0	0.137255
0	0.176471
0	0.117647
0	0.0588235
0	0.137255
0	0.117647
0	0.176471
0	0.0392157
0	0.117647
0	0.137255
0	0.176471
0	0.0980392
0	0.117647
0	0.0588235
0	0.0392157
0	0.176471
0	0.0784314
0	0.176471
0	0.0196078
0	0.45098
0	0.0980392
0	0.117647
0	0.0980392
0	0.176471
0	1
0	0.0980392
0	0.45098
0	1
0	0.0784314
0	1
0	0.0588235
0	0.0588235
0	0.45098
0	0.0784314
0	0.45098
0	0.0784314
0	0.0392157
0	0.196078
0	0.0588235
0	1
0	0.0588235
0	0.0588235
0	0.117647
0	0.117647
0	0.0784314
0	0.117647
0	0.0784314
0	0.0980392
0	1
0	1
0	0.117647
0	1
0	0.0980392
0	1
0	0.196078
0	0.0784314
0	1
0	0.0784314
0	0.0588235
0	1
0	0.0392157
0	1
0	0.0784314
0	0.0784314
0	0.137255
0	0.0588235
0	0.0392157
0	0.0784314
0	0.117647
0	0.0588235
0	0.0392157
0	0.117647
0	0.0980392
0	1
0	1
0	0.0196078
0	0.0784314
0	0.0588235
0	0.0588235
0	1
0	0.0784314
0	0.0588235


