# Persistence diagram <GML/0226.gml>
#
# Dimension   : 0
# Entries     : 316
# Betti number: 1
0	inf
0	1
0	0.0977444
0	1
0	0.0676692
0	0.0526316
0	0.112782
0	1
0	0.0601504
0	0.0526316
0	0.0451128
0	0.037594
0	0.0601504
0	0.0451128
0	1
0	0.0526316
0	0.0526316
0	0.0526316
0	0.037594
0	0.037594
0	1
0	0.0451128
0	1
0	0.0526316
0	0.037594
0	1
0	0.0451128
0	0.0225564
0	1
0	0.105263
0	0.112782
0	0.112782
0	0.037594
0	0.0451128
0	0.0300752
0	0.0526316
0	0.112782
0	0.037594
0	0.037594
0	0.0526316
0	0.0601504
0	0.0676692
0	0.0526316
0	0.0300752
0	0.0300752
0	0.0300752
0	0.0526316
0	0.0300752
0	0.037594
0	0.0676692
0	0.0451128
0	0.0451128
0	0.0601504
0	0.0451128
0	0.0451128
0	0.0300752
0	0.0451128
0	1
0	1
0	0.0225564
0	1
0	1
0	0.0300752
0	0.0225564
0	0.0451128
0	0.037594
0	1
0	0.037594
0	0.0676692
0	0.0601504
0	0.0526316
0	0.037594
0	1
0	1
0	0.0300752
0	1
0	1
0	0.0451128
0	1
0	0.0451128
0	0.0601504
0	0.12782
0	0.0300752
0	0.0300752
0	1
0	0.12782
0	0.0977444
0	0.0150376
0	0.0977444
0	0.037594
0	0.12782
0	0.037594
0	0.0225564
0	1
0	0.0451128
0	0.037594
0	1
0	0.0451128
0	0.0526316
0	1
0	0.0526316
0	1
0	0.037594
0	1
0	0.0451128
0	0.0150376
0	0.037594
0	0.105263
0	0.0977444
0	0.0526316
0	0.037594
0	0.0526316
0	1
0	0.0225564
0	0.105263
0	0.0451128
0	1
0	1
0	0.037594
0	1
0	0.105263
0	0.0150376
0	0.037594
0	0.037594
0	0.037594
0	0.0225564
0	0.0300752
0	0.0451128
0	0.0451128
0	0.037594
0	1
0	0.12782
0	0.12782
0	1
0	1
0	1
0	0.0601504
0	0.0526316
0	0.112782
0	0.0526316
0	0.0225564
0	0.037594
0	1
0	1
0	1
0	0.0451128
0	1
0	0.037594
0	0.0526316
0	0.12782
0	0.0601504
0	0.037594
0	0.037594
0	1
0	1
0	0.0150376
0	0.0451128
0	0.0526316
0	0.037594
0	0.037594
0	1
0	1
0	0.037594
0	0.037594
0	0.0225564
0	1
0	1
0	1
0	1
0	1
0	0.0150376
0	0.037594
0	0.112782
0	0.0526316
0	0.105263
0	0.0526316
0	0.0300752
0	0.0150376
0	0.0300752
0	1
0	0.105263
0	1
0	0.0300752
0	0.0150376
0	1
0	0.0300752
0	1
0	1
0	0.135338
0	0.037594
0	1
0	0.0300752
0	0.0225564
0	0.112782
0	0.0225564
0	1
0	0.0225564
0	0.0451128
0	0.0451128
0	0.0150376
0	0.037594
0	0.037594
0	0.0526316
0	0.037594
0	1
0	1
0	0.0451128
0	0.0601504
0	0.0150376
0	1
0	0.0300752
0	0.0150376
0	0.0225564
0	0.0300752
0	0.0225564
0	1
0	1
0	0.0676692
0	1
0	0.0300752
0	0.0225564
0	0.0150376
0	0.0150376
0	0.037594
0	0.037594
0	0.0676692
0	0.0977444
0	0.0676692
0	0.0300752
0	0.037594
0	0.0300752
0	0.12782
0	1
0	1
0	0.0676692
0	0.037594
0	0.037594
0	0.0300752
0	1
0	0.0225564
0	0.0150376
0	0.0300752
0	0.0300752
0	0.0977444
0	1
0	1
0	1
0	0.0150376
0	1
0	0.105263
0	0.0451128
0	0.0451128
0	1
0	0.0300752
0	0.0150376
0	1
0	0.0601504
0	0.0150376
0	0.0300752
0	0.0300752
0	1
0	1
0	0.0150376
0	0.037594
0	0.0676692
0	0.105263
0	0.037594
0	0.0225564
0	0.0601504
0	0.0601504
0	0.0225564
0	1
0	1
0	0.0150376
0	1
0	1
0	1
0	0.037594
0	0.0225564
0	0.0601504
0	1
0	1
0	0.0300752
0	1
0	1
0	0.0526316
0	0.037594
0	1
0	0.0225564
0	0.0977444
0	1
0	0.12782
0	0.0225564
0	0.0451128
0	0.135338
0	1
0	0.0526316
0	0.0225564
0	0.0977444
0	0.037594
0	0.0601504
0	0.0601504
0	1
0	0.0526316
0	0.135338
0	0.0526316
0	0.0150376
0	0.037594
0	0.112782
0	0.037594
0	0.0526316
0	1
0	0.037594
0	0.0451128
0	0.0150376
0	0.0451128


