# Persistence diagram <GML/0227.gml>
#
# Dimension   : 0
# Entries     : 323
# Betti number: 2
0	inf
0	1
0	1
0	0.0877193
0	1
0	1
0	0.166667
0	0.0789474
0	1
0	0.0438596
0	0.0877193
0	0.0877193
0	0.0438596
0	0.0438596
0	1
0	1
0	0.0438596
0	0.0175439
0	0.0614035
0	0.0438596
0	0.0350877
0	0.0350877
0	0.0438596
0	0.0438596
0	0.0350877
0	0.166667
0	0.0526316
0	0.0614035
0	0.0438596
0	0.0877193
0	0.0614035
0	0.0526316
0	0.0350877
0	0.0877193
0	0.0438596
0	0.0789474
0	1
0	0.0350877
0	1
0	0.0877193
0	1
0	0.0614035
0	0.0350877
0	1
0	0.0789474
0	1
0	0.0175439
0	0.166667
0	0.0438596
0	0.0350877
0	1
0	0.0350877
0	0.0964912
0	1
0	0.0263158
0	0.0877193
0	0.0350877
0	0.0350877
0	0.0175439
0	0.166667
0	0.0964912
0	0.0263158
0	0.0614035
0	0.0438596
0	0.0350877
0	0.0438596
0	0.0350877
0	0.0350877
0	1
0	0.0614035
0	0.0701754
0	0.0350877
0	0.0263158
0	0.0350877
0	0.0438596
0	1
0	0.0350877
0	1
0	0.0263158
0	1
0	0.0964912
0	1
0	0.166667
0	1
0	0.0789474
0	1
0	0.0614035
0	0.0614035
0	0.0350877
0	0.0350877
0	0.0438596
0	0.0526316
0	0.0438596
0	1
0	1
0	0.0877193
0	1
0	0.0175439
0	0.0175439
0	1
0	0.0438596
0	1
0	1
0	0.0877193
0	1
0	0.0350877
0	0.0263158
0	0.0175439
0	0.0350877
0	0.0438596
0	0.0350877
0	0.0263158
0	0.0263158
0	1
0	0.0350877
0	0.0175439
0	0.0438596
0	0.0877193
0	0.0789474
0	inf
0	0.0789474
0	0.0614035
0	0.166667
0	0.0175439
0	1
0	0.0438596
0	0.0877193
0	0.0350877
0	0.0789474
0	0.0877193
0	0.0526316
0	0.0350877
0	0.0263158
0	0.0877193
0	1
0	1
0	1
0	0.0263158
0	0.0175439
0	0.0175439
0	0.0526316
0	0.0263158
0	0.0438596
0	1
0	0.0350877
0	0.0263158
0	0.0438596
0	0.0263158
0	1
0	0.0175439
0	1
0	0.0263158
0	1
0	0.0350877
0	0.0438596
0	0.0526316
0	1
0	0.0526316
0	0.0350877
0	1
0	0.0350877
0	0.0964912
0	1
0	1
0	0.0263158
0	0.0263158
0	0.0350877
0	1
0	0.0175439
0	0.0263158
0	0.0526316
0	0.0263158
0	1
0	0.0175439
0	0.0438596
0	0.0438596
0	0.0350877
0	0.0175439
0	0.0263158
0	0.0175439
0	1
0	0.0263158
0	0.0263158
0	0.0350877
0	0.0263158
0	0.0438596
0	0.0263158
0	1
0	0.0877193
0	0.0263158
0	0.0350877
0	0.0263158
0	1
0	0.0526316
0	1
0	0.0438596
0	0.0526316
0	0.166667
0	0.166667
0	1
0	0.0438596
0	0.00877193
0	0.0789474
0	0.0526316
0	1
0	0.0263158
0	1
0	0.0263158
0	0.0438596
0	0.0175439
0	0.0263158
0	1
0	0.0263158
0	1
0	1
0	0.0789474
0	1
0	1
0	0.0263158
0	0.0263158
0	0.0964912
0	0.166667
0	1
0	0.0964912
0	0.0350877
0	0.0263158
0	0.0350877
0	0.0263158
0	0.0350877
0	0.0701754
0	0.0350877
0	0.0614035
0	0.0350877
0	1
0	1
0	0.0175439
0	0.0175439
0	0.0263158
0	0.0263158
0	0.0263158
0	1
0	1
0	0.0350877
0	1
0	0.0526316
0	1
0	0.0526316
0	0.0877193
0	0.0438596
0	0.0175439
0	0.0175439
0	0.0350877
0	0.0526316
0	0.0438596
0	1
0	1
0	0.0964912
0	1
0	0.0789474
0	0.0526316
0	1
0	0.0438596
0	0.0526316
0	0.0175439
0	0.0350877
0	0.0263158
0	0.0350877
0	0.0438596
0	1
0	1
0	0.0263158
0	0.0175439
0	0.0614035
0	0.0175439
0	1
0	1
0	0.0526316
0	0.0263158
0	0.0438596
0	1
0	0.0438596
0	1
0	0.0526316
0	1
0	1
0	1
0	1
0	0.0175439
0	1
0	0.0438596
0	0.0350877
0	0.0438596
0	0.0175439
0	0.0175439
0	1
0	0.0263158
0	0.0877193
0	0.0263158
0	1
0	0.0789474
0	0.0175439
0	1
0	0.0175439
0	0.0263158
0	0.0175439
0	0.0175439
0	1
0	0.0175439
0	0.0175439
0	0.0877193
0	1
0	1
0	0.0438596
0	0.0701754
0	0.0175439
0	0.0964912
0	0.0263158
0	0.0350877
0	0.0350877
0	0.0263158
0	1
0	0.0438596
0	0.0877193


