# Persistence diagram <GML/0231.gml>
#
# Dimension   : 0
# Entries     : 295
# Betti number: 4
0	inf
0	1
0	0.0860215
0	0.107527
0	0.0860215
0	1
0	1
0	0.0752688
0	0.0752688
0	0.182796
0	1
0	1
0	0.0645161
0	0.0215054
0	1
0	1
0	0.236559
0	0.11828
0	0.0752688
0	1
0	0.0752688
0	1
0	0.0752688
0	0.0752688
0	0.0752688
0	0.0752688
0	0.236559
0	0.0537634
0	0.107527
0	0.11828
0	0.0645161
0	0.0322581
0	0.0537634
0	0.0860215
0	0.0322581
0	0.0537634
0	0.0430108
0	1
0	0.0537634
0	1
0	0.0752688
0	0.0322581
0	1
0	0.0537634
0	0.0645161
0	0.0645161
0	inf
0	1
0	0.11828
0	1
0	0.0430108
0	0.150538
0	0.0537634
0	0.150538
0	0.0645161
0	0.139785
0	0.0537634
0	1
0	0.0430108
0	0.0537634
0	0.139785
0	1
0	0.0322581
0	0.11828
0	0.0430108
0	0.0537634
0	0.0537634
0	1
0	0.182796
0	1
0	0.0537634
0	0.236559
0	1
0	0.11828
0	0.0860215
0	0.0322581
0	0.11828
0	0.0537634
0	0.0215054
0	0.0322581
0	0.0860215
0	0.0322581
0	0.0430108
0	0.0645161
0	1
0	1
0	0.236559
0	0.0860215
0	0.0537634
0	1
0	0.0322581
0	1
0	0.107527
0	0.0645161
0	0.0215054
0	1
0	0.0537634
0	0.0215054
0	0.182796
0	1
0	1
0	1
0	0.150538
0	1
0	1
0	0.0322581
0	0.0537634
0	0.0107527
0	0.139785
0	0.0430108
0	0.0645161
0	1
0	0.0430108
0	0.236559
0	0.236559
0	0.0215054
0	0.0752688
0	0.0537634
0	0.0752688
0	0.107527
0	0.0322581
0	0.0537634
0	0.0645161
0	0.0537634
0	0.0752688
0	1
0	0.0537634
0	0.0215054
0	0.0645161
0	0.0322581
0	0.0752688
0	0.107527
0	0.0752688
0	0.150538
0	0.0430108
0	0.0215054
0	0.0322581
0	0.0322581
0	0.0322581
0	0.236559
0	0.0860215
0	0.139785
0	0.0215054
0	0.0537634
0	0.0215054
0	0.0537634
0	0.0430108
0	0.0645161
0	0.0645161
0	1
0	0.0430108
0	1
0	1
0	1
0	0.11828
0	0.150538
0	0.0215054
0	0.0215054
0	0.0322581
0	0.0752688
0	0.11828
0	0.0645161
0	1
0	0.0752688
0	0.0215054
0	0.0537634
0	0.0860215
0	0.0322581
0	1
0	inf
0	0.139785
0	0.182796
0	0.0537634
0	1
0	0.150538
0	0.139785
0	1
0	0.107527
0	1
0	0.0215054
0	0.0537634
0	1
0	0.0752688
0	1
0	0.0537634
0	0.236559
0	0.0537634
0	1
0	1
0	1
0	0.236559
0	0.0752688
0	1
0	1
0	1
0	0.182796
0	0.0752688
0	0.0430108
0	0.0537634
0	1
0	0.0322581
0	1
0	0.0430108
0	0.0322581
0	0.0537634
0	0.0322581
0	1
0	0.0322581
0	1
0	1
0	1
0	0.0537634
0	0.0322581
0	0.236559
0	0.0322581
0	0.0107527
0	0.0430108
0	0.0537634
0	0.0215054
0	0.150538
0	0.0322581
0	0.0645161
0	inf
0	0.0215054
0	1
0	0.0215054
0	0.0322581
0	0.0645161
0	0.0215054
0	0.0752688
0	0.0645161
0	0.0537634
0	0.0537634
0	0.236559
0	0.0537634
0	0.0537634
0	0.0430108
0	0.0430108
0	0.0752688
0	0.0752688
0	0.0537634
0	0.0537634
0	0.0537634
0	0.0215054
0	0.0860215
0	0.0537634
0	0.0215054
0	1
0	0.0322581
0	0.0215054
0	0.0430108
0	0.0752688
0	0.0430108
0	0.0322581
0	1
0	0.0215054
0	0.0537634
0	0.0537634
0	0.0322581
0	0.0107527
0	0.236559
0	1
0	0.0322581
0	1
0	1
0	0.182796
0	1
0	0.0430108
0	0.0215054
0	0.0430108
0	1
0	1
0	0.0430108
0	0.0537634
0	0.0322581
0	0.0322581
0	0.0430108
0	0.0537634
0	0.0322581
0	0.0322581
0	0.0645161
0	0.0537634
0	1
0	0.236559
0	1
0	0.0215054
0	1
0	0.0322581
0	0.0215054
0	0.0860215
0	0.0537634
0	0.107527
0	1
0	0.0215054
0	0.0752688


