# Persistence diagram <GML/0233.gml>
#
# Dimension   : 0
# Entries     : 207
# Betti number: 3
0	inf
0	0.15493
0	0.0985915
0	0.084507
0	0.0985915
0	0.084507
0	0.084507
0	0.140845
0	0.267606
0	1
0	1
0	0.084507
0	0.267606
0	0.183099
0	1
0	0.056338
0	0.0704225
0	0.056338
0	0.140845
0	0.0985915
0	0.15493
0	1
0	0.056338
0	0.084507
0	0.084507
0	1
0	inf
0	0.084507
0	0.140845
0	0.084507
0	0.084507
0	0.084507
0	1
0	0.267606
0	1
0	0.140845
0	0.0704225
0	0.0704225
0	1
0	0.0422535
0	0.084507
0	0.084507
0	0.140845
0	0.056338
0	0.140845
0	0.056338
0	1
0	0.084507
0	0.056338
0	0.0422535
0	0.0704225
0	0.056338
0	1
0	0.267606
0	1
0	0.056338
0	0.056338
0	0.084507
0	0.084507
0	1
0	1
0	0.056338
0	0.140845
0	0.0704225
0	0.0704225
0	1
0	0.084507
0	0.140845
0	inf
0	0.0985915
0	0.267606
0	0.0985915
0	1
0	1
0	0.084507
0	0.084507
0	0.056338
0	0.267606
0	0.084507
0	0.0422535
0	0.0985915
0	0.084507
0	0.028169
0	1
0	0.140845
0	0.0985915
0	0.056338
0	0.0422535
0	0.0704225
0	0.0140845
0	0.140845
0	0.0422535
0	0.084507
0	0.183099
0	0.15493
0	0.084507
0	0.028169
0	0.0422535
0	0.0704225
0	0.0422535
0	0.0985915
0	1
0	0.056338
0	1
0	0.0704225
0	0.0704225
0	1
0	0.0422535
0	0.0422535
0	0.0422535
0	1
0	1
0	0.084507
0	0.056338
0	0.15493
0	0.183099
0	0.0422535
0	0.0422535
0	0.0422535
0	0.028169
0	0.0422535
0	1
0	0.0985915
0	0.084507
0	1
0	0.084507
0	0.0422535
0	0.140845
0	0.0422535
0	0.15493
0	1
0	1
0	0.056338
0	0.0985915
0	0.056338
0	0.0704225
0	0.0985915
0	0.0704225
0	0.084507
0	1
0	0.0704225
0	0.0985915
0	0.0985915
0	0.267606
0	1
0	0.0985915
0	0.028169
0	1
0	0.0422535
0	0.140845
0	0.028169
0	0.028169
0	0.0704225
0	0.0422535
0	1
0	0.056338
0	0.056338
0	0.0422535
0	0.028169
0	0.056338
0	0.056338
0	1
0	0.0985915
0	0.028169
0	0.0422535
0	1
0	0.0422535
0	0.028169
0	1
0	0.0704225
0	0.0704225
0	0.0422535
0	0.0422535
0	0.0422535
0	1
0	0.028169
0	0.028169
0	0.0704225
0	0.056338
0	0.267606
0	0.0140845
0	0.028169
0	0.028169
0	1
0	0.267606
0	0.056338
0	0.056338
0	0.267606
0	1
0	0.0704225
0	0.028169
0	0.0985915
0	1
0	0.183099
0	1
0	0.056338
0	0.056338
0	0.028169
0	1
0	0.0422535
0	0.0422535
0	1
0	1
0	0.0422535
0	0.140845
0	0.267606
0	1


