# Persistence diagram <GML/0235.gml>
#
# Dimension   : 0
# Entries     : 228
# Betti number: 4
0	inf
0	1
0	1
0	1
0	0.103093
0	0.0721649
0	0.0309278
0	0.0721649
0	1
0	0.103093
0	1
0	inf
0	0.0618557
0	0.0618557
0	0.0618557
0	0.0515464
0	0.123711
0	0.0309278
0	0.0515464
0	1
0	1
0	1
0	1
0	0.0515464
0	0.0618557
0	1
0	0.0515464
0	0.0515464
0	1
0	0.0515464
0	1
0	0.103093
0	0.0515464
0	0.0721649
0	1
0	0.0309278
0	0.0618557
0	0.0618557
0	0.123711
0	1
0	1
0	0.0721649
0	0.0721649
0	0.0515464
0	0.0309278
0	0.0515464
0	0.0206186
0	0.0515464
0	0.123711
0	0.0515464
0	1
0	1
0	0.0721649
0	1
0	0.0309278
0	0.123711
0	1
0	0.0412371
0	0.0515464
0	1
0	1
0	0.0721649
0	0.0515464
0	1
0	0.0515464
0	0.0206186
0	0.0309278
0	0.0618557
0	1
0	0.0515464
0	1
0	1
0	0.0515464
0	0.0206186
0	0.0309278
0	0.123711
0	0.0206186
0	0.0309278
0	0.103093
0	0.0309278
0	0.0412371
0	0.0721649
0	0.0515464
0	0.0515464
0	0.0618557
0	1
0	0.0309278
0	1
0	inf
0	0.103093
0	1
0	0.0412371
0	1
0	0.0412371
0	1
0	0.0206186
0	0.0206186
0	1
0	1
0	0.0618557
0	1
0	0.0721649
0	0.0309278
0	1
0	1
0	1
0	0.0515464
0	1
0	0.0206186
0	1
0	1
0	0.0412371
0	0.0515464
0	0.0206186
0	1
0	1
0	0.0515464
0	0.0206186
0	0.123711
0	0.123711
0	0.0206186
0	0.0309278
0	1
0	0.123711
0	0.103093
0	0.0515464
0	0.0309278
0	0.0206186
0	1
0	0.0309278
0	1
0	inf
0	0.0309278
0	1
0	1
0	0.0206186
0	0.0206186
0	0.0515464
0	1
0	1
0	0.123711
0	0.0618557
0	0.0412371
0	1
0	1
0	1
0	0.0206186
0	1
0	0.0515464
0	0.0618557
0	0.0515464
0	0.0309278
0	0.0618557
0	1
0	0.0721649
0	0.0515464
0	1
0	1
0	0.0309278
0	0.0206186
0	0.0309278
0	0.0309278
0	0.0309278
0	1
0	0.0618557
0	0.0721649
0	0.0309278
0	0.0206186
0	0.0309278
0	1
0	1
0	0.0206186
0	0.0721649
0	0.0515464
0	0.103093
0	0.0618557
0	1
0	0.0721649
0	0.103093
0	0.0206186
0	0.0206186
0	0.0721649
0	0.0515464
0	0.0309278
0	0.0206186
0	0.0412371
0	0.0309278
0	0.0309278
0	0.0412371
0	1
0	1
0	0.123711
0	0.0412371
0	0.0309278
0	1
0	0.0206186
0	0.0515464
0	0.0309278
0	1
0	0.0412371
0	0.0309278
0	0.0206186
0	0.0515464
0	0.0309278
0	0.0309278
0	0.0206186
0	1
0	0.0206186
0	0.0515464
0	0.0206186
0	0.0206186
0	0.0309278
0	1
0	0.0618557
0	0.0412371
0	1
0	0.0412371
0	1
0	0.0206186
0	1
0	0.0515464
0	0.0309278
0	0.0103093
0	0.0412371
0	1
0	0.0309278
0	1
0	0.103093


