# Persistence diagram <GML/0236.gml>
#
# Dimension   : 0
# Entries     : 349
# Betti number: 2
0	inf
0	0.045977
0	0.0287356
0	1
0	1
0	0.0344828
0	0.114943
0	0.0287356
0	1
0	1
0	0.0344828
0	1
0	1
0	1
0	0.0287356
0	0.0804598
0	0.045977
0	0.0287356
0	0.0402299
0	1
0	0.0804598
0	1
0	1
0	0.114943
0	0.0172414
0	1
0	1
0	0.0287356
0	1
0	0.114943
0	1
0	1
0	1
0	0.114943
0	0.045977
0	0.0172414
0	1
0	0.0804598
0	0.114943
0	1
0	0.0172414
0	0.0172414
0	1
0	1
0	1
0	1
0	0.114943
0	0.0804598
0	0.0172414
0	1
0	0.114943
0	0.045977
0	1
0	0.0402299
0	0.0287356
0	1
0	1
0	1
0	0.0402299
0	0.0172414
0	1
0	0.0172414
0	0.0344828
0	1
0	0.0287356
0	0.0114943
0	0.0172414
0	0.0287356
0	1
0	1
0	1
0	1
0	1
0	1
0	0.0114943
0	0.0287356
0	1
0	0.0172414
0	0.0287356
0	0.0344828
0	1
0	0.045977
0	0.0229885
0	0.0172414
0	1
0	1
0	1
0	1
0	inf
0	0.0229885
0	1
0	0.0402299
0	0.045977
0	1
0	0.0172414
0	1
0	0.0402299
0	1
0	0.0287356
0	1
0	0.0114943
0	0.045977
0	0.0114943
0	0.0172414
0	0.045977
0	0.114943
0	1
0	0.0229885
0	1
0	0.0344828
0	0.045977
0	1
0	1
0	1
0	1
0	1
0	1
0	1
0	1
0	1
0	0.0114943
0	0.0114943
0	0.0172414
0	0.0172414
0	1
0	0.0287356
0	0.0402299
0	1
0	0.0172414
0	0.0114943
0	1
0	1
0	0.0172414
0	0.0172414
0	0.0172414
0	0.0172414
0	0.0229885
0	0.0114943
0	0.0229885
0	1
0	0.0287356
0	1
0	0.0402299
0	0.045977
0	0.0172414
0	1
0	0.0344828
0	0.0229885
0	0.0172414
0	0.0172414
0	1
0	0.114943
0	0.0114943
0	0.0344828
0	0.0402299
0	0.0172414
0	0.0114943
0	0.0172414
0	1
0	0.0344828
0	0.0114943
0	1
0	1
0	1
0	0.0402299
0	0.0172414
0	0.0114943
0	1
0	0.0172414
0	0.0172414
0	0.0172414
0	1
0	1
0	1
0	1
0	0.0344828
0	0.0287356
0	0.045977
0	0.0172414
0	1
0	0.0172414
0	0.0402299
0	1
0	1
0	0.0229885
0	0.0172414
0	0.0287356
0	1
0	1
0	0.0114943
0	1
0	1
0	0.0172414
0	0.0172414
0	0.045977
0	0.0114943
0	1
0	0.0114943
0	0.0229885
0	0.0287356
0	0.0114943
0	0.0804598
0	0.0172414
0	0.0172414
0	0.0114943
0	1
0	0.0172414
0	1
0	1
0	1
0	0.0114943
0	0.0804598
0	1
0	1
0	0.0114943
0	1
0	0.0402299
0	1
0	1
0	0.0114943
0	1
0	0.0229885
0	1
0	1
0	0.045977
0	0.0172414
0	0.114943
0	0.0402299
0	1
0	1
0	0.0402299
0	0.0114943
0	0.0172414
0	1
0	0.0344828
0	1
0	0.0114943
0	0.0172414
0	1
0	1
0	0.0114943
0	0.0114943
0	0.0229885
0	0.0114943
0	1
0	1
0	0.0229885
0	0.0344828
0	0.0114943
0	0.045977
0	1
0	1
0	0.0172414
0	1
0	1
0	0.0172414
0	0.0172414
0	0.0172414
0	0.0287356
0	1
0	1
0	1
0	0.0229885
0	1
0	1
0	0.0114943
0	1
0	1
0	1
0	1
0	0.0172414
0	1
0	0.0229885
0	0.0114943
0	0.114943
0	1
0	1
0	1
0	0.0114943
0	0.0114943
0	1
0	0.045977
0	1
0	0.114943
0	0.0114943
0	0.0172414
0	1
0	1
0	0.0804598
0	0.0114943
0	0.0114943
0	1
0	0.0402299
0	0.0172414
0	1
0	1
0	1
0	1
0	1
0	0.0229885
0	0.0172414
0	0.00574713
0	0.0344828
0	1
0	0.0804598
0	0.0114943
0	0.0172414
0	1
0	0.0114943
0	1
0	0.0229885
0	1
0	1
0	0.0114943
0	1
0	0.0172414
0	0.0229885
0	1
0	0.0229885
0	1
0	0.0172414
0	0.0287356
0	0.0229885
0	0.114943
0	1
0	0.0172414
0	0.0114943
0	1
0	1
0	0.0172414
0	0.0229885
0	0.0114943
0	0.114943
0	1
0	0.0114943
0	0.0172414
0	0.0114943
0	1
0	0.0172414
0	1
0	0.045977
0	0.0229885
0	1
0	0.0804598
0	0.0287356
0	1
0	1
0	1
0	1


