# Persistence diagram <GML/0238.gml>
#
# Dimension   : 0
# Entries     : 210
# Betti number: 2
0	inf
0	1
0	1
0	1
0	1
0	0.076087
0	1
0	1
0	1
0	1
0	0.141304
0	1
0	1
0	1
0	0.0217391
0	1
0	0.076087
0	0.119565
0	1
0	0.0869565
0	1
0	1
0	1
0	1
0	0.119565
0	1
0	0.0543478
0	1
0	1
0	0.0326087
0	0.0326087
0	0.0543478
0	0.076087
0	0.076087
0	0.076087
0	0.0217391
0	0.141304
0	0.0217391
0	0.0434783
0	0.0217391
0	1
0	1
0	1
0	1
0	1
0	1
0	0.0869565
0	1
0	0.0434783
0	0.0652174
0	1
0	0.076087
0	1
0	0.0543478
0	1
0	0.0434783
0	0.0326087
0	1
0	0.141304
0	0.076087
0	0.076087
0	0.076087
0	0.0434783
0	1
0	0.0869565
0	0.0434783
0	0.119565
0	1
0	0.141304
0	0.076087
0	0.0217391
0	0.0434783
0	0.0326087
0	0.0652174
0	0.0652174
0	1
0	1
0	0.076087
0	1
0	1
0	1
0	0.076087
0	1
0	0.0217391
0	0.0652174
0	1
0	1
0	inf
0	0.0217391
0	0.0434783
0	1
0	0.0434783
0	1
0	0.0543478
0	1
0	0.076087
0	0.0217391
0	0.0652174
0	0.076087
0	0.0543478
0	1
0	1
0	0.0217391
0	0.0326087
0	0.0326087
0	1
0	0.0217391
0	1
0	0.0217391
0	1
0	0.0217391
0	1
0	0.0543478
0	1
0	0.0326087
0	0.0217391
0	0.0869565
0	0.076087
0	0.0543478
0	0.0543478
0	0.0652174
0	0.0326087
0	0.0326087
0	1
0	1
0	0.0543478
0	0.141304
0	0.0326087
0	0.0434783
0	0.0434783
0	0.0652174
0	0.0326087
0	1
0	0.141304
0	0.0543478
0	1
0	0.0326087
0	0.0652174
0	0.141304
0	1
0	1
0	1
0	0.0652174
0	1
0	1
0	1
0	0.0217391
0	0.0217391
0	0.0217391
0	0.0217391
0	0.0326087
0	0.076087
0	0.0652174
0	0.141304
0	0.0217391
0	0.0434783
0	1
0	0.0652174
0	1
0	1
0	1
0	1
0	0.0217391
0	0.076087
0	1
0	0.0326087
0	1
0	0.0652174
0	0.0326087
0	0.0326087
0	0.0217391
0	0.119565
0	1
0	0.0217391
0	0.141304
0	1
0	1
0	0.0543478
0	1
0	1
0	0.0652174
0	0.0217391
0	0.0434783
0	0.076087
0	1
0	1
0	0.119565
0	0.119565
0	0.141304
0	0.0217391
0	0.0217391
0	0.0217391
0	1
0	0.0326087
0	0.0217391
0	0.0217391
0	0.076087
0	0.0217391
0	0.076087
0	0.0217391
0	1
0	0.0652174
0	0.0326087
0	0.0217391
0	1
0	0.076087
0	0.0434783
0	0.0217391
0	0.0543478
0	0.0326087


