# Persistence diagram <GML/0245.gml>
#
# Dimension   : 0
# Entries     : 441
# Betti number: 2
0	inf
0	1
0	inf
0	0.132275
0	0.047619
0	0.037037
0	1
0	0.021164
0	0.0529101
0	0.0634921
0	1
0	0.021164
0	0.047619
0	0.037037
0	0.042328
0	1
0	0.031746
0	0.026455
0	0.037037
0	1
0	0.0634921
0	0.037037
0	0.047619
0	1
0	1
0	0.015873
0	1
0	1
0	0.037037
0	0.0529101
0	0.047619
0	0.121693
0	0.0582011
0	0.037037
0	0.047619
0	1
0	0.047619
0	1
0	0.037037
0	0.121693
0	0.026455
0	1
0	1
0	0.132275
0	1
0	0.021164
0	1
0	1
0	0.132275
0	0.031746
0	1
0	1
0	0.015873
0	1
0	0.015873
0	0.037037
0	0.037037
0	1
0	0.0529101
0	0.037037
0	0.132275
0	1
0	0.037037
0	0.0634921
0	0.015873
0	1
0	0.015873
0	1
0	0.015873
0	0.0634921
0	1
0	0.0529101
0	0.021164
0	0.015873
0	0.121693
0	0.037037
0	0.037037
0	0.037037
0	1
0	1
0	1
0	0.026455
0	0.037037
0	1
0	1
0	1
0	0.026455
0	0.026455
0	0.0582011
0	0.010582
0	0.047619
0	1
0	0.010582
0	0.015873
0	1
0	0.037037
0	1
0	1
0	1
0	0.037037
0	0.132275
0	1
0	1
0	0.0582011
0	0.021164
0	0.047619
0	0.0529101
0	0.026455
0	0.026455
0	0.047619
0	0.132275
0	1
0	1
0	1
0	1
0	0.0529101
0	0.037037
0	0.021164
0	0.031746
0	0.026455
0	0.015873
0	0.037037
0	0.047619
0	1
0	1
0	1
0	0.015873
0	0.010582
0	0.132275
0	1
0	0.037037
0	0.0529101
0	0.021164
0	0.031746
0	1
0	0.047619
0	0.021164
0	1
0	1
0	1
0	1
0	1
0	0.015873
0	1
0	1
0	0.0634921
0	1
0	1
0	1
0	0.031746
0	0.021164
0	0.121693
0	0.031746
0	0.037037
0	0.031746
0	1
0	0.021164
0	0.015873
0	0.0529101
0	0.031746
0	0.0634921
0	0.132275
0	0.0529101
0	1
0	0.0529101
0	0.121693
0	1
0	0.121693
0	1
0	0.021164
0	0.015873
0	0.026455
0	0.0634921
0	1
0	1
0	0.0634921
0	0.026455
0	0.010582
0	0.015873
0	1
0	0.026455
0	0.010582
0	0.021164
0	0.010582
0	1
0	0.037037
0	0.010582
0	1
0	0.010582
0	0.026455
0	0.031746
0	0.015873
0	1
0	0.021164
0	1
0	1
0	1
0	1
0	0.015873
0	0.047619
0	1
0	0.121693
0	1
0	0.031746
0	0.021164
0	1
0	0.010582
0	1
0	0.121693
0	1
0	1
0	0.010582
0	0.037037
0	0.026455
0	0.021164
0	1
0	1
0	0.042328
0	1
0	1
0	0.037037
0	0.026455
0	1
0	0.0582011
0	1
0	1
0	0.037037
0	0.026455
0	1
0	0.026455
0	1
0	0.021164
0	0.021164
0	0.026455
0	0.021164
0	0.0529101
0	0.021164
0	1
0	0.121693
0	0.0634921
0	0.121693
0	0.031746
0	0.121693
0	0.015873
0	1
0	1
0	0.132275
0	0.132275
0	0.037037
0	0.021164
0	0.021164
0	0.047619
0	1
0	1
0	0.010582
0	0.132275
0	0.015873
0	0.026455
0	1
0	0.021164
0	0.015873
0	1
0	0.015873
0	0.121693
0	0.026455
0	0.021164
0	1
0	0.0582011
0	0.031746
0	0.031746
0	1
0	1
0	0.0529101
0	0.026455
0	0.0634921
0	1
0	0.037037
0	1
0	1
0	0.026455
0	0.015873
0	0.015873
0	0.021164
0	0.031746
0	1
0	0.021164
0	0.021164
0	0.047619
0	1
0	0.010582
0	1
0	1
0	1
0	1
0	0.021164
0	1
0	0.0529101
0	0.010582
0	1
0	0.037037
0	0.015873
0	1
0	0.047619
0	0.015873
0	0.042328
0	0.026455
0	0.037037
0	0.026455
0	0.121693
0	1
0	0.031746
0	0.021164
0	0.010582
0	0.047619
0	0.010582
0	1
0	1
0	0.026455
0	0.031746
0	0.021164
0	0.042328
0	1
0	0.015873
0	1
0	0.010582
0	0.037037
0	0.021164
0	1
0	0.031746
0	0.010582
0	0.026455
0	1
0	0.021164
0	1
0	0.010582
0	0.021164
0	0.047619
0	0.026455
0	0.015873
0	0.031746
0	0.0634921
0	1
0	1
0	1
0	1
0	1
0	1
0	1
0	0.015873
0	0.031746
0	1
0	0.021164
0	1
0	1
0	0.015873
0	0.037037
0	0.015873
0	0.042328
0	0.132275
0	1
0	1
0	0.031746
0	0.037037
0	1
0	0.015873
0	0.010582
0	1
0	1
0	1
0	1
0	0.015873
0	0.0634921
0	0.010582
0	0.047619
0	0.0529101
0	0.031746
0	0.031746
0	0.026455
0	1
0	0.010582
0	0.0529101
0	0.021164
0	0.015873
0	0.021164
0	0.037037
0	1
0	0.0529101
0	1
0	0.037037
0	1
0	1
0	1
0	0.021164
0	1
0	0.121693
0	1
0	1
0	0.021164
0	0.015873
0	1
0	0.015873
0	0.026455
0	1
0	0.0634921
0	0.0582011
0	0.037037
0	0.010582
0	0.047619
0	0.031746
0	1
0	0.0634921
0	1
0	0.0582011
0	0.031746
0	1
0	0.026455
0	0.021164
0	0.010582
0	0.021164
0	0.010582
0	0.021164
0	0.037037
0	0.010582
0	1
0	1
0	0.010582
0	0.031746
0	1
0	0.0582011
0	0.037037
0	0.010582
0	0.132275
0	0.021164
0	1
0	0.010582
0	0.015873
0	0.010582
0	0.010582
0	0.037037
0	1
0	0.015873


