# Persistence diagram <GML/0251.gml>
#
# Dimension   : 0
# Entries     : 439
# Betti number: 1
0	inf
0	1
0	0.179856
0	0.179856
0	1
0	0.0503597
0	0.179856
0	0.0719424
0	0.0503597
0	0.057554
0	0.028777
0	0.0719424
0	0.0503597
0	0.057554
0	0.057554
0	0.028777
0	0.0503597
0	0.0359712
0	1
0	0.0359712
0	0.179856
0	0.0719424
0	0.0863309
0	0.0503597
0	0.0503597
0	0.0647482
0	0.0647482
0	1
0	0.057554
0	0.057554
0	0.0431655
0	1
0	0.0359712
0	0.0359712
0	0.0359712
0	0.0503597
0	0.0503597
0	0.0647482
0	0.0359712
0	0.179856
0	0.172662
0	0.057554
0	0.0359712
0	0.0359712
0	0.028777
0	0.0647482
0	0.179856
0	0.0215827
0	1
0	0.057554
0	0.057554
0	0.100719
0	0.0647482
0	0.0431655
0	0.0431655
0	0.0431655
0	1
0	0.0215827
0	1
0	0.0359712
0	1
0	0.0143885
0	1
0	0.0647482
0	0.179856
0	0.100719
0	0.0359712
0	0.028777
0	0.0503597
0	0.0359712
0	0.0359712
0	1
0	0.028777
0	1
0	0.179856
0	0.0863309
0	1
0	0.0431655
0	0.0359712
0	0.172662
0	0.179856
0	0.0215827
0	0.0647482
0	0.028777
0	1
0	1
0	0.0143885
0	0.0431655
0	0.0431655
0	0.179856
0	0.179856
0	0.057554
0	0.179856
0	1
0	0.0215827
0	0.0431655
0	1
0	1
0	0.057554
0	0.028777
0	0.0215827
0	1
0	0.0503597
0	0.100719
0	0.0359712
0	1
0	0.0359712
0	1
0	1
0	0.0215827
0	1
0	0.057554
0	0.0503597
0	0.028777
0	0.0719424
0	0.0431655
0	0.028777
0	0.028777
0	0.0143885
0	0.0359712
0	0.0431655
0	0.0215827
0	0.0143885
0	0.028777
0	0.057554
0	0.0359712
0	0.0503597
0	0.0215827
0	0.0431655
0	1
0	0.057554
0	0.0719424
0	0.057554
0	0.0431655
0	0.0719424
0	0.179856
0	1
0	0.0647482
0	0.0215827
0	0.0503597
0	0.0863309
0	0.0359712
0	0.0647482
0	0.0431655
0	0.0719424
0	0.0215827
0	0.179856
0	0.179856
0	1
0	0.0143885
0	0.057554
0	0.028777
0	1
0	0.0143885
0	0.028777
0	0.057554
0	0.0863309
0	1
0	1
0	1
0	0.0143885
0	0.057554
0	0.100719
0	0.0431655
0	1
0	0.0719424
0	1
0	0.0143885
0	0.0719424
0	1
0	0.0647482
0	0.179856
0	0.028777
0	0.0143885
0	0.0863309
0	1
0	0.0143885
0	0.0935252
0	1
0	0.0359712
0	0.0143885
0	0.0359712
0	0.0431655
0	0.0719424
0	0.0215827
0	0.172662
0	0.179856
0	0.028777
0	1
0	0.028777
0	0.028777
0	0.0719424
0	1
0	1
0	0.0359712
0	0.0359712
0	1
0	0.100719
0	0.0359712
0	1
0	1
0	0.172662
0	0.0359712
0	0.0143885
0	0.0503597
0	0.0503597
0	0.0143885
0	0.0647482
0	1
0	1
0	1
0	0.179856
0	0.179856
0	0.057554
0	0.0647482
0	0.057554
0	0.0863309
0	0.0215827
0	0.0215827
0	1
0	1
0	0.0143885
0	1
0	0.0143885
0	0.0143885
0	0.0359712
0	0.179856
0	1
0	0.0215827
0	0.028777
0	0.028777
0	0.100719
0	1
0	0.057554
0	0.028777
0	0.0143885
0	0.028777
0	0.172662
0	0.100719
0	0.100719
0	1
0	0.0863309
0	0.0143885
0	0.057554
0	0.179856
0	0.028777
0	0.0143885
0	0.0143885
0	0.100719
0	0.179856
0	0.0503597
0	1
0	1
0	0.0359712
0	0.0863309
0	0.179856
0	0.0503597
0	0.028777
0	0.179856
0	0.0215827
0	0.0431655
0	1
0	1
0	0.028777
0	0.0359712
0	0.0431655
0	0.0863309
0	0.0143885
0	0.0719424
0	0.0503597
0	0.0215827
0	1
0	0.028777
0	0.0647482
0	1
0	1
0	0.100719
0	0.0359712
0	0.028777
0	0.0215827
0	0.100719
0	0.028777
0	1
0	0.0143885
0	0.0143885
0	0.057554
0	0.0431655
0	1
0	0.0503597
0	0.0143885
0	1
0	0.028777
0	0.0143885
0	0.0359712
0	0.0503597
0	0.0215827
0	1
0	0.028777
0	0.172662
0	0.0863309
0	0.100719
0	1
0	0.0359712
0	0.0359712
0	1
0	0.028777
0	1
0	1
0	0.0359712
0	1
0	1
0	1
0	0.0863309
0	0.179856
0	0.0431655
0	1
0	1
0	1
0	0.028777
0	0.0431655
0	0.172662
0	0.0215827
0	0.100719
0	0.0215827
0	0.0359712
0	0.0935252
0	1
0	0.100719
0	0.0359712
0	0.0431655
0	0.0431655
0	0.0359712
0	0.0359712
0	0.028777
0	0.179856
0	0.179856
0	0.028777
0	0.0215827
0	1
0	0.0935252
0	1
0	1
0	0.0215827
0	1
0	0.172662
0	0.0215827
0	1
0	1
0	0.057554
0	1
0	0.0359712
0	1
0	0.179856
0	0.028777
0	0.028777
0	1
0	1
0	0.0431655
0	0.028777
0	0.0143885
0	0.028777
0	0.179856
0	0.0143885
0	0.0143885
0	0.172662
0	0.0359712
0	0.0935252
0	0.0215827
0	0.0431655
0	0.179856
0	0.057554
0	0.0719424
0	0.0647482
0	0.0143885
0	0.0215827
0	0.028777
0	0.0143885
0	1
0	1
0	0.0647482
0	0.0143885
0	0.0143885
0	0.0215827
0	0.0503597
0	0.0215827
0	0.0359712
0	1
0	1
0	0.057554
0	0.0215827
0	0.172662
0	1
0	0.028777
0	0.179856
0	0.0215827
0	0.0359712
0	1
0	0.100719
0	1
0	0.0503597
0	0.0143885
0	1
0	0.0143885
0	0.0143885
0	0.179856
0	0.0143885
0	0.172662
0	0.0143885
0	1
0	0.0359712
0	0.028777
0	1
0	0.0143885
0	1
0	1
0	0.0215827
0	0.0431655
0	0.0143885
0	1
0	0.0215827
0	0.028777
0	0.100719
0	0.028777
0	1
0	0.172662
0	0.0143885
0	0.0143885
0	1
0	0.0143885
0	0.172662
0	0.179856
0	1
0	1
0	0.0143885
0	0.0503597
0	0.0143885
0	0.0215827
0	0.0215827
0	0.0143885


