# Persistence diagram <GML/0253.gml>
#
# Dimension   : 0
# Entries     : 407
# Betti number: 7
0	inf
0	0.0886076
0	1
0	0.0886076
0	0.0379747
0	1
0	inf
0	0.0759494
0	0.0506329
0	1
0	1
0	0.139241
0	0.227848
0	0.227848
0	1
0	1
0	0.101266
0	0.151899
0	0.253165
0	0.0886076
0	1
0	0.0759494
0	0.189873
0	1
0	0.0506329
0	0.253165
0	0.0253165
0	0.0886076
0	0.0632911
0	0.101266
0	1
0	0.189873
0	0.253165
0	0.0632911
0	0.139241
0	0.0632911
0	0.113924
0	0.0632911
0	1
0	0.253165
0	0.189873
0	0.101266
0	0.0632911
0	0.0759494
0	0.253165
0	0.189873
0	0.189873
0	0.253165
0	0.253165
0	0.0506329
0	0.0886076
0	0.227848
0	0.0886076
0	0.0379747
0	0.0379747
0	0.0506329
0	0.139241
0	0.0379747
0	0.0506329
0	1
0	0.227848
0	0.101266
0	0.253165
0	1
0	0.151899
0	0.0759494
0	0.0379747
0	0.0253165
0	0.227848
0	0.0632911
0	0.126582
0	1
0	0.0253165
0	0.151899
0	0.0379747
0	1
0	0.0506329
0	1
0	0.0379747
0	0.0506329
0	0.101266
0	0.0379747
0	0.0506329
0	0.0506329
0	0.0886076
0	0.253165
0	0.253165
0	0.189873
0	1
0	1
0	0.0253165
0	0.0886076
0	0.0632911
0	0.0253165
0	1
0	0.0506329
0	0.0379747
0	1
0	0.113924
0	0.253165
0	0.101266
0	0.0253165
0	inf
0	0.0379747
0	0.151899
0	0.0886076
0	inf
0	0.0506329
0	0.0506329
0	0.0379747
0	0.253165
0	1
0	0.139241
0	1
0	0.0506329
0	0.0253165
0	0.0379747
0	1
0	inf
0	0.253165
0	0.0506329
0	0.0506329
0	0.0886076
0	0.0506329
0	0.189873
0	0.0759494
0	0.0379747
0	0.0379747
0	1
0	0.139241
0	0.139241
0	0.0759494
0	0.139241
0	0.0506329
0	1
0	0.101266
0	0.227848
0	0.0632911
0	0.0759494
0	0.0379747
0	0.0253165
0	1
0	1
0	0.0632911
0	0.0886076
0	1
0	1
0	0.0886076
0	0.0506329
0	0.253165
0	0.126582
0	0.227848
0	0.101266
0	1
0	0.139241
0	0.0379747
0	0.0379747
0	0.0379747
0	1
0	0.0379747
0	0.0379747
0	0.0506329
0	inf
0	0.0253165
0	0.0506329
0	0.0759494
0	0.113924
0	0.0253165
0	0.0253165
0	0.0886076
0	1
0	0.253165
0	0.0506329
0	0.113924
0	0.0379747
0	0.0886076
0	0.0379747
0	0.0506329
0	inf
0	1
0	1
0	0.0506329
0	0.0632911
0	0.0253165
0	0.0379747
0	0.0126582
0	0.0506329
0	0.0506329
0	1
0	0.0506329
0	0.0886076
0	1
0	0.0379747
0	0.0253165
0	0.0506329
0	1
0	0.0379747
0	0.0506329
0	0.151899
0	0.0632911
0	0.0253165
0	1
0	0.139241
0	0.0759494
0	0.101266
0	0.0506329
0	0.189873
0	0.189873
0	1
0	0.0632911
0	1
0	0.0759494
0	0.0506329
0	0.0506329
0	0.0632911
0	0.253165
0	0.0506329
0	0.189873
0	0.0126582
0	0.0253165
0	0.0253165
0	0.0253165
0	0.0759494
0	0.0506329
0	0.0632911
0	0.126582
0	0.0506329
0	1
0	0.101266
0	1
0	0.126582
0	0.0632911
0	0.253165
0	0.0379747
0	0.0253165
0	1
0	0.0253165
0	0.0253165
0	0.0759494
0	0.0759494
0	0.0506329
0	0.253165
0	0.0253165
0	0.0886076
0	0.0886076
0	0.0379747
0	0.253165
0	0.139241
0	1
0	0.0759494
0	0.0253165
0	0.101266
0	0.139241
0	0.0632911
0	0.151899
0	0.0506329
0	0.0379747
0	0.0886076
0	0.227848
0	0.0506329
0	0.0253165
0	0.139241
0	0.0632911
0	0.0506329
0	0.139241
0	0.0506329
0	0.0506329
0	1
0	0.139241
0	0.0253165
0	0.0253165
0	0.0632911
0	0.189873
0	0.0379747
0	0.189873
0	0.0379747
0	0.0253165
0	0.0506329
0	0.0379747
0	0.0253165
0	0.0886076
0	0.0506329
0	1
0	0.227848
0	0.0379747
0	0.0886076
0	1
0	0.126582
0	0.0506329
0	1
0	0.189873
0	0.0759494
0	0.0632911
0	1
0	0.0379747
0	0.0253165
0	0.0506329
0	0.0253165
0	0.253165
0	0.0632911
0	0.0506329
0	0.227848
0	1
0	0.0886076
0	0.101266
0	0.253165
0	0.227848
0	0.101266
0	0.0759494
0	0.253165
0	0.0506329
0	0.0253165
0	0.0253165
0	0.0379747
0	0.0506329
0	0.0506329
0	0.151899
0	0.0253165
0	0.0379747
0	0.0506329
0	0.253165
0	0.0886076
0	0.0506329
0	1
0	0.0379747
0	0.0379747
0	0.0886076
0	0.0759494
0	0.0126582
0	1
0	1
0	0.0379747
0	0.0253165
0	0.0253165
0	0.0379747
0	1
0	0.0253165
0	0.151899
0	0.0379747
0	0.0506329
0	0.139241
0	0.0632911
0	0.0886076
0	0.0506329
0	1
0	0.0253165
0	0.0379747
0	0.101266
0	0.227848
0	0.0886076
0	0.0253165
0	0.0253165
0	1
0	0.253165
0	0.0253165
0	0.101266
0	0.0506329
0	0.0506329
0	0.0506329
0	0.0379747
0	0.126582
0	0.0506329
0	0.0506329
0	0.253165
0	0.0506329
0	0.0253165
0	1
0	0.0253165
0	0.0253165
0	0.0632911
0	0.253165
0	0.0379747
0	0.113924
0	0.0632911
0	0.0253165
0	0.0506329
0	0.0506329
0	0.0759494
0	0.0506329
0	0.0886076
0	1
0	1
0	0.0506329
0	1
0	0.0759494
0	0.253165
0	0.0632911
0	1
0	1
0	0.0379747
0	0.0253165
0	0.126582
0	0.0632911
0	0.0632911
0	0.0379747
0	1
0	1
0	0.253165
0	0.0506329
0	0.139241
0	0.101266
0	0.0253165
0	0.101266
0	1
0	0.101266
0	0.0506329
0	0.0253165


