# Persistence diagram <GML/0260.gml>
#
# Dimension   : 0
# Entries     : 357
# Betti number: 1
0	inf
0	1
0	1
0	0.107143
0	1
0	0.107143
0	0.107143
0	0.0571429
0	1
0	0.121429
0	0.05
0	1
0	1
0	0.0428571
0	1
0	1
0	0.0285714
0	0.05
0	1
0	0.114286
0	1
0	1
0	0.0357143
0	0.0285714
0	0.0285714
0	0.0214286
0	0.05
0	0.121429
0	0.1
0	1
0	0.0357143
0	0.121429
0	0.0714286
0	0.121429
0	0.0571429
0	1
0	0.0214286
0	0.0357143
0	0.0571429
0	0.0214286
0	0.0785714
0	0.05
0	0.128571
0	1
0	0.0142857
0	0.114286
0	0.1
0	0.114286
0	0.0285714
0	0.0214286
0	0.157143
0	0.107143
0	0.0214286
0	0.05
0	0.05
0	0.0285714
0	0.0571429
0	0.128571
0	0.107143
0	1
0	0.0714286
0	0.128571
0	0.0714286
0	1
0	1
0	0.0357143
0	1
0	0.0571429
0	0.0714286
0	0.107143
0	1
0	1
0	1
0	0.114286
0	1
0	0.0357143
0	1
0	1
0	0.05
0	1
0	0.128571
0	1
0	0.0285714
0	1
0	0.0142857
0	0.0428571
0	0.0357143
0	0.0214286
0	0.0214286
0	0.0428571
0	0.0214286
0	0.107143
0	0.0214286
0	1
0	0.0357143
0	0.157143
0	1
0	0.0571429
0	1
0	1
0	0.0428571
0	0.0285714
0	0.1
0	0.0785714
0	0.0357143
0	0.0571429
0	1
0	0.0285714
0	1
0	0.0714286
0	1
0	0.0285714
0	0.0785714
0	0.0428571
0	0.114286
0	1
0	1
0	0.0214286
0	0.05
0	0.121429
0	0.0642857
0	0.0642857
0	1
0	1
0	0.128571
0	0.0214286
0	0.0285714
0	0.0214286
0	0.0357143
0	1
0	0.1
0	0.121429
0	0.114286
0	0.0714286
0	0.0357143
0	0.0285714
0	0.0142857
0	1
0	0.0571429
0	1
0	0.0214286
0	0.0357143
0	1
0	0.0214286
0	0.0357143
0	0.0571429
0	0.0357143
0	0.0642857
0	0.0428571
0	0.157143
0	1
0	0.0214286
0	0.0142857
0	0.0285714
0	0.0428571
0	1
0	1
0	0.0785714
0	0.0214286
0	0.0357143
0	1
0	0.0214286
0	1
0	0.107143
0	0.0642857
0	1
0	0.0142857
0	0.107143
0	1
0	0.0214286
0	1
0	1
0	0.128571
0	0.0142857
0	0.0285714
0	0.0214286
0	0.157143
0	0.0785714
0	0.0357143
0	0.0714286
0	0.0285714
0	0.0357143
0	0.107143
0	1
0	0.0142857
0	1
0	1
0	0.0214286
0	0.0571429
0	0.0428571
0	0.0285714
0	1
0	1
0	1
0	0.0571429
0	0.0214286
0	1
0	0.121429
0	0.0214286
0	0.157143
0	1
0	0.0642857
0	1
0	1
0	0.0214286
0	0.157143
0	1
0	0.0285714
0	0.0142857
0	0.107143
0	0.05
0	0.0142857
0	0.1
0	0.05
0	0.0357143
0	1
0	0.121429
0	0.0142857
0	0.0285714
0	1
0	0.0285714
0	0.107143
0	0.0357143
0	0.0142857
0	0.0357143
0	0.0214286
0	1
0	1
0	0.128571
0	0.114286
0	1
0	0.121429
0	0.0357143
0	0.0214286
0	0.0142857
0	0.0285714
0	1
0	0.0214286
0	0.0357143
0	1
0	0.107143
0	0.0357143
0	0.128571
0	0.0214286
0	1
0	0.0285714
0	0.0142857
0	0.0142857
0	0.121429
0	1
0	0.0785714
0	0.0142857
0	1
0	0.0285714
0	0.0428571
0	1
0	0.107143
0	1
0	0.0357143
0	0.0142857
0	0.128571
0	0.0571429
0	0.0214286
0	0.128571
0	0.0142857
0	0.05
0	1
0	0.1
0	0.0285714
0	0.0142857
0	0.0214286
0	0.0285714
0	1
0	0.0214286
0	0.0142857
0	0.0285714
0	1
0	0.0142857
0	1
0	0.157143
0	1
0	0.0214286
0	1
0	0.0285714
0	1
0	0.0214286
0	0.121429
0	0.0428571
0	0.0214286
0	0.0142857
0	0.107143
0	0.0714286
0	0.0285714
0	0.0428571
0	0.0214286
0	0.0142857
0	0.0214286
0	0.107143
0	0.05
0	1
0	0.0142857
0	0.0428571
0	0.157143
0	1
0	0.0142857
0	0.0285714
0	0.0142857
0	0.0428571
0	0.0214286
0	0.121429
0	0.05
0	0.0285714
0	0.0428571
0	0.0357143
0	0.107143
0	1
0	0.0571429
0	0.0214286
0	0.0142857
0	0.0214286
0	0.0214286
0	0.0357143
0	0.0142857
0	1
0	0.0142857
0	1
0	0.114286
0	0.0285714
0	1
0	0.0357143
0	0.0214286
0	0.0214286
0	0.1
0	0.0142857
0	0.0428571
0	1
0	1
0	1
0	0.0142857
0	0.0642857
0	0.107143
0	0.0214286
0	1
0	0.0285714
0	0.0214286
0	0.107143
0	0.0214286
0	0.0357143
0	0.0142857
0	1
0	0.157143
0	0.0142857
0	1
0	0.0214286
0	1
0	0.0428571
0	1


