# Persistence diagram <GML/0264.gml>
#
# Dimension   : 0
# Entries     : 101
# Betti number: 1
0	inf
0	1
0	1
0	1
0	0.139535
0	0.0697674
0	1
0	1
0	1
0	0.116279
0	1
0	0.0465116
0	0.0465116
0	1
0	1
0	0.0697674
0	1
0	1
0	0.139535
0	0.116279
0	0.186047
0	0.0697674
0	1
0	0.0930233
0	1
0	0.186047
0	1
0	0.209302
0	0.139535
0	1
0	1
0	0.186047
0	1
0	0.0697674
0	0.116279
0	0.186047
0	0.139535
0	0.0465116
0	0.0465116
0	1
0	1
0	0.186047
0	0.0465116
0	1
0	1
0	0.186047
0	1
0	0.0465116
0	0.139535
0	0.0697674
0	0.0465116
0	1
0	0.116279
0	0.209302
0	1
0	0.0465116
0	0.209302
0	1
0	0.0465116
0	0.0697674
0	0.0465116
0	0.0697674
0	0.209302
0	1
0	1
0	0.0930233
0	1
0	0.0697674
0	0.0465116
0	0.0465116
0	1
0	1
0	0.0697674
0	0.0465116
0	1
0	1
0	0.0465116
0	0.209302
0	0.209302
0	0.0465116
0	1
0	0.209302
0	1
0	1
0	0.0930233
0	1
0	0.0465116
0	0.0930233
0	1
0	1
0	1
0	0.0697674
0	1
0	0.186047
0	0.0697674
0	0.0465116
0	0.0465116
0	0.116279
0	0.0930233
0	0.209302
0	0.0697674


