# Persistence diagram <GML/0268.gml>
#
# Dimension   : 0
# Entries     : 119
# Betti number: 1
0	inf
0	0.104167
0	0.104167
0	0.125
0	0.125
0	0.125
0	0.104167
0	0.0833333
0	0.0833333
0	1
0	0.0416667
0	0.0833333
0	1
0	0.0625
0	1
0	0.0833333
0	0.0625
0	0.0625
0	0.0625
0	0.0416667
0	0.0833333
0	0.104167
0	0.0833333
0	1
0	1
0	1
0	0.0416667
0	0.104167
0	0.125
0	0.0833333
0	1
0	0.0625
0	0.145833
0	1
0	0.0416667
0	0.0833333
0	0.0833333
0	0.0625
0	0.0416667
0	1
0	0.0416667
0	0.0625
0	0.0833333
0	0.0416667
0	1
0	1
0	0.0625
0	0.0625
0	1
0	0.145833
0	0.0833333
0	0.0416667
0	1
0	0.125
0	0.0416667
0	1
0	0.0833333
0	1
0	0.0625
0	1
0	0.0833333
0	1
0	0.0833333
0	1
0	0.0625
0	1
0	0.0833333
0	1
0	1
0	0.0416667
0	1
0	0.0625
0	0.0416667
0	0.0416667
0	1
0	0.104167
0	0.0833333
0	0.0833333
0	0.145833
0	0.0833333
0	0.0625
0	1
0	0.0833333
0	0.0625
0	1
0	1
0	0.0833333
0	0.0416667
0	0.0625
0	0.104167
0	0.104167
0	0.0416667
0	1
0	0.0416667
0	0.0833333
0	1
0	0.0833333
0	0.0625
0	1
0	0.0416667
0	0.0625
0	1
0	0.145833
0	1
0	0.104167
0	0.0625
0	1
0	0.0833333
0	0.0625
0	1
0	0.0833333
0	1
0	0.0833333
0	0.0416667
0	1
0	1
0	1
0	1
0	1


