# Persistence diagram <GML/0274.gml>
#
# Dimension   : 0
# Entries     : 703
# Betti number: 4
0	inf
0	0.0798479
0	0.0798479
0	1
0	0.0760456
0	0.0874525
0	0.0532319
0	0.0798479
0	1
0	0.0342205
0	1
0	0.0342205
0	0.0760456
0	0.0760456
0	inf
0	1
0	0.0418251
0	0.0912548
0	0.0456274
0	0.0342205
0	0.026616
0	0.0874525
0	0.026616
0	0.0228137
0	1
0	0.0418251
0	0.0190114
0	0.0152091
0	0.026616
0	0.0228137
0	1
0	0.0418251
0	0.0114068
0	0.0342205
0	0.0912548
0	0.0190114
0	0.0798479
0	0.0874525
0	0.0456274
0	0.0798479
0	0.0798479
0	0.0190114
0	0.0152091
0	0.0304183
0	0.0342205
0	1
0	0.0190114
0	1
0	0.0114068
0	0.0532319
0	0.0342205
0	0.0228137
0	1
0	0.026616
0	0.0228137
0	1
0	1
0	0.0874525
0	1
0	0.0456274
0	0.0608365
0	0.026616
0	0.0456274
0	1
0	0.0418251
0	0.026616
0	0.0456274
0	0.0418251
0	1
0	0.0190114
0	0.0874525
0	0.0342205
0	0.0152091
0	0.0342205
0	1
0	0.0228137
0	0.0152091
0	1
0	1
0	0.0456274
0	0.0342205
0	1
0	1
0	0.0228137
0	0.0798479
0	0.0190114
0	0.0874525
0	0.0190114
0	0.0190114
0	1
0	0.0456274
0	1
0	0.0190114
0	0.0190114
0	0.0228137
0	0.0152091
0	1
0	0.0342205
0	1
0	1
0	1
0	0.0760456
0	1
0	1
0	0.0114068
0	1
0	0.0228137
0	1
0	1
0	0.0874525
0	0.0760456
0	0.0152091
0	1
0	0.0608365
0	1
0	0.0342205
0	0.0152091
0	0.0228137
0	0.026616
0	1
0	0.00760456
0	0.0190114
0	0.0342205
0	1
0	0.0152091
0	0.0874525
0	0.0152091
0	0.0532319
0	1
0	1
0	0.0494297
0	0.0228137
0	0.026616
0	0.0418251
0	0.0798479
0	0.0152091
0	0.0912548
0	1
0	0.026616
0	0.0228137
0	1
0	1
0	0.0190114
0	0.00760456
0	1
0	0.0190114
0	1
0	0.026616
0	0.0494297
0	0.026616
0	1
0	0.0342205
0	0.0114068
0	0.0228137
0	0.0798479
0	0.0228137
0	1
0	0.0798479
0	1
0	0.0190114
0	0.0228137
0	0.0228137
0	1
0	0.026616
0	0.00760456
0	0.0342205
0	1
0	0.0152091
0	0.0798479
0	1
0	0.0152091
0	0.0494297
0	0.0190114
0	0.0190114
0	0.0152091
0	0.0608365
0	0.0114068
0	1
0	0.0874525
0	0.00760456
0	0.0114068
0	0.0190114
0	0.0114068
0	0.0152091
0	0.0874525
0	0.0874525
0	1
0	0.0152091
0	1
0	0.0114068
0	0.0114068
0	0.0152091
0	0.0228137
0	0.0152091
0	0.0190114
0	0.0874525
0	1
0	0.0608365
0	inf
0	0.0114068
0	1
0	0.0760456
0	0.0114068
0	0.0228137
0	0.0760456
0	1
0	1
0	0.0874525
0	0.0798479
0	1
0	0.0114068
0	0.0190114
0	0.026616
0	0.0874525
0	0.0190114
0	0.0152091
0	1
0	0.0798479
0	0.0114068
0	0.026616
0	0.00760456
0	0.0190114
0	0.0190114
0	0.00760456
0	0.0228137
0	0.0152091
0	0.0190114
0	0.0456274
0	0.0304183
0	1
0	0.00760456
0	0.0114068
0	0.0874525
0	0.0228137
0	0.0342205
0	0.0608365
0	0.0152091
0	0.0760456
0	1
0	1
0	0.00760456
0	0.0152091
0	1
0	0.0228137
0	0.0874525
0	0.0912548
0	0.0532319
0	1
0	0.0912548
0	0.0114068
0	1
0	0.0418251
0	0.00760456
0	0.0798479
0	0.0228137
0	1
0	1
0	1
0	0.00760456
0	0.0114068
0	0.0456274
0	0.0190114
0	0.0190114
0	0.0798479
0	1
0	0.026616
0	0.0152091
0	0.0608365
0	0.0152091
0	1
0	0.0190114
0	0.0912548
0	0.0912548
0	0.0874525
0	0.0418251
0	0.00760456
0	0.00760456
0	1
0	0.0114068
0	0.0152091
0	0.0152091
0	1
0	0.0152091
0	0.0532319
0	0.0456274
0	0.0114068
0	0.0342205
0	0.0912548
0	0.0114068
0	0.026616
0	0.0342205
0	1
0	0.0532319
0	1
0	0.00760456
0	0.00760456
0	1
0	0.0228137
0	0.026616
0	0.0114068
0	0.0114068
0	0.00760456
0	1
0	0.0798479
0	0.0152091
0	0.0418251
0	1
0	0.0228137
0	0.00760456
0	0.0190114
0	1
0	0.0114068
0	1
0	0.0760456
0	1
0	1
0	0.00760456
0	0.0152091
0	0.0874525
0	1
0	1
0	0.0798479
0	0.0190114
0	1
0	0.0532319
0	0.0494297
0	0.0342205
0	0.0114068
0	0.0114068
0	0.00760456
0	0.0912548
0	1
0	0.026616
0	1
0	0.00760456
0	0.0228137
0	0.026616
0	0.026616
0	0.0190114
0	0.00760456
0	0.0418251
0	0.0152091
0	1
0	0.00760456
0	0.0190114
0	0.0152091
0	0.0114068
0	0.0114068
0	0.0152091
0	0.0418251
0	0.0114068
0	0.0760456
0	0.0304183
0	0.0912548
0	0.00380228
0	0.0228137
0	0.0228137
0	0.0874525
0	1
0	0.0342205
0	0.0456274
0	1
0	0.0114068
0	inf
0	0.026616
0	0.0114068
0	0.0152091
0	0.0342205
0	0.0228137
0	0.0532319
0	1
0	0.0114068
0	0.0304183
0	0.0114068
0	1
0	0.0190114
0	0.0114068
0	0.026616
0	0.0190114
0	0.0456274
0	1
0	0.0190114
0	0.0152091
0	0.00760456
0	0.0342205
0	1
0	0.0114068
0	0.0152091
0	1
0	1
0	0.0190114
0	1
0	0.0532319
0	0.0114068
0	1
0	0.0798479
0	0.0152091
0	0.0798479
0	0.00760456
0	0.0190114
0	1
0	0.026616
0	0.0190114
0	0.026616
0	1
0	1
0	0.0418251
0	0.0190114
0	1
0	1
0	1
0	0.0114068
0	0.00760456
0	0.0114068
0	1
0	0.0114068
0	0.0114068
0	1
0	0.0190114
0	0.0874525
0	0.0114068
0	0.0190114
0	0.00760456
0	0.0152091
0	0.026616
0	0.0114068
0	0.0494297
0	0.0912548
0	0.00760456
0	0.00760456
0	0.0114068
0	0.0152091
0	1
0	0.00760456
0	0.0760456
0	1
0	0.00760456
0	0.026616
0	0.0874525
0	0.0190114
0	0.0532319
0	0.026616
0	0.0228137
0	1
0	0.00760456
0	0.026616
0	1
0	0.0798479
0	0.0342205
0	0.0874525
0	0.0114068
0	0.0114068
0	0.0342205
0	0.0152091
0	0.00760456
0	0.0228137
0	1
0	1
0	1
0	0.0152091
0	0.0114068
0	0.0798479
0	0.0114068
0	0.0114068
0	1
0	1
0	0.0190114
0	0.0114068
0	1
0	0.0228137
0	0.0456274
0	0.0342205
0	1
0	0.0418251
0	0.0114068
0	0.0114068
0	0.0152091
0	0.0152091
0	0.0114068
0	0.0912548
0	1
0	0.0152091
0	1
0	0.00760456
0	0.0228137
0	0.0456274
0	0.0304183
0	1
0	1
0	0.026616
0	1
0	1
0	0.00760456
0	0.0152091
0	0.0190114
0	1
0	1
0	0.0456274
0	1
0	0.0152091
0	0.0418251
0	0.0114068
0	0.0608365
0	0.0190114
0	0.0608365
0	1
0	1
0	1
0	1
0	0.0114068
0	0.0798479
0	0.0228137
0	0.0418251
0	0.0114068
0	0.0114068
0	0.0114068
0	0.0190114
0	0.0532319
0	1
0	1
0	0.0190114
0	1
0	0.0152091
0	0.00760456
0	0.026616
0	0.0190114
0	0.0190114
0	1
0	1
0	0.0152091
0	0.0798479
0	0.0228137
0	0.0190114
0	0.0114068
0	0.0190114
0	0.0342205
0	1
0	0.0190114
0	0.0152091
0	0.0152091
0	1
0	1
0	0.0912548
0	0.0304183
0	0.0190114
0	0.0114068
0	0.0304183
0	0.026616
0	0.00760456
0	1
0	1
0	1
0	0.0114068
0	0.0418251
0	0.026616
0	0.00760456
0	0.0152091
0	0.00760456
0	0.0190114
0	0.0114068
0	0.00760456
0	0.026616
0	0.0798479
0	1
0	0.0342205
0	0.0114068
0	1
0	1
0	0.00760456
0	0.00760456
0	0.00760456
0	0.0114068
0	0.0152091
0	0.0190114
0	0.0114068
0	0.0456274
0	0.0760456
0	0.00760456
0	0.0152091
0	0.0114068
0	0.00760456
0	1
0	0.0152091
0	0.0190114
0	0.0152091
0	1
0	0.026616
0	1
0	0.0152091
0	0.0760456
0	0.0342205
0	1
0	0.0798479
0	0.0114068
0	1
0	1
0	1
0	0.0114068
0	0.0228137
0	0.0152091
0	1
0	0.0494297
0	0.00760456
0	0.0114068
0	0.0494297
0	1
0	0.0342205
0	0.0228137
0	0.0190114
0	0.0190114
0	1
0	0.0190114
0	0.0190114
0	1
0	0.0152091
0	0.0190114
0	0.0114068
0	0.0190114
0	0.0152091
0	0.0152091
0	0.0114068
0	1
0	0.026616
0	0.0190114
0	0.0114068
0	1
0	0.0152091
0	1
0	0.00760456
0	0.0760456
0	0.0760456
0	0.0114068
0	0.0114068
0	0.0190114
0	0.0608365
0	0.0608365
0	0.0114068
0	0.00760456
0	0.0342205
0	0.0114068
0	1
0	0.0114068
0	0.0190114
0	0.0190114
0	0.0342205
0	1
0	1
0	0.0532319
0	0.0114068
0	0.00760456
0	0.0114068
0	0.0228137
0	0.0152091
0	0.0114068
0	1
0	0.0494297
0	0.0152091
0	1
0	0.0190114
0	0.00760456
0	0.0418251
0	1
0	0.00760456
0	1
0	0.0418251
0	0.00760456
0	0.0152091
0	0.0418251
0	1
0	1
0	0.0190114
0	0.0152091
0	0.026616
0	1
0	0.0152091
0	0.0456274
0	0.0114068
0	0.00760456
0	0.00760456
0	0.0228137
0	0.0874525
0	0.0152091
0	0.0798479
0	0.0152091
0	0.0152091
0	0.0190114
0	0.0912548
0	0.0760456
0	0.0114068
0	0.0152091
0	1
0	1
0	1
0	1
0	0.0190114
0	0.0190114
0	1
0	0.0190114
0	0.00760456
0	1
0	0.00760456
0	1
0	0.0190114


