# Persistence diagram <GML/0276.gml>
#
# Dimension   : 0
# Entries     : 558
# Betti number: 3
0	inf
0	0.104348
0	1
0	0.104348
0	0.0608696
0	0.113043
0	1
0	0.0608696
0	1
0	0.026087
0	0.0608696
0	0.0173913
0	1
0	0.026087
0	1
0	1
0	0.104348
0	0.0434783
0	0.0304348
0	0.0347826
0	0.0304348
0	0.0956522
0	0.0956522
0	0.026087
0	0.026087
0	0.0304348
0	0.0347826
0	1
0	0.0304348
0	0.0347826
0	0.0130435
0	0.026087
0	1
0	0.0173913
0	0.026087
0	0.026087
0	0.0304348
0	0.026087
0	0.026087
0	1
0	0.0304348
0	0.0347826
0	0.0173913
0	0.0217391
0	0.0434783
0	0.0217391
0	1
0	1
0	1
0	1
0	0.00869565
0	1
0	0.0217391
0	0.0565217
0	0.113043
0	1
0	0.026087
0	0.0347826
0	1
0	0.0173913
0	0.0347826
0	1
0	1
0	0.026087
0	0.0434783
0	1
0	1
0	0.026087
0	1
0	1
0	0.0608696
0	0.0217391
0	0.026087
0	1
0	1
0	0.0130435
0	1
0	0.0608696
0	0.104348
0	0.0217391
0	0.0130435
0	0.0217391
0	1
0	0.113043
0	1
0	0.0173913
0	0.0434783
0	0.0434783
0	0.0304348
0	0.0217391
0	0.0434783
0	1
0	0.026087
0	0.026087
0	0.113043
0	0.0347826
0	0.026087
0	0.0565217
0	0.0130435
0	1
0	0.0217391
0	1
0	0.0608696
0	0.0173913
0	0.113043
0	0.026087
0	0.0304348
0	0.0217391
0	1
0	0.113043
0	0.0217391
0	1
0	0.0130435
0	1
0	0.00869565
0	0.0217391
0	1
0	0.0217391
0	0.0608696
0	1
0	0.113043
0	0.0956522
0	0.0173913
0	0.00869565
0	0.026087
0	0.0434783
0	1
0	0.0130435
0	0.0217391
0	0.0217391
0	0.0434783
0	1
0	1
0	0.0217391
0	1
0	0.0217391
0	0.026087
0	0.0173913
0	1
0	1
0	0.104348
0	1
0	0.0173913
0	0.0217391
0	0.113043
0	1
0	0.0304348
0	0.0217391
0	0.0130435
0	0.0347826
0	0.026087
0	0.104348
0	1
0	1
0	1
0	1
0	1
0	0.0956522
0	0.0347826
0	1
0	1
0	0.0956522
0	1
0	1
0	1
0	0.0217391
0	0.0608696
0	0.0130435
0	1
0	0.0304348
0	0.0956522
0	1
0	1
0	1
0	1
0	1
0	1
0	0.0217391
0	0.026087
0	0.0217391
0	0.0217391
0	1
0	1
0	1
0	0.104348
0	0.104348
0	0.0173913
0	0.026087
0	1
0	0.0304348
0	0.0173913
0	0.113043
0	0.0347826
0	0.026087
0	0.0347826
0	1
0	0.0434783
0	1
0	0.0608696
0	1
0	0.0565217
0	0.0304348
0	0.026087
0	1
0	0.00869565
0	0.0434783
0	0.0608696
0	0.00869565
0	0.104348
0	1
0	0.0304348
0	0.0130435
0	1
0	0.0173913
0	1
0	1
0	0.0434783
0	0.00869565
0	0.0608696
0	0.0434783
0	0.0173913
0	1
0	0.026087
0	0.0217391
0	0.026087
0	0.0130435
0	0.0130435
0	0.0173913
0	0.0130435
0	0.0956522
0	0.026087
0	0.026087
0	1
0	1
0	1
0	0.0304348
0	0.0304348
0	0.026087
0	1
0	1
0	0.0956522
0	0.0173913
0	0.0347826
0	0.0347826
0	0.0217391
0	1
0	0.0217391
0	0.0217391
0	0.0130435
0	1
0	0.0130435
0	0.0173913
0	0.0130435
0	0.113043
0	1
0	0.0434783
0	0.0130435
0	0.0347826
0	0.0173913
0	0.0304348
0	1
0	0.0217391
0	1
0	0.0608696
0	0.0130435
0	1
0	0.0217391
0	0.026087
0	1
0	0.0304348
0	0.0217391
0	0.00869565
0	0.0304348
0	1
0	0.0217391
0	0.0217391
0	0.0130435
0	0.0130435
0	0.0130435
0	0.0217391
0	0.0304348
0	0.0173913
0	0.00869565
0	1
0	0.0217391
0	1
0	0.00869565
0	0.0304348
0	0.00869565
0	1
0	0.0347826
0	1
0	1
0	0.113043
0	0.0173913
0	0.0217391
0	0.104348
0	1
0	1
0	0.0130435
0	inf
0	0.00869565
0	1
0	0.0130435
0	0.0130435
0	1
0	1
0	0.026087
0	0.0173913
0	1
0	0.0217391
0	0.104348
0	0.0956522
0	1
0	0.026087
0	0.0217391
0	0.00869565
0	0.0217391
0	0.026087
0	0.104348
0	1
0	1
0	0.0347826
0	1
0	0.0130435
0	0.0608696
0	1
0	1
0	0.0217391
0	0.0130435
0	0.104348
0	0.113043
0	0.00869565
0	1
0	0.026087
0	1
0	1
0	0.0347826
0	0.113043
0	0.104348
0	0.0304348
0	0.0217391
0	1
0	0.0173913
0	0.0304348
0	0.0304348
0	0.00869565
0	0.0217391
0	1
0	0.0173913
0	1
0	0.0304348
0	0.00869565
0	1
0	0.0173913
0	1
0	inf
0	0.00869565
0	1
0	0.0608696
0	0.0130435
0	0.0304348
0	0.0608696
0	0.113043
0	1
0	0.0608696
0	0.0130435
0	0.0304348
0	0.0608696
0	1
0	0.0956522
0	0.104348
0	1
0	1
0	0.0130435
0	1
0	0.0347826
0	1
0	0.0304348
0	1
0	0.0173913
0	0.0565217
0	0.0217391
0	0.0347826
0	0.0130435
0	0.0173913
0	1
0	0.026087
0	1
0	0.0130435
0	0.0347826
0	1
0	0.0173913
0	0.0130435
0	0.0130435
0	0.0217391
0	0.0217391
0	0.0130435
0	0.00869565
0	1
0	1
0	0.0304348
0	0.026087
0	1
0	0.0130435
0	0.0304348
0	0.0217391
0	1
0	0.026087
0	0.0217391
0	0.0217391
0	0.0130435
0	0.0608696
0	0.00869565
0	1
0	0.0608696
0	1
0	1
0	0.00869565
0	0.0130435
0	0.0304348
0	1
0	0.0347826
0	0.00434783
0	0.026087
0	1
0	0.0173913
0	1
0	0.0434783
0	0.0304348
0	0.0347826
0	0.0217391
0	0.0304348
0	1
0	0.0217391
0	1
0	0.026087
0	0.0217391
0	0.0173913
0	0.113043
0	0.0217391
0	0.0217391
0	0.0956522
0	0.00869565
0	0.0565217
0	0.0173913
0	0.0130435
0	0.0347826
0	0.0173913
0	0.0130435
0	1
0	1
0	0.026087
0	0.0347826
0	0.0304348
0	0.0565217
0	0.0130435
0	1
0	1
0	0.00434783
0	0.0173913
0	0.0130435
0	1
0	0.113043
0	1
0	1
0	0.0217391
0	0.026087
0	0.0304348
0	1
0	1
0	1
0	0.0217391
0	0.104348
0	1
0	0.0130435
0	1
0	0.0130435
0	0.00869565
0	0.0217391
0	0.0173913
0	0.0565217
0	0.026087
0	0.0434783
0	0.0173913
0	0.00869565
0	1
0	0.104348
0	0.0217391
0	0.0173913
0	0.0304348
0	1
0	0.0173913
0	0.00869565
0	1
0	0.0173913
0	0.0304348
0	0.0130435
0	0.0173913
0	0.0565217
0	0.0130435
0	0.0217391
0	0.0565217
0	0.0130435
0	0.0304348
0	0.00869565
0	0.00869565
0	0.026087
0	0.0956522
0	1
0	0.0173913
0	0.0130435
0	0.0130435
0	0.0173913
0	0.0217391
0	0.00869565
0	0.026087
0	0.0130435
0	0.026087
0	0.0304348
0	0.0217391
0	1
0	0.026087
0	0.0217391
0	0.0130435
0	0.113043
0	0.0347826
0	1
0	0.0217391
0	1
0	0.0347826
0	1
0	0.0173913
0	1
0	0.113043
0	0.0304348
0	0.0130435
0	0.00869565
0	0.0304348
0	0.0608696
0	0.0608696
0	0.104348
0	1
0	0.0347826
0	0.0130435
0	0.00869565
0	0.0608696
0	0.0130435
0	1
0	0.0347826
0	1
0	0.00869565
0	1
0	0.026087
0	1
0	1
0	0.0130435
0	0.026087


