# Persistence diagram <GML/0281.gml>
#
# Dimension   : 0
# Entries     : 102
# Betti number: 1
0	inf
0	1
0	1
0	0.804878
0	0.121951
0	1
0	0.195122
0	1
0	0.804878
0	0.195122
0	0.195122
0	0.804878
0	0.0731707
0	1
0	0.804878
0	1
0	1
0	1
0	0.804878
0	0.121951
0	0.804878
0	0.804878
0	0.804878
0	0.804878
0	0.0487805
0	0.804878
0	0.097561
0	0.0731707
0	1
0	0.804878
0	0.804878
0	0.097561
0	0.195122
0	0.0731707
0	0.0731707
0	0.804878
0	0.097561
0	0.0487805
0	0.804878
0	0.097561
0	0.0487805
0	0.097561
0	1
0	1
0	0.804878
0	0.121951
0	0.0731707
0	0.804878
0	1
0	1
0	0.804878
0	0.0487805
0	1
0	0.804878
0	0.804878
0	0.804878
0	1
0	0.121951
0	0.121951
0	1
0	0.097561
0	1
0	0.0731707
0	0.097561
0	0.097561
0	0.0487805
0	0.195122
0	0.804878
0	1
0	0.0731707
0	0.0487805
0	0.0731707
0	0.0487805
0	0.0731707
0	0.195122
0	0.0731707
0	0.121951
0	0.121951
0	0.804878
0	1
0	0.804878
0	1
0	0.121951
0	1
0	0.0731707
0	0.097561
0	0.0731707
0	0.804878
0	0.0731707
0	0.0487805
0	0.0487805
0	1
0	0.097561
0	0.804878
0	1
0	0.804878
0	0.804878
0	0.0731707
0	0.804878
0	0.804878
0	1
0	1


