# Persistence diagram <GML/0284.gml>
#
# Dimension   : 0
# Entries     : 122
# Betti number: 1
0	inf
0	0.365854
0	0.195122
0	1
0	1
0	1
0	0.365854
0	1
0	1
0	0.121951
0	1
0	1
0	1
0	0.243902
0	0.121951
0	0.146341
0	0.243902
0	1
0	0.097561
0	1
0	0.097561
0	0.097561
0	1
0	0.170732
0	0.146341
0	0.365854
0	1
0	0.0731707
0	0.0731707
0	1
0	0.195122
0	1
0	0.365854
0	0.097561
0	0.121951
0	0.146341
0	0.0731707
0	1
0	0.097561
0	0.195122
0	0.097561
0	0.0731707
0	0.097561
0	0.0731707
0	0.0731707
0	1
0	0.121951
0	0.121951
0	0.365854
0	0.097561
0	1
0	0.0731707
0	1
0	0.097561
0	0.0487805
0	0.195122
0	0.170732
0	1
0	0.097561
0	0.365854
0	0.0487805
0	1
0	0.195122
0	0.097561
0	0.243902
0	0.0731707
0	0.365854
0	0.0731707
0	1
0	0.170732
0	0.121951
0	0.195122
0	0.0487805
0	0.097561
0	0.0487805
0	0.0487805
0	0.0731707
0	0.243902
0	0.121951
0	0.0487805
0	0.0487805
0	0.097561
0	1
0	1
0	0.0731707
0	1
0	0.365854
0	1
0	1
0	0.0731707
0	0.0731707
0	0.365854
0	0.170732
0	0.365854
0	0.0731707
0	0.0731707
0	0.170732
0	0.0731707
0	0.097561
0	0.0487805
0	0.146341
0	0.0487805
0	0.121951
0	0.097561
0	0.195122
0	0.121951
0	1
0	0.0731707
0	1
0	0.121951
0	1
0	1
0	0.243902
0	0.121951
0	0.0487805
0	0.121951
0	1
0	0.365854
0	0.097561
0	1
0	0.121951
0	0.146341


