# Persistence diagram <GML/0286.gml>
#
# Dimension   : 0
# Entries     : 205
# Betti number: 1
0	inf
0	0.0752688
0	1
0	1
0	0.0752688
0	0.0752688
0	0.0537634
0	0.0537634
0	0.0752688
0	1
0	0.0860215
0	0.139785
0	0.0537634
0	0.0860215
0	0.0322581
0	0.0752688
0	0.0752688
0	1
0	0.0322581
0	0.0752688
0	1
0	0.0537634
0	0.0752688
0	1
0	1
0	0.0537634
0	0.0752688
0	1
0	0.0752688
0	0.0215054
0	0.0430108
0	0.0537634
0	1
0	0.0537634
0	1
0	1
0	0.0967742
0	1
0	0.0537634
0	1
0	1
0	0.0322581
0	0.0537634
0	1
0	1
0	0.0322581
0	0.0537634
0	0.0752688
0	0.0860215
0	1
0	1
0	0.0537634
0	0.0752688
0	0.0537634
0	1
0	1
0	0.0752688
0	0.0537634
0	0.0430108
0	1
0	0.0215054
0	0.0752688
0	0.139785
0	0.0430108
0	0.0215054
0	0.0430108
0	0.0215054
0	0.0752688
0	0.0860215
0	1
0	1
0	1
0	0.0215054
0	1
0	1
0	1
0	0.0322581
0	0.0322581
0	0.0537634
0	0.0967742
0	0.0537634
0	0.0537634
0	0.0752688
0	1
0	1
0	0.0215054
0	1
0	0.0537634
0	1
0	0.0430108
0	0.0967742
0	0.0322581
0	0.0215054
0	0.0430108
0	0.139785
0	0.0322581
0	0.0752688
0	1
0	0.0752688
0	0.0537634
0	0.0430108
0	1
0	0.0967742
0	0.0215054
0	1
0	1
0	1
0	1
0	0.0537634
0	1
0	1
0	0.0322581
0	0.0537634
0	0.0537634
0	0.0215054
0	0.0537634
0	0.0537634
0	0.0215054
0	0.0537634
0	1
0	0.0860215
0	0.0752688
0	0.0215054
0	0.0430108
0	0.0752688
0	1
0	0.0752688
0	0.0322581
0	0.0322581
0	1
0	1
0	0.0430108
0	1
0	0.0215054
0	0.0430108
0	1
0	0.0430108
0	0.0537634
0	0.0967742
0	0.0752688
0	0.0537634
0	0.0215054
0	0.0752688
0	0.0215054
0	1
0	0.0215054
0	0.0537634
0	0.0537634
0	0.0752688
0	0.0537634
0	0.139785
0	0.0752688
0	0.0430108
0	1
0	0.0537634
0	1
0	0.0430108
0	1
0	0.0430108
0	1
0	0.0430108
0	0.0752688
0	1
0	1
0	0.0537634
0	0.0322581
0	0.0215054
0	0.0430108
0	1
0	0.0322581
0	0.0430108
0	0.0537634
0	1
0	0.0215054
0	1
0	0.0430108
0	1
0	0.0430108
0	0.0322581
0	0.0430108
0	0.0215054
0	1
0	1
0	0.0860215
0	0.0430108
0	0.0215054
0	0.0430108
0	1
0	1
0	1
0	0.0322581
0	0.0967742
0	1
0	0.0215054
0	0.0860215
0	0.0322581
0	1
0	1
0	0.0537634
0	0.0860215
0	1
0	0.0322581
0	0.0430108
0	0.0215054
0	0.0537634


