# Persistence diagram <GML/0294.gml>
#
# Dimension   : 0
# Entries     : 841
# Betti number: 2
0	inf
0	0.0737327
0	0.0276498
0	0.124424
0	0.078341
0	0.0599078
0	0.138249
0	1
0	0.0737327
0	0.0322581
0	0.0276498
0	0.078341
0	0.078341
0	0.0276498
0	1
0	1
0	1
0	0.0276498
0	1
0	0.138249
0	0.0645161
0	0.078341
0	0.0322581
0	0.0276498
0	0.0368664
0	0.0737327
0	0.0322581
0	0.0552995
0	0.0230415
0	1
0	0.138249
0	0.0645161
0	0.0368664
0	0.0322581
0	1
0	0.078341
0	0.0414747
0	0.0829493
0	1
0	0.0552995
0	0.138249
0	0.0875576
0	0.0276498
0	0.0414747
0	0.0737327
0	1
0	1
0	0.0276498
0	0.124424
0	1
0	0.0368664
0	0.0967742
0	0.0829493
0	1
0	0.124424
0	1
0	1
0	0.0276498
0	0.00921659
0	0.0414747
0	0.0414747
0	0.0414747
0	1
0	1
0	0.0737327
0	0.0368664
0	0.138249
0	0.0737327
0	0.0921659
0	0.0230415
0	0.0276498
0	0.0967742
0	0.0737327
0	0.00921659
0	1
0	0.124424
0	1
0	1
0	0.0645161
0	0.0230415
0	0.0276498
0	0.0414747
0	1
0	0.0230415
0	1
0	0.0737327
0	0.0276498
0	0.0737327
0	0.0368664
0	0.0460829
0	1
0	0.0368664
0	0.0368664
0	0.0276498
0	0.0737327
0	0.0138249
0	0.0875576
0	1
0	0.0414747
0	1
0	0.0230415
0	0.138249
0	0.078341
0	0.0875576
0	0.0230415
0	0.0276498
0	0.0737327
0	0.0645161
0	0.0322581
0	0.0276498
0	0.138249
0	1
0	0.0737327
0	0.00921659
0	0.0230415
0	0.0414747
0	0.0460829
0	0.0230415
0	0.0276498
0	0.0230415
0	0.0276498
0	1
0	0.0322581
0	0.0230415
0	0.147465
0	0.0138249
0	1
0	1
0	0.0414747
0	0.00921659
0	0.0599078
0	0.078341
0	0.0414747
0	0.0276498
0	0.00921659
0	0.0276498
0	1
0	0.078341
0	1
0	0.0276498
0	0.0737327
0	0.0230415
0	0.124424
0	0.078341
0	0.0414747
0	0.0230415
0	0.0230415
0	1
0	0.0276498
0	0.0645161
0	0.0230415
0	0.138249
0	0.0322581
0	0.0921659
0	0.0737327
0	0.00921659
0	0.0967742
0	1
0	1
0	0.0184332
0	0.0368664
0	0.0230415
0	0.0737327
0	0.0368664
0	0.0414747
0	0.138249
0	0.0138249
0	0.0276498
0	0.0737327
0	0.0230415
0	0.0230415
0	0.0138249
0	1
0	0.0138249
0	0.138249
0	1
0	1
0	0.0276498
0	0.0322581
0	0.0230415
0	1
0	0.0184332
0	0.0414747
0	0.0552995
0	1
0	0.0368664
0	0.124424
0	0.138249
0	0.0276498
0	0.0737327
0	0.0368664
0	0.0230415
0	0.0230415
0	0.0230415
0	0.0967742
0	0.0414747
0	0.147465
0	0.0138249
0	0.00921659
0	0.0138249
0	0.0322581
0	0.0737327
0	0.0138249
0	0.124424
0	0.0737327
0	0.0737327
0	0.0230415
0	0.0138249
0	0.0230415
0	0.078341
0	0.0322581
0	0.0414747
0	0.0230415
0	0.0322581
0	0.0368664
0	0.0368664
0	0.078341
0	0.0737327
0	0.0230415
0	0.0230415
0	0.124424
0	0.0230415
0	0.0368664
0	1
0	0.078341
0	0.0184332
0	0.0414747
0	0.0184332
0	0.138249
0	0.0230415
0	0.0875576
0	0.0322581
0	0.0230415
0	0.0230415
0	0.0184332
0	0.0737327
0	0.0414747
0	0.0276498
0	0.00921659
0	0.147465
0	0.0368664
0	0.0737327
0	0.0230415
0	0.0138249
0	0.0322581
0	0.0460829
0	1
0	0.00921659
0	0.0737327
0	0.0138249
0	0.00921659
0	0.0414747
0	0.0322581
0	1
0	0.0599078
0	0.0138249
0	0.0460829
0	0.0230415
0	0.0276498
0	0.0276498
0	0.0230415
0	1
0	0.0737327
0	0.0599078
0	0.0138249
0	0.0322581
0	0.0368664
0	1
0	0.0184332
0	0.0368664
0	1
0	1
0	1
0	0.0737327
0	0.0230415
0	0.0368664
0	0.0875576
0	0.0414747
0	0.0368664
0	0.124424
0	0.0184332
0	0.0368664
0	0.0368664
0	1
0	1
0	0.0184332
0	0.0737327
0	0.124424
0	0.0230415
0	0.0184332
0	0.0414747
0	0.0230415
0	1
0	0.124424
0	1
0	0.0138249
0	0.0322581
0	0.0230415
0	0.0967742
0	0.0737327
0	1
0	0.124424
0	1
0	0.124424
0	0.0276498
0	0.0184332
0	0.0230415
0	0.0645161
0	0.0138249
0	0.0230415
0	0.147465
0	0.0322581
0	0.0230415
0	0.0967742
0	0.00921659
0	0.124424
0	1
0	0.0184332
0	0.0460829
0	1
0	1
0	0.00921659
0	0.0184332
0	0.0184332
0	0.0875576
0	0.147465
0	0.0276498
0	0.0276498
0	0.0138249
0	0.0230415
0	0.0138249
0	0.0138249
0	1
0	0.0737327
0	0.0138249
0	0.0138249
0	0.124424
0	0.0138249
0	0.0368664
0	0.00921659
0	0.00921659
0	0.0138249
0	0.0322581
0	0.124424
0	1
0	0.0184332
0	0.0368664
0	0.0138249
0	0.0230415
0	0.0230415
0	0.0230415
0	0.0230415
0	0.0138249
0	0.0460829
0	1
0	0.00921659
0	0.0460829
0	0.124424
0	0.0230415
0	0.0138249
0	0.0276498
0	0.0138249
0	0.00921659
0	0.0276498
0	1
0	1
0	0.00921659
0	1
0	1
0	1
0	0.0184332
0	0.0276498
0	1
0	1
0	0.0230415
0	0.0599078
0	0.078341
0	0.0230415
0	0.0184332
0	0.0737327
0	0.0276498
0	0.0184332
0	0.0230415
0	0.0967742
0	0.00921659
0	0.0322581
0	0.00921659
0	0.0552995
0	1
0	0.147465
0	0.0829493
0	1
0	0.0184332
0	0.0184332
0	0.0184332
0	0.078341
0	0.0737327
0	0.0230415
0	0.0276498
0	0.0921659
0	0.0414747
0	0.0230415
0	0.0230415
0	0.0322581
0	0.0368664
0	0.0230415
0	0.0138249
0	0.0138249
0	0.0829493
0	0.0737327
0	0.0184332
0	0.0184332
0	0.0138249
0	0.0737327
0	0.0184332
0	1
0	0.0460829
0	0.0645161
0	0.00921659
0	0.0138249
0	0.00921659
0	0.0737327
0	0.0967742
0	0.0230415
0	0.0230415
0	1
0	0.0921659
0	0.00921659
0	0.0276498
0	0.0276498
0	1
0	0.0184332
0	1
0	1
0	0.0230415
0	0.0967742
0	0.0138249
0	0.0276498
0	0.0460829
0	0.0967742
0	0.0414747
0	0.0276498
0	0.0138249
0	0.0921659
0	0.0276498
0	0.0368664
0	0.0184332
0	0.0737327
0	0.0460829
0	0.0368664
0	1
0	0.0460829
0	1
0	0.0138249
0	1
0	0.0138249
0	0.0276498
0	0.138249
0	0.0276498
0	0.00921659
0	0.0737327
0	0.0645161
0	0.0184332
0	0.00921659
0	0.0138249
0	0.0322581
0	0.0276498
0	0.00921659
0	0.0184332
0	0.0230415
0	0.0138249
0	0.0368664
0	0.0599078
0	1
0	0.0184332
0	0.0184332
0	1
0	0.0230415
0	0.0276498
0	0.00921659
0	0.0184332
0	0.0138249
0	0.0414747
0	0.0967742
0	0.0138249
0	0.0322581
0	0.0230415
0	0.0184332
0	0.0138249
0	1
0	0.0414747
0	0.0322581
0	1
0	0.00921659
0	0.0184332
0	0.00921659
0	0.0138249
0	0.0138249
0	0.0230415
0	0.138249
0	0.0276498
0	0.0184332
0	0.0599078
0	0.0184332
0	1
0	0.0829493
0	0.0276498
0	0.00921659
0	0.0230415
0	1
0	0.0230415
0	inf
0	0.0184332
0	0.00921659
0	0.0552995
0	0.0138249
0	0.0460829
0	0.0737327
0	0.0138249
0	0.0138249
0	1
0	0.00921659
0	0.138249
0	0.0184332
0	1
0	1
0	0.124424
0	0.0599078
0	0.0276498
0	1
0	0.078341
0	0.0184332
0	0.0921659
0	0.0230415
0	0.0414747
0	0.00921659
0	0.0184332
0	0.0138249
0	0.0138249
0	0.0138249
0	1
0	0.0276498
0	0.0276498
0	0.0737327
0	0.00921659
0	0.0138249
0	0.0184332
0	1
0	0.0967742
0	0.0184332
0	0.0184332
0	0.00921659
0	0.0460829
0	0.0230415
0	0.0322581
0	1
0	1
0	0.0322581
0	0.0138249
0	0.0230415
0	0.124424
0	0.0184332
0	0.0138249
0	0.0230415
0	0.0322581
0	0.0414747
0	0.078341
0	0.0230415
0	1
0	0.0921659
0	1
0	0.0230415
0	1
0	1
0	0.0230415
0	0.0737327
0	0.0322581
0	0.0230415
0	1
0	0.0276498
0	0.0184332
0	0.0138249
0	0.0138249
0	0.00921659
0	0.0230415
0	0.078341
0	1
0	0.0460829
0	0.00921659
0	0.0138249
0	0.0184332
0	0.0138249
0	0.0230415
0	0.078341
0	0.0138249
0	0.0230415
0	0.0230415
0	0.0276498
0	0.124424
0	0.0460829
0	0.00921659
0	0.0276498
0	0.0276498
0	1
0	0.0322581
0	0.0184332
0	0.0322581
0	0.00921659
0	0.0230415
0	0.0599078
0	0.0184332
0	0.0460829
0	0.0230415
0	0.0737327
0	0.0322581
0	0.00921659
0	0.0414747
0	0.00921659
0	0.0737327
0	0.0184332
0	0.0138249
0	0.00921659
0	0.078341
0	0.0829493
0	0.0138249
0	0.0138249
0	0.0184332
0	1
0	1
0	1
0	0.0184332
0	0.0414747
0	0.0138249
0	0.0138249
0	0.00921659
0	0.0138249
0	1
0	0.078341
0	0.0737327
0	0.00921659
0	0.0138249
0	0.124424
0	1
0	0.0184332
0	0.0230415
0	0.138249
0	0.0138249
0	0.0138249
0	0.0184332
0	0.0138249
0	1
0	0.0230415
0	0.124424
0	0.0230415
0	1
0	0.0368664
0	1
0	0.00921659
0	0.147465
0	0.147465
0	0.0967742
0	0.0138249
0	0.0230415
0	0.0460829
0	0.0230415
0	0.00921659
0	0.0368664
0	0.00921659
0	0.0322581
0	0.0138249
0	0.00460829
0	1
0	0.0184332
0	0.0276498
0	0.138249
0	0.0599078
0	0.0138249
0	1
0	0.0414747
0	0.00921659
0	0.0967742
0	0.00921659
0	0.0138249
0	0.0552995
0	0.0230415
0	0.0230415
0	0.0230415
0	0.0230415
0	0.0414747
0	0.0184332
0	0.0184332
0	0.147465
0	1
0	0.0138249
0	0.0552995
0	0.0460829
0	0.0875576
0	0.147465
0	0.0138249
0	0.0138249
0	1
0	0.0368664
0	0.0460829
0	0.0460829
0	0.0230415
0	0.0138249
0	1
0	0.0276498
0	0.0138249
0	0.0737327
0	0.0368664
0	0.0138249
0	1
0	0.0230415
0	0.0967742
0	0.0414747
0	0.0414747
0	1
0	0.0276498
0	0.0184332
0	0.0414747
0	0.0138249
0	0.00921659
0	0.0230415
0	0.0460829
0	1
0	0.0599078
0	0.0460829
0	0.00921659
0	0.0276498
0	1
0	0.00921659
0	0.0184332
0	1
0	0.0184332
0	0.0737327
0	0.138249
0	0.0276498
0	0.0322581
0	0.0230415
0	0.078341
0	0.0414747
0	0.0460829
0	0.0184332
0	0.0184332
0	0.0184332
0	0.0276498
0	0.0138249
0	0.124424
0	0.078341
0	0.0230415
0	0.0184332
0	0.138249
0	0.0599078
0	0.147465
0	0.0230415
0	0.0599078
0	0.0276498
0	0.0276498
0	0.0184332
0	0.0138249
0	0.0460829
0	1
0	0.00921659
0	0.0829493
0	0.147465
0	0.0276498
0	1
0	0.0184332
0	0.0322581
0	0.0184332
0	0.0184332
0	0.078341
0	0.00921659
0	0.0368664
0	0.0184332
0	0.0368664
0	0.0322581
0	0.0230415
0	0.0460829
0	0.0599078
0	1
0	0.0138249
0	0.0184332
0	0.0138249
0	0.0368664
0	0.00921659
0	0.0322581
0	0.0322581
0	0.0138249
0	0.0184332
0	0.0967742
0	0.0230415
0	0.00921659
0	0.0414747
0	0.0184332
0	0.0368664
0	0.0138249
0	0.078341
0	0.00921659
0	0.0184332
0	0.0276498
0	0.0829493
0	0.00921659
0	0.0230415
0	0.0276498
0	0.00921659
0	0.0967742
0	1
0	0.0414747
0	0.0138249
0	0.0138249
0	0.124424
0	0.0138249
0	1
0	0.147465
0	1
0	1
0	0.0230415
0	0.0276498
0	0.0230415
0	0.0368664
0	0.0184332
0	0.0368664
0	0.0230415
0	0.0645161
0	0.0414747
0	0.124424
0	0.0230415
0	0.0276498
0	0.0414747
0	0.0737327
0	1
0	0.0138249
0	0.0276498
0	0.00921659
0	0.0276498
0	0.0276498
0	0.0230415
0	0.0230415
0	0.0368664


