# Persistence diagram <GML/0294.gml>
#
# Dimension   : 1
# Entries     : 225
# Betti number: 225
0.0184332	inf
0.0276498	inf
0.0276498	inf
0.0322581	inf
0.0322581	inf
0.0322581	inf
0.0322581	inf
0.0368664	inf
0.0368664	inf
0.0368664	inf
0.0368664	inf
0.0368664	inf
0.0368664	inf
0.0368664	inf
0.0368664	inf
0.0368664	inf
0.0368664	inf
0.0368664	inf
0.0368664	inf
0.0368664	inf
0.0368664	inf
0.0368664	inf
0.0414747	inf
0.0414747	inf
0.0414747	inf
0.0414747	inf
0.0414747	inf
0.0414747	inf
0.0414747	inf
0.0414747	inf
0.0414747	inf
0.0414747	inf
0.0414747	inf
0.0460829	inf
0.0460829	inf
0.0460829	inf
0.0460829	inf
0.0460829	inf
0.0460829	inf
0.0460829	inf
0.0460829	inf
0.0460829	inf
0.0460829	inf
0.0460829	inf
0.0460829	inf
0.0552995	inf
0.0552995	inf
0.0552995	inf
0.0552995	inf
0.0599078	inf
0.0599078	inf
0.0599078	inf
0.0599078	inf
0.0599078	inf
0.0599078	inf
0.0599078	inf
0.0599078	inf
0.0645161	inf
0.0645161	inf
0.0645161	inf
0.0645161	inf
0.0737327	inf
0.0737327	inf
0.0737327	inf
0.0737327	inf
0.0737327	inf
0.0737327	inf
0.0737327	inf
0.0737327	inf
0.0737327	inf
0.0737327	inf
0.0737327	inf
0.0737327	inf
0.0737327	inf
0.0737327	inf
0.0737327	inf
0.0737327	inf
0.0737327	inf
0.0737327	inf
0.0737327	inf
0.0737327	inf
0.0737327	inf
0.078341	inf
0.078341	inf
0.078341	inf
0.078341	inf
0.078341	inf
0.078341	inf
0.078341	inf
0.0829493	inf
0.0829493	inf
0.0829493	inf
0.0829493	inf
0.0829493	inf
0.0829493	inf
0.0829493	inf
0.0875576	inf
0.0875576	inf
0.0875576	inf
0.0875576	inf
0.0875576	inf
0.0875576	inf
0.0875576	inf
0.0875576	inf
0.0875576	inf
0.0875576	inf
0.0921659	inf
0.0921659	inf
0.0921659	inf
0.0921659	inf
0.0921659	inf
0.0921659	inf
0.0921659	inf
0.0921659	inf
0.0967742	inf
0.0967742	inf
0.0967742	inf
0.124424	inf
0.124424	inf
0.124424	inf
0.124424	inf
0.124424	inf
0.124424	inf
0.124424	inf
0.124424	inf
0.124424	inf
0.124424	inf
0.124424	inf
0.124424	inf
0.124424	inf
0.124424	inf
0.124424	inf
0.124424	inf
0.124424	inf
0.124424	inf
0.124424	inf
0.124424	inf
0.124424	inf
0.138249	inf
0.138249	inf
0.138249	inf
0.138249	inf
0.138249	inf
0.138249	inf
0.138249	inf
0.138249	inf
0.138249	inf
0.147465	inf
0.147465	inf
0.147465	inf
0.147465	inf
0.147465	inf
0.147465	inf
0.147465	inf
0.147465	inf
0.147465	inf
0.147465	inf
0.147465	inf
1	inf
1	inf
1	inf
1	inf
1	inf
1	inf
1	inf
1	inf
1	inf
1	inf
1	inf
1	inf
1	inf
1	inf
1	inf
1	inf
1	inf
1	inf
1	inf
1	inf
1	inf
1	inf
1	inf
1	inf
1	inf
1	inf
1	inf
1	inf
1	inf
1	inf
1	inf
1	inf
1	inf
1	inf
1	inf
1	inf
1	inf
1	inf
1	inf
1	inf
1	inf
1	inf
1	inf
1	inf
1	inf
1	inf
1	inf
1	inf
1	inf
1	inf
1	inf
1	inf
1	inf
1	inf
1	inf
1	inf
1	inf
1	inf
1	inf
1	inf
1	inf
1	inf
1	inf
1	inf
1	inf
1	inf
1	inf
