# Persistence diagram <GML/0296.gml>
#
# Dimension   : 1
# Entries     : 139
# Betti number: 139
0.0454545	inf
0.0454545	inf
0.0454545	inf
0.0454545	inf
0.0519481	inf
0.0519481	inf
0.0519481	inf
0.0519481	inf
0.0519481	inf
0.0519481	inf
0.0519481	inf
0.0519481	inf
0.0519481	inf
0.0519481	inf
0.0519481	inf
0.0584416	inf
0.0584416	inf
0.0584416	inf
0.0584416	inf
0.0584416	inf
0.0584416	inf
0.0584416	inf
0.0584416	inf
0.0584416	inf
0.0584416	inf
0.0584416	inf
0.0584416	inf
0.0714286	inf
0.0714286	inf
0.0714286	inf
0.0714286	inf
0.0714286	inf
0.0714286	inf
0.0844156	inf
0.0844156	inf
0.0844156	inf
0.0844156	inf
0.0844156	inf
0.0844156	inf
0.0844156	inf
0.0844156	inf
0.0844156	inf
0.0844156	inf
0.0844156	inf
0.0844156	inf
0.0844156	inf
0.0844156	inf
0.0844156	inf
0.0844156	inf
0.0844156	inf
0.0844156	inf
0.0844156	inf
0.0844156	inf
0.0909091	inf
0.0909091	inf
0.0909091	inf
0.0974026	inf
0.0974026	inf
0.0974026	inf
0.0974026	inf
0.0974026	inf
0.0974026	inf
0.0974026	inf
0.0974026	inf
0.0974026	inf
0.0974026	inf
0.0974026	inf
0.0974026	inf
0.0974026	inf
0.136364	inf
0.136364	inf
0.136364	inf
0.136364	inf
0.136364	inf
0.136364	inf
0.136364	inf
0.136364	inf
0.136364	inf
0.136364	inf
0.136364	inf
0.136364	inf
0.136364	inf
1	inf
1	inf
1	inf
1	inf
1	inf
1	inf
1	inf
1	inf
1	inf
1	inf
1	inf
1	inf
1	inf
1	inf
1	inf
1	inf
1	inf
1	inf
1	inf
1	inf
1	inf
1	inf
1	inf
1	inf
1	inf
1	inf
1	inf
1	inf
1	inf
1	inf
1	inf
1	inf
1	inf
1	inf
1	inf
1	inf
1	inf
1	inf
1	inf
1	inf
1	inf
1	inf
1	inf
1	inf
1	inf
1	inf
1	inf
1	inf
1	inf
1	inf
1	inf
1	inf
1	inf
1	inf
1	inf
1	inf
1	inf
