# Persistence diagram <GML/0298.gml>
#
# Dimension   : 0
# Entries     : 540
# Betti number: 3
0	inf
0	1
0	1
0	1
0	1
0	0.0295082
0	1
0	0.042623
0	0.00983607
0	1
0	1
0	1
0	1
0	0.0262295
0	1
0	1
0	0.0196721
0	0.042623
0	1
0	0.0393443
0	1
0	0.0163934
0	1
0	0.0295082
0	0.00655738
0	1
0	0.0163934
0	0.00655738
0	0.0393443
0	0.00983607
0	0.0163934
0	0.0196721
0	0.0196721
0	0.052459
0	0.0295082
0	0.0196721
0	0.0131148
0	1
0	0.052459
0	0.0196721
0	1
0	0.00983607
0	0.0196721
0	0.00983607
0	0.0327869
0	0.0393443
0	0.0295082
0	1
0	0.00983607
0	1
0	0.00983607
0	1
0	1
0	1
0	1
0	1
0	1
0	1
0	1
0	0.0196721
0	0.0131148
0	0.0131148
0	1
0	0.0229508
0	1
0	0.0229508
0	0.0131148
0	1
0	0.0196721
0	0.0163934
0	1
0	1
0	1
0	1
0	0.0131148
0	0.0196721
0	1
0	0.052459
0	0.052459
0	1
0	0.0327869
0	0.042623
0	1
0	0.0131148
0	0.0262295
0	1
0	0.042623
0	1
0	1
0	1
0	0.00655738
0	1
0	1
0	1
0	0.0196721
0	0.0131148
0	0.0196721
0	0.0131148
0	1
0	1
0	1
0	1
0	1
0	1
0	0.0229508
0	1
0	1
0	1
0	1
0	1
0	1
0	inf
0	1
0	1
0	1
0	1
0	0.00655738
0	1
0	0.0262295
0	1
0	1
0	1
0	1
0	1
0	1
0	0.0131148
0	1
0	0.00655738
0	0.052459
0	1
0	0.0327869
0	1
0	0.0393443
0	0.0393443
0	1
0	0.042623
0	1
0	1
0	0.00655738
0	1
0	0.0163934
0	1
0	1
0	1
0	0.00655738
0	0.0295082
0	1
0	1
0	1
0	0.0327869
0	1
0	0.0393443
0	0.0229508
0	1
0	0.0131148
0	0.0163934
0	0.0327869
0	1
0	0.0196721
0	1
0	0.0196721
0	1
0	0.0131148
0	1
0	1
0	1
0	0.0295082
0	1
0	1
0	0.00983607
0	0.052459
0	0.0131148
0	0.0131148
0	0.00983607
0	0.0262295
0	1
0	0.0196721
0	0.0196721
0	0.0393443
0	1
0	1
0	0.0229508
0	0.00983607
0	0.00983607
0	1
0	1
0	0.0131148
0	1
0	0.00655738
0	1
0	0.0163934
0	1
0	0.0196721
0	0.0196721
0	1
0	0.0393443
0	1
0	1
0	1
0	0.00983607
0	0.00983607
0	1
0	1
0	0.0131148
0	0.0229508
0	0.00983607
0	0.00983607
0	0.0163934
0	0.00983607
0	1
0	1
0	1
0	0.00655738
0	0.0196721
0	0.0229508
0	1
0	0.0163934
0	1
0	0.00655738
0	0.0163934
0	1
0	0.00655738
0	1
0	1
0	1
0	1
0	1
0	0.0229508
0	1
0	0.00983607
0	1
0	1
0	1
0	1
0	1
0	0.0196721
0	0.0196721
0	1
0	1
0	1
0	1
0	1
0	1
0	0.0196721
0	0.00983607
0	0.0229508
0	0.00655738
0	1
0	1
0	0.00983607
0	1
0	1
0	1
0	1
0	0.00655738
0	1
0	0.0262295
0	1
0	0.00655738
0	1
0	0.0393443
0	1
0	1
0	0.0295082
0	1
0	1
0	1
0	1
0	0.0131148
0	0.00655738
0	0.0393443
0	1
0	1
0	1
0	1
0	1
0	0.00655738
0	0.00655738
0	1
0	0.0229508
0	0.0131148
0	0.0196721
0	1
0	0.0131148
0	0.00655738
0	1
0	1
0	0.0196721
0	1
0	1
0	0.0131148
0	1
0	1
0	0.0196721
0	0.0163934
0	0.00983607
0	0.00655738
0	0.0393443
0	1
0	1
0	1
0	1
0	1
0	0.0196721
0	0.0131148
0	1
0	0.00983607
0	0.0131148
0	1
0	1
0	0.00983607
0	0.00655738
0	0.0196721
0	0.0163934
0	1
0	inf
0	0.00983607
0	1
0	0.0131148
0	0.0393443
0	1
0	0.00655738
0	0.042623
0	0.00655738
0	0.00655738
0	1
0	1
0	0.0393443
0	1
0	0.00983607
0	0.00983607
0	0.0393443
0	0.0262295
0	1
0	0.00655738
0	0.0196721
0	0.0131148
0	1
0	1
0	1
0	0.0196721
0	1
0	1
0	1
0	1
0	1
0	0.00327869
0	0.00655738
0	0.00655738
0	1
0	1
0	0.0131148
0	0.0131148
0	1
0	1
0	1
0	1
0	1
0	1
0	0.00655738
0	0.0196721
0	0.0229508
0	0.00983607
0	1
0	1
0	0.052459
0	0.0131148
0	1
0	0.00983607
0	0.0229508
0	1
0	1
0	1
0	1
0	0.00655738
0	1
0	0.0131148
0	1
0	1
0	0.00655738
0	1
0	0.0131148
0	1
0	0.00655738
0	1
0	0.0196721
0	0.00983607
0	1
0	1
0	0.0262295
0	1
0	1
0	0.0131148
0	0.0196721
0	1
0	0.00655738
0	0.0131148
0	1
0	0.0393443
0	0.00983607
0	0.0393443
0	1
0	0.00655738
0	1
0	0.00655738
0	1
0	0.00983607
0	0.0131148
0	1
0	1
0	1
0	1
0	1
0	0.00655738
0	0.0163934
0	0.00655738
0	1
0	0.0327869
0	0.0393443
0	0.00983607
0	1
0	1
0	0.052459
0	0.0131148
0	1
0	0.0327869
0	1
0	1
0	0.00983607
0	1
0	1
0	1
0	0.0196721
0	1
0	0.0131148
0	0.00655738
0	0.00983607
0	1
0	0.00983607
0	0.0262295
0	0.042623
0	1
0	0.00655738
0	1
0	0.0163934
0	0.00655738
0	1
0	1
0	0.0229508
0	0.0229508
0	0.0229508
0	0.0327869
0	0.0196721
0	0.0196721
0	0.0131148
0	0.00655738
0	0.00983607
0	1
0	0.0163934
0	0.0163934
0	1
0	1
0	0.0131148
0	0.00983607
0	1
0	1
0	0.042623
0	1
0	0.0262295
0	0.0196721
0	1
0	0.00655738
0	0.0131148
0	0.0131148
0	0.0131148
0	0.00983607
0	1
0	0.00983607
0	1
0	0.00655738
0	0.0196721
0	1
0	1
0	1
0	1
0	1
0	1
0	1
0	0.00655738
0	1
0	0.00655738
0	0.0131148
0	0.0131148
0	0.00655738
0	0.0163934
0	1
0	0.00655738
0	1
0	0.0196721
0	0.0393443
0	0.00983607
0	0.042623
0	0.00983607
0	0.042623
0	1
0	1
0	0.0229508
0	1
0	1
0	0.0131148
0	1
0	1
0	1
0	1
0	1
0	0.00655738
0	1
0	1
0	1
0	0.00983607
0	1
0	0.00655738
0	1
0	1
0	0.0163934
0	1
0	1
0	0.0229508
0	0.0262295
0	1
0	0.00655738
0	1
0	0.00655738
0	1
0	0.00983607
0	0.0196721
0	1
0	0.0262295
0	1
0	1


