# Persistence diagram <GML/0300.gml>
#
# Dimension   : 0
# Entries     : 350
# Betti number: 3
0	inf
0	1
0	0.121212
0	0.10101
0	1
0	0.10101
0	1
0	0.0707071
0	0.0707071
0	0.0606061
0	0.111111
0	0.0808081
0	1
0	0.0707071
0	0.0606061
0	0.0606061
0	0.0909091
0	0.10101
0	0.0808081
0	0.111111
0	0.151515
0	0.0909091
0	0.10101
0	1
0	0.0505051
0	1
0	0.0909091
0	0.0707071
0	1
0	0.0505051
0	0.0606061
0	0.131313
0	0.0808081
0	0.040404
0	0.0909091
0	1
0	1
0	1
0	0.040404
0	inf
0	1
0	1
0	0.0606061
0	1
0	0.0606061
0	0.020202
0	1
0	0.0606061
0	0.0707071
0	0.131313
0	1
0	0.020202
0	0.0707071
0	0.0909091
0	0.111111
0	0.0505051
0	0.030303
0	0.0606061
0	0.0606061
0	0.0606061
0	0.0808081
0	0.252525
0	0.030303
0	0.030303
0	1
0	1
0	0.252525
0	1
0	0.040404
0	0.020202
0	0.252525
0	0.0808081
0	1
0	0.0606061
0	1
0	0.10101
0	1
0	0.131313
0	0.0505051
0	0.030303
0	1
0	1
0	1
0	0.121212
0	1
0	0.0909091
0	0.030303
0	0.252525
0	1
0	1
0	0.040404
0	0.0606061
0	0.0606061
0	0.0606061
0	0.0909091
0	0.030303
0	1
0	0.131313
0	0.010101
0	0.030303
0	1
0	0.131313
0	0.131313
0	1
0	0.131313
0	0.030303
0	0.020202
0	0.040404
0	0.0606061
0	0.0606061
0	1
0	0.121212
0	0.030303
0	0.020202
0	0.030303
0	0.0909091
0	0.111111
0	0.0606061
0	0.252525
0	0.030303
0	1
0	0.030303
0	0.020202
0	0.131313
0	0.0606061
0	0.030303
0	0.151515
0	0.10101
0	0.151515
0	0.0606061
0	1
0	0.0909091
0	0.0808081
0	0.131313
0	1
0	0.030303
0	0.020202
0	0.0505051
0	0.10101
0	0.10101
0	0.030303
0	0.252525
0	0.0808081
0	0.0505051
0	0.020202
0	0.020202
0	1
0	0.10101
0	0.151515
0	0.0909091
0	0.131313
0	0.030303
0	0.030303
0	0.0606061
0	0.030303
0	0.10101
0	0.151515
0	1
0	0.030303
0	0.0505051
0	0.0606061
0	0.040404
0	0.0505051
0	0.0707071
0	0.030303
0	0.0707071
0	0.020202
0	0.0808081
0	0.020202
0	1
0	0.0707071
0	1
0	1
0	1
0	0.131313
0	0.030303
0	0.0606061
0	0.030303
0	0.030303
0	0.121212
0	1
0	0.020202
0	0.131313
0	0.020202
0	0.030303
0	0.0606061
0	1
0	0.030303
0	0.0808081
0	0.10101
0	1
0	0.0505051
0	0.0606061
0	0.0505051
0	0.0707071
0	1
0	0.020202
0	0.0606061
0	0.131313
0	0.0707071
0	0.0909091
0	0.030303
0	0.0808081
0	0.0606061
0	0.131313
0	0.020202
0	1
0	0.0606061
0	0.252525
0	0.252525
0	1
0	0.0505051
0	inf
0	0.0606061
0	1
0	0.040404
0	0.0505051
0	0.020202
0	0.0606061
0	0.0606061
0	0.030303
0	0.252525
0	0.020202
0	0.040404
0	0.121212
0	1
0	0.0606061
0	0.0707071
0	0.0505051
0	0.040404
0	1
0	0.020202
0	1
0	0.111111
0	0.020202
0	0.030303
0	0.0606061
0	0.0505051
0	0.020202
0	0.010101
0	0.131313
0	0.030303
0	1
0	0.0606061
0	0.020202
0	1
0	0.0505051
0	0.030303
0	0.10101
0	0.131313
0	0.0606061
0	0.151515
0	0.040404
0	0.0909091
0	0.10101
0	0.0606061
0	0.252525
0	0.10101
0	0.020202
0	0.151515
0	0.0606061
0	0.030303
0	0.131313
0	0.0606061
0	0.030303
0	1
0	0.0505051
0	0.040404
0	0.0606061
0	0.0707071
0	0.030303
0	0.0808081
0	0.0606061
0	0.030303
0	0.020202
0	0.151515
0	0.020202
0	0.131313
0	1
0	0.030303
0	0.020202
0	0.0707071
0	0.040404
0	0.040404
0	0.040404
0	0.040404
0	0.030303
0	1
0	0.0606061
0	0.020202
0	0.0606061
0	1
0	0.040404
0	1
0	0.040404
0	0.0606061
0	0.020202
0	0.10101
0	0.0606061
0	0.020202
0	1
0	1
0	0.0808081
0	0.040404
0	0.0505051
0	0.0505051
0	0.10101
0	0.040404
0	0.0505051
0	1
0	0.020202
0	1
0	0.252525
0	0.030303
0	1
0	1
0	0.10101
0	1
0	0.10101
0	0.030303
0	1
0	0.252525
0	0.121212
0	1
0	0.0606061
0	0.252525
0	0.020202
0	0.030303
0	0.020202
0	0.020202
0	0.040404
0	1
0	1
0	0.030303
0	0.121212
0	0.030303
0	0.10101
0	0.030303
0	0.020202
0	0.0808081
0	0.0707071
0	0.151515
0	1
0	0.0909091
0	1
0	1
0	0.020202
0	0.0505051
0	0.030303
0	0.030303


