# Persistence diagram <GML/0308.gml>
#
# Dimension   : 0
# Entries     : 418
# Betti number: 2
0	inf
0	1
0	1
0	1
0	0.0735931
0	0.021645
0	0.0952381
0	0.030303
0	0.047619
0	1
0	1
0	0.034632
0	1
0	0.047619
0	0.025974
0	0.025974
0	0.017316
0	0.017316
0	1
0	0.021645
0	0.038961
0	0.034632
0	1
0	0.030303
0	1
0	1
0	1
0	0.034632
0	1
0	1
0	1
0	0.021645
0	1
0	0.034632
0	1
0	0.0735931
0	1
0	0.030303
0	0.034632
0	0.012987
0	0.047619
0	0.030303
0	0.034632
0	1
0	0.034632
0	1
0	1
0	0.0692641
0	1
0	0.025974
0	0.0735931
0	0.021645
0	1
0	1
0	0.025974
0	0.021645
0	0.021645
0	1
0	0.012987
0	1
0	1
0	0.0735931
0	1
0	0.012987
0	0.00865801
0	0.012987
0	0.021645
0	0.017316
0	0.0692641
0	0.047619
0	0.047619
0	1
0	1
0	0.021645
0	0.021645
0	0.047619
0	1
0	0.017316
0	0.038961
0	0.012987
0	0.038961
0	0.021645
0	1
0	1
0	0.017316
0	1
0	0.021645
0	0.030303
0	1
0	1
0	1
0	1
0	0.012987
0	1
0	1
0	1
0	1
0	1
0	0.0952381
0	0.017316
0	0.025974
0	1
0	0.017316
0	1
0	1
0	1
0	0.012987
0	0.034632
0	1
0	1
0	0.0735931
0	0.034632
0	1
0	0.017316
0	1
0	0.047619
0	0.034632
0	0.047619
0	0.00865801
0	0.012987
0	0.0952381
0	1
0	1
0	1
0	1
0	1
0	0.034632
0	1
0	0.030303
0	0.021645
0	0.030303
0	1
0	1
0	0.025974
0	1
0	1
0	0.025974
0	1
0	0.034632
0	1
0	0.017316
0	0.012987
0	1
0	0.00865801
0	1
0	0.0952381
0	0.012987
0	1
0	0.034632
0	1
0	0.017316
0	1
0	1
0	0.034632
0	0.0735931
0	0.021645
0	0.00865801
0	1
0	0.012987
0	0.034632
0	1
0	0.0952381
0	1
0	0.021645
0	1
0	1
0	0.034632
0	0.017316
0	0.047619
0	1
0	0.00865801
0	1
0	0.0735931
0	0.017316
0	0.00865801
0	1
0	0.025974
0	0.038961
0	1
0	1
0	1
0	1
0	1
0	0.012987
0	1
0	0.017316
0	1
0	0.0692641
0	0.017316
0	1
0	0.017316
0	1
0	0.025974
0	1
0	0.0692641
0	0.00865801
0	0.017316
0	0.025974
0	0.0952381
0	0.012987
0	0.021645
0	1
0	0.012987
0	1
0	0.025974
0	1
0	1
0	1
0	1
0	0.017316
0	1
0	1
0	0.012987
0	0.047619
0	0.017316
0	0.030303
0	0.021645
0	0.00865801
0	1
0	0.012987
0	0.017316
0	1
0	0.034632
0	1
0	1
0	1
0	1
0	0.017316
0	0.0735931
0	0.030303
0	0.021645
0	0.034632
0	0.0735931
0	1
0	1
0	0.047619
0	1
0	0.034632
0	0.017316
0	0.00865801
0	0.0692641
0	0.012987
0	0.0735931
0	0.017316
0	1
0	0.012987
0	1
0	0.00865801
0	0.038961
0	0.00865801
0	1
0	1
0	1
0	1
0	0.012987
0	1
0	0.012987
0	0.017316
0	0.021645
0	1
0	0.017316
0	0.017316
0	0.0692641
0	1
0	1
0	1
0	1
0	1
0	0.012987
0	0.025974
0	0.021645
0	0.00865801
0	0.017316
0	0.00865801
0	0.012987
0	0.021645
0	0.030303
0	0.021645
0	0.030303
0	0.017316
0	1
0	0.00865801
0	0.012987
0	1
0	1
0	1
0	0.00865801
0	inf
0	0.00865801
0	0.012987
0	0.012987
0	1
0	1
0	0.00865801
0	1
0	0.021645
0	1
0	0.017316
0	1
0	0.034632
0	1
0	1
0	1
0	1
0	0.021645
0	0.021645
0	0.00865801
0	0.00865801
0	1
0	0.0735931
0	0.0735931
0	1
0	1
0	0.034632
0	1
0	1
0	0.025974
0	0.017316
0	0.00865801
0	1
0	0.047619
0	0.017316
0	0.0692641
0	0.038961
0	0.034632
0	0.0735931
0	0.0952381
0	0.012987
0	0.012987
0	0.012987
0	0.012987
0	0.021645
0	1
0	0.034632
0	0.034632
0	0.017316
0	0.017316
0	0.034632
0	1
0	1
0	1
0	0.00865801
0	0.017316
0	0.00865801
0	0.0952381
0	0.017316
0	0.012987
0	1
0	0.017316
0	0.00865801
0	0.00865801
0	1
0	1
0	0.030303
0	1
0	1
0	0.017316
0	0.017316
0	0.012987
0	0.025974
0	0.00865801
0	1
0	1
0	1
0	1
0	0.00865801
0	1
0	0.034632
0	0.017316
0	1
0	1
0	0.021645
0	0.017316
0	1
0	0.017316
0	1
0	1
0	0.012987
0	0.00865801
0	0.00865801
0	0.017316
0	0.012987
0	1
0	0.012987
0	1
0	1
0	0.00865801
0	0.012987
0	1
0	1
0	1
0	0.012987
0	1
0	0.034632
0	1
0	0.0952381
0	0.021645
0	0.012987
0	0.012987
0	1
0	0.00865801
0	0.017316
0	0.012987
0	1
0	0.00865801
0	1
0	0.034632
0	1
0	1
0	0.021645
0	1
0	1
0	1
0	1
0	0.00865801
0	0.017316
0	1
0	0.0735931


