# Persistence diagram <GML/0309.gml>
#
# Dimension   : 0
# Entries     : 186
# Betti number: 1
0	inf
0	1
0	1
0	1
0	0.0454545
0	0.106061
0	0.0757576
0	0.0757576
0	0.0757576
0	1
0	0.0909091
0	0.0909091
0	0.121212
0	1
0	0.106061
0	0.0909091
0	0.0757576
0	0.0606061
0	0.0757576
0	0.0606061
0	0.0757576
0	0.0909091
0	1
0	0.0757576
0	0.0454545
0	0.0454545
0	0.0909091
0	0.0757576
0	0.0606061
0	1
0	0.0909091
0	0.0606061
0	0.0606061
0	0.0757576
0	0.0606061
0	0.106061
0	0.0757576
0	0.0606061
0	0.0757576
0	0.0757576
0	1
0	0.0757576
0	0.0454545
0	0.0757576
0	1
0	1
0	1
0	0.0757576
0	1
0	0.0606061
0	0.0757576
0	0.0606061
0	0.0606061
0	1
0	0.0606061
0	0.0606061
0	1
0	0.0606061
0	0.0606061
0	1
0	0.106061
0	0.0757576
0	0.0606061
0	0.106061
0	0.0454545
0	0.0606061
0	0.106061
0	0.0909091
0	0.030303
0	0.0757576
0	0.121212
0	0.0606061
0	0.0757576
0	0.106061
0	0.0606061
0	0.106061
0	0.0454545
0	0.0606061
0	0.106061
0	1
0	0.0606061
0	0.106061
0	0.106061
0	1
0	1
0	0.106061
0	0.0909091
0	0.0757576
0	1
0	0.0454545
0	0.106061
0	0.0909091
0	0.0757576
0	0.0606061
0	1
0	0.0757576
0	0.0606061
0	0.030303
0	0.030303
0	0.0454545
0	0.0454545
0	1
0	0.106061
0	1
0	0.0606061
0	0.0454545
0	0.0606061
0	0.0454545
0	0.0606061
0	0.0757576
0	0.0454545
0	0.030303
0	0.106061
0	0.106061
0	0.0606061
0	0.030303
0	1
0	0.0606061
0	1
0	0.106061
0	0.0606061
0	1
0	0.0757576
0	0.0454545
0	0.030303
0	0.030303
0	0.121212
0	0.0757576
0	0.0909091
0	1
0	0.0454545
0	1
0	0.0606061
0	1
0	1
0	0.0606061
0	0.030303
0	0.0454545
0	0.0606061
0	0.0757576
0	0.0909091
0	0.030303
0	0.121212
0	0.0454545
0	0.0757576
0	0.030303
0	1
0	0.0606061
0	0.0606061
0	1
0	1
0	0.0757576
0	0.0757576
0	0.0606061
0	1
0	0.0757576
0	1
0	0.0909091
0	0.0757576
0	0.0454545
0	0.0757576
0	1
0	0.0454545
0	1
0	0.0454545
0	0.0606061
0	0.106061
0	0.0757576
0	0.030303
0	0.0454545
0	0.030303
0	0.106061
0	0.121212
0	0.0757576
0	0.0757576
0	0.030303
0	0.0909091
0	0.0909091
0	0.0606061
0	1
0	0.0606061
0	1
0	0.0757576
0	0.0606061
0	1
0	0.0454545


