# Persistence diagram <GML/0319.gml>
#
# Dimension   : 0
# Entries     : 605
# Betti number: 8
0	inf
0	0.0486891
0	0.0187266
0	0.0561798
0	0.0411985
0	1
0	0.0337079
0	0.0337079
0	0.0411985
0	1
0	0.0674157
0	0.0262172
0	0.0486891
0	0.0411985
0	1
0	0.0262172
0	0.0224719
0	0.0561798
0	1
0	inf
0	0.0224719
0	1
0	1
0	1
0	0.0299625
0	0.0486891
0	1
0	0.0674157
0	0.0674157
0	1
0	1
0	1
0	1
0	0.0187266
0	1
0	1
0	1
0	0.0337079
0	0.0187266
0	0.0187266
0	0.0411985
0	1
0	0.00749064
0	1
0	1
0	0.0187266
0	inf
0	1
0	1
0	0.0374532
0	1
0	0.0187266
0	0.0374532
0	0.0636704
0	0.0411985
0	0.011236
0	1
0	1
0	0.0636704
0	1
0	1
0	0.0486891
0	1
0	1
0	1
0	0.0411985
0	0.0187266
0	0.0486891
0	0.0187266
0	0.00749064
0	0.0149813
0	1
0	0.0337079
0	1
0	0.0187266
0	1
0	1
0	0.00749064
0	1
0	1
0	1
0	1
0	0.0299625
0	0.0262172
0	0.0262172
0	0.0674157
0	1
0	1
0	0.0187266
0	1
0	inf
0	0.0524345
0	0.00749064
0	1
0	0.0786517
0	0.0187266
0	0.0374532
0	0.0337079
0	1
0	0.0187266
0	1
0	0.0262172
0	1
0	1
0	0.0187266
0	1
0	1
0	1
0	0.0337079
0	0.0524345
0	0.0187266
0	0.0224719
0	0.0262172
0	0.0636704
0	0.0411985
0	0.00749064
0	0.0337079
0	1
0	0.0187266
0	0.00749064
0	0.0411985
0	0.0299625
0	0.0561798
0	1
0	1
0	0.0486891
0	0.0187266
0	1
0	0.0262172
0	0.0374532
0	1
0	1
0	0.0561798
0	1
0	0.0524345
0	1
0	1
0	0.0786517
0	1
0	0.0374532
0	0.0224719
0	1
0	0.0636704
0	1
0	1
0	0.0786517
0	0.00749064
0	1
0	1
0	0.011236
0	1
0	0.0149813
0	0.0224719
0	0.0524345
0	0.0337079
0	1
0	1
0	0.0224719
0	0.0786517
0	0.011236
0	1
0	0.0337079
0	1
0	0.00749064
0	1
0	1
0	0.0262172
0	0.0262172
0	0.0411985
0	1
0	1
0	1
0	0.0674157
0	0.0187266
0	1
0	1
0	1
0	0.0149813
0	0.0262172
0	0.0149813
0	0.011236
0	0.0149813
0	0.0636704
0	0.0337079
0	0.0224719
0	0.011236
0	1
0	0.00749064
0	1
0	0.0187266
0	0.00749064
0	1
0	1
0	0.0149813
0	1
0	0.0187266
0	0.0299625
0	0.0337079
0	0.0262172
0	0.0674157
0	0.0149813
0	0.00749064
0	0.0299625
0	1
0	0.011236
0	0.0149813
0	1
0	1
0	0.00749064
0	0.011236
0	0.0374532
0	1
0	1
0	0.0674157
0	1
0	0.0187266
0	0.0337079
0	0.0411985
0	1
0	1
0	0.0262172
0	0.0636704
0	0.0262172
0	0.011236
0	1
0	0.0674157
0	0.0149813
0	1
0	1
0	1
0	0.0187266
0	0.0149813
0	0.0636704
0	0.0411985
0	1
0	1
0	0.011236
0	1
0	0.00749064
0	0.00749064
0	0.00749064
0	0.0187266
0	inf
0	0.0374532
0	0.0374532
0	0.0187266
0	0.0187266
0	0.00749064
0	1
0	1
0	0.0187266
0	0.0411985
0	1
0	1
0	0.0636704
0	0.0299625
0	1
0	1
0	1
0	0.0374532
0	0.011236
0	0.0187266
0	1
0	0.0187266
0	0.011236
0	0.00749064
0	1
0	0.0149813
0	0.011236
0	1
0	0.00749064
0	1
0	0.00749064
0	0.011236
0	1
0	0.0299625
0	0.0636704
0	0.0149813
0	0.00749064
0	0.00749064
0	0.0149813
0	0.0374532
0	0.0374532
0	0.0374532
0	0.0786517
0	0.0187266
0	0.011236
0	0.011236
0	1
0	1
0	0.011236
0	0.0187266
0	0.0149813
0	0.0187266
0	0.0674157
0	0.0149813
0	0.0224719
0	0.0149813
0	0.00749064
0	1
0	0.0187266
0	0.0411985
0	0.00749064
0	inf
0	0.00749064
0	0.0149813
0	0.011236
0	1
0	0.0337079
0	0.0674157
0	0.0636704
0	0.011236
0	0.0262172
0	1
0	0.0149813
0	0.0636704
0	0.0786517
0	0.011236
0	1
0	0.0187266
0	0.0374532
0	0.0374532
0	0.0149813
0	0.0262172
0	0.0187266
0	0.0149813
0	0.0224719
0	0.0149813
0	1
0	0.0262172
0	inf
0	0.0337079
0	1
0	0.011236
0	0.011236
0	0.0337079
0	1
0	0.011236
0	0.0411985
0	1
0	0.011236
0	1
0	0.0262172
0	1
0	1
0	0.0187266
0	0.0149813
0	0.0524345
0	0.0187266
0	0.0187266
0	0.0187266
0	0.0187266
0	0.0187266
0	0.0337079
0	1
0	0.0149813
0	0.0486891
0	0.011236
0	0.00749064
0	1
0	1
0	0.00749064
0	0.0187266
0	0.00749064
0	0.0786517
0	0.0674157
0	1
0	0.0149813
0	0.0374532
0	1
0	1
0	1
0	0.0262172
0	1
0	0.0187266
0	0.0374532
0	0.0674157
0	inf
0	0.00749064
0	0.0149813
0	0.00749064
0	0.0224719
0	1
0	0.0486891
0	1
0	1
0	1
0	0.011236
0	1
0	0.011236
0	1
0	0.00749064
0	0.00749064
0	1
0	1
0	1
0	1
0	1
0	0.00749064
0	0.0786517
0	0.011236
0	0.0149813
0	0.00749064
0	0.0262172
0	0.00749064
0	1
0	0.011236
0	0.0149813
0	0.0299625
0	1
0	0.0374532
0	0.011236
0	0.0786517
0	1
0	1
0	0.0262172
0	0.0299625
0	0.0262172
0	0.0636704
0	0.0374532
0	0.0149813
0	1
0	1
0	0.0187266
0	0.0224719
0	0.0674157
0	0.0636704
0	0.00749064
0	0.0411985
0	0.0262172
0	0.0524345
0	0.00749064
0	1
0	0.00749064
0	1
0	0.0149813
0	0.00749064
0	1
0	1
0	1
0	0.011236
0	0.0187266
0	0.0262172
0	0.0149813
0	0.0524345
0	1
0	0.0149813
0	0.00749064
0	0.0187266
0	0.0337079
0	0.0187266
0	0.0224719
0	0.011236
0	0.0187266
0	0.011236
0	1
0	0.0524345
0	0.011236
0	0.00749064
0	0.0149813
0	0.0411985
0	0.0187266
0	1
0	0.00749064
0	1
0	0.00749064
0	1
0	0.0187266
0	1
0	0.0149813
0	1
0	0.00749064
0	0.0187266
0	1
0	0.011236
0	0.00749064
0	0.0636704
0	1
0	1
0	1
0	0.00749064
0	0.00749064
0	0.0374532
0	1
0	0.00749064
0	0.0786517
0	1
0	0.0561798
0	1
0	0.011236
0	0.011236
0	0.011236
0	0.0636704
0	0.00374532
0	0.0486891
0	0.0187266
0	0.0636704
0	0.00749064
0	0.0149813
0	0.011236
0	1
0	0.011236
0	0.011236
0	0.0786517
0	0.0636704
0	0.011236
0	0.0674157
0	1
0	0.0187266
0	0.00374532
0	1
0	0.0374532
0	0.0786517
0	0.00374532
0	0.0786517
0	1
0	1
0	0.0262172
0	0.0149813
0	0.00749064
0	1
0	0.0187266
0	1
0	0.0411985
0	0.011236
0	1
0	0.0149813
0	1
0	1
0	0.0224719
0	0.0149813
0	1
0	1
0	1
0	1
0	1
0	0.00749064
0	1
0	0.0674157
0	0.00749064
0	0.0786517
0	0.011236
0	0.00374532
0	0.0187266
0	0.0374532
0	1
0	0.011236
0	0.011236
0	0.0299625
0	0.011236
0	0.0187266
0	0.00749064
0	0.0224719
0	0.0374532
0	0.0187266
0	1
0	1
0	0.0374532
0	0.00749064
0	1
0	0.0187266
0	1
0	0.0149813
0	1
0	0.011236
0	0.0224719
0	0.00749064
0	0.011236
0	1
0	0.0786517
0	1
0	0.0674157
0	1
0	0.0187266
0	1
0	0.0561798
0	0.011236
0	1
0	0.0224719
0	0.0224719
0	1
0	0.011236
0	0.011236
0	0.011236
0	0.0187266
0	0.0524345
0	1
0	1
0	0.0149813
0	0.00749064
0	0.0674157
0	0.0187266
0	0.0149813
0	0.011236
0	0.0187266
0	1
0	1
0	0.0187266
0	0.0337079
0	0.0187266
0	0.011236
0	0.00749064
0	1
0	0.0262172
0	0.0561798


