# Persistence diagram <GML/0321.gml>
#
# Dimension   : 0
# Entries     : 303
# Betti number: 3
0	inf
0	0.0340909
0	1
0	1
0	1
0	1
0	1
0	0.0909091
0	1
0	1
0	0.0227273
0	1
0	0.0909091
0	1
0	1
0	1
0	0.0340909
0	0.0284091
0	1
0	1
0	1
0	0.0113636
0	0.0284091
0	0.0454545
0	1
0	1
0	1
0	0.0284091
0	1
0	1
0	0.0454545
0	1
0	1
0	0.0170455
0	1
0	1
0	1
0	1
0	0.0340909
0	1
0	1
0	0.0113636
0	0.0227273
0	1
0	1
0	1
0	1
0	1
0	0.0170455
0	1
0	0.0227273
0	0.0113636
0	0.0227273
0	0.0170455
0	0.0340909
0	0.0340909
0	0.0284091
0	0.0170455
0	1
0	0.0113636
0	1
0	0.0170455
0	0.0227273
0	0.0454545
0	1
0	0.0340909
0	0.0113636
0	1
0	1
0	1
0	1
0	0.0909091
0	1
0	0.0113636
0	0.0284091
0	1
0	0.0170455
0	0.0227273
0	0.0170455
0	1
0	1
0	0.0284091
0	0.0170455
0	0.0340909
0	0.0170455
0	0.0909091
0	0.0170455
0	1
0	0.0284091
0	0.0227273
0	0.0170455
0	1
0	0.0227273
0	0.0113636
0	0.0227273
0	1
0	1
0	0.0227273
0	0.0284091
0	0.0909091
0	1
0	0.0568182
0	1
0	0.0170455
0	0.0340909
0	1
0	1
0	1
0	1
0	1
0	0.0170455
0	1
0	0.0170455
0	0.0340909
0	0.0340909
0	1
0	0.0568182
0	0.0568182
0	1
0	0.0170455
0	0.0113636
0	0.0113636
0	0.0227273
0	0.0227273
0	0.0113636
0	0.0909091
0	1
0	0.0227273
0	1
0	1
0	1
0	0.0170455
0	0.0454545
0	0.0227273
0	0.0227273
0	0.0227273
0	0.0170455
0	1
0	0.0568182
0	0.0227273
0	1
0	0.0568182
0	0.0340909
0	1
0	1
0	1
0	1
0	0.0170455
0	0.0170455
0	1
0	1
0	1
0	0.0113636
0	1
0	1
0	0.0284091
0	0.0454545
0	inf
0	0.0170455
0	1
0	0.0568182
0	1
0	1
0	0.0284091
0	1
0	1
0	1
0	1
0	0.0113636
0	1
0	1
0	1
0	0.0340909
0	1
0	0.0568182
0	0.0227273
0	0.0568182
0	1
0	1
0	0.0227273
0	1
0	1
0	0.0170455
0	1
0	0.0909091
0	1
0	1
0	1
0	1
0	1
0	0.0113636
0	inf
0	1
0	1
0	0.0113636
0	0.0170455
0	1
0	1
0	0.0170455
0	1
0	1
0	0.0227273
0	0.0170455
0	0.0170455
0	0.0227273
0	0.0227273
0	1
0	1
0	1
0	0.0113636
0	1
0	0.0340909
0	1
0	1
0	1
0	0.0170455
0	0.00568182
0	0.0170455
0	0.0113636
0	0.0113636
0	1
0	0.0113636
0	0.0170455
0	1
0	1
0	0.0113636
0	0.0113636
0	0.0113636
0	1
0	0.0113636
0	0.0170455
0	0.0170455
0	0.0909091
0	1
0	1
0	1
0	0.0170455
0	1
0	0.0113636
0	0.0909091
0	0.0227273
0	0.0340909
0	1
0	1
0	0.0909091
0	1
0	1
0	0.0113636
0	0.0227273
0	1
0	0.0568182
0	1
0	0.0227273
0	0.0454545
0	1
0	0.0170455
0	0.0113636
0	0.0227273
0	1
0	1
0	1
0	1
0	0.0227273
0	0.0113636
0	1
0	1
0	1
0	0.0113636
0	0.0113636
0	1
0	1
0	1
0	0.0227273
0	1
0	1
0	0.0170455
0	1
0	0.0113636
0	0.0113636
0	1
0	1
0	1
0	0.0170455
0	1
0	0.0227273
0	1
0	1
0	1
0	0.0113636
0	1
0	1
0	0.0113636
0	0.0113636
0	1
0	1
0	1
0	1
0	1
0	1
0	0.0113636
0	0.0113636
0	0.0909091
0	0.0227273


