# Persistence diagram <GML/0322.gml>
#
# Dimension   : 0
# Entries     : 984
# Betti number: 3
0	inf
0	0.0603248
0	0.0208817
0	1
0	0.0278422
0	0.0208817
0	1
0	0.0533643
0	1
0	0.0324826
0	0.0139211
0	0.0417633
0	1
0	1
0	0.0116009
0	0.0139211
0	1
0	0.025522
0	0.0324826
0	0.0162413
0	0.00928074
0	0.0139211
0	0.0139211
0	1
0	0.0116009
0	1
0	0.0116009
0	1
0	1
0	1
0	1
0	1
0	0.0232019
0	0.0116009
0	0.0324826
0	0.0232019
0	0.0556845
0	0.0139211
0	1
0	0.025522
0	1
0	0.0116009
0	0.0232019
0	0.0185615
0	0.0301624
0	0.0417633
0	0.0301624
0	0.00696056
0	1
0	1
0	0.0464037
0	0.0394432
0	0.0324826
0	1
0	0.0556845
0	1
0	0.0278422
0	0.0232019
0	0.0139211
0	1
0	0.0116009
0	0.0139211
0	0.0672854
0	0.0324826
0	0.0208817
0	0.0139211
0	1
0	0.025522
0	0.0324826
0	0.0324826
0	1
0	0.0324826
0	1
0	0.00696056
0	0.0324826
0	1
0	0.0603248
0	0.0162413
0	0.0278422
0	1
0	1
0	1
0	1
0	0.0464037
0	0.0672854
0	0.0162413
0	0.0440835
0	0.0116009
0	0.0139211
0	1
0	0.00696056
0	0.00696056
0	0.025522
0	1
0	0.0417633
0	0.0116009
0	0.025522
0	0.0162413
0	0.00696056
0	0.0162413
0	1
0	1
0	0.0533643
0	1
0	1
0	1
0	0.0324826
0	1
0	0.0139211
0	0.0672854
0	0.0208817
0	0.0208817
0	1
0	0.025522
0	0.0139211
0	0.0116009
0	1
0	1
0	1
0	1
0	1
0	1
0	0.0139211
0	0.025522
0	1
0	0.00696056
0	1
0	1
0	0.0162413
0	0.0278422
0	0.00928074
0	0.0139211
0	0.0533643
0	0.0440835
0	0.0208817
0	1
0	0.0672854
0	1
0	0.00928074
0	1
0	0.0162413
0	0.0464037
0	0.0464037
0	0.0139211
0	0.0116009
0	0.0232019
0	1
0	1
0	0.0464037
0	0.00696056
0	0.0232019
0	0.0301624
0	1
0	0.0394432
0	1
0	0.0417633
0	1
0	0.00696056
0	0.00928074
0	0.0116009
0	0.0139211
0	0.0116009
0	0.0533643
0	1
0	0.0208817
0	0.0139211
0	0.00928074
0	1
0	0.00928074
0	1
0	0.00696056
0	0.0116009
0	1
0	1
0	0.0139211
0	0.025522
0	0.025522
0	0.00928074
0	0.00928074
0	0.0672854
0	1
0	1
0	0.0533643
0	0.025522
0	1
0	0.00696056
0	1
0	1
0	0.0417633
0	0.0464037
0	inf
0	0.00464037
0	0.0324826
0	0.00928074
0	0.0464037
0	1
0	0.00696056
0	1
0	0.00696056
0	1
0	1
0	0.00696056
0	0.00696056
0	0.0556845
0	0.0139211
0	1
0	0.0324826
0	1
0	0.0440835
0	1
0	1
0	0.0417633
0	0.00464037
0	0.0185615
0	0.0417633
0	0.0324826
0	1
0	0.0116009
0	1
0	0.0672854
0	0.0116009
0	1
0	0.0116009
0	1
0	0.00696056
0	1
0	0.0232019
0	0.0162413
0	0.0139211
0	0.0116009
0	0.0116009
0	1
0	0.0208817
0	0.025522
0	1
0	1
0	0.0324826
0	0.0556845
0	0.0116009
0	0.00696056
0	1
0	1
0	0.0417633
0	0.00696056
0	1
0	1
0	0.025522
0	0.0324826
0	0.00928074
0	1
0	0.00696056
0	0.0533643
0	0.0440835
0	0.0278422
0	0.0324826
0	0.0116009
0	0.00464037
0	0.0116009
0	0.0162413
0	0.0116009
0	0.00696056
0	0.00928074
0	1
0	0.0139211
0	0.0208817
0	1
0	0.025522
0	1
0	0.00928074
0	1
0	0.00696056
0	0.025522
0	0.0139211
0	0.0324826
0	1
0	0.0533643
0	1
0	0.00464037
0	0.0533643
0	1
0	0.00928074
0	1
0	1
0	0.0394432
0	0.0672854
0	0.025522
0	1
0	0.00696056
0	0.0139211
0	1
0	0.025522
0	0.0116009
0	0.0533643
0	1
0	1
0	1
0	1
0	0.0324826
0	0.0208817
0	1
0	0.0139211
0	0.00928074
0	0.0139211
0	1
0	0.0417633
0	0.0556845
0	1
0	0.0162413
0	0.00696056
0	0.0139211
0	0.0672854
0	0.00464037
0	0.0116009
0	0.0232019
0	0.0417633
0	1
0	0.00464037
0	1
0	0.0603248
0	1
0	0.0139211
0	0.00464037
0	0.00928074
0	0.0208817
0	0.0139211
0	0.0185615
0	1
0	1
0	0.0139211
0	1
0	0.0116009
0	0.0116009
0	0.0533643
0	0.0116009
0	inf
0	0.0394432
0	0.00928074
0	0.00696056
0	0.00464037
0	0.00696056
0	0.0603248
0	0.0464037
0	0.00696056
0	0.00696056
0	0.00696056
0	1
0	0.00928074
0	0.0139211
0	0.0116009
0	0.00928074
0	0.0278422
0	1
0	0.0139211
0	0.0324826
0	0.00928074
0	0.00928074
0	0.00928074
0	0.00464037
0	0.00928074
0	0.0672854
0	0.00696056
0	1
0	1
0	0.00928074
0	0.0324826
0	0.0139211
0	1
0	1
0	0.00696056
0	1
0	0.025522
0	1
0	1
0	1
0	1
0	0.0533643
0	0.0603248
0	1
0	0.00696056
0	0.00928074
0	1
0	0.00928074
0	1
0	0.0556845
0	1
0	0.0208817
0	1
0	0.0440835
0	1
0	0.0417633
0	0.00464037
0	1
0	1
0	1
0	0.00464037
0	0.00928074
0	1
0	1
0	1
0	0.00696056
0	1
0	1
0	0.0139211
0	1
0	0.0116009
0	0.00696056
0	0.00696056
0	1
0	1
0	1
0	0.00696056
0	0.0162413
0	1
0	0.0116009
0	0.0208817
0	0.0139211
0	0.00696056
0	0.0139211
0	0.00696056
0	1
0	0.0116009
0	1
0	0.00464037
0	0.00696056
0	0.0324826
0	1
0	0.0185615
0	0.0556845
0	1
0	0.0139211
0	0.00696056
0	0.0116009
0	0.0440835
0	0.0162413
0	0.0139211
0	1
0	0.00464037
0	0.0116009
0	0.0139211
0	0.0301624
0	0.0232019
0	1
0	0.00928074
0	0.00696056
0	0.0417633
0	1
0	0.0324826
0	0.00464037
0	1
0	0.0417633
0	0.00464037
0	0.00928074
0	0.00928074
0	1
0	0.00696056
0	0.0232019
0	0.0139211
0	0.0162413
0	0.00464037
0	0.0394432
0	0.00928074
0	0.0464037
0	0.00696056
0	0.0556845
0	0.0116009
0	1
0	1
0	1
0	0.00696056
0	0.025522
0	0.00928074
0	1
0	1
0	0.025522
0	1
0	0.0324826
0	0.00696056
0	0.00464037
0	0.0672854
0	0.0116009
0	1
0	0.0278422
0	0.0116009
0	0.0208817
0	0.00928074
0	0.025522
0	0.0672854
0	0.00928074
0	0.00696056
0	0.0324826
0	1
0	0.0533643
0	1
0	1
0	1
0	1
0	0.0533643
0	0.0116009
0	1
0	1
0	1
0	0.00464037
0	1
0	1
0	1
0	1
0	0.0394432
0	0.00464037
0	0.0116009
0	0.0232019
0	0.0232019
0	0.0139211
0	1
0	1
0	0.0139211
0	0.0464037
0	1
0	0.0672854
0	0.0185615
0	0.00696056
0	0.00464037
0	0.00696056
0	0.00696056
0	0.0603248
0	0.0116009
0	1
0	0.00928074
0	0.0672854
0	0.00696056
0	0.00696056
0	1
0	0.0139211
0	0.00696056
0	0.0116009
0	0.0116009
0	0.0116009
0	0.0672854
0	0.0417633
0	1
0	0.0533643
0	0.0116009
0	1
0	0.0533643
0	1
0	0.00696056
0	0.0116009
0	0.0324826
0	0.0185615
0	1
0	0.00464037
0	0.025522
0	0.00696056
0	0.0116009
0	1
0	1
0	1
0	1
0	0.00696056
0	0.00464037
0	0.00928074
0	0.0672854
0	1
0	1
0	0.00464037
0	1
0	0.00696056
0	0.0232019
0	1
0	1
0	0.00696056
0	1
0	1
0	1
0	0.00464037
0	0.00696056
0	0.0533643
0	0.00696056
0	0.025522
0	0.0162413
0	0.00928074
0	0.0464037
0	1
0	0.0672854
0	1
0	0.0301624
0	1
0	1
0	1
0	1
0	0.0139211
0	1
0	0.00928074
0	0.0603248
0	0.0672854
0	1
0	0.0417633
0	1
0	0.0603248
0	1
0	0.0533643
0	0.00696056
0	0.00928074
0	0.00928074
0	0.0394432
0	1
0	0.0116009
0	0.00464037
0	0.0232019
0	1
0	0.0162413
0	0.00464037
0	0.0301624
0	1
0	1
0	1
0	1
0	0.00928074
0	1
0	1
0	0.00696056
0	0.0324826
0	1
0	0.0533643
0	1
0	1
0	0.0603248
0	0.00928074
0	0.0556845
0	1
0	0.0116009
0	1
0	1
0	0.0440835
0	1
0	0.0208817
0	0.0116009
0	0.00464037
0	1
0	0.0324826
0	1
0	1
0	0.0533643
0	0.0556845
0	1
0	0.00696056
0	1
0	0.00928074
0	1
0	0.0556845
0	1
0	1
0	1
0	1
0	1
0	0.0603248
0	1
0	0.00464037
0	0.0116009
0	1
0	1
0	1
0	0.00464037
0	1
0	0.00928074
0	1
0	0.00464037
0	0.00696056
0	0.0533643
0	1
0	1
0	0.0116009
0	0.00928074
0	1
0	0.0672854
0	1
0	0.00464037
0	0.00464037
0	0.00464037
0	1
0	1
0	0.025522
0	1
0	0.00464037
0	0.025522
0	0.0556845
0	0.0533643
0	1
0	0.00696056
0	1
0	0.0603248
0	0.0440835
0	1
0	0.0533643
0	0.0162413
0	0.0464037
0	0.0139211
0	0.00928074
0	0.0116009
0	0.00928074
0	0.00928074
0	1
0	1
0	0.00464037
0	0.00928074
0	1
0	0.00928074
0	0.0440835
0	0.0185615
0	0.0185615
0	1
0	1
0	0.00464037
0	0.0394432
0	1
0	0.00696056
0	1
0	0.00696056
0	0.00464037
0	0.0116009
0	1
0	0.0672854
0	0.025522
0	1
0	0.00696056
0	1
0	0.0603248
0	0.0324826
0	0.00928074
0	0.0116009
0	0.00928074
0	0.0116009
0	1
0	0.00696056
0	1
0	0.0139211
0	0.0232019
0	0.00696056
0	0.00696056
0	0.0162413
0	1
0	0.0324826
0	0.0162413
0	0.00928074
0	0.0533643
0	1
0	0.0116009
0	1
0	1
0	1
0	1
0	0.0116009
0	1
0	0.00696056
0	1
0	0.0139211
0	0.00696056
0	1
0	1
0	0.00464037
0	1
0	1
0	0.00464037
0	0.0440835
0	0.0116009
0	1
0	1
0	0.0185615
0	0.025522
0	0.00928074
0	0.0672854
0	1
0	1
0	0.0116009
0	0.0232019
0	0.0603248
0	1
0	0.0440835
0	0.025522
0	0.0139211
0	0.0278422
0	0.00464037
0	1
0	0.00464037
0	1
0	0.00928074
0	0.0672854
0	0.0278422
0	1
0	1
0	0.0533643
0	1
0	0.0324826
0	0.00928074
0	0.0116009
0	0.00696056
0	0.00464037
0	0.00464037
0	0.00232019
0	0.00464037
0	1
0	0.00696056
0	1
0	0.0139211
0	0.00928074
0	0.00464037
0	0.00696056
0	0.0116009
0	0.0139211
0	0.00464037
0	0.0464037
0	0.0116009
0	1
0	0.00464037
0	0.0672854
0	0.0301624
0	0.0208817
0	1
0	0.00696056
0	0.00464037
0	1
0	0.00696056
0	1
0	0.00464037
0	0.00928074
0	0.0603248
0	1
0	1
0	0.00696056
0	0.0116009
0	1
0	1
0	1
0	0.00696056
0	1
0	0.0139211
0	0.00928074
0	0.0278422
0	1
0	0.00696056
0	0.0116009
0	0.0116009
0	0.00696056
0	0.00696056
0	1
0	0.0139211
0	0.0556845
0	0.0116009
0	1
0	0.0324826
0	1
0	0.0417633
0	0.0162413
0	0.0672854
0	0.00696056
0	0.00464037
0	0.025522
0	0.00928074
0	0.0324826
0	0.00696056
0	0.0464037
0	0.00464037
0	0.00928074
0	0.0116009
0	1
0	0.00464037
0	0.0440835
0	0.0208817
0	0.0116009
0	0.0533643
0	0.00696056
0	0.0533643
0	1
0	0.00928074
0	0.025522
0	1
0	1
0	0.0116009
0	0.0603248
0	0.00696056
0	0.025522
0	1
0	1
0	0.00696056
0	0.0139211
0	1
0	0.0162413
0	1
0	0.0533643
0	0.00464037
0	0.00464037
0	0.0116009
0	0.00464037
0	0.00464037
0	0.00696056
0	0.00696056
0	0.0324826
0	1
0	0.0533643
0	0.0324826
0	0.00928074
0	1
0	0.00928074
0	0.00928074
0	0.00464037
0	0.0464037
0	0.0185615
0	0.00928074
0	0.0208817
0	0.00696056
0	0.00696056
0	0.00464037
0	0.00928074
0	0.00696056
0	1
0	0.00696056
0	0.00928074
0	0.0440835
0	1
0	0.00696056
0	0.00696056
0	0.025522
0	0.0208817
0	0.00696056
0	0.00464037
0	0.0162413
0	0.00464037
0	1
0	0.0533643
0	0.0603248
0	0.0116009
0	0.00696056
0	0.00696056
0	0.00464037
0	0.0116009
0	1
0	1
0	0.0556845
0	0.0556845
0	1
0	1
0	0.0672854
0	0.00464037
0	0.00464037
0	1
0	1
0	0.00928074
0	0.0278422
0	0.00696056
0	1
0	1
0	0.0464037
0	1
0	1
0	1
0	1
0	0.00928074
0	0.0116009
0	1
0	0.00696056
0	1
0	0.0533643
0	1
0	0.0185615
0	0.0440835
0	1
0	1
0	1
0	0.0394432
0	1
0	0.00464037
0	0.0464037
0	1
0	1
0	0.0533643
0	0.00464037
0	0.0672854
0	0.00464037
0	1
0	0.0139211
0	1
0	0.00696056
0	0.0208817
0	0.0162413
0	1


