# Persistence diagram <GML/0333.gml>
#
# Dimension   : 0
# Entries     : 1219
# Betti number: 3
0	inf
0	0.0219941
0	1
0	0.0234604
0	0.0146628
0	0.0117302
0	1
0	1
0	0.0190616
0	0.0542522
0	1
0	1
0	0.0366569
0	0.00879765
0	0.00439883
0	1
0	0.0219941
0	1
0	0.0322581
0	1
0	1
0	0.0454545
0	1
0	1
0	1
0	1
0	1
0	0.0454545
0	0.0542522
0	0.0454545
0	1
0	1
0	0.00879765
0	0.00439883
0	0.016129
0	1
0	0.0454545
0	1
0	1
0	0.0205279
0	1
0	1
0	1
0	0.0131965
0	1
0	0.0146628
0	1
0	1
0	0.0102639
0	0.0219941
0	1
0	0.00879765
0	1
0	0.0190616
0	inf
0	1
0	1
0	1
0	0.0219941
0	1
0	1
0	1
0	0.0175953
0	1
0	0.0366569
0	0.0117302
0	1
0	0.0234604
0	0.0469208
0	1
0	1
0	0.0469208
0	0.0234604
0	0.00879765
0	0.0146628
0	1
0	0.0322581
0	1
0	0.0234604
0	0.0234604
0	0.0293255
0	1
0	1
0	1
0	0.0322581
0	0.00733138
0	0.0117302
0	0.0454545
0	0.0234604
0	0.00439883
0	1
0	1
0	1
0	1
0	0.0542522
0	0.0469208
0	1
0	0.0131965
0	1
0	0.0117302
0	1
0	1
0	1
0	1
0	0.0146628
0	1
0	1
0	0.0234604
0	1
0	1
0	1
0	1
0	1
0	1
0	0.0219941
0	1
0	1
0	0.00879765
0	1
0	1
0	1
0	1
0	1
0	1
0	1
0	1
0	0.0454545
0	0.0117302
0	0.00733138
0	1
0	0.0322581
0	1
0	1
0	0.016129
0	1
0	1
0	1
0	0.00439883
0	1
0	1
0	1
0	0.0117302
0	1
0	1
0	0.0454545
0	0.0117302
0	1
0	0.0542522
0	0.0205279
0	1
0	0.0117302
0	1
0	0.0542522
0	0.0175953
0	0.00879765
0	0.0542522
0	0.0542522
0	0.00733138
0	0.0131965
0	1
0	0.0322581
0	0.0058651
0	1
0	0.0469208
0	0.0117302
0	1
0	1
0	1
0	0.00439883
0	1
0	1
0	0.00879765
0	1
0	0.0293255
0	1
0	1
0	0.00733138
0	1
0	0.0234604
0	1
0	1
0	1
0	1
0	1
0	1
0	1
0	0.00879765
0	1
0	1
0	0.00733138
0	0.0117302
0	0.0146628
0	1
0	0.0175953
0	0.0058651
0	0.00879765
0	1
0	1
0	1
0	0.00733138
0	0.00879765
0	0.0058651
0	1
0	1
0	1
0	1
0	0.016129
0	1
0	0.0205279
0	0.0117302
0	1
0	1
0	1
0	1
0	0.00879765
0	0.0234604
0	1
0	0.0219941
0	1
0	0.0117302
0	0.0234604
0	0.0205279
0	1
0	0.0131965
0	0.0469208
0	0.0117302
0	1
0	0.00439883
0	0.0322581
0	0.00439883
0	1
0	1
0	0.0058651
0	0.0131965
0	0.00733138
0	0.0058651
0	0.0293255
0	1
0	1
0	0.0131965
0	1
0	0.00439883
0	0.0102639
0	1
0	0.00293255
0	0.00439883
0	0.0293255
0	1
0	1
0	0.0234604
0	0.0234604
0	1
0	0.0469208
0	1
0	1
0	0.0234604
0	1
0	0.00439883
0	0.00733138
0	1
0	0.00879765
0	0.0293255
0	0.0175953
0	1
0	1
0	0.0205279
0	0.0322581
0	1
0	1
0	1
0	1
0	0.0117302
0	0.0366569
0	1
0	0.0190616
0	1
0	1
0	0.0205279
0	1
0	1
0	0.0219941
0	1
0	1
0	1
0	1
0	1
0	0.00439883
0	0.0454545
0	0.0219941
0	0.0293255
0	1
0	0.0293255
0	0.0322581
0	0.0131965
0	1
0	1
0	0.0146628
0	1
0	1
0	1
0	1
0	1
0	1
0	1
0	1
0	0.00733138
0	1
0	1
0	0.0058651
0	1
0	1
0	1
0	1
0	0.00733138
0	0.0469208
0	0.0205279
0	0.00879765
0	1
0	0.0058651
0	0.00439883
0	0.00879765
0	1
0	0.0058651
0	0.0058651
0	0.0190616
0	0.0293255
0	0.0293255
0	0.00439883
0	0.0234604
0	1
0	0.0234604
0	0.0542522
0	0.00293255
0	0.00439883
0	0.0058651
0	1
0	1
0	1
0	0.00879765
0	0.0234604
0	1
0	1
0	1
0	0.0117302
0	0.0146628
0	0.00293255
0	1
0	0.0293255
0	0.0205279
0	1
0	0.0117302
0	1
0	0.00733138
0	0.00733138
0	0.00293255
0	0.00293255
0	1
0	1
0	0.0366569
0	0.0234604
0	0.0175953
0	1
0	1
0	1
0	1
0	1
0	1
0	1
0	0.0293255
0	0.00293255
0	1
0	1
0	0.0322581
0	0.0366569
0	0.0454545
0	1
0	1
0	0.0102639
0	0.0058651
0	1
0	1
0	1
0	1
0	1
0	0.0190616
0	0.0542522
0	0.00733138
0	1
0	1
0	0.0205279
0	0.0469208
0	0.0190616
0	1
0	1
0	0.0542522
0	1
0	0.0542522
0	0.0234604
0	0.0234604
0	0.0058651
0	1
0	0.00733138
0	1
0	0.0234604
0	0.0219941
0	1
0	0.0058651
0	0.00293255
0	0.0117302
0	0.00439883
0	1
0	1
0	0.00879765
0	1
0	1
0	1
0	0.0366569
0	0.0058651
0	1
0	1
0	1
0	1
0	1
0	0.0117302
0	0.00733138
0	1
0	1
0	0.00439883
0	1
0	0.00439883
0	0.0469208
0	1
0	1
0	0.0058651
0	1
0	1
0	0.0058651
0	0.0293255
0	1
0	0.00879765
0	0.00879765
0	1
0	0.00733138
0	1
0	1
0	1
0	1
0	0.0219941
0	1
0	1
0	1
0	1
0	0.00733138
0	0.00439883
0	1
0	0.00733138
0	1
0	1
0	0.0117302
0	0.00439883
0	0.0205279
0	0.0234604
0	1
0	0.0219941
0	1
0	0.00293255
0	0.0146628
0	0.0366569
0	1
0	1
0	1
0	1
0	0.0058651
0	1
0	1
0	0.0542522
0	1
0	0.00293255
0	1
0	1
0	0.00439883
0	0.00733138
0	1
0	0.00733138
0	0.00879765
0	1
0	1
0	1
0	1
0	0.0293255
0	1
0	1
0	0.00439883
0	1
0	0.0058651
0	0.0542522
0	1
0	0.0117302
0	0.0117302
0	0.00879765
0	1
0	0.0117302
0	0.0469208
0	0.0175953
0	1
0	1
0	0.00879765
0	1
0	1
0	0.0293255
0	0.00879765
0	0.0058651
0	0.00879765
0	0.0219941
0	1
0	0.00733138
0	0.00733138
0	1
0	1
0	0.0454545
0	1
0	1
0	1
0	1
0	0.00439883
0	1
0	1
0	1
0	0.00439883
0	0.00439883
0	1
0	0.00733138
0	1
0	1
0	0.0058651
0	1
0	1
0	0.0234604
0	1
0	0.0058651
0	1
0	1
0	0.0293255
0	1
0	1
0	0.0219941
0	0.0117302
0	0.0146628
0	0.00293255
0	0.00733138
0	1
0	1
0	1
0	0.00733138
0	1
0	1
0	0.0234604
0	1
0	0.00439883
0	1
0	0.00439883
0	0.0454545
0	0.0058651
0	0.00733138
0	1
0	1
0	0.0234604
0	1
0	0.0454545
0	1
0	1
0	0.0454545
0	1
0	0.0190616
0	1
0	1
0	1
0	0.016129
0	1
0	0.00293255
0	1
0	1
0	1
0	1
0	0.0234604
0	1
0	1
0	0.00733138
0	1
0	0.00293255
0	1
0	0.00293255
0	0.00879765
0	0.00439883
0	0.0190616
0	0.0293255
0	0.0117302
0	0.016129
0	0.00733138
0	0.00439883
0	0.0117302
0	1
0	0.00293255
0	1
0	0.00439883
0	0.0117302
0	1
0	0.00293255
0	0.0117302
0	0.0542522
0	1
0	0.0146628
0	1
0	0.0205279
0	0.00293255
0	0.0234604
0	0.00733138
0	1
0	0.00293255
0	1
0	0.00293255
0	0.00293255
0	0.00439883
0	0.0058651
0	0.00733138
0	1
0	0.0234604
0	0.00733138
0	1
0	0.0058651
0	1
0	0.00439883
0	0.00879765
0	1
0	0.00879765
0	1
0	0.0058651
0	1
0	1
0	0.00293255
0	0.0469208
0	1
0	1
0	1
0	1
0	0.0469208
0	0.00293255
0	1
0	1
0	0.0205279
0	0.00733138
0	1
0	0.0205279
0	inf
0	1
0	1
0	0.00733138
0	0.00293255
0	0.0205279
0	1
0	1
0	1
0	1
0	1
0	1
0	1
0	0.0542522
0	0.0219941
0	0.0205279
0	0.0322581
0	0.0219941
0	1
0	1
0	1
0	0.0234604
0	1
0	1
0	0.00879765
0	1
0	1
0	0.0366569
0	1
0	1
0	1
0	1
0	0.0205279
0	0.016129
0	1
0	1
0	1
0	1
0	1
0	1
0	0.00439883
0	0.0293255
0	1
0	1
0	0.0102639
0	0.0454545
0	1
0	0.0454545
0	0.0058651
0	1
0	0.00733138
0	1
0	1
0	0.00293255
0	1
0	0.0058651
0	0.0542522
0	1
0	1
0	0.0058651
0	1
0	1
0	1
0	1
0	1
0	0.00733138
0	0.0542522
0	0.00439883
0	0.0293255
0	1
0	0.00733138
0	0.00293255
0	0.00293255
0	1
0	1
0	1
0	0.0058651
0	0.00733138
0	0.0542522
0	0.0117302
0	0.00733138
0	0.00293255
0	1
0	1
0	0.00293255
0	0.0117302
0	1
0	1
0	0.00439883
0	0.00293255
0	0.0469208
0	0.0131965
0	0.00439883
0	1
0	0.00439883
0	1
0	0.0058651
0	0.00733138
0	0.0366569
0	1
0	1
0	1
0	0.0205279
0	0.00733138
0	0.0293255
0	0.0234604
0	0.0542522
0	1
0	1
0	0.00439883
0	1
0	1
0	0.00733138
0	1
0	0.00439883
0	1
0	1
0	0.00293255
0	1
0	0.00293255
0	0.0454545
0	1
0	1
0	0.00293255
0	0.00293255
0	1
0	0.0542522
0	1
0	0.0205279
0	1
0	1
0	0.0205279
0	0.00293255
0	0.0454545
0	1
0	1
0	1
0	1
0	0.00879765
0	0.0058651
0	1
0	1
0	0.0102639
0	0.00439883
0	1
0	1
0	0.0366569
0	0.00146628
0	1
0	1
0	1
0	1
0	1
0	0.00293255
0	0.0293255
0	1
0	0.0322581
0	0.00733138
0	0.0234604
0	0.00733138
0	0.0293255
0	1
0	0.0469208
0	1
0	1
0	0.0190616
0	0.00293255
0	0.0117302
0	1
0	1
0	0.0542522
0	0.0219941
0	1
0	0.0175953
0	0.0131965
0	1
0	0.00879765
0	0.00439883
0	1
0	0.00439883
0	1
0	0.00293255
0	1
0	0.0293255
0	1
0	0.00293255
0	1
0	1
0	0.00733138
0	0.0058651
0	0.0175953
0	0.0175953
0	1
0	0.0175953
0	1
0	1
0	1
0	0.0542522
0	1
0	0.00439883
0	0.00439883
0	1
0	1
0	1
0	0.0058651
0	0.0234604
0	1
0	0.00439883
0	0.00733138
0	0.00439883
0	0.00293255
0	1
0	0.00879765
0	1
0	1
0	0.00439883
0	1
0	1
0	0.00439883
0	1
0	0.00733138
0	0.00293255
0	1
0	0.00293255
0	0.00879765
0	1
0	0.0117302
0	0.00293255
0	1
0	1
0	1
0	0.0117302
0	1
0	1
0	1
0	1
0	1
0	1
0	1
0	0.0205279
0	1
0	1
0	1
0	0.0117302
0	1
0	1
0	1
0	0.0293255
0	0.0293255
0	1
0	1
0	0.00879765
0	1
0	0.0131965
0	0.00293255
0	0.0234604
0	0.0219941
0	0.0542522
0	0.00293255
0	0.00439883
0	0.016129
0	1
0	0.016129
0	1
0	1
0	1
0	1
0	1
0	1
0	0.0322581
0	1
0	1
0	1
0	0.0205279
0	1
0	0.0117302
0	0.00439883
0	0.0454545
0	0.00293255
0	1
0	0.00146628
0	0.0293255
0	1
0	0.00439883
0	1
0	0.0219941
0	1
0	0.00879765
0	1
0	1
0	1
0	0.00733138
0	0.00733138
0	0.00293255
0	0.00439883
0	1
0	0.0469208
0	1
0	0.00293255
0	1
0	0.0117302
0	1
0	0.00293255
0	0.0454545
0	1
0	0.0117302
0	0.00733138
0	1
0	1
0	0.0205279
0	1
0	1
0	0.00439883
0	1
0	1
0	1
0	1
0	0.00733138
0	0.00879765
0	1
0	0.00879765
0	1
0	0.00293255
0	1
0	0.00439883
0	1
0	0.0058651
0	0.0058651
0	0.00439883
0	0.0190616
0	1
0	0.00439883
0	1
0	1
0	1
0	0.0219941
0	0.00733138
0	1
0	0.0293255
0	0.0058651
0	0.00293255
0	0.00879765
0	1
0	0.00293255
0	1
0	1
0	1
0	0.00293255
0	1
0	1
0	0.0117302
0	1
0	0.00293255
0	0.00439883
0	1
0	1
0	0.0234604
0	0.0131965
0	0.0058651
0	1
0	0.00439883
0	1
0	1
0	0.0234604
0	0.0058651
0	0.0293255
0	0.0542522
0	0.00439883
0	1
0	1
0	0.0058651
0	0.00293255
0	0.0469208
0	0.00439883
0	0.0542522
0	0.0469208
0	1
0	0.00293255
0	1
0	1
0	1
0	1
0	1
0	1
0	1
0	0.00439883
0	0.00879765
0	0.0366569
0	0.0469208
0	0.00733138
0	0.00293255
0	0.0366569
0	1
0	0.0175953
0	0.0293255
0	1
0	1
0	1
0	1
0	0.0058651
0	0.00439883
0	1
0	0.0454545
0	0.0542522
0	0.0469208
0	0.0058651
0	0.0234604
0	0.00293255
0	1
0	0.00733138
0	1
0	1
0	1
0	0.00293255
0	1
0	0.0469208
0	1
0	0.0131965
0	1
0	0.00293255
0	0.00439883
0	0.00439883
0	1
0	0.00439883
0	0.0117302
0	0.00879765
0	1
0	1
0	0.0234604
0	0.00439883
0	0.00293255
0	1
0	1
0	0.0117302
0	0.0117302
0	1
0	0.00439883
0	1
0	1
0	1
0	0.0205279
0	1
0	1
0	1
0	0.0322581
0	0.00293255
0	0.00733138
0	0.0293255
0	1
0	1
0	0.0454545
0	1
0	0.00439883
0	1
0	0.0117302
0	0.0469208
0	1
0	1
0	0.00439883
0	0.00439883
0	1
0	1
0	1
0	1
0	1
0	1
0	1
0	1
0	1
0	0.00879765
0	1
0	0.0366569
0	1
0	1
0	0.0542522
0	0.00733138
0	0.0454545
0	0.00293255
0	0.0219941
0	1
0	1
0	1
0	1
0	0.0469208
0	1
0	0.0293255
0	1
0	1
0	0.00439883
0	1
0	0.00293255
0	1
0	0.00733138
0	0.0293255
0	0.00733138
0	0.0205279
0	1
0	1
0	1
0	1
0	1
0	0.016129
0	0.0542522
0	0.0219941
0	1
0	0.0117302
0	1
0	1
0	0.0058651
0	1
0	1
0	1
0	1
0	0.0293255
0	1
0	0.00439883
0	1
0	1
0	1
0	1
0	0.00293255
0	1
0	1
0	0.00733138
0	1
0	0.00879765
0	1
0	1
0	1
0	1
0	1
0	1
0	1
0	0.00439883
0	1
0	0.0058651
0	1
0	0.00439883
0	0.00439883
0	0.0117302
0	1
0	1
0	1
0	0.0058651
0	1
0	1
0	1
0	0.00293255
0	1
0	0.00439883
0	1
0	0.00293255
0	0.0117302
0	0.00293255
0	1
0	0.00293255
0	1
0	0.0190616
0	1
0	0.0293255
0	1
0	1
0	0.016129
0	0.00439883
0	1
0	0.0322581


