# Persistence diagram <GML/0336.gml>
#
# Dimension   : 0
# Entries     : 235
# Betti number: 2
0	inf
0	0.0729167
0	1
0	1
0	1
0	1
0	0.0625
0	1
0	1
0	1
0	1
0	0.104167
0	0.0208333
0	1
0	0.104167
0	1
0	1
0	0.104167
0	1
0	1
0	0.0520833
0	1
0	0.0625
0	1
0	0.0208333
0	0.0625
0	0.0416667
0	0.0416667
0	1
0	0.0416667
0	1
0	0.104167
0	1
0	1
0	0.0208333
0	0.0729167
0	0.0520833
0	0.104167
0	1
0	0.0520833
0	0.104167
0	1
0	0.0833333
0	0.104167
0	1
0	1
0	0.0520833
0	0.0833333
0	0.104167
0	0.104167
0	0.0729167
0	0.0416667
0	1
0	0.0625
0	1
0	0.104167
0	0.0416667
0	0.0208333
0	0.0520833
0	0.03125
0	0.03125
0	0.0833333
0	0.03125
0	0.03125
0	0.0416667
0	0.0416667
0	0.0833333
0	0.0416667
0	1
0	0.0625
0	0.03125
0	0.03125
0	0.0208333
0	0.0833333
0	0.03125
0	0.0416667
0	0.104167
0	1
0	1
0	1
0	0.0416667
0	0.0208333
0	1
0	0.03125
0	0.0833333
0	0.0416667
0	1
0	0.0625
0	0.0208333
0	0.0208333
0	0.0416667
0	0.0833333
0	1
0	0.0625
0	0.0416667
0	0.104167
0	1
0	0.03125
0	0.0833333
0	0.0729167
0	0.0729167
0	1
0	1
0	0.0208333
0	0.0625
0	0.0208333
0	0.03125
0	1
0	0.03125
0	0.03125
0	0.0416667
0	0.0520833
0	1
0	1
0	0.0520833
0	0.0833333
0	0.0208333
0	0.03125
0	0.0833333
0	0.03125
0	0.0416667
0	0.0416667
0	1
0	inf
0	1
0	1
0	0.0520833
0	1
0	0.0416667
0	0.0416667
0	1
0	0.03125
0	0.03125
0	0.03125
0	0.0833333
0	1
0	0.104167
0	0.0520833
0	0.0833333
0	0.03125
0	0.0208333
0	0.0208333
0	0.03125
0	0.03125
0	0.0416667
0	1
0	0.0416667
0	1
0	0.0833333
0	0.03125
0	0.0208333
0	0.0416667
0	1
0	0.0416667
0	0.0104167
0	0.03125
0	0.03125
0	0.0416667
0	0.03125
0	1
0	0.0416667
0	0.0416667
0	1
0	0.0208333
0	1
0	1
0	0.0208333
0	0.03125
0	0.0416667
0	0.03125
0	0.0833333
0	0.0416667
0	0.0416667
0	0.0833333
0	0.0520833
0	0.03125
0	0.03125
0	0.0208333
0	0.0416667
0	0.0208333
0	0.0833333
0	0.03125
0	0.0625
0	1
0	0.0208333
0	0.0208333
0	0.0729167
0	0.0416667
0	1
0	0.0208333
0	0.0833333
0	1
0	0.0520833
0	0.03125
0	0.0208333
0	0.03125
0	1
0	1
0	1
0	1
0	0.03125
0	0.03125
0	0.03125
0	1
0	0.0416667
0	0.0416667
0	0.0208333
0	0.03125
0	0.0416667
0	0.03125
0	0.03125
0	1
0	1
0	0.03125
0	0.0833333
0	0.0416667
0	0.0416667
0	0.0833333
0	1
0	0.0208333
0	0.0208333
0	0.104167
0	0.03125
0	0.03125
0	0.03125
0	0.0208333
0	1
0	0.0416667
0	0.0416667
0	1
0	0.104167
0	1
0	0.0208333
0	0.0416667
0	0.0625


