# Persistence diagram <GML/0337.gml>
#
# Dimension   : 0
# Entries     : 690
# Betti number: 2
0	inf
0	0.0684211
0	0.0684211
0	0.0421053
0	1
0	0.0368421
0	0.0368421
0	0.0368421
0	0.0315789
0	1
0	1
0	0.121053
0	1
0	0.0263158
0	0.0368421
0	0.0421053
0	0.0368421
0	0.0684211
0	0.0315789
0	1
0	0.0315789
0	0.0421053
0	0.0368421
0	0.0473684
0	1
0	0.0684211
0	1
0	0.110526
0	0.0578947
0	0.0631579
0	1
0	0.0421053
0	0.0315789
0	0.105263
0	0.0631579
0	0.0157895
0	0.0368421
0	0.0368421
0	0.0263158
0	0.0315789
0	1
0	0.0263158
0	0.0421053
0	0.0473684
0	0.0684211
0	0.0157895
0	0.0421053
0	0.0526316
0	0.110526
0	0.0736842
0	0.0578947
0	0.0421053
0	0.0473684
0	0.0105263
0	0.0684211
0	0.0473684
0	0.0894737
0	0.0842105
0	0.0631579
0	1
0	1
0	1
0	0.0368421
0	0.0421053
0	0.0421053
0	1
0	0.0368421
0	0.0157895
0	0.0421053
0	1
0	0.0315789
0	0.0473684
0	0.0631579
0	inf
0	1
0	0.0473684
0	0.0684211
0	0.121053
0	0.0736842
0	0.0578947
0	0.0473684
0	1
0	1
0	0.131579
0	0.0315789
0	0.0631579
0	0.0789474
0	1
0	1
0	0.0421053
0	0.0263158
0	0.0315789
0	0.0315789
0	0.110526
0	0.0210526
0	0.121053
0	0.0684211
0	0.0421053
0	0.0578947
0	0.0263158
0	0.0315789
0	0.121053
0	0.0473684
0	0.0315789
0	0.0315789
0	0.0315789
0	0.0421053
0	0.0368421
0	0.0263158
0	0.1
0	0.0157895
0	0.121053
0	0.0315789
0	0.0368421
0	0.131579
0	0.0368421
0	0.0368421
0	0.0789474
0	0.0315789
0	0.0368421
0	1
0	0.0631579
0	0.131579
0	0.110526
0	0.0894737
0	0.0473684
0	1
0	0.0210526
0	0.0578947
0	0.0315789
0	0.0368421
0	0.0368421
0	0.0894737
0	0.0263158
0	0.0157895
0	1
0	0.0315789
0	0.0368421
0	0.110526
0	0.0421053
0	1
0	1
0	0.0157895
0	1
0	0.0157895
0	0.0315789
0	0.0368421
0	0.121053
0	0.0368421
0	1
0	0.0368421
0	0.0368421
0	0.110526
0	0.0789474
0	0.0263158
0	0.0105263
0	0.0421053
0	0.0263158
0	1
0	0.0263158
0	0.121053
0	1
0	0.0210526
0	0.0473684
0	0.0473684
0	0.0315789
0	0.0736842
0	0.0263158
0	1
0	1
0	1
0	0.0315789
0	1
0	0.0421053
0	0.0421053
0	0.0631579
0	1
0	0.0263158
0	0.0684211
0	0.131579
0	1
0	1
0	0.0421053
0	0.0210526
0	0.0789474
0	0.0894737
0	0.0473684
0	1
0	0.0684211
0	0.0368421
0	0.0263158
0	1
0	0.0421053
0	1
0	0.0210526
0	1
0	0.0105263
0	0.0105263
0	1
0	0.0105263
0	0.0210526
0	0.0263158
0	1
0	0.0210526
0	0.0105263
0	0.0157895
0	0.1
0	0.0526316
0	0.0210526
0	0.0263158
0	1
0	0.0157895
0	0.0263158
0	0.0842105
0	0.0263158
0	0.0210526
0	0.0157895
0	0.0157895
0	0.0473684
0	0.0263158
0	1
0	0.0263158
0	1
0	0.0631579
0	1
0	1
0	1
0	0.0157895
0	0.0157895
0	0.0368421
0	0.0315789
0	0.0578947
0	0.0157895
0	0.0368421
0	1
0	0.121053
0	0.0421053
0	0.0684211
0	0.0578947
0	1
0	1
0	0.0421053
0	0.0263158
0	1
0	0.0631579
0	1
0	0.131579
0	0.0157895
0	0.0157895
0	0.0105263
0	0.0736842
0	0.0263158
0	0.0105263
0	0.0105263
0	0.0789474
0	0.0368421
0	0.0315789
0	0.0473684
0	0.0421053
0	0.0315789
0	0.0421053
0	0.0368421
0	0.0315789
0	1
0	0.0315789
0	0.0105263
0	0.0578947
0	1
0	0.0684211
0	0.0894737
0	0.0315789
0	0.1
0	1
0	0.0105263
0	0.0473684
0	0.105263
0	1
0	0.0105263
0	0.0157895
0	0.0263158
0	0.131579
0	0.0210526
0	1
0	0.131579
0	0.0315789
0	0.0421053
0	0.0789474
0	0.0263158
0	0.0368421
0	0.0263158
0	0.0368421
0	0.0315789
0	0.0263158
0	0.0157895
0	0.0263158
0	0.0105263
0	0.0157895
0	0.0368421
0	0.0210526
0	0.0263158
0	0.0684211
0	0.0368421
0	0.0210526
0	0.0473684
0	0.0105263
0	0.0315789
0	0.0105263
0	0.0210526
0	0.0578947
0	0.0263158
0	1
0	0.0789474
0	0.0105263
0	0.0157895
0	1
0	0.0210526
0	0.0315789
0	1
0	0.0263158
0	0.1
0	0.0105263
0	0.0157895
0	0.0263158
0	1
0	0.0105263
0	0.121053
0	0.0421053
0	0.0315789
0	0.0421053
0	0.0263158
0	0.0315789
0	0.0315789
0	0.0315789
0	0.0157895
0	0.0368421
0	0.131579
0	0.0157895
0	0.0368421
0	0.0894737
0	0.0210526
0	0.0210526
0	0.0368421
0	0.0263158
0	0.110526
0	0.0157895
0	0.0684211
0	0.0894737
0	0.0105263
0	0.0315789
0	1
0	0.0315789
0	0.0210526
0	0.0473684
0	0.0842105
0	0.0157895
0	1
0	0.0368421
0	0.0421053
0	1
0	1
0	0.0473684
0	0.110526
0	0.0684211
0	0.0157895
0	0.0105263
0	0.0631579
0	0.0368421
0	0.0210526
0	0.0421053
0	0.0421053
0	0.0263158
0	1
0	0.0210526
0	0.0157895
0	1
0	0.0368421
0	0.0368421
0	0.0368421
0	0.0789474
0	0.0157895
0	0.131579
0	0.0157895
0	0.0263158
0	0.0210526
0	0.0210526
0	1
0	0.0105263
0	0.0210526
0	0.0210526
0	0.0157895
0	0.0315789
0	0.0894737
0	0.0894737
0	0.0263158
0	0.0315789
0	0.0315789
0	0.110526
0	1
0	0.0789474
0	0.0105263
0	0.0263158
0	0.0315789
0	0.0210526
0	1
0	0.0263158
0	0.0421053
0	0.0105263
0	0.0210526
0	0.0210526
0	0.0578947
0	0.0157895
0	1
0	0.0684211
0	0.121053
0	1
0	1
0	0.0105263
0	0.0210526
0	0.0473684
0	0.0315789
0	0.0105263
0	1
0	0.0368421
0	0.0421053
0	0.0157895
0	0.0263158
0	0.0210526
0	0.0263158
0	0.121053
0	1
0	1
0	0.0368421
0	0.0315789
0	1
0	0.0368421
0	1
0	0.0157895
0	1
0	0.0157895
0	1
0	0.0842105
0	0.0315789
0	0.0157895
0	0.0421053
0	0.0315789
0	0.0263158
0	0.0157895
0	0.0315789
0	0.0157895
0	0.0315789
0	1
0	0.0157895
0	0.0105263
0	0.105263
0	0.121053
0	0.0421053
0	1
0	0.121053
0	0.0105263
0	0.0263158
0	0.0473684
0	1
0	0.0421053
0	0.0210526
0	1
0	0.0210526
0	1
0	1
0	1
0	0.0263158
0	0.0157895
0	0.0631579
0	0.0157895
0	0.0368421
0	0.0421053
0	0.0157895
0	0.0157895
0	0.0421053
0	0.131579
0	0.0157895
0	0.0105263
0	0.0157895
0	0.0210526
0	0.0105263
0	0.0105263
0	1
0	1
0	0.0157895
0	0.1
0	1
0	0.0894737
0	0.0473684
0	0.0368421
0	0.0263158
0	1
0	0.0157895
0	0.0157895
0	0.0263158
0	0.0157895
0	1
0	0.1
0	0.0368421
0	0.0473684
0	0.110526
0	0.0631579
0	1
0	0.0684211
0	0.0315789
0	0.0631579
0	0.0105263
0	0.0526316
0	0.131579
0	0.0315789
0	0.0157895
0	0.0210526
0	0.0210526
0	0.0368421
0	0.0157895
0	0.0263158
0	1
0	0.0421053
0	0.0210526
0	0.0473684
0	0.121053
0	0.0368421
0	1
0	0.0157895
0	0.0263158
0	0.0157895
0	0.0578947
0	0.0210526
0	1
0	0.0210526
0	0.0210526
0	0.0736842
0	0.0105263
0	0.0368421
0	0.0157895
0	0.0684211
0	0.1
0	0.0210526
0	0.0105263
0	0.121053
0	0.0315789
0	0.0736842
0	0.0315789
0	0.0368421
0	0.0210526
0	1
0	0.0157895
0	0.1
0	0.0315789
0	0.0157895
0	0.0263158
0	0.0105263
0	0.0263158
0	0.0315789
0	0.121053
0	0.0105263
0	0.0368421
0	1
0	0.0263158
0	0.0105263
0	0.0368421
0	0.0736842
0	0.0157895
0	0.0736842
0	0.131579
0	0.0157895
0	0.0105263
0	1
0	0.0157895
0	0.0315789
0	0.1
0	0.0421053
0	0.110526
0	0.0368421
0	0.0105263
0	0.0157895
0	0.0263158
0	0.0210526
0	0.0105263
0	0.0210526
0	0.0684211
0	0.0105263
0	0.0157895
0	0.0157895
0	0.0210526
0	0.0157895
0	0.0789474
0	1
0	0.0684211
0	1
0	0.0368421
0	0.0263158
0	1
0	0.131579
0	0.0105263
0	0.0263158
0	0.0210526
0	0.0105263
0	0.0157895
0	0.0368421
0	1
0	0.0157895
0	1
0	0.0157895
0	0.0105263
0	0.0210526
0	0.0684211
0	0.0421053
0	0.0263158
0	0.0157895
0	0.0315789
0	0.0157895
0	0.0157895
0	0.0157895
0	0.0421053
0	0.105263
0	0.0368421
0	0.0684211
0	0.0263158
0	0.110526
0	0.0263158
0	1
0	0.0263158
0	0.121053
0	0.0315789
0	1
0	0.0157895
0	0.0789474
0	0.0157895
0	0.0421053
0	0.0157895
0	0.0210526
0	0.0157895
0	0.131579
0	0.0473684
0	0.0210526
0	0.0263158
0	0.0263158
0	0.0210526
0	1
0	0.0210526
0	0.0105263
0	0.121053
0	0.0315789
0	0.0842105
0	0.0421053
0	0.0315789
0	0.0368421
0	0.0263158
0	0.1
0	0.0210526
0	0.0105263
0	0.131579
0	1
0	0.0263158
0	0.0157895
0	0.0526316
0	0.0157895
0	0.105263
0	0.0157895
0	1
0	0.0263158
0	0.0684211
0	1
0	0.131579
0	1
0	0.0105263
0	0.0105263
0	0.0105263
0	0.0526316
0	0.0157895
0	1
0	1
0	0.0368421
0	0.0105263
0	1
0	0.0315789
0	0.0210526
0	0.0210526
0	0.0421053
0	0.0105263
0	0.0157895
0	0.0105263
0	0.0789474
0	0.110526
0	1
0	0.0157895


