# Persistence diagram <GML/0339.gml>
#
# Dimension   : 0
# Entries     : 231
# Betti number: 1
0	inf
0	1
0	1
0	0.0648148
0	1
0	0.222222
0	0.222222
0	0.0555556
0	0.0555556
0	1
0	0.37963
0	0.222222
0	1
0	1
0	1
0	0.111111
0	0.222222
0	0.0185185
0	0.222222
0	0.0925926
0	0.0648148
0	0.0648148
0	0.0462963
0	1
0	1
0	0.0462963
0	0.111111
0	0.0462963
0	0.0555556
0	1
0	1
0	0.0462963
0	0.222222
0	0.0555556
0	1
0	1
0	0.0277778
0	0.0277778
0	0.037037
0	0.0462963
0	0.0462963
0	0.037037
0	0.37963
0	1
0	1
0	1
0	1
0	0.222222
0	0.037037
0	0.222222
0	0.0462963
0	1
0	1
0	0.0925926
0	0.037037
0	0.222222
0	1
0	0.37963
0	0.0462963
0	0.0462963
0	0.0185185
0	0.37963
0	0.0555556
0	0.37963
0	1
0	1
0	1
0	0.222222
0	0.0555556
0	0.0648148
0	1
0	1
0	0.0185185
0	0.0555556
0	0.222222
0	1
0	0.0555556
0	1
0	0.0462963
0	0.0462963
0	1
0	0.0648148
0	1
0	0.0648148
0	0.37963
0	1
0	1
0	1
0	0.037037
0	0.037037
0	1
0	0.37963
0	1
0	0.0648148
0	0.0277778
0	1
0	0.0277778
0	0.0648148
0	0.037037
0	1
0	0.037037
0	0.0462963
0	0.0185185
0	1
0	0.37963
0	1
0	0.222222
0	0.0462963
0	1
0	0.0555556
0	0.222222
0	0.37963
0	1
0	1
0	0.37963
0	0.0277778
0	0.0185185
0	0.111111
0	0.37963
0	0.111111
0	0.037037
0	1
0	0.37963
0	0.222222
0	0.0462963
0	1
0	0.111111
0	0.037037
0	0.0462963
0	0.037037
0	0.0462963
0	0.222222
0	1
0	0.0185185
0	1
0	0.0648148
0	1
0	1
0	0.0185185
0	0.222222
0	0.37963
0	0.222222
0	0.037037
0	0.0555556
0	0.0277778
0	1
0	0.0462963
0	1
0	1
0	0.0555556
0	0.37963
0	0.037037
0	0.0925926
0	0.37963
0	1
0	1
0	0.037037
0	0.0555556
0	0.0185185
0	0.0648148
0	0.0648148
0	0.037037
0	0.37963
0	1
0	1
0	0.0277778
0	0.037037
0	1
0	0.0648148
0	0.0185185
0	0.0277778
0	1
0	0.222222
0	0.0462963
0	0.0462963
0	0.0648148
0	1
0	0.037037
0	0.0555556
0	0.0648148
0	0.37963
0	0.0185185
0	1
0	0.0462963
0	0.0648148
0	0.0648148
0	0.37963
0	1
0	0.0185185
0	1
0	0.0277778
0	0.0462963
0	1
0	0.37963
0	0.0462963
0	1
0	1
0	0.0462963
0	0.037037
0	0.0648148
0	0.0555556
0	0.0185185
0	0.0277778
0	0.111111
0	0.037037
0	0.222222
0	0.0462963
0	1
0	0.037037
0	0.0277778
0	0.37963
0	0.37963
0	0.0185185
0	0.0185185
0	0.0185185
0	0.0462963
0	1
0	0.037037
0	0.0185185
0	0.0462963
0	1
0	0.222222
0	0.37963
0	0.0185185
0	1
0	0.0462963
0	0.37963
0	1
0	0.037037
0	0.0185185
0	1


