# Persistence diagram <GML/0342.gml>
#
# Dimension   : 0
# Entries     : 513
# Betti number: 3
0	inf
0	1
0	0.110132
0	0.0440529
0	0.0352423
0	0.030837
0	0.0396476
0	0.030837
0	0.0352423
0	0.030837
0	1
0	0.030837
0	0.0264317
0	1
0	0.0264317
0	1
0	0.0176211
0	0.0220264
0	0.110132
0	1
0	0.0352423
0	0.0264317
0	0.0220264
0	0.0484581
0	1
0	0.0352423
0	inf
0	1
0	1
0	0.0220264
0	0.0352423
0	0.0396476
0	1
0	1
0	1
0	0.110132
0	0.0264317
0	1
0	0.0264317
0	1
0	0.030837
0	1
0	1
0	0.0440529
0	1
0	1
0	0.00881057
0	1
0	1
0	0.030837
0	0.030837
0	0.0220264
0	1
0	1
0	1
0	0.0572687
0	0.0132159
0	1
0	0.0264317
0	0.0132159
0	0.030837
0	0.0352423
0	0.0176211
0	0.0440529
0	0.0264317
0	1
0	0.0264317
0	1
0	0.0176211
0	0.00881057
0	1
0	1
0	0.030837
0	0.030837
0	0.030837
0	0.030837
0	1
0	1
0	1
0	0.110132
0	1
0	0.0396476
0	1
0	0.0352423
0	0.0220264
0	0.030837
0	0.0220264
0	1
0	1
0	0.0176211
0	1
0	1
0	0.0396476
0	0.0132159
0	1
0	0.0220264
0	1
0	1
0	0.110132
0	1
0	1
0	1
0	0.0176211
0	1
0	0.0440529
0	1
0	1
0	1
0	1
0	0.0264317
0	0.0176211
0	1
0	0.0572687
0	1
0	0.0176211
0	0.0220264
0	1
0	1
0	0.0220264
0	0.0264317
0	0.030837
0	1
0	0.0396476
0	0.0220264
0	0.0352423
0	0.030837
0	1
0	1
0	0.0132159
0	0.030837
0	0.0132159
0	0.0352423
0	1
0	1
0	1
0	0.0264317
0	1
0	0.0132159
0	1
0	0.0352423
0	0.0440529
0	1
0	1
0	0.0176211
0	0.030837
0	0.0132159
0	0.030837
0	1
0	0.0572687
0	0.00881057
0	1
0	1
0	0.0352423
0	1
0	0.0132159
0	0.00881057
0	0.00881057
0	1
0	0.0176211
0	1
0	0.0132159
0	0.0440529
0	0.110132
0	0.00881057
0	0.0352423
0	0.00881057
0	0.0440529
0	0.0132159
0	1
0	inf
0	1
0	0.0484581
0	0.0484581
0	0.00881057
0	0.110132
0	0.0176211
0	1
0	0.0352423
0	1
0	0.0396476
0	1
0	0.00881057
0	0.0264317
0	1
0	0.0176211
0	0.0132159
0	0.0132159
0	0.0132159
0	1
0	0.0352423
0	0.0176211
0	0.0132159
0	0.0132159
0	0.00881057
0	1
0	0.00881057
0	1
0	0.0352423
0	0.00881057
0	0.110132
0	0.030837
0	0.030837
0	1
0	0.0572687
0	0.0176211
0	0.110132
0	1
0	0.030837
0	0.0572687
0	0.0572687
0	0.0440529
0	1
0	0.0440529
0	1
0	0.030837
0	0.110132
0	0.0264317
0	1
0	0.0220264
0	0.110132
0	0.0220264
0	0.00881057
0	1
0	1
0	0.0220264
0	0.00881057
0	0.0352423
0	1
0	1
0	0.0352423
0	0.0132159
0	1
0	0.0220264
0	1
0	0.0132159
0	0.0352423
0	0.0176211
0	0.0220264
0	1
0	0.0132159
0	0.0352423
0	1
0	1
0	0.030837
0	0.0132159
0	0.00881057
0	0.0176211
0	1
0	1
0	1
0	0.00440529
0	1
0	0.0176211
0	0.030837
0	1
0	0.0572687
0	0.00881057
0	1
0	1
0	0.030837
0	0.0220264
0	0.0484581
0	0.0484581
0	0.110132
0	0.0264317
0	1
0	1
0	0.0132159
0	1
0	0.0132159
0	0.0176211
0	0.0132159
0	0.0352423
0	0.0132159
0	0.0220264
0	1
0	0.0352423
0	0.0176211
0	0.0352423
0	1
0	1
0	1
0	1
0	0.030837
0	1
0	0.030837
0	0.030837
0	0.0132159
0	0.00881057
0	0.0220264
0	1
0	1
0	1
0	0.0264317
0	0.0220264
0	0.110132
0	1
0	0.0176211
0	1
0	0.110132
0	1
0	0.0132159
0	0.030837
0	0.0132159
0	1
0	1
0	0.0264317
0	0.0176211
0	1
0	0.0572687
0	1
0	0.0132159
0	1
0	1
0	0.0220264
0	0.0176211
0	0.0440529
0	0.0132159
0	0.0176211
0	0.0264317
0	0.110132
0	1
0	0.0352423
0	0.0352423
0	1
0	1
0	0.00881057
0	0.0132159
0	0.0484581
0	1
0	0.0220264
0	0.0176211
0	1
0	0.0396476
0	0.00881057
0	0.0176211
0	0.0132159
0	0.0572687
0	0.0132159
0	0.00881057
0	1
0	1
0	1
0	0.00881057
0	0.0176211
0	0.0132159
0	0.0220264
0	0.0352423
0	0.0132159
0	0.110132
0	0.0352423
0	0.030837
0	0.0352423
0	1
0	1
0	0.030837
0	0.0220264
0	0.0264317
0	0.0440529
0	0.110132
0	0.0484581
0	1
0	1
0	1
0	0.030837
0	1
0	0.00881057
0	0.00881057
0	1
0	0.0132159
0	1
0	0.0132159
0	0.030837
0	0.110132
0	0.0440529
0	0.0264317
0	0.00881057
0	0.0352423
0	0.00881057
0	1
0	0.00881057
0	0.0176211
0	1
0	1
0	0.0176211
0	0.00881057
0	0.0132159
0	1
0	0.0132159
0	1
0	1
0	0.00881057
0	0.0176211
0	0.0264317
0	0.030837
0	1
0	1
0	1
0	0.00881057
0	1
0	0.00881057
0	0.0220264
0	1
0	0.0176211
0	1
0	1
0	0.00881057
0	0.0264317
0	1
0	1
0	1
0	0.0352423
0	1
0	0.0176211
0	0.0176211
0	0.0352423
0	1
0	0.0440529
0	1
0	0.0176211
0	0.0572687
0	0.0220264
0	0.0352423
0	0.0176211
0	0.110132
0	0.0176211
0	1
0	0.00881057
0	0.0220264
0	0.0220264
0	0.00881057
0	0.030837
0	0.00881057
0	1
0	0.00881057
0	0.0352423
0	0.0484581
0	1
0	1
0	0.0220264
0	1
0	1
0	0.0396476
0	0.00881057
0	0.0352423
0	1
0	0.0176211
0	1
0	1
0	1
0	0.00881057
0	0.0352423
0	1
0	0.00881057
0	1
0	1
0	0.0176211
0	0.0484581
0	0.0132159
0	0.00881057
0	0.00881057
0	0.0176211
0	0.0176211
0	0.0132159
0	0.00881057
0	1
0	1
0	0.00881057
0	1
0	0.0220264
0	1
0	1
0	0.00881057
0	0.0440529
0	1
0	1
0	1
0	1
0	1
0	0.0132159
0	1
0	0.030837
0	0.0132159
0	1
0	0.0132159
0	0.0176211
0	1
0	1
0	0.0176211
0	0.0220264
0	1
0	0.00881057
0	0.00881057
0	0.0220264
0	0.00881057
0	0.110132
0	0.030837
0	0.0440529
0	0.00881057
0	1
0	0.00881057
0	0.00881057
0	1
0	0.0132159
0	0.0352423
0	0.00881057
0	0.0572687
0	0.0220264
0	0.0176211
0	1
0	0.110132
0	0.00881057
0	0.0220264


