# Persistence diagram <GML/0348.gml>
#
# Dimension   : 0
# Entries     : 159
# Betti number: 4
0	inf
0	1
0	0.127273
0	1
0	1
0	1
0	0.181818
0	0.181818
0	0.163636
0	0.127273
0	1
0	0.0363636
0	0.163636
0	0.0363636
0	0.0909091
0	0.181818
0	0.0727273
0	0.109091
0	1
0	0.163636
0	0.0727273
0	1
0	0.0727273
0	0.163636
0	0.109091
0	inf
0	0.0727273
0	0.109091
0	0.0545455
0	0.109091
0	1
0	0.127273
0	1
0	0.0909091
0	0.0727273
0	0.163636
0	0.0909091
0	0.127273
0	0.127273
0	0.127273
0	0.0545455
0	0.0909091
0	0.0363636
0	0.181818
0	1
0	1
0	0.109091
0	1
0	0.0545455
0	1
0	0.0909091
0	0.0909091
0	0.0727273
0	inf
0	0.109091
0	0.0545455
0	0.163636
0	0.0363636
0	inf
0	0.0727273
0	0.0181818
0	1
0	0.0545455
0	1
0	0.0545455
0	0.0363636
0	1
0	0.0727273
0	0.0363636
0	1
0	0.0545455
0	0.0727273
0	0.0363636
0	0.109091
0	0.181818
0	0.0727273
0	0.109091
0	0.0727273
0	1
0	1
0	0.0181818
0	1
0	1
0	0.0545455
0	0.0727273
0	0.0909091
0	0.0545455
0	0.0545455
0	0.0909091
0	1
0	0.0545455
0	0.0909091
0	0.0363636
0	0.127273
0	0.127273
0	0.0545455
0	0.109091
0	0.0363636
0	0.0545455
0	0.109091
0	1
0	0.163636
0	1
0	0.109091
0	1
0	0.0727273
0	1
0	1
0	0.127273
0	0.181818
0	0.2
0	0.0727273
0	1
0	1
0	0.0727273
0	0.0363636
0	0.0909091
0	0.0363636
0	1
0	0.0727273
0	1
0	0.2
0	0.0727273
0	0.0545455
0	0.0363636
0	1
0	0.0545455
0	0.0545455
0	0.127273
0	1
0	0.0545455
0	0.109091
0	0.0727273
0	1
0	1
0	0.0727273
0	0.0363636
0	0.109091
0	0.0545455
0	0.0363636
0	1
0	0.181818
0	0.0545455
0	0.127273
0	0.0363636
0	1
0	0.0545455
0	0.0727273
0	0.0363636
0	0.0363636
0	0.0363636
0	0.0363636
0	1
0	0.0545455
0	0.0727273
0	0.0727273
0	1
0	0.163636
0	0.0909091


