# Persistence diagram <GML/0358.gml>
#
# Dimension   : 0
# Entries     : 143
# Betti number: 1
0	inf
0	1
0	0.244898
0	1
0	0.102041
0	1
0	0.102041
0	0.102041
0	0.0816327
0	1
0	1
0	0.204082
0	0.204082
0	0.163265
0	0.102041
0	0.0816327
0	0.122449
0	0.0816327
0	0.204082
0	0.244898
0	0.244898
0	1
0	0.163265
0	0.122449
0	1
0	1
0	1
0	0.102041
0	0.122449
0	0.244898
0	0.0612245
0	1
0	0.0816327
0	0.0612245
0	1
0	0.204082
0	1
0	0.0816327
0	0.0612245
0	1
0	0.102041
0	1
0	0.0612245
0	1
0	1
0	0.163265
0	0.0816327
0	1
0	0.163265
0	0.0816327
0	0.163265
0	0.102041
0	0.0612245
0	0.0612245
0	0.0612245
0	1
0	0.0816327
0	0.102041
0	0.204082
0	0.0408163
0	0.102041
0	0.0816327
0	0.142857
0	1
0	1
0	0.102041
0	1
0	0.142857
0	0.142857
0	0.163265
0	0.0612245
0	0.142857
0	0.102041
0	0.0408163
0	1
0	1
0	0.0612245
0	0.0612245
0	0.244898
0	0.102041
0	0.163265
0	0.163265
0	0.0612245
0	0.244898
0	0.0612245
0	0.163265
0	1
0	0.0612245
0	0.0612245
0	0.0816327
0	0.0816327
0	0.102041
0	0.0816327
0	0.0612245
0	0.244898
0	1
0	0.122449
0	0.0816327
0	0.0816327
0	0.0612245
0	0.0408163
0	0.142857
0	0.204082
0	0.0612245
0	0.0816327
0	0.0612245
0	0.0408163
0	0.244898
0	0.0612245
0	0.0408163
0	0.0612245
0	1
0	1
0	0.0816327
0	0.0408163
0	0.102041
0	1
0	0.0612245
0	0.0408163
0	0.0408163
0	0.122449
0	0.0408163
0	0.0408163
0	0.0408163
0	0.244898
0	0.0408163
0	0.0612245
0	0.244898
0	0.0612245
0	0.163265
0	0.0408163
0	0.0816327
0	0.0612245
0	0.122449
0	0.122449
0	1
0	1
0	0.102041
0	1
0	0.0612245
0	0.0408163
0	0.0612245
0	0.0816327


