# Persistence diagram <GML/0359.gml>
#
# Dimension   : 0
# Entries     : 282
# Betti number: 1
0	inf
0	1
0	1
0	0.113924
0	0.113924
0	1
0	0.126582
0	0.0886076
0	0.0886076
0	1
0	1
0	1
0	0.265823
0	0.113924
0	0.113924
0	0.0759494
0	0.227848
0	0.265823
0	0.113924
0	0.417722
0	0.0886076
0	0.417722
0	1
0	0.0886076
0	0.265823
0	0.417722
0	0.417722
0	0.0886076
0	0.113924
0	0.126582
0	0.0886076
0	1
0	0.126582
0	0.0886076
0	0.0253165
0	0.0886076
0	0.0886076
0	0.417722
0	0.126582
0	0.0759494
0	1
0	0.0759494
0	0.113924
0	0.0253165
0	0.0759494
0	0.0506329
0	0.0759494
0	0.417722
0	0.0506329
0	0.0379747
0	1
0	0.0886076
0	0.0759494
0	0.0886076
0	1
0	0.265823
0	0.417722
0	0.0759494
0	1
0	0.227848
0	0.0886076
0	1
0	0.189873
0	0.0632911
0	0.0759494
0	0.0886076
0	0.113924
0	0.0886076
0	0.189873
0	1
0	0.0632911
0	0.265823
0	0.417722
0	1
0	0.0759494
0	0.227848
0	0.265823
0	0.0759494
0	0.0379747
0	0.417722
0	0.0379747
0	0.417722
0	0.113924
0	0.151899
0	0.0886076
0	0.0379747
0	0.113924
0	0.0759494
0	0.0253165
0	0.227848
0	0.0632911
0	0.151899
0	0.0253165
0	0.0886076
0	0.0506329
0	0.227848
0	0.265823
0	0.126582
0	0.0886076
0	1
0	1
0	0.0886076
0	0.126582
0	0.0759494
0	1
0	1
0	0.0886076
0	0.151899
0	0.0506329
0	0.0886076
0	0.227848
0	0.151899
0	0.0886076
0	0.0506329
0	0.126582
0	0.0632911
0	0.0506329
0	0.0506329
0	0.0886076
0	0.0886076
0	0.0379747
0	0.0506329
0	0.0886076
0	0.0759494
0	0.0886076
0	1
0	0.0379747
0	0.126582
0	0.0886076
0	0.0886076
0	0.113924
0	0.151899
0	0.0506329
0	0.0632911
0	0.0379747
0	1
0	0.0379747
0	0.0253165
0	0.0632911
0	0.0506329
0	0.0379747
0	0.227848
0	0.189873
0	0.0506329
0	0.0886076
0	0.126582
0	1
0	0.0253165
0	0.0632911
0	0.417722
0	0.265823
0	1
0	0.0379747
0	0.0759494
0	0.0379747
0	0.0253165
0	0.0253165
0	0.0253165
0	0.0886076
0	1
0	0.417722
0	0.265823
0	0.0506329
0	0.189873
0	0.0253165
0	0.417722
0	0.0253165
0	0.0506329
0	0.0253165
0	0.0379747
0	0.0506329
0	0.0379747
0	0.417722
0	0.0759494
0	0.0253165
0	0.0886076
0	0.126582
0	1
0	0.0886076
0	0.113924
0	0.0632911
0	0.126582
0	0.227848
0	1
0	0.0379747
0	0.0506329
0	0.0506329
0	0.0379747
0	0.0759494
0	0.0253165
0	0.0253165
0	0.0506329
0	0.0506329
0	0.0379747
0	1
0	1
0	1
0	0.0506329
0	0.417722
0	0.227848
0	0.0379747
0	0.0506329
0	0.126582
0	0.0506329
0	0.0632911
0	0.0632911
0	0.0759494
0	0.0253165
0	0.0379747
0	1
0	0.0506329
0	0.0886076
0	1
0	1
0	0.0253165
0	0.0253165
0	0.0506329
0	0.0253165
0	0.0253165
0	0.0632911
0	0.227848
0	0.0379747
0	1
0	1
0	0.0886076
0	1
0	0.189873
0	0.0253165
0	0.0886076
0	0.0506329
0	0.0886076
0	0.0759494
0	0.0632911
0	0.0886076
0	1
0	1
0	0.265823
0	1
0	0.0253165
0	0.0253165
0	0.0253165
0	0.265823
0	0.0379747
0	0.0759494
0	0.417722
0	1
0	0.0253165
0	0.0886076
0	0.227848
0	0.0759494
0	1
0	0.0253165
0	0.0632911
0	0.126582
0	0.265823
0	1
0	0.0886076
0	1
0	0.0253165
0	0.0632911
0	0.227848
0	1
0	0.0506329
0	0.0379747
0	0.0253165
0	0.227848
0	0.0759494
0	0.0253165
0	0.113924
0	1
0	0.0253165
0	0.265823
0	0.0506329
0	1
0	0.0632911
0	0.0506329
0	0.0759494
0	0.0379747
0	0.0632911
0	0.0253165
0	0.0632911
0	0.0379747


