# Persistence diagram <GML/0363.gml>
#
# Dimension   : 0
# Entries     : 376
# Betti number: 3
0	inf
0	1
0	1
0	0.0825688
0	0.0550459
0	0.0733945
0	0.0550459
0	1
0	1
0	1
0	0.0733945
0	0.0642202
0	0.0825688
0	0.0550459
0	1
0	0.0917431
0	1
0	0.0550459
0	0.0458716
0	0.137615
0	1
0	0.238532
0	0.0642202
0	0.137615
0	0.0825688
0	0.0550459
0	0.238532
0	0.174312
0	0.0275229
0	0.137615
0	0.137615
0	1
0	0.0458716
0	0.0458716
0	0.0366972
0	1
0	0.137615
0	1
0	0.0825688
0	0.137615
0	1
0	0.0458716
0	0.0550459
0	1
0	0.0825688
0	0.0733945
0	0.0550459
0	0.0917431
0	0.183486
0	0.0917431
0	0.0917431
0	1
0	0.0458716
0	1
0	0.0825688
0	0.0733945
0	0.174312
0	0.0825688
0	0.183486
0	0.0733945
0	0.137615
0	0.0733945
0	0.0458716
0	0.0550459
0	0.0825688
0	1
0	0.33945
0	0.0825688
0	0.238532
0	0.0733945
0	1
0	0.0458716
0	0.0733945
0	0.33945
0	0.0275229
0	0.0733945
0	0.238532
0	1
0	1
0	0.0366972
0	1
0	0.0550459
0	1
0	0.174312
0	0.0366972
0	0.0458716
0	1
0	0.0550459
0	0.0825688
0	0.0550459
0	0.137615
0	1
0	0.0458716
0	1
0	1
0	0.0733945
0	0.0458716
0	0.0550459
0	0.0550459
0	0.137615
0	0.0642202
0	0.0550459
0	1
0	0.0917431
0	0.0458716
0	0.0825688
0	0.0733945
0	inf
0	1
0	0.0183486
0	0.0733945
0	1
0	0.238532
0	0.0550459
0	0.0550459
0	1
0	0.0275229
0	0.0458716
0	0.183486
0	0.0733945
0	1
0	0.238532
0	0.0733945
0	0.0458716
0	1
0	0.33945
0	0.174312
0	0.0458716
0	1
0	0.238532
0	0.0458716
0	0.0183486
0	1
0	1
0	0.137615
0	0.0550459
0	0.0458716
0	1
0	0.0917431
0	0.174312
0	0.0733945
0	0.0275229
0	0.0550459
0	0.33945
0	0.0183486
0	1
0	0.0458716
0	0.238532
0	0.33945
0	0.0366972
0	1
0	0.0275229
0	1
0	1
0	0.0550459
0	0.238532
0	inf
0	1
0	0.0458716
0	1
0	1
0	0.238532
0	0.0183486
0	0.0458716
0	0.33945
0	0.238532
0	0.183486
0	1
0	0.0458716
0	0.238532
0	0.0366972
0	1
0	0.0458716
0	0.0275229
0	1
0	0.0550459
0	0.0458716
0	1
0	0.0550459
0	0.0642202
0	0.174312
0	1
0	0.0366972
0	0.0550459
0	0.33945
0	0.183486
0	0.174312
0	1
0	1
0	1
0	0.238532
0	0.0642202
0	0.0550459
0	0.0366972
0	0.0183486
0	0.0366972
0	0.0366972
0	0.0733945
0	0.0733945
0	0.0550459
0	0.0733945
0	0.0458716
0	0.0458716
0	0.174312
0	1
0	0.0917431
0	0.0458716
0	0.174312
0	0.0825688
0	0.0458716
0	0.33945
0	0.0458716
0	0.238532
0	0.0366972
0	0.33945
0	0.0458716
0	1
0	0.0550459
0	0.0183486
0	0.0458716
0	0.0366972
0	0.0183486
0	0.0366972
0	0.33945
0	0.0183486
0	1
0	0.0917431
0	0.0733945
0	0.183486
0	0.0458716
0	0.0366972
0	0.0642202
0	0.0642202
0	0.0366972
0	0.0458716
0	0.0825688
0	0.0183486
0	0.238532
0	1
0	0.0183486
0	0.0458716
0	0.0366972
0	0.0458716
0	0.174312
0	0.183486
0	0.0366972
0	0.0550459
0	0.0458716
0	1
0	0.0183486
0	0.0733945
0	0.0183486
0	0.0275229
0	0.0183486
0	0.0183486
0	0.0275229
0	0.0458716
0	0.0275229
0	0.0275229
0	0.0275229
0	0.174312
0	0.238532
0	0.0458716
0	0.0183486
0	1
0	0.0458716
0	0.0183486
0	0.0275229
0	0.0275229
0	0.0733945
0	1
0	0.0642202
0	0.33945
0	0.0458716
0	0.0458716
0	1
0	0.0183486
0	0.33945
0	0.0733945
0	0.0275229
0	0.0275229
0	0.0183486
0	1
0	0.0458716
0	0.0458716
0	0.0183486
0	0.0275229
0	0.0183486
0	1
0	0.0458716
0	0.238532
0	0.0366972
0	0.0275229
0	1
0	1
0	1
0	0.183486
0	0.238532
0	0.0183486
0	0.0458716
0	0.0183486
0	0.0917431
0	0.0275229
0	0.0917431
0	0.0733945
0	0.0183486
0	0.0275229
0	0.0183486
0	0.0183486
0	0.0183486
0	1
0	0.33945
0	0.0183486
0	0.174312
0	0.0275229
0	0.0733945
0	0.33945
0	0.0275229
0	0.238532
0	0.238532
0	1
0	0.0183486
0	0.0550459
0	0.0550459
0	0.0550459
0	0.0275229
0	0.0458716
0	0.0366972
0	0.0366972
0	1
0	0.0917431
0	0.183486
0	0.0733945
0	1
0	0.0183486
0	0.0183486
0	0.0366972
0	0.0550459
0	0.0458716
0	0.0183486
0	0.0550459
0	0.0183486
0	1
0	0.174312
0	0.0183486
0	0.0183486
0	0.0917431
0	0.0642202
0	0.0733945
0	0.0458716
0	0.0183486
0	0.0183486
0	0.0183486
0	1
0	0.0366972
0	0.0183486
0	0.183486
0	0.137615
0	0.0275229
0	0.0275229
0	0.0458716
0	0.0733945
0	0.0458716
0	0.33945
0	0.0275229
0	0.0183486
0	0.0458716
0	0.33945
0	0.0550459
0	0.0183486
0	1
0	0.0183486
0	0.183486
0	0.0275229
0	0.0458716
0	0.00917431


