# Persistence diagram <GML/0374.gml>
#
# Dimension   : 1
# Entries     : 206
# Betti number: 205
0.0107143	inf
0.0107143	inf
0.0125	inf
0.0125	inf
0.0125	inf
0.0142857	inf
0.0142857	inf
0.0142857	inf
0.0142857	inf
0.0142857	inf
0.0142857	inf
0.0142857	inf
0.0160714	inf
0.0160714	inf
0.0160714	inf
0.0160714	inf
0.0160714	inf
0.0160714	inf
0.0160714	inf
0.0160714	inf
0.0160714	inf
0.0160714	inf
0.0160714	inf
0.0160714	inf
0.0160714	inf
0.0160714	inf
0.0160714	inf
0.0160714	inf
0.0178571	inf
0.0178571	inf
0.0178571	inf
0.0178571	inf
0.0178571	inf
0.0178571	inf
0.0178571	inf
0.0178571	inf
0.0196429	inf
0.0196429	inf
0.0196429	inf
0.0196429	inf
0.0196429	inf
0.0196429	inf
0.0196429	inf
0.0196429	inf
0.0196429	inf
0.0196429	1
0.0196429	inf
0.0196429	inf
0.0214286	inf
0.0214286	inf
0.0214286	inf
0.0214286	inf
0.0214286	inf
0.0214286	inf
0.0214286	inf
0.0214286	inf
0.0214286	inf
0.0214286	inf
0.0214286	inf
0.025	inf
0.025	inf
0.025	inf
0.025	inf
0.025	inf
0.025	inf
0.025	inf
0.025	inf
0.0303571	inf
0.0303571	inf
0.0303571	inf
0.0303571	inf
0.0321429	inf
0.0321429	inf
0.0321429	inf
0.0321429	inf
0.0321429	inf
0.0321429	inf
0.0321429	inf
0.0357143	inf
0.0357143	inf
0.0357143	inf
0.0357143	inf
0.0357143	inf
0.0357143	inf
0.0357143	inf
0.0357143	inf
0.0357143	inf
0.0357143	inf
0.0357143	inf
0.0357143	inf
0.0357143	inf
0.0357143	inf
0.0357143	inf
0.0357143	inf
0.0357143	inf
0.0357143	inf
0.0392857	inf
0.0392857	inf
0.0392857	inf
0.0392857	inf
0.0392857	inf
0.0392857	inf
0.0392857	inf
0.0392857	inf
0.0392857	inf
0.0392857	inf
0.0392857	inf
0.0392857	inf
0.0392857	inf
0.0392857	inf
0.0392857	inf
0.0392857	inf
0.0392857	inf
0.0392857	inf
0.0392857	inf
0.0392857	inf
0.0482143	inf
0.0482143	inf
0.0482143	inf
0.0482143	inf
0.0482143	inf
0.0482143	inf
0.0482143	inf
0.0482143	inf
0.0482143	inf
0.0482143	inf
0.0482143	inf
0.0482143	inf
0.0482143	inf
0.0482143	inf
0.0696429	inf
0.0696429	inf
0.0696429	inf
0.0696429	inf
0.0696429	inf
0.0696429	inf
0.0696429	inf
0.0696429	inf
0.0696429	inf
0.0696429	inf
0.0696429	inf
0.0696429	inf
0.0696429	inf
0.0696429	inf
0.0696429	inf
0.0696429	inf
0.0696429	inf
0.0696429	inf
0.0696429	inf
1	inf
1	inf
1	inf
1	inf
1	inf
1	inf
1	inf
1	inf
1	inf
1	inf
1	inf
1	inf
1	inf
1	inf
1	inf
1	inf
1	inf
1	inf
1	inf
1	inf
1	inf
1	inf
1	inf
1	inf
1	inf
1	inf
1	inf
1	inf
1	inf
1	inf
1	inf
1	inf
1	inf
1	inf
1	inf
1	inf
1	inf
1	inf
1	inf
1	inf
1	inf
1	inf
1	inf
1	inf
1	inf
1	inf
1	inf
1	inf
1	inf
1	inf
1	inf
1	inf
1	inf
1	inf
1	inf
1	inf
1	inf
