# Persistence diagram <GML/0378.gml>
#
# Dimension   : 0
# Entries     : 271
# Betti number: 3
0	inf
0	1
0	0.0707965
0	0.079646
0	1
0	1
0	1
0	0.0707965
0	1
0	0.0884956
0	1
0	0.0707965
0	0.0619469
0	0.0353982
0	0.079646
0	1
0	0.0530973
0	0.0530973
0	0.19469
0	1
0	1
0	1
0	0.0530973
0	0.0353982
0	0.079646
0	0.0884956
0	0.141593
0	1
0	0.0353982
0	1
0	1
0	inf
0	1
0	0.19469
0	1
0	0.141593
0	1
0	1
0	0.0265487
0	0.0353982
0	0.0265487
0	0.141593
0	0.0353982
0	1
0	1
0	inf
0	1
0	1
0	1
0	1
0	1
0	0.0353982
0	0.0442478
0	1
0	0.0265487
0	0.141593
0	0.0442478
0	0.0442478
0	1
0	0.0884956
0	0.0265487
0	0.079646
0	0.0265487
0	0.0530973
0	1
0	0.0353982
0	0.0442478
0	0.19469
0	0.0530973
0	1
0	1
0	0.0884956
0	0.141593
0	0.0265487
0	1
0	1
0	0.0530973
0	0.00884956
0	0.079646
0	0.0176991
0	1
0	0.0176991
0	1
0	0.0530973
0	1
0	1
0	0.0265487
0	1
0	1
0	0.0442478
0	0.19469
0	0.0530973
0	0.0442478
0	0.079646
0	0.0353982
0	1
0	0.141593
0	1
0	0.0176991
0	1
0	0.0265487
0	0.0265487
0	0.19469
0	0.0353982
0	0.0530973
0	1
0	1
0	0.0442478
0	0.079646
0	1
0	0.0619469
0	0.19469
0	0.0530973
0	0.19469
0	0.0353982
0	1
0	0.0265487
0	0.0265487
0	0.0265487
0	1
0	0.0353982
0	0.0530973
0	1
0	1
0	1
0	0.0176991
0	1
0	0.0442478
0	0.0353982
0	0.0707965
0	1
0	0.0442478
0	0.0530973
0	0.0442478
0	0.0530973
0	0.0353982
0	0.0176991
0	1
0	1
0	0.0353982
0	0.0619469
0	1
0	0.0176991
0	0.0176991
0	0.0265487
0	0.0442478
0	0.0530973
0	0.0530973
0	0.0265487
0	1
0	0.0265487
0	1
0	0.0530973
0	0.0265487
0	0.0530973
0	0.0353982
0	0.0176991
0	0.19469
0	0.0619469
0	0.0884956
0	0.0176991
0	1
0	0.0265487
0	0.0265487
0	0.0176991
0	1
0	0.19469
0	0.0353982
0	0.0265487
0	0.0265487
0	0.0176991
0	0.0265487
0	0.0884956
0	1
0	1
0	1
0	0.0176991
0	1
0	0.0353982
0	1
0	0.0176991
0	0.0442478
0	0.0176991
0	0.0176991
0	0.0707965
0	0.19469
0	0.0265487
0	0.0265487
0	0.079646
0	0.0176991
0	0.0353982
0	0.0442478
0	0.0176991
0	0.19469
0	0.141593
0	0.0176991
0	1
0	0.0353982
0	0.0884956
0	0.0353982
0	0.0353982
0	0.0265487
0	1
0	0.0265487
0	1
0	0.0176991
0	1
0	0.0530973
0	0.0530973
0	0.0353982
0	1
0	0.0176991
0	0.0353982
0	1
0	0.141593
0	0.0530973
0	1
0	0.0442478
0	1
0	0.0353982
0	0.0353982
0	0.0353982
0	1
0	0.0265487
0	1
0	0.0265487
0	0.0353982
0	0.141593
0	0.0176991
0	1
0	1
0	0.0265487
0	0.0707965
0	0.0353982
0	0.0176991
0	0.0442478
0	0.0176991
0	0.0353982
0	1
0	0.0176991
0	1
0	0.0353982
0	0.0530973
0	0.141593
0	0.0530973
0	0.141593
0	0.0265487
0	0.0442478
0	1
0	0.0176991
0	0.0353982
0	0.0353982
0	0.141593
0	0.0353982
0	0.0176991
0	0.0265487
0	0.141593
0	0.0442478
0	0.0353982
0	1
0	0.0176991
0	0.0353982
0	0.0265487
0	1
0	1
0	0.0265487
0	0.0442478
0	1
0	1
0	0.0442478
0	0.079646


