# Persistence diagram <GML/0392.gml>
#
# Dimension   : 0
# Entries     : 466
# Betti number: 6
0	inf
0	1
0	1
0	0.0663265
0	0.0357143
0	1
0	0.132653
0	0.132653
0	0.0510204
0	0.0510204
0	0.0255102
0	1
0	0.0510204
0	0.0612245
0	1
0	1
0	0.0408163
0	1
0	1
0	0.127551
0	0.132653
0	1
0	0.0306122
0	0.132653
0	1
0	1
0	1
0	0.132653
0	0.0306122
0	0.132653
0	0.0612245
0	1
0	0.127551
0	1
0	0.0357143
0	0.0357143
0	1
0	0.0408163
0	1
0	1
0	0.0255102
0	1
0	1
0	0.0306122
0	0.0306122
0	0.0306122
0	1
0	0.0357143
0	0.127551
0	0.0357143
0	0.0306122
0	0.0255102
0	1
0	0.0153061
0	1
0	0.0357143
0	0.0510204
0	1
0	0.0306122
0	1
0	0.0204082
0	0.0204082
0	0.0255102
0	1
0	1
0	1
0	1
0	1
0	0.0357143
0	1
0	0.0255102
0	1
0	1
0	1
0	0.0408163
0	0.0204082
0	0.0357143
0	0.132653
0	1
0	0.0408163
0	0.0153061
0	0.0408163
0	0.0306122
0	0.0408163
0	1
0	1
0	0.0306122
0	0.0612245
0	0.0510204
0	0.127551
0	1
0	0.0408163
0	0.0306122
0	1
0	0.0153061
0	1
0	1
0	1
0	0.0255102
0	0.0255102
0	1
0	0.0255102
0	1
0	1
0	0.132653
0	1
0	1
0	0.0204082
0	0.0357143
0	1
0	0.0306122
0	0.0510204
0	1
0	1
0	1
0	0.0306122
0	0.127551
0	0.0357143
0	0.132653
0	1
0	0.0357143
0	0.0102041
0	1
0	0.0306122
0	1
0	1
0	0.0612245
0	0.0357143
0	1
0	1
0	1
0	1
0	0.0153061
0	1
0	1
0	0.0204082
0	0.0510204
0	0.0561224
0	1
0	0.0306122
0	0.0153061
0	0.0255102
0	0.127551
0	0.0204082
0	0.0204082
0	0.0102041
0	1
0	0.0255102
0	0.0204082
0	1
0	0.0612245
0	1
0	0.0102041
0	0.0357143
0	0.0255102
0	1
0	1
0	0.0306122
0	0.132653
0	0.0510204
0	1
0	0.0408163
0	0.0153061
0	1
0	1
0	0.0612245
0	1
0	0.0153061
0	1
0	0.0561224
0	1
0	1
0	0.0306122
0	0.132653
0	1
0	0.0153061
0	0.0357143
0	0.0102041
0	1
0	0.0255102
0	1
0	inf
0	0.0204082
0	0.0255102
0	1
0	1
0	0.0561224
0	0.0306122
0	0.0153061
0	0.0153061
0	1
0	0.127551
0	1
0	1
0	inf
0	0.0255102
0	0.0153061
0	1
0	1
0	0.0306122
0	1
0	1
0	0.127551
0	0.0102041
0	0.0255102
0	0.0102041
0	0.0204082
0	0.132653
0	0.132653
0	inf
0	0.0561224
0	0.0204082
0	0.0612245
0	0.0357143
0	0.0102041
0	0.0255102
0	0.0306122
0	1
0	0.0255102
0	1
0	0.0153061
0	0.0102041
0	0.0102041
0	0.132653
0	0.0255102
0	1
0	0.0255102
0	1
0	1
0	0.0153061
0	0.0561224
0	0.0663265
0	1
0	1
0	0.0102041
0	0.0153061
0	0.0561224
0	0.0255102
0	0.0357143
0	1
0	0.0153061
0	0.0153061
0	1
0	1
0	0.0153061
0	1
0	0.0153061
0	0.132653
0	1
0	1
0	0.0153061
0	1
0	0.0612245
0	0.0663265
0	0.127551
0	0.0612245
0	0.0153061
0	0.0255102
0	1
0	0.0204082
0	0.132653
0	0.0153061
0	0.0408163
0	0.0357143
0	0.127551
0	1
0	0.127551
0	0.00510204
0	0.0357143
0	0.0255102
0	0.0153061
0	1
0	0.0255102
0	0.0102041
0	0.0153061
0	0.0255102
0	1
0	0.0204082
0	0.0153061
0	1
0	0.0306122
0	1
0	0.0153061
0	0.0663265
0	1
0	0.0102041
0	0.0102041
0	0.0357143
0	1
0	0.0510204
0	0.0255102
0	0.0306122
0	0.0153061
0	0.00510204
0	1
0	0.0255102
0	0.0357143
0	1
0	0.0306122
0	1
0	0.0306122
0	1
0	1
0	0.127551
0	1
0	0.0153061
0	0.0153061
0	0.0102041
0	0.0153061
0	0.0255102
0	1
0	0.0153061
0	1
0	0.0255102
0	1
0	0.0153061
0	1
0	1
0	0.0153061
0	0.0102041
0	0.0102041
0	1
0	0.0255102
0	1
0	0.0357143
0	0.0204082
0	1
0	0.0102041
0	0.0153061
0	0.0153061
0	0.0561224
0	0.0306122
0	1
0	0.0204082
0	inf
0	0.0255102
0	1
0	1
0	0.0306122
0	1
0	0.0357143
0	0.0561224
0	0.132653
0	0.0255102
0	0.0357143
0	0.0357143
0	1
0	0.00510204
0	0.0255102
0	0.0102041
0	0.0306122
0	0.0306122
0	inf
0	1
0	1
0	0.0153061
0	0.0153061
0	1
0	0.0102041
0	0.0153061
0	0.0153061
0	0.0357143
0	0.0561224
0	1
0	0.0102041
0	0.0102041
0	0.0306122
0	0.0153061
0	1
0	0.0102041
0	0.00510204
0	0.0204082
0	0.0102041
0	0.0153061
0	0.0408163
0	0.0306122
0	0.0306122
0	1
0	0.132653
0	0.0153061
0	0.0153061
0	0.0204082
0	0.0102041
0	0.0612245
0	0.0153061
0	0.0102041
0	0.0153061
0	0.0153061
0	0.0306122
0	0.0306122
0	0.127551
0	0.0408163
0	0.0408163
0	0.0153061
0	1
0	0.0153061
0	0.127551
0	1
0	0.0255102
0	0.0510204
0	0.0153061
0	0.0153061
0	0.0153061
0	0.132653
0	0.0153061
0	0.0306122
0	1
0	1
0	0.0255102
0	0.0153061
0	1
0	0.0408163
0	0.0561224
0	0.0255102
0	0.0204082
0	1
0	0.0102041
0	0.0153061
0	0.0204082
0	0.0102041
0	0.0255102
0	0.0561224
0	1
0	1
0	0.127551
0	1
0	0.0153061
0	1
0	0.127551
0	0.127551
0	0.0102041
0	0.0561224
0	1
0	0.127551
0	1
0	1
0	0.0561224
0	0.0153061
0	0.0612245
0	0.0612245
0	0.0102041
0	0.0255102
0	0.0102041
0	0.0102041
0	1
0	1
0	0.0153061
0	0.0102041
0	0.0102041
0	0.0408163
0	0.0153061
0	0.0102041
0	0.0153061
0	0.0663265
0	0.0102041
0	0.0153061
0	0.0153061
0	0.0102041
0	0.0153061
0	0.0102041
0	1
0	1
0	0.0306122
0	0.132653
0	1
0	1


