# Persistence diagram <GML/0398.gml>
#
# Dimension   : 0
# Entries     : 320
# Betti number: 1
0	inf
0	0.198347
0	0.123967
0	0.123967
0	0.123967
0	0.123967
0	1
0	1
0	1
0	0.0495868
0	1
0	0.0743802
0	0.0661157
0	0.0826446
0	1
0	0.0661157
0	0.198347
0	0.0661157
0	0.0495868
0	0.0661157
0	0.0743802
0	0.0495868
0	1
0	0.0743802
0	0.0991736
0	0.0661157
0	0.0661157
0	0.0330579
0	0.0743802
0	0.0495868
0	0.0661157
0	0.0413223
0	0.0578512
0	0.107438
0	0.0413223
0	0.0661157
0	0.0495868
0	0.0495868
0	0.0578512
0	0.0743802
0	0.123967
0	0.0413223
0	0.0826446
0	0.0330579
0	0.107438
0	0.198347
0	0.198347
0	0.0413223
0	1
0	0.0495868
0	1
0	0.0495868
0	0.0991736
0	0.0743802
0	0.0413223
0	0.0413223
0	0.0826446
0	0.0247934
0	0.123967
0	0.198347
0	0.0991736
0	0.0661157
0	0.0495868
0	1
0	0.0495868
0	0.0661157
0	0.123967
0	0.0413223
0	0.0661157
0	0.0165289
0	1
0	0.198347
0	0.0826446
0	0.0661157
0	0.0413223
0	0.0495868
0	0.0578512
0	0.0578512
0	0.0495868
0	0.0413223
0	0.0495868
0	0.0661157
0	0.0330579
0	0.0826446
0	0.123967
0	0.0247934
0	0.0413223
0	0.0661157
0	0.0330579
0	0.0661157
0	0.0330579
0	0.0247934
0	0.0495868
0	0.0247934
0	0.0495868
0	0.0743802
0	0.0413223
0	0.0247934
0	0.0247934
0	0.0826446
0	0.115702
0	0.0495868
0	0.123967
0	0.0247934
0	1
0	1
0	0.0826446
0	1
0	0.0413223
0	0.0743802
0	0.0495868
0	0.0165289
0	0.123967
0	0.0413223
0	0.0247934
0	0.0165289
0	0.107438
0	0.0247934
0	1
0	0.0247934
0	0.0495868
0	1
0	0.0495868
0	0.0495868
0	1
0	1
0	0.0743802
0	0.0330579
0	0.0247934
0	0.0661157
0	0.0495868
0	0.0495868
0	0.0991736
0	0.115702
0	0.0247934
0	0.0743802
0	0.0330579
0	1
0	0.0743802
0	0.0413223
0	1
0	0.0661157
0	0.0826446
0	0.123967
0	0.123967
0	0.0330579
0	0.0578512
0	0.123967
0	0.107438
0	0.0578512
0	0.0661157
0	1
0	0.0743802
0	0.0330579
0	0.0247934
0	0.0165289
0	0.123967
0	0.0330579
0	0.0330579
0	0.0495868
0	0.0413223
0	0.0495868
0	0.0661157
0	0.0165289
0	1
0	0.0661157
0	0.0247934
0	0.0661157
0	0.0413223
0	0.0661157
0	0.0578512
0	0.0578512
0	0.0661157
0	0.0165289
0	1
0	0.0247934
0	0.0330579
0	0.123967
0	0.0330579
0	0.0165289
0	0.0413223
0	0.107438
0	0.0495868
0	0.0330579
0	0.0743802
0	0.0247934
0	0.0413223
0	0.0991736
0	1
0	0.123967
0	0.0165289
0	0.0743802
0	0.0330579
0	1
0	0.0661157
0	0.0330579
0	0.0991736
0	0.0826446
0	1
0	0.0578512
0	1
0	0.0991736
0	0.0165289
0	0.0247934
0	0.0330579
0	0.0661157
0	1
0	0.0743802
0	0.0330579
0	0.0495868
0	0.0413223
0	0.0578512
0	0.0247934
0	0.0247934
0	0.0330579
0	1
0	0.0330579
0	1
0	0.0661157
0	0.0165289
0	0.123967
0	1
0	0.0247934
0	0.0247934
0	0.0661157
0	0.0495868
0	0.0247934
0	0.0661157
0	1
0	1
0	0.0826446
0	0.0165289
0	0.0743802
0	0.0661157
0	0.0743802
0	0.0330579
0	1
0	0.0165289
0	1
0	0.0330579
0	1
0	0.0165289
0	0.0661157
0	1
0	0.0330579
0	0.0495868
0	0.0247934
0	0.0495868
0	0.0743802
0	0.0661157
0	1
0	0.0165289
0	0.0743802
0	1
0	0.0826446
0	0.0330579
0	1
0	0.0413223
0	0.0330579
0	1
0	0.198347
0	0.0247934
0	0.198347
0	0.0165289
0	1
0	1
0	1
0	0.0413223
0	0.0165289
0	0.0578512
0	0.198347
0	0.0247934
0	0.0578512
0	0.0743802
0	0.0826446
0	0.0495868
0	0.0495868
0	0.0330579
0	0.0743802
0	0.0165289
0	0.115702
0	0.0495868
0	0.0165289
0	0.0247934
0	0.0495868
0	0.0413223
0	0.198347
0	0.0578512
0	0.0247934
0	0.0330579
0	1
0	0.0330579
0	1
0	0.0330579
0	1
0	0.0826446
0	0.0661157
0	0.0165289
0	0.0495868
0	0.0247934
0	0.0330579
0	1
0	0.0413223
0	0.0578512
0	0.0495868
0	0.0495868
0	0.0247934
0	0.0413223
0	0.0578512
0	0.0330579
0	0.0413223
0	1
0	0.0165289
0	0.0330579
0	0.0495868
0	0.0247934
0	0.0247934
0	0.0413223
0	0.0165289
0	0.0165289


