# Persistence diagram <GML/0398.gml>
#
# Dimension   : 1
# Entries     : 126
# Betti number: 126
0.0330579	inf
0.0578512	inf
0.0578512	inf
0.0578512	inf
0.0578512	inf
0.0578512	inf
0.0578512	inf
0.0578512	inf
0.0661157	inf
0.0661157	inf
0.0661157	inf
0.0661157	inf
0.0661157	inf
0.0661157	inf
0.0661157	inf
0.0661157	inf
0.0661157	inf
0.0661157	inf
0.0743802	inf
0.0743802	inf
0.0743802	inf
0.0743802	inf
0.0743802	inf
0.0743802	inf
0.0743802	inf
0.0743802	inf
0.0826446	inf
0.0826446	inf
0.0826446	inf
0.0826446	inf
0.0826446	inf
0.0826446	inf
0.0826446	inf
0.0826446	inf
0.0826446	inf
0.0826446	inf
0.0991736	inf
0.0991736	inf
0.0991736	inf
0.0991736	inf
0.107438	inf
0.107438	inf
0.107438	inf
0.107438	inf
0.107438	inf
0.107438	inf
0.115702	inf
0.115702	inf
0.115702	inf
0.115702	inf
0.115702	inf
0.115702	inf
0.115702	inf
0.115702	inf
0.123967	inf
0.123967	inf
0.123967	inf
0.123967	inf
0.123967	inf
0.123967	inf
0.123967	inf
0.123967	inf
0.123967	inf
0.123967	inf
0.123967	inf
0.123967	inf
0.123967	inf
0.123967	inf
0.123967	inf
0.123967	inf
0.123967	inf
0.123967	inf
0.123967	inf
0.123967	inf
0.123967	inf
0.123967	inf
0.123967	inf
0.198347	inf
0.198347	inf
0.198347	inf
0.198347	inf
0.198347	inf
0.198347	inf
0.198347	inf
0.198347	inf
0.198347	inf
0.198347	inf
1	inf
1	inf
1	inf
1	inf
1	inf
1	inf
1	inf
1	inf
1	inf
1	inf
1	inf
1	inf
1	inf
1	inf
1	inf
1	inf
1	inf
1	inf
1	inf
1	inf
1	inf
1	inf
1	inf
1	inf
1	inf
1	inf
1	inf
1	inf
1	inf
1	inf
1	inf
1	inf
1	inf
1	inf
1	inf
1	inf
1	inf
1	inf
1	inf
