# Persistence diagram <GML/0405.gml>
#
# Dimension   : 0
# Entries     : 435
# Betti number: 1
0	inf
0	1
0	1
0	0.104167
0	0.0277778
0	0.104167
0	1
0	0.104167
0	1
0	1
0	0.00694444
0	1
0	1
0	0.0173611
0	1
0	0.0243056
0	1
0	1
0	0.0243056
0	1
0	0.0243056
0	1
0	1
0	0.0277778
0	0.0173611
0	0.104167
0	0.0138889
0	1
0	1
0	1
0	1
0	1
0	1
0	1
0	1
0	0.0451389
0	0.0451389
0	1
0	1
0	1
0	1
0	1
0	1
0	1
0	0.00694444
0	1
0	0.104167
0	0.0243056
0	1
0	0.0451389
0	1
0	1
0	1
0	1
0	1
0	0.0451389
0	1
0	1
0	1
0	1
0	1
0	1
0	1
0	1
0	0.104167
0	1
0	1
0	1
0	0.00694444
0	1
0	1
0	1
0	0.104167
0	1
0	1
0	0.104167
0	0.0243056
0	1
0	0.0138889
0	1
0	0.0277778
0	0.0104167
0	0.0138889
0	0.0208333
0	0.0451389
0	1
0	1
0	1
0	1
0	1
0	0.104167
0	1
0	1
0	1
0	1
0	0.0277778
0	1
0	1
0	0.0138889
0	1
0	1
0	1
0	1
0	0.104167
0	1
0	1
0	0.0277778
0	1
0	1
0	0.0138889
0	1
0	1
0	1
0	1
0	0.0277778
0	1
0	1
0	1
0	1
0	1
0	1
0	1
0	1
0	0.104167
0	0.0138889
0	0.0243056
0	0.00694444
0	0.0104167
0	0.0277778
0	1
0	1
0	1
0	1
0	1
0	1
0	1
0	0.00694444
0	0.0104167
0	1
0	0.0138889
0	0.104167
0	0.0173611
0	1
0	1
0	1
0	1
0	1
0	0.104167
0	0.0173611
0	1
0	1
0	1
0	1
0	1
0	1
0	1
0	0.0451389
0	0.104167
0	1
0	1
0	0.0138889
0	1
0	0.0138889
0	1
0	1
0	1
0	1
0	1
0	0.0173611
0	0.0243056
0	0.0243056
0	0.0173611
0	1
0	0.0104167
0	0.0104167
0	1
0	1
0	0.104167
0	0.0243056
0	1
0	1
0	0.0277778
0	1
0	0.00694444
0	1
0	1
0	1
0	0.0173611
0	1
0	0.0208333
0	0.0138889
0	1
0	0.0451389
0	0.0138889
0	1
0	0.0138889
0	0.00694444
0	0.0138889
0	1
0	1
0	0.0138889
0	1
0	1
0	1
0	0.0451389
0	1
0	1
0	1
0	0.0451389
0	1
0	1
0	0.104167
0	1
0	1
0	1
0	1
0	1
0	1
0	1
0	0.0173611
0	0.0138889
0	0.104167
0	1
0	0.00694444
0	1
0	0.0104167
0	0.0138889
0	0.104167
0	0.0138889
0	1
0	1
0	0.00694444
0	0.104167
0	0.0173611
0	0.00694444
0	0.00694444
0	0.00694444
0	1
0	1
0	0.0138889
0	1
0	1
0	1
0	1
0	1
0	0.0243056
0	1
0	0.0208333
0	0.0104167
0	1
0	1
0	0.0243056
0	0.00694444
0	1
0	0.0104167
0	0.00694444
0	0.0104167
0	1
0	1
0	1
0	1
0	0.0277778
0	1
0	1
0	1
0	0.0104167
0	0.0173611
0	1
0	0.0173611
0	1
0	0.00694444
0	1
0	1
0	1
0	0.104167
0	0.00694444
0	0.00694444
0	1
0	0.0243056
0	1
0	1
0	0.0104167
0	1
0	1
0	1
0	1
0	1
0	1
0	1
0	0.0138889
0	0.0173611
0	0.104167
0	0.0173611
0	0.0277778
0	1
0	1
0	1
0	1
0	1
0	1
0	1
0	1
0	1
0	1
0	0.00694444
0	1
0	0.0138889
0	0.00694444
0	1
0	1
0	1
0	1
0	0.00694444
0	1
0	0.0104167
0	0.0243056
0	1
0	0.0104167
0	0.104167
0	0.0104167
0	0.00694444
0	1
0	1
0	0.00694444
0	1
0	1
0	1
0	0.0138889
0	0.0138889
0	0.0104167
0	0.0173611
0	1
0	0.0104167
0	0.00694444
0	0.0104167
0	1
0	1
0	1
0	0.0208333
0	1
0	1
0	1
0	1
0	0.104167
0	0.0243056
0	1
0	1
0	0.0173611
0	0.0104167
0	0.0208333
0	1
0	1
0	0.0277778
0	1
0	0.00694444
0	0.00694444
0	1
0	0.0104167
0	1
0	1
0	0.104167
0	1
0	1
0	1
0	1
0	1
0	1
0	1
0	0.00694444
0	0.0138889
0	1
0	1
0	0.0243056
0	0.0451389
0	1
0	1
0	1
0	1
0	1
0	0.00694444
0	1
0	0.0138889
0	1
0	1
0	1
0	0.0451389
0	0.00694444
0	0.0104167
0	1
0	1
0	1
0	0.00694444
0	1
0	1
0	0.0104167
0	1
0	0.00694444
0	1
0	1
0	1
0	1
0	0.0243056
0	1
0	1
0	0.0138889
0	0.0104167
0	1
0	0.00694444
0	1
0	1
0	0.104167
0	1
0	1
0	0.104167
0	1
0	0.104167
0	0.00694444
0	1
0	0.00694444
0	1
0	1
0	0.104167
0	1
0	1
0	0.0138889
0	0.0277778
0	0.0243056
0	1
0	1
0	1
0	0.00694444
0	0.0277778
0	0.00694444
0	0.00694444
0	0.0104167


