# Persistence diagram <GML/0406.gml>
#
# Dimension   : 0
# Entries     : 395
# Betti number: 2
0	inf
0	1
0	0.0574163
0	1
0	0.0574163
0	inf
0	0.0382775
0	1
0	0.0287081
0	0.0334928
0	0.0239234
0	1
0	0.0382775
0	0.0334928
0	1
0	0.0382775
0	0.0191388
0	0.0334928
0	0.0334928
0	1
0	1
0	1
0	0.0143541
0	1
0	0.100478
0	1
0	1
0	1
0	1
0	0.100478
0	1
0	1
0	1
0	0.0191388
0	1
0	0.00956938
0	0.0574163
0	1
0	0.0382775
0	1
0	0.0239234
0	0.0334928
0	1
0	1
0	0.0239234
0	1
0	1
0	0.0143541
0	1
0	1
0	0.0574163
0	1
0	0.0191388
0	1
0	1
0	1
0	1
0	0.0382775
0	0.0239234
0	0.0334928
0	0.0334928
0	0.0239234
0	0.0143541
0	1
0	1
0	1
0	0.0334928
0	1
0	1
0	0.0574163
0	0.0191388
0	1
0	1
0	1
0	1
0	1
0	1
0	1
0	1
0	0.0382775
0	1
0	0.0574163
0	1
0	0.00956938
0	1
0	1
0	1
0	1
0	0.0191388
0	1
0	0.0143541
0	1
0	1
0	1
0	0.0239234
0	0.100478
0	1
0	0.0239234
0	1
0	0.0334928
0	1
0	1
0	1
0	1
0	1
0	0.0287081
0	0.0191388
0	0.0334928
0	1
0	1
0	1
0	1
0	1
0	0.0143541
0	1
0	0.100478
0	1
0	0.0143541
0	0.0239234
0	1
0	0.0334928
0	0.100478
0	1
0	0.0143541
0	0.0239234
0	1
0	1
0	0.0239234
0	1
0	0.0143541
0	1
0	1
0	0.0239234
0	1
0	0.0382775
0	1
0	0.00956938
0	1
0	0.0574163
0	0.00956938
0	1
0	1
0	1
0	0.0191388
0	1
0	1
0	0.0143541
0	0.0191388
0	1
0	1
0	0.0239234
0	1
0	0.0287081
0	1
0	0.0143541
0	0.0191388
0	1
0	0.0143541
0	0.0143541
0	0.0143541
0	0.0239234
0	1
0	0.0239234
0	0.0287081
0	0.0382775
0	0.0574163
0	1
0	1
0	1
0	0.00956938
0	1
0	1
0	1
0	0.0287081
0	0.00956938
0	1
0	0.0143541
0	1
0	0.0143541
0	0.00956938
0	0.0191388
0	0.0143541
0	1
0	1
0	0.0334928
0	0.0143541
0	0.0143541
0	0.0334928
0	1
0	0.0143541
0	1
0	0.0382775
0	0.0143541
0	1
0	0.0191388
0	1
0	0.100478
0	0.0191388
0	0.100478
0	0.0143541
0	0.0334928
0	1
0	0.0143541
0	1
0	1
0	1
0	0.0334928
0	0.00956938
0	0.0143541
0	1
0	0.100478
0	0.0191388
0	0.100478
0	0.100478
0	1
0	1
0	0.0382775
0	0.0334928
0	1
0	0.0382775
0	0.0143541
0	1
0	0.0239234
0	0.0143541
0	0.00956938
0	1
0	0.0334928
0	1
0	0.0334928
0	0.0382775
0	1
0	0.00956938
0	0.100478
0	0.0143541
0	1
0	0.0382775
0	1
0	0.0239234
0	0.00956938
0	0.0191388
0	1
0	0.0287081
0	0.0143541
0	1
0	1
0	0.0334928
0	1
0	1
0	1
0	1
0	1
0	1
0	0.0143541
0	0.00956938
0	0.00956938
0	1
0	0.0143541
0	1
0	0.0239234
0	0.0143541
0	0.00956938
0	1
0	0.00956938
0	1
0	0.0143541
0	0.00956938
0	1
0	0.0143541
0	1
0	1
0	1
0	0.0239234
0	1
0	0.0334928
0	1
0	0.00956938
0	0.0191388
0	0.100478
0	1
0	1
0	0.0334928
0	0.0574163
0	1
0	0.0143541
0	0.0239234
0	1
0	1
0	1
0	0.100478
0	0.00956938
0	0.0334928
0	0.00956938
0	1
0	1
0	1
0	0.0143541
0	0.0143541
0	0.00956938
0	1
0	1
0	1
0	0.0191388
0	0.00956938
0	1
0	1
0	1
0	1
0	0.0239234
0	1
0	0.0143541
0	0.0143541
0	1
0	1
0	0.0239234
0	1
0	1
0	1
0	1
0	1
0	0.0191388
0	0.0143541
0	0.100478
0	0.00956938
0	1
0	1
0	0.0191388
0	0.0143541
0	1
0	0.0143541
0	0.0143541
0	0.00956938
0	0.0382775
0	0.00956938
0	1
0	1
0	1
0	0.100478
0	1
0	0.00956938
0	0.00956938
0	0.0143541
0	0.0143541
0	1
0	0.0143541
0	0.0191388
0	0.00956938
0	0.00956938
0	0.00956938
0	0.0143541
0	0.00956938
0	0.0143541
0	0.0143541
0	0.100478
0	0.0143541
0	0.0143541
0	1
0	1
0	1
0	1
0	0.0287081
0	0.00956938
0	1
0	0.00956938
0	0.0143541
0	0.0191388
0	0.00956938
0	0.100478
0	1
0	0.0143541
0	0.00956938
0	0.0143541
0	0.00956938
0	0.00956938
0	0.0143541
0	0.00956938
0	1
0	0.0287081
0	0.0191388
0	1
0	0.0334928
0	1
0	0.0143541
0	1
0	0.0143541
0	0.0143541
0	0.00956938
0	1
0	1
0	1
0	1
0	0.0287081
0	1
0	1
0	0.0143541
0	1


