# Persistence diagram <GML/0409.gml>
#
# Dimension   : 0
# Entries     : 496
# Betti number: 4
0	inf
0	1
0	1
0	1
0	1
0	1
0	1
0	1
0	0.153509
0	0.153509
0	0.0570175
0	0.153509
0	1
0	1
0	0.0526316
0	0.0438596
0	0.0789474
0	0.0307018
0	1
0	1
0	1
0	0.0350877
0	0.0526316
0	0.0570175
0	0.0526316
0	0.0219298
0	0.153509
0	1
0	1
0	0.0307018
0	0.0350877
0	1
0	0.0307018
0	1
0	1
0	1
0	0.0307018
0	0.0570175
0	0.0263158
0	0.0833333
0	0.0307018
0	1
0	0.0526316
0	0.153509
0	0.0131579
0	0.0350877
0	1
0	1
0	0.0307018
0	1
0	0.0307018
0	0.0350877
0	0.153509
0	0.0219298
0	0.0745614
0	0.153509
0	0.0131579
0	0.0526316
0	0.153509
0	1
0	0.0307018
0	1
0	0.0219298
0	0.0175439
0	1
0	0.0307018
0	0.0219298
0	1
0	0.153509
0	0.0350877
0	0.0307018
0	0.0438596
0	0.0131579
0	0.0350877
0	0.0526316
0	0.153509
0	0.0307018
0	1
0	0.0263158
0	0.0219298
0	0.0350877
0	0.0438596
0	1
0	0.00877193
0	0.0175439
0	0.0789474
0	0.153509
0	0.153509
0	0.0745614
0	1
0	0.0175439
0	0.0789474
0	0.0131579
0	0.00877193
0	0.00877193
0	0.0570175
0	0.0175439
0	0.0175439
0	0.0833333
0	0.0438596
0	0.0789474
0	0.0438596
0	0.0438596
0	0.0307018
0	0.0131579
0	1
0	1
0	0.0570175
0	0.0307018
0	0.0219298
0	0.0526316
0	0.0350877
0	1
0	0.0307018
0	0.153509
0	0.153509
0	0.0833333
0	0.0438596
0	1
0	0.0438596
0	inf
0	1
0	0.0307018
0	0.0175439
0	1
0	1
0	0.0263158
0	1
0	1
0	1
0	0.0307018
0	0.0131579
0	1
0	1
0	0.0263158
0	0.0307018
0	0.0745614
0	1
0	1
0	0.0175439
0	1
0	0.0350877
0	0.00877193
0	0.0263158
0	1
0	0.0219298
0	1
0	0.0438596
0	0.00877193
0	0.00877193
0	0.00877193
0	1
0	0.0350877
0	0.0526316
0	0.0307018
0	0.0131579
0	0.0833333
0	1
0	0.0833333
0	0.153509
0	0.0263158
0	0.0438596
0	0.0745614
0	0.0307018
0	1
0	0.0350877
0	0.153509
0	0.0833333
0	1
0	0.0263158
0	1
0	0.0350877
0	0.153509
0	0.0131579
0	1
0	0.0219298
0	0.0131579
0	1
0	1
0	1
0	0.0175439
0	0.0175439
0	0.0263158
0	1
0	0.153509
0	0.0263158
0	0.0350877
0	0.0263158
0	1
0	0.00877193
0	1
0	0.0263158
0	0.0438596
0	0.0131579
0	0.00877193
0	0.0175439
0	0.0526316
0	1
0	0.0833333
0	1
0	0.0350877
0	1
0	1
0	1
0	0.0131579
0	0.00877193
0	1
0	0.0219298
0	1
0	1
0	1
0	1
0	0.00877193
0	0.153509
0	0.0350877
0	0.0833333
0	0.0131579
0	0.0526316
0	1
0	1
0	0.0263158
0	1
0	0.00877193
0	0.00877193
0	1
0	0.0263158
0	0.0219298
0	1
0	0.00877193
0	1
0	1
0	0.0438596
0	1
0	0.0219298
0	1
0	0.0570175
0	0.0175439
0	0.0307018
0	1
0	0.0745614
0	1
0	0.153509
0	0.0175439
0	0.0131579
0	0.0131579
0	0.0307018
0	1
0	0.0350877
0	1
0	0.0438596
0	0.0438596
0	1
0	0.00877193
0	0.0745614
0	0.0219298
0	0.0131579
0	0.0438596
0	1
0	0.0570175
0	0.00877193
0	0.0350877
0	inf
0	1
0	0.153509
0	1
0	0.0307018
0	1
0	0.0570175
0	0.0833333
0	0.0526316
0	0.0745614
0	1
0	1
0	1
0	1
0	1
0	0.0307018
0	1
0	0.0175439
0	0.0438596
0	0.0438596
0	0.0175439
0	0.0219298
0	0.0570175
0	1
0	1
0	1
0	1
0	0.0745614
0	0.0175439
0	0.0526316
0	1
0	0.153509
0	1
0	1
0	0.0263158
0	0.0526316
0	0.0263158
0	0.0526316
0	0.0175439
0	0.153509
0	0.0219298
0	0.00877193
0	0.00877193
0	1
0	0.0307018
0	0.0175439
0	1
0	0.0526316
0	1
0	1
0	0.0263158
0	0.0263158
0	1
0	0.0175439
0	0.0175439
0	0.00877193
0	0.0175439
0	0.0175439
0	0.00877193
0	0.0175439
0	0.0833333
0	1
0	0.0219298
0	1
0	0.0219298
0	0.0175439
0	0.0175439
0	0.0526316
0	0.0438596
0	0.0526316
0	0.0350877
0	0.00877193
0	0.0219298
0	0.0175439
0	0.0131579
0	1
0	0.0131579
0	1
0	0.00877193
0	1
0	0.153509
0	0.00877193
0	1
0	1
0	1
0	0.0175439
0	0.00877193
0	0.0350877
0	0.0789474
0	0.0219298
0	0.00877193
0	0.0350877
0	0.00877193
0	1
0	1
0	0.00877193
0	1
0	0.0745614
0	1
0	1
0	1
0	0.153509
0	0.0570175
0	1
0	1
0	0.00877193
0	1
0	1
0	0.00877193
0	0.0438596
0	0.0131579
0	0.0131579
0	0.0526316
0	0.0131579
0	0.00438596
0	0.00877193
0	0.0175439
0	0.00877193
0	0.0438596
0	0.0438596
0	0.0263158
0	0.153509
0	0.00877193
0	1
0	0.00877193
0	0.0350877
0	0.0526316
0	0.00877193
0	1
0	0.0350877
0	0.0175439
0	1
0	1
0	0.00877193
0	0.00877193
0	0.0350877
0	0.0350877
0	0.0307018
0	0.00438596
0	0.153509
0	0.00877193
0	0.153509
0	0.0131579
0	0.0131579
0	1
0	0.153509
0	0.00877193
0	0.0175439
0	0.0131579
0	0.0175439
0	1
0	1
0	0.0526316
0	1
0	0.00877193
0	inf
0	0.0219298
0	0.00877193
0	1
0	0.0263158
0	0.00877193
0	0.00877193
0	0.0219298
0	0.0131579
0	1
0	1
0	0.0131579
0	1
0	1
0	0.00877193
0	1
0	0.0745614
0	1
0	0.0263158
0	1
0	1
0	0.0350877
0	0.00877193
0	1
0	0.00877193
0	0.00438596
0	1
0	0.153509
0	0.0131579
0	0.0350877
0	1
0	1
0	0.00877193
0	0.0307018
0	0.0175439
0	0.0131579
0	1
0	0.0438596
0	0.0175439
0	1
0	0.0438596
0	0.0175439
0	1
0	1
0	1
0	0.0131579
0	1
0	0.0833333
0	0.00877193
0	0.0131579
0	0.0131579
0	0.00877193
0	0.00877193
0	0.0131579
0	0.00877193
0	0.0263158
0	0.0263158
0	1
0	1
0	0.0131579
0	0.0219298
0	1
0	0.0131579
0	1
0	1
0	0.0307018
0	1
0	0.153509
0	0.0263158
0	0.0131579
0	1
0	0.0526316
0	1
0	0.0175439
0	0.0219298
0	0.0131579
0	0.0219298
0	1
0	0.0219298
0	0.153509


