# Persistence diagram <GML/0411.gml>
#
# Dimension   : 0
# Entries     : 250
# Betti number: 1
0	inf
0	1
0	0.112676
0	0.0985915
0	1
0	1
0	1
0	0.126761
0	0.112676
0	1
0	0.056338
0	0.0985915
0	1
0	1
0	0.126761
0	0.0704225
0	0.028169
0	1
0	0.0704225
0	0.0704225
0	1
0	1
0	0.112676
0	0.0985915
0	0.084507
0	0.112676
0	0.15493
0	0.0422535
0	0.0704225
0	0.0985915
0	0.056338
0	0.084507
0	1
0	0.112676
0	0.0704225
0	1
0	1
0	1
0	1
0	0.15493
0	0.0704225
0	0.056338
0	0.112676
0	0.0422535
0	0.028169
0	0.0422535
0	0.15493
0	0.056338
0	0.028169
0	0.112676
0	0.056338
0	0.0422535
0	0.183099
0	0.0422535
0	0.0422535
0	0.112676
0	0.0704225
0	0.183099
0	0.084507
0	1
0	1
0	0.056338
0	0.112676
0	0.056338
0	0.084507
0	0.0704225
0	0.0704225
0	0.084507
0	0.056338
0	0.056338
0	0.15493
0	0.0422535
0	0.084507
0	0.084507
0	0.028169
0	0.0704225
0	0.126761
0	0.028169
0	0.0704225
0	0.0422535
0	0.056338
0	1
0	0.0422535
0	0.0422535
0	1
0	1
0	0.112676
0	0.056338
0	0.15493
0	0.112676
0	0.028169
0	0.056338
0	0.126761
0	0.112676
0	0.028169
0	0.028169
0	0.0704225
0	0.0422535
0	0.112676
0	0.0704225
0	0.0985915
0	0.0704225
0	0.056338
0	0.0422535
0	0.0422535
0	0.0422535
0	0.0422535
0	0.0422535
0	0.0422535
0	0.0422535
0	1
0	0.0422535
0	0.056338
0	0.084507
0	0.028169
0	0.0422535
0	0.0985915
0	1
0	0.112676
0	0.028169
0	0.112676
0	0.084507
0	0.0422535
0	0.056338
0	0.0704225
0	0.0422535
0	0.0422535
0	0.056338
0	0.0704225
0	0.028169
0	1
0	0.056338
0	0.126761
0	0.0422535
0	0.0422535
0	0.056338
0	1
0	0.0704225
0	0.056338
0	0.0985915
0	0.0704225
0	0.0422535
0	0.028169
0	0.056338
0	0.084507
0	0.028169
0	0.028169
0	0.0704225
0	0.0985915
0	0.028169
0	0.056338
0	0.0422535
0	0.028169
0	0.056338
0	0.028169
0	0.056338
0	1
0	0.028169
0	0.112676
0	0.0422535
0	1
0	0.15493
0	0.056338
0	0.084507
0	0.0704225
0	0.084507
0	0.056338
0	0.028169
0	1
0	0.0985915
0	0.0422535
0	0.112676
0	0.183099
0	1
0	1
0	0.0704225
0	0.028169
0	0.056338
0	0.0422535
0	1
0	0.056338
0	0.056338
0	1
0	0.056338
0	1
0	0.0422535
0	0.056338
0	0.028169
0	0.028169
0	0.0422535
0	0.0704225
0	0.084507
0	0.056338
0	1
0	0.056338
0	0.0704225
0	0.028169
0	0.0704225
0	0.028169
0	0.056338
0	0.028169
0	0.183099
0	1
0	0.0422535
0	0.028169
0	0.084507
0	0.0985915
0	0.028169
0	0.028169
0	0.0422535
0	0.028169
0	1
0	0.028169
0	0.056338
0	0.056338
0	0.028169
0	0.084507
0	0.112676
0	1
0	0.084507
0	0.028169
0	1
0	0.0422535
0	1
0	0.0422535
0	0.0704225
0	1
0	0.0422535
0	0.056338
0	0.15493
0	0.0422535
0	1
0	0.028169
0	0.056338
0	0.056338
0	0.0422535
0	0.028169
0	0.028169
0	0.0704225
0	1
0	0.028169
0	0.0704225
0	0.056338
0	1
0	0.0704225
0	0.028169
0	1
0	0.028169
0	0.0422535
0	0.126761


