# Persistence diagram <GML/0418.gml>
#
# Dimension   : 0
# Entries     : 905
# Betti number: 1
0	inf
0	0.0322581
0	1
0	0.0286738
0	0.0716846
0	0.046595
0	0.0896057
0	0.0250896
0	0.0716846
0	0.0358423
0	0.0179211
0	0.0286738
0	0.0286738
0	0.0501792
0	1
0	0.0394265
0	0.0215054
0	1
0	0.0286738
0	1
0	0.0609319
0	1
0	0.0358423
0	1
0	0.0215054
0	0.0609319
0	0.0573477
0	0.0322581
0	0.0250896
0	0.0286738
0	1
0	0.0215054
0	0.0322581
0	0.0250896
0	1
0	1
0	0.0967742
0	0.078853
0	0.0358423
0	0.0250896
0	0.0394265
0	0.0322581
0	0.0286738
0	0.0501792
0	0.046595
0	0.0250896
0	0.0179211
0	0.0107527
0	0.0967742
0	1
0	0.0394265
0	0.046595
0	0.0501792
0	1
0	1
0	0.0609319
0	0.0286738
0	0.0358423
0	0.0573477
0	0.0143369
0	0.0215054
0	0.0143369
0	0.0286738
0	0.0394265
0	1
0	0.046595
0	0.0286738
0	0.0358423
0	0.0250896
0	0.0286738
0	1
0	0.0215054
0	0.0107527
0	0.046595
0	0.0609319
0	0.0716846
0	1
0	0.0358423
0	0.0394265
0	0.0250896
0	0.0179211
0	0.0394265
0	1
0	0.0215054
0	0.0286738
0	0.0286738
0	1
0	0.0250896
0	1
0	0.00716846
0	0.00716846
0	0.0716846
0	0.0215054
0	1
0	1
0	1
0	1
0	0.0322581
0	0.0967742
0	0.0250896
0	0.0179211
0	0.0286738
0	1
0	1
0	1
0	0.0179211
0	1
0	0.0179211
0	1
0	0.0824373
0	0.0573477
0	0.0179211
0	0.0860215
0	1
0	0.0358423
0	0.0394265
0	1
0	1
0	0.0716846
0	0.0107527
0	0.0179211
0	0.114695
0	1
0	0.0394265
0	0.0143369
0	1
0	0.0143369
0	0.0215054
0	1
0	0.0967742
0	1
0	0.046595
0	0.0250896
0	0.0358423
0	1
0	1
0	0.0358423
0	0.0107527
0	1
0	0.0716846
0	0.0501792
0	0.0358423
0	1
0	0.0250896
0	0.0286738
0	0.0824373
0	1
0	0.0215054
0	0.0107527
0	0.0501792
0	0.0573477
0	0.0824373
0	0.0143369
0	0.0286738
0	0.0143369
0	0.0394265
0	0.0860215
0	1
0	0.0358423
0	1
0	0.0286738
0	0.078853
0	0.078853
0	0.0179211
0	0.0896057
0	1
0	0.0143369
0	1
0	0.0394265
0	0.0215054
0	0.0215054
0	0.0215054
0	0.0143369
0	1
0	0.0896057
0	1
0	0.0286738
0	0.0179211
0	0.0143369
0	1
0	0.0967742
0	0.0250896
0	0.0215054
0	1
0	0.0716846
0	0.0358423
0	0.100358
0	0.0143369
0	0.0215054
0	0.0322581
0	0.0250896
0	0.0179211
0	0.00716846
0	0.00716846
0	1
0	0.0609319
0	1
0	0.0322581
0	1
0	1
0	0.0215054
0	0.0107527
0	0.0394265
0	0.0358423
0	0.0358423
0	1
0	0.0537634
0	0.0896057
0	1
0	0.0107527
0	0.0716846
0	0.0322581
0	0.0716846
0	0.0896057
0	0.0215054
0	0.0215054
0	0.0143369
0	0.046595
0	0.0501792
0	0.0322581
0	0.0143369
0	1
0	0.0716846
0	0.0322581
0	0.0394265
0	0.0179211
0	0.0609319
0	0.100358
0	1
0	0.046595
0	0.0358423
0	0.0215054
0	0.00716846
0	0.0215054
0	0.0179211
0	0.0107527
0	0.0215054
0	0.00716846
0	1
0	0.00716846
0	0.00716846
0	0.0537634
0	0.0107527
0	0.0107527
0	1
0	0.0215054
0	1
0	0.0716846
0	0.0179211
0	0.0609319
0	1
0	0.00716846
0	1
0	0.0896057
0	0.0179211
0	0.0107527
0	0.0573477
0	0.00716846
0	0.0286738
0	0.0215054
0	0.0215054
0	0.0215054
0	0.0143369
0	0.00716846
0	0.0394265
0	0.0501792
0	1
0	0.0107527
0	1
0	0.0250896
0	0.100358
0	0.0179211
0	0.0358423
0	1
0	0.0286738
0	0.0179211
0	0.0358423
0	0.0215054
0	0.0250896
0	0.0143369
0	0.0501792
0	0.0215054
0	0.0896057
0	0.0394265
0	0.0107527
0	1
0	0.00716846
0	0.0107527
0	1
0	0.0215054
0	0.046595
0	1
0	0.0215054
0	1
0	1
0	0.0143369
0	0.00716846
0	0.0179211
0	1
0	0.0501792
0	0.0824373
0	1
0	1
0	0.00716846
0	1
0	0.0501792
0	0.0143369
0	0.0358423
0	0.0716846
0	0.0215054
0	0.100358
0	1
0	0.0609319
0	0.00716846
0	0.078853
0	0.0215054
0	0.0609319
0	0.0394265
0	0.0358423
0	0.0501792
0	0.114695
0	0.0179211
0	0.0179211
0	0.078853
0	0.0215054
0	0.046595
0	0.046595
0	0.0107527
0	0.0179211
0	1
0	1
0	0.0322581
0	0.0107527
0	1
0	0.046595
0	0.0286738
0	0.0143369
0	0.0107527
0	0.0967742
0	0.0358423
0	1
0	0.00716846
0	0.046595
0	0.0107527
0	0.0143369
0	0.0609319
0	0.046595
0	0.0107527
0	0.0394265
0	0.0573477
0	1
0	0.0896057
0	1
0	0.0286738
0	0.0143369
0	0.0143369
0	1
0	0.0286738
0	0.0107527
0	0.0716846
0	0.0967742
0	0.0215054
0	0.0358423
0	1
0	1
0	0.0143369
0	0.0143369
0	0.0609319
0	0.0322581
0	0.0358423
0	0.0250896
0	0.00716846
0	0.0394265
0	0.0179211
0	0.0286738
0	0.100358
0	1
0	0.0322581
0	0.0215054
0	1
0	0.0716846
0	0.0896057
0	0.0286738
0	0.0286738
0	0.0250896
0	0.0143369
0	0.100358
0	0.0143369
0	1
0	1
0	0.0286738
0	0.0143369
0	0.0179211
0	0.0250896
0	0.0394265
0	0.0609319
0	0.00716846
0	0.0286738
0	0.0215054
0	0.0215054
0	0.0358423
0	0.0179211
0	0.0143369
0	0.0143369
0	0.114695
0	0.0358423
0	0.0501792
0	0.00716846
0	0.0107527
0	1
0	1
0	0.0107527
0	0.0394265
0	0.0573477
0	0.0107527
0	0.0322581
0	0.0537634
0	0.0107527
0	0.0107527
0	0.00716846
0	1
0	0.0716846
0	0.0286738
0	0.0322581
0	1
0	0.0824373
0	0.0215054
0	0.0394265
0	0.0179211
0	1
0	0.0286738
0	1
0	0.100358
0	0.0394265
0	0.046595
0	0.0179211
0	0.0143369
0	1
0	0.0107527
0	0.0322581
0	0.0286738
0	0.0143369
0	0.0322581
0	0.0250896
0	0.0286738
0	1
0	1
0	0.046595
0	0.114695
0	0.0215054
0	1
0	1
0	0.0358423
0	0.0143369
0	0.00716846
0	0.0358423
0	1
0	0.0322581
0	0.0143369
0	0.0107527
0	0.114695
0	0.0107527
0	1
0	0.0179211
0	0.0143369
0	0.0860215
0	0.0286738
0	0.0215054
0	0.0179211
0	0.0107527
0	1
0	0.0107527
0	0.0215054
0	0.0358423
0	0.0860215
0	0.0716846
0	0.0143369
0	0.0896057
0	1
0	0.0394265
0	1
0	0.100358
0	0.0107527
0	0.00716846
0	0.0609319
0	0.0286738
0	0.0573477
0	1
0	0.0179211
0	0.0967742
0	0.0107527
0	0.0143369
0	0.0215054
0	0.0143369
0	0.0107527
0	0.0250896
0	1
0	0.0107527
0	1
0	0.0107527
0	0.00716846
0	0.00716846
0	0.0286738
0	0.0215054
0	0.0609319
0	1
0	0.0179211
0	0.0215054
0	0.0967742
0	0.00716846
0	0.0215054
0	0.00716846
0	0.046595
0	0.100358
0	0.0107527
0	0.0215054
0	0.0143369
0	1
0	0.0215054
0	0.0215054
0	0.100358
0	0.046595
0	0.0967742
0	1
0	0.00716846
0	0.0107527
0	1
0	0.0322581
0	0.0896057
0	0.0573477
0	0.0107527
0	0.0394265
0	0.0215054
0	0.0967742
0	0.0107527
0	0.0358423
0	1
0	0.00716846
0	0.0143369
0	0.114695
0	0.00716846
0	0.0179211
0	0.0215054
0	0.0215054
0	0.0143369
0	0.0107527
0	0.0215054
0	1
0	1
0	0.0358423
0	0.0286738
0	0.0179211
0	0.0179211
0	0.0107527
0	0.0286738
0	0.0107527
0	0.0609319
0	0.00716846
0	0.0967742
0	1
0	1
0	0.0286738
0	1
0	0.0215054
0	0.0322581
0	0.0358423
0	0.0179211
0	0.0179211
0	0.0215054
0	1
0	1
0	0.046595
0	0.0143369
0	0.0286738
0	0.0107527
0	0.0179211
0	0.0286738
0	0.0107527
0	0.0143369
0	1
0	1
0	0.0107527
0	0.046595
0	0.00716846
0	0.00716846
0	0.0860215
0	1
0	1
0	0.0107527
0	0.0716846
0	0.0107527
0	0.0143369
0	0.00716846
0	1
0	0.0716846
0	0.0107527
0	1
0	0.0967742
0	0.0107527
0	0.0143369
0	0.114695
0	0.0537634
0	0.0143369
0	1
0	0.0179211
0	0.0179211
0	0.0107527
0	0.0107527
0	1
0	1
0	0.0394265
0	1
0	0.0322581
0	0.0143369
0	0.0358423
0	0.0967742
0	0.0609319
0	0.0286738
0	0.0716846
0	0.0179211
0	0.0573477
0	0.0107527
0	0.0322581
0	0.0286738
0	0.0322581
0	1
0	0.0716846
0	1
0	0.0107527
0	0.0286738
0	0.0501792
0	0.0286738
0	0.0107527
0	0.00716846
0	0.0501792
0	0.0286738
0	0.046595
0	0.0107527
0	0.0716846
0	1
0	0.0143369
0	0.0143369
0	0.0143369
0	0.0215054
0	0.00716846
0	0.0896057
0	0.0143369
0	1
0	0.0215054
0	1
0	0.0322581
0	0.0179211
0	0.00716846
0	0.0107527
0	0.0107527
0	0.0179211
0	0.0107527
0	0.00716846
0	1
0	1
0	0.0286738
0	0.0358423
0	0.0716846
0	1
0	0.0179211
0	0.0358423
0	0.0896057
0	0.0107527
0	0.00716846
0	0.0107527
0	1
0	0.0215054
0	1
0	0.0107527
0	0.0179211
0	1
0	1
0	1
0	0.114695
0	0.0179211
0	0.0107527
0	0.0609319
0	0.00716846
0	0.0215054
0	0.0107527
0	0.0358423
0	1
0	0.0107527
0	0.0143369
0	0.0394265
0	0.0286738
0	0.0215054
0	0.00716846
0	0.0107527
0	0.0250896
0	0.0107527
0	0.0215054
0	1
0	0.0107527
0	0.0286738
0	0.114695
0	0.0215054
0	0.0107527
0	0.00716846
0	0.0179211
0	0.0215054
0	1
0	0.0215054
0	0.100358
0	0.0143369
0	0.0716846
0	0.0107527
0	1
0	0.046595
0	0.0286738
0	1
0	0.0215054
0	0.0143369
0	0.00716846
0	0.0501792
0	0.00716846
0	1
0	1
0	0.0716846
0	0.0143369
0	0.0143369
0	0.00716846
0	1
0	0.0716846
0	0.0143369
0	0.00716846
0	0.0179211
0	0.00716846
0	1
0	0.0143369
0	0.0215054
0	1
0	1
0	0.0286738
0	0.0179211
0	0.0286738
0	0.0143369
0	0.0501792
0	0.114695
0	0.00716846
0	0.100358
0	0.0573477
0	0.0107527
0	1
0	0.0143369
0	0.0573477
0	0.0358423
0	0.0250896
0	0.0107527
0	1
0	0.0358423
0	0.0322581
0	0.114695
0	0.0179211
0	0.0394265
0	0.0179211
0	0.0107527
0	0.0215054
0	0.046595
0	0.0322581
0	1
0	0.0107527
0	0.0394265
0	0.00716846
0	0.00716846
0	0.0860215
0	0.0250896
0	0.114695
0	0.0860215
0	0.0286738
0	0.00716846
0	0.046595
0	0.0215054
0	0.0716846
0	0.078853
0	0.114695
0	0.0107527
0	0.0143369
0	0.0716846
0	0.0394265
0	1
0	0.00716846
0	0.0286738
0	0.0215054
0	0.0143369
0	0.0215054
0	0.0215054
0	0.046595
0	0.00716846
0	0.00716846
0	1
0	0.0107527
0	0.0107527
0	0.00716846
0	0.00716846
0	0.0215054
0	0.0107527
0	0.0215054
0	0.0609319
0	0.0322581
0	0.0250896
0	0.0215054
0	1
0	1
0	0.0358423
0	0.0179211
0	0.0215054
0	0.0716846
0	0.00716846
0	1
0	0.0179211
0	0.00716846
0	0.0143369
0	0.0143369
0	1
0	0.0107527
0	0.0824373
0	1
0	0.0896057
0	0.0107527
0	0.00716846
0	0.0107527
0	0.0215054
0	0.0716846
0	1
0	0.046595
0	0.0143369
0	0.00716846
0	1
0	0.0107527
0	0.0179211
0	1
0	0.00716846
0	0.0107527
0	0.0143369
0	0.0179211
0	1
0	0.0967742
0	0.0215054
0	0.0143369
0	1
0	0.0358423
0	0.00716846
0	0.0609319
0	0.00716846
0	1
0	0.078853
0	1
0	0.0107527
0	0.0215054
0	0.0358423
0	0.0286738
0	1
0	1
0	0.114695
0	1
0	0.0107527
0	1
0	1
0	0.0501792
0	0.046595
0	0.0286738
0	0.0143369
0	0.0143369
0	0.0286738
0	0.0716846
0	0.0322581
0	1
0	0.078853
0	0.0107527
0	1
0	0.0107527
0	0.0107527
0	0.0250896
0	0.046595
0	0.0143369
0	0.0537634
0	0.00716846
0	0.0107527
0	1
0	1
0	0.0107527
0	0.00716846
0	0.00716846
0	1
0	0.0107527
0	0.0107527
0	0.0143369
0	0.0107527
0	0.00716846
0	0.0501792
0	1
0	0.0179211
0	0.0860215
0	1
0	0.00716846
0	0.0107527
0	0.100358
0	1
0	0.00716846


