# Persistence diagram <GML/0423.gml>
#
# Dimension   : 1
# Entries     : 188
# Betti number: 187
0.0168776	inf
0.0253165	0.0675105
0.0253165	inf
0.0253165	inf
0.0295359	inf
0.0295359	inf
0.0295359	inf
0.0337553	inf
0.0337553	inf
0.0337553	inf
0.0337553	inf
0.0337553	inf
0.0337553	inf
0.0337553	inf
0.0337553	inf
0.0337553	inf
0.0379747	inf
0.0379747	inf
0.0379747	inf
0.0379747	inf
0.0379747	inf
0.0379747	inf
0.0379747	inf
0.0379747	inf
0.0379747	inf
0.0421941	inf
0.0421941	inf
0.0421941	inf
0.0421941	inf
0.0421941	inf
0.0421941	inf
0.0464135	inf
0.0464135	inf
0.0464135	inf
0.0464135	inf
0.0464135	inf
0.0464135	inf
0.0464135	inf
0.0506329	inf
0.0506329	inf
0.0506329	inf
0.0506329	inf
0.0506329	inf
0.0506329	inf
0.0506329	inf
0.0506329	inf
0.0506329	inf
0.0506329	inf
0.0506329	inf
0.0506329	inf
0.0506329	inf
0.0506329	inf
0.0506329	inf
0.0506329	inf
0.0506329	inf
0.0506329	inf
0.0506329	inf
0.0506329	inf
0.0548523	inf
0.0548523	inf
0.0548523	inf
0.0548523	inf
0.0590717	inf
0.0675105	inf
0.0675105	inf
0.0675105	inf
0.0675105	inf
0.0759494	inf
0.0759494	inf
0.0759494	inf
0.0759494	inf
0.0759494	inf
0.0759494	inf
0.0759494	inf
0.0759494	inf
0.0843882	inf
0.0843882	inf
0.0843882	inf
0.0843882	inf
0.0843882	inf
0.0843882	inf
0.0843882	inf
0.0843882	inf
0.0843882	inf
0.0843882	inf
0.0843882	inf
0.0970464	inf
0.0970464	inf
0.0970464	inf
0.0970464	inf
0.0970464	inf
0.113924	inf
0.113924	inf
0.113924	inf
0.113924	inf
0.113924	inf
0.113924	inf
0.118143	inf
0.118143	inf
0.118143	inf
0.118143	inf
0.118143	inf
0.118143	inf
0.118143	inf
0.118143	inf
0.118143	inf
0.118143	inf
0.118143	inf
0.118143	inf
0.118143	inf
0.118143	inf
0.118143	inf
0.130802	inf
0.130802	inf
0.130802	inf
0.130802	inf
0.130802	inf
0.130802	inf
0.130802	inf
0.130802	inf
0.130802	inf
0.130802	inf
0.130802	inf
0.130802	inf
0.130802	inf
1	inf
1	inf
1	inf
1	inf
1	inf
1	inf
1	inf
1	inf
1	inf
1	inf
1	inf
1	inf
1	inf
1	inf
1	inf
1	inf
1	inf
1	inf
1	inf
1	inf
1	inf
1	inf
1	inf
1	inf
1	inf
1	inf
1	inf
1	inf
1	inf
1	inf
1	inf
1	inf
1	inf
1	inf
1	inf
1	inf
1	inf
1	inf
1	inf
1	inf
1	inf
1	inf
1	inf
1	inf
1	inf
1	inf
1	inf
1	inf
1	inf
1	inf
1	inf
1	inf
1	inf
1	inf
1	inf
1	inf
1	inf
1	inf
1	inf
1	inf
1	inf
1	inf
1	inf
