# Persistence diagram <GML/0424.gml>
#
# Dimension   : 0
# Entries     : 69
# Betti number: 2
0	inf
0	0.565217
0	1
0	0.0869565
0	1
0	0.173913
0	inf
0	1
0	0.565217
0	1
0	0.26087
0	0.565217
0	0.26087
0	0.565217
0	0.130435
0	0.391304
0	1
0	1
0	1
0	0.173913
0	1
0	0.130435
0	1
0	0.565217
0	0.217391
0	1
0	0.0869565
0	0.391304
0	0.391304
0	1
0	0.391304
0	0.130435
0	0.173913
0	0.26087
0	0.173913
0	0.217391
0	0.0869565
0	0.130435
0	1
0	1
0	0.130435
0	1
0	0.565217
0	0.130435
0	0.130435
0	1
0	1
0	0.0869565
0	0.217391
0	0.173913
0	1
0	0.130435
0	0.391304
0	0.391304
0	0.130435
0	0.391304
0	0.26087
0	0.0869565
0	0.217391
0	0.391304
0	1
0	0.0869565
0	1
0	0.565217
0	0.130435
0	1
0	0.130435
0	0.0869565
0	0.130435


