# Persistence diagram <GML/0425.gml>
#
# Dimension   : 0
# Entries     : 118
# Betti number: 1
0	inf
0	1
0	1
0	0.289474
0	0.289474
0	0.0789474
0	1
0	0.184211
0	1
0	0.131579
0	1
0	0.210526
0	1
0	0.184211
0	1
0	0.131579
0	1
0	0.131579
0	0.184211
0	0.289474
0	1
0	0.184211
0	0.131579
0	1
0	0.184211
0	0.131579
0	0.184211
0	0.184211
0	1
0	0.289474
0	0.184211
0	1
0	0.131579
0	0.184211
0	0.184211
0	0.0789474
0	0.184211
0	0.131579
0	1
0	0.0789474
0	0.210526
0	0.184211
0	0.0789474
0	0.289474
0	0.0789474
0	0.289474
0	0.0789474
0	0.210526
0	0.184211
0	1
0	0.105263
0	1
0	0.289474
0	0.184211
0	0.184211
0	0.0526316
0	0.184211
0	0.105263
0	0.0789474
0	1
0	0.184211
0	0.210526
0	0.0789474
0	0.0789474
0	1
0	1
0	0.0789474
0	0.131579
0	0.0789474
0	0.105263
0	0.0526316
0	1
0	0.105263
0	0.0526316
0	0.0789474
0	0.131579
0	1
0	0.105263
0	0.184211
0	1
0	0.0789474
0	0.210526
0	1
0	0.0526316
0	0.0526316
0	0.0789474
0	0.184211
0	1
0	1
0	1
0	0.0526316
0	1
0	0.105263
0	0.0789474
0	0.131579
0	0.105263
0	1
0	0.184211
0	0.131579
0	0.131579
0	0.210526
0	0.0526316
0	0.0526316
0	0.184211
0	0.0526316
0	0.0526316
0	0.184211
0	1
0	1
0	0.105263
0	0.0526316
0	1
0	0.131579
0	0.0526316
0	0.131579
0	1
0	0.131579
0	0.105263


