# Persistence diagram <GML/0428.gml>
#
# Dimension   : 0
# Entries     : 519
# Betti number: 3
0	inf
0	0.07393
0	1
0	1
0	0.0350195
0	1
0	0.0817121
0	0.0311284
0	0.0311284
0	0.0194553
0	1
0	1
0	1
0	0.07393
0	0.0622568
0	1
0	1
0	0.0622568
0	0.116732
0	0.0350195
0	1
0	0.0194553
0	0.0194553
0	0.0622568
0	0.0194553
0	1
0	0.07393
0	0.0933852
0	1
0	1
0	1
0	1
0	0.0311284
0	0.116732
0	0.0194553
0	0.0311284
0	0.0116732
0	0.0155642
0	1
0	1
0	1
0	0.116732
0	0.0116732
0	0.0272374
0	1
0	0.0817121
0	0.0350195
0	0.0194553
0	0.0311284
0	1
0	1
0	0.0233463
0	0.07393
0	0.0194553
0	0.0311284
0	0.0194553
0	1
0	1
0	1
0	1
0	1
0	0.0933852
0	0.0155642
0	1
0	0.0311284
0	1
0	1
0	0.0155642
0	1
0	0.07393
0	1
0	1
0	0.0817121
0	1
0	0.0311284
0	0.0272374
0	0.0622568
0	0.116732
0	1
0	0.0622568
0	1
0	1
0	0.0622568
0	1
0	0.116732
0	0.0194553
0	0.0311284
0	1
0	1
0	0.0817121
0	0.0155642
0	0.0272374
0	0.0116732
0	1
0	0.0194553
0	1
0	0.07393
0	0.07393
0	0.0622568
0	0.0622568
0	0.0194553
0	0.0933852
0	0.0155642
0	0.0817121
0	0.0194553
0	0.0350195
0	1
0	0.0272374
0	0.0155642
0	0.0350195
0	1
0	0.0194553
0	1
0	1
0	0.0155642
0	0.0155642
0	1
0	0.0311284
0	1
0	0.0311284
0	1
0	0.0311284
0	0.0116732
0	1
0	inf
0	0.0311284
0	0.0233463
0	0.0194553
0	0.0077821
0	0.0622568
0	0.116732
0	0.0116732
0	0.0077821
0	1
0	0.0116732
0	1
0	1
0	0.0194553
0	0.0155642
0	0.0233463
0	0.0155642
0	0.0116732
0	1
0	1
0	0.0233463
0	1
0	0.0155642
0	0.0933852
0	0.07393
0	0.0194553
0	0.0155642
0	0.116732
0	0.0077821
0	0.0233463
0	1
0	0.0933852
0	1
0	1
0	1
0	0.0272374
0	0.0272374
0	0.0116732
0	0.0194553
0	1
0	0.0077821
0	0.0155642
0	0.0622568
0	1
0	1
0	0.0311284
0	0.0077821
0	0.0155642
0	0.0116732
0	0.0155642
0	0.0194553
0	0.0155642
0	1
0	1
0	0.0155642
0	0.0272374
0	1
0	0.0194553
0	0.0194553
0	1
0	1
0	0.0116732
0	0.0155642
0	1
0	0.0077821
0	0.0155642
0	0.0272374
0	1
0	0.0194553
0	0.0116732
0	1
0	0.0077821
0	1
0	1
0	1
0	1
0	1
0	0.00389105
0	0.0155642
0	0.0233463
0	0.0194553
0	1
0	0.0077821
0	0.0233463
0	0.0194553
0	0.0194553
0	0.0194553
0	1
0	0.0817121
0	1
0	0.0116732
0	0.0077821
0	0.0350195
0	1
0	0.0116732
0	1
0	0.0817121
0	1
0	1
0	1
0	0.0155642
0	0.0194553
0	0.0155642
0	1
0	0.0077821
0	0.0155642
0	inf
0	0.0817121
0	0.0194553
0	1
0	1
0	0.0311284
0	0.0194553
0	0.0155642
0	0.0077821
0	1
0	0.0155642
0	0.0155642
0	0.0155642
0	1
0	0.0116732
0	1
0	1
0	0.0155642
0	1
0	0.0116732
0	0.0272374
0	0.0077821
0	0.0311284
0	1
0	0.0077821
0	0.0194553
0	1
0	1
0	0.0155642
0	0.0272374
0	1
0	0.0155642
0	1
0	0.0194553
0	1
0	0.0077821
0	0.0155642
0	0.0155642
0	0.0116732
0	0.0933852
0	0.0233463
0	1
0	0.0233463
0	0.0194553
0	1
0	1
0	0.116732
0	1
0	0.0116732
0	1
0	0.0077821
0	0.0194553
0	0.0194553
0	1
0	0.0233463
0	0.0194553
0	1
0	1
0	0.0311284
0	0.0194553
0	0.0155642
0	0.0116732
0	0.0933852
0	0.0350195
0	1
0	0.0311284
0	1
0	0.116732
0	1
0	0.0350195
0	1
0	0.07393
0	0.0077821
0	1
0	1
0	0.0116732
0	1
0	1
0	0.0194553
0	0.07393
0	0.0194553
0	0.0155642
0	1
0	0.0272374
0	1
0	0.0116732
0	1
0	0.0155642
0	1
0	1
0	0.0155642
0	0.0155642
0	0.0116732
0	0.0077821
0	0.0933852
0	0.0311284
0	0.0194553
0	1
0	0.0116732
0	1
0	1
0	0.0116732
0	0.0077821
0	1
0	0.0155642
0	0.0116732
0	1
0	0.0155642
0	0.0077821
0	1
0	0.0077821
0	0.0116732
0	0.0077821
0	0.0155642
0	0.0155642
0	0.0155642
0	0.0622568
0	1
0	0.0116732
0	1
0	0.0622568
0	0.0116732
0	0.07393
0	0.0077821
0	0.07393
0	1
0	0.0933852
0	0.0077821
0	0.0077821
0	0.0311284
0	1
0	0.0077821
0	0.0272374
0	1
0	1
0	1
0	0.0077821
0	1
0	0.0272374
0	1
0	0.0817121
0	0.0155642
0	0.0116732
0	1
0	1
0	0.07393
0	1
0	1
0	1
0	0.0077821
0	0.0077821
0	0.0194553
0	0.116732
0	0.0116732
0	0.116732
0	0.0155642
0	0.0194553
0	1
0	0.116732
0	0.0233463
0	0.0077821
0	1
0	0.0155642
0	1
0	0.0155642
0	0.0233463
0	0.0155642
0	0.0933852
0	0.0350195
0	0.00389105
0	0.0116732
0	0.0155642
0	0.0155642
0	1
0	1
0	1
0	0.0194553
0	1
0	0.0155642
0	1
0	1
0	1
0	0.0116732
0	1
0	1
0	0.0077821
0	0.0077821
0	0.0311284
0	1
0	0.0116732
0	0.0272374
0	0.0194553
0	1
0	0.116732
0	0.0077821
0	1
0	0.0272374
0	1
0	0.0311284
0	0.0272374
0	0.0077821
0	0.0933852
0	0.07393
0	0.0350195
0	1
0	1
0	0.0116732
0	1
0	0.116732
0	1
0	1
0	1
0	0.0817121
0	1
0	0.0116732
0	0.0272374
0	1
0	1
0	1
0	0.0155642
0	0.0233463
0	1
0	0.0194553
0	0.0077821
0	0.0233463
0	1
0	1
0	0.0077821
0	1
0	1
0	0.0933852
0	0.0194553
0	0.0077821
0	0.0350195
0	1
0	0.0116732
0	0.0155642
0	0.0077821
0	0.0077821
0	1
0	0.0311284
0	1
0	0.0116732
0	1
0	0.0233463
0	0.0077821
0	0.0194553
0	0.0077821
0	1
0	0.0077821
0	0.0155642
0	0.0077821
0	0.0116732
0	0.0077821
0	0.0077821
0	1
0	0.0116732
0	0.0194553
0	1
0	0.0933852
0	0.0155642
0	0.0116732
0	0.0155642
0	1
0	0.0194553
0	0.0194553
0	1
0	1
0	0.0077821
0	0.0194553
0	0.0116732
0	1
0	0.0155642
0	0.0933852
0	1
0	1
0	0.0155642
0	0.0155642
0	1
0	0.0817121
0	0.0311284
0	1
0	1
0	0.0077821
0	0.0194553
0	0.0077821
0	1
0	0.0194553
0	0.0077821


