# Persistence diagram <GML/0430.gml>
#
# Dimension   : 0
# Entries     : 139
# Betti number: 2
0	inf
0	0.119048
0	inf
0	0.214286
0	0.0952381
0	0.214286
0	1
0	0.142857
0	0.166667
0	1
0	1
0	0.285714
0	0.0952381
0	0.285714
0	1
0	1
0	0.047619
0	1
0	1
0	0.285714
0	0.047619
0	0.119048
0	0.214286
0	0.119048
0	0.166667
0	0.142857
0	0.214286
0	0.0714286
0	0.119048
0	0.0952381
0	0.214286
0	0.166667
0	0.0714286
0	0.119048
0	0.190476
0	0.0952381
0	0.166667
0	1
0	1
0	0.047619
0	0.0714286
0	0.0714286
0	0.119048
0	0.0952381
0	0.166667
0	0.0714286
0	1
0	0.047619
0	0.047619
0	0.047619
0	0.0952381
0	0.0952381
0	0.214286
0	0.0714286
0	0.214286
0	0.0952381
0	1
0	0.0714286
0	0.047619
0	0.119048
0	0.0714286
0	1
0	0.119048
0	0.190476
0	1
0	1
0	0.047619
0	0.0714286
0	1
0	0.0714286
0	0.119048
0	0.166667
0	0.047619
0	0.047619
0	0.0714286
0	0.190476
0	0.142857
0	0.047619
0	1
0	1
0	1
0	1
0	0.0952381
0	0.166667
0	0.142857
0	0.166667
0	0.047619
0	0.142857
0	1
0	0.0952381
0	0.047619
0	1
0	0.190476
0	0.047619
0	0.047619
0	0.214286
0	0.119048
0	0.214286
0	1
0	0.0238095
0	0.119048
0	0.166667
0	1
0	1
0	0.119048
0	0.047619
0	1
0	0.285714
0	0.119048
0	1
0	0.119048
0	1
0	1
0	1
0	0.214286
0	0.285714
0	0.0714286
0	0.190476
0	0.0952381
0	0.119048
0	0.047619
0	0.0714286
0	0.119048
0	1
0	0.285714
0	0.166667
0	0.0714286
0	1
0	0.0952381
0	1
0	0.0952381
0	0.0714286
0	0.047619
0	0.0714286
0	0.047619
0	1
0	0.166667
0	1
0	0.047619


