# Persistence diagram <GML/0433.gml>
#
# Dimension   : 0
# Entries     : 99
# Betti number: 1
0	inf
0	1
0	0.333333
0	1
0	0.233333
0	0.333333
0	0.3
0	1
0	0.166667
0	0.166667
0	1
0	0.1
0	0.233333
0	0.133333
0	0.166667
0	0.133333
0	0.166667
0	0.233333
0	1
0	0.333333
0	0.0666667
0	0.233333
0	0.333333
0	0.166667
0	0.333333
0	0.333333
0	0.133333
0	0.133333
0	0.233333
0	0.0666667
0	1
0	0.133333
0	0.333333
0	1
0	0.1
0	0.2
0	0.1
0	0.333333
0	0.3
0	0.233333
0	1
0	0.1
0	0.333333
0	0.3
0	1
0	0.3
0	1
0	0.2
0	0.166667
0	0.0666667
0	0.1
0	0.233333
0	0.0666667
0	0.166667
0	0.2
0	1
0	0.0666667
0	0.333333
0	1
0	0.333333
0	1
0	0.233333
0	0.333333
0	0.1
0	0.0666667
0	0.1
0	0.0666667
0	0.0666667
0	0.233333
0	0.0666667
0	0.133333
0	0.333333
0	0.1
0	0.0666667
0	0.0666667
0	0.1
0	0.2
0	0.233333
0	0.233333
0	0.1
0	0.1
0	1
0	1
0	0.1
0	0.1
0	0.1
0	0.1
0	0.233333
0	0.1
0	0.0666667
0	0.233333
0	1
0	0.1
0	0.1
0	0.1
0	0.1
0	0.166667
0	0.233333
0	0.333333


