# Persistence diagram <GML/0444.gml>
#
# Dimension   : 0
# Entries     : 276
# Betti number: 2
0	inf
0	1
0	0.0918367
0	1
0	0.0918367
0	0.0510204
0	0.153061
0	0.153061
0	1
0	0.377551
0	0.0714286
0	0.0510204
0	0.377551
0	0.153061
0	0.0510204
0	1
0	0.0918367
0	0.0510204
0	1
0	0.377551
0	0.0714286
0	0.0408163
0	0.112245
0	0.153061
0	1
0	1
0	1
0	0.0612245
0	0.0510204
0	0.0714286
0	0.0306122
0	1
0	0.0510204
0	0.173469
0	0.173469
0	0.0510204
0	0.0510204
0	1
0	0.0510204
0	1
0	1
0	1
0	0.0204082
0	1
0	1
0	0.0918367
0	0.377551
0	0.0408163
0	0.0306122
0	1
0	1
0	0.0408163
0	0.0306122
0	0.112245
0	0.377551
0	0.377551
0	0.377551
0	1
0	0.153061
0	0.0612245
0	0.0510204
0	1
0	0.0612245
0	0.0510204
0	0.0612245
0	0.0306122
0	0.0510204
0	0.0714286
0	0.0204082
0	1
0	0.0612245
0	1
0	0.0510204
0	0.0408163
0	1
0	0.173469
0	0.377551
0	1
0	0.377551
0	0.0306122
0	0.377551
0	0.0306122
0	0.0510204
0	0.0408163
0	0.0510204
0	0.0510204
0	1
0	0.0204082
0	0.0612245
0	0.0714286
0	0.0510204
0	0.0408163
0	1
0	0.0408163
0	0.173469
0	0.377551
0	0.377551
0	0.0612245
0	0.0612245
0	0.0510204
0	0.0510204
0	1
0	0.0408163
0	1
0	1
0	1
0	0.112245
0	1
0	0.112245
0	0.377551
0	1
0	0.0510204
0	0.0510204
0	0.0204082
0	1
0	0.0306122
0	1
0	0.377551
0	0.0714286
0	0.0306122
0	0.0510204
0	1
0	0.0306122
0	0.173469
0	0.0306122
0	0.0204082
0	0.0612245
0	0.0612245
0	1
0	0.0714286
0	1
0	0.0510204
0	0.377551
0	0.0612245
0	1
0	0.0612245
0	0.0612245
0	0.0408163
0	0.0306122
0	0.0510204
0	0.0612245
0	1
0	0.0612245
0	1
0	0.112245
0	0.0408163
0	0.0204082
0	0.0408163
0	0.0306122
0	0.0612245
0	0.0204082
0	1
0	1
0	1
0	0.377551
0	0.0306122
0	0.0408163
0	1
0	0.0204082
0	1
0	0.0204082
0	1
0	0.0714286
0	0.0510204
0	1
0	1
0	0.0510204
0	0.0510204
0	0.0612245
0	0.0306122
0	0.0510204
0	0.0306122
0	0.0612245
0	0.0306122
0	0.377551
0	0.0714286
0	inf
0	0.0306122
0	0.0510204
0	0.0204082
0	0.0714286
0	0.0510204
0	0.0204082
0	0.0510204
0	0.173469
0	0.0612245
0	0.0204082
0	0.0612245
0	1
0	0.0714286
0	0.0408163
0	0.0306122
0	0.112245
0	1
0	0.0306122
0	0.0510204
0	1
0	0.377551
0	1
0	1
0	0.153061
0	0.0408163
0	0.0612245
0	0.0306122
0	0.0204082
0	0.0510204
0	0.0204082
0	0.377551
0	0.0510204
0	0.0408163
0	0.0204082
0	0.0306122
0	0.0306122
0	0.0306122
0	1
0	0.0204082
0	0.0306122
0	0.0612245
0	0.377551
0	0.0408163
0	0.153061
0	0.0306122
0	0.0510204
0	0.0510204
0	0.0306122
0	0.0612245
0	0.0714286
0	1
0	0.377551
0	1
0	0.0510204
0	0.0510204
0	1
0	0.0408163
0	0.377551
0	0.112245
0	0.0306122
0	0.0306122
0	1
0	0.0204082
0	0.0714286
0	0.0408163
0	0.0408163
0	0.0510204
0	0.0714286
0	0.0102041
0	0.0510204
0	0.0918367
0	0.0306122
0	0.0510204
0	0.0510204
0	0.0408163
0	1
0	0.0306122
0	0.0204082
0	0.0510204
0	0.173469
0	0.0204082
0	0.0408163
0	0.0612245
0	0.0612245
0	0.0204082
0	0.0408163
0	0.0714286
0	0.0612245
0	0.0612245
0	0.0612245
0	1
0	1
0	1
0	1
0	0.0510204
0	0.0204082
0	0.0612245
0	0.377551
0	0.0408163


