# Persistence diagram <GML/0447.gml>
#
# Dimension   : 0
# Entries     : 832
# Betti number: 4
0	inf
0	1
0	0.0382353
0	1
0	0.0323529
0	0.0264706
0	0.0264706
0	0.0323529
0	0.0352941
0	0.0176471
0	0.0235294
0	0.0205882
0	1
0	0.0294118
0	0.0558824
0	0.0235294
0	1
0	1
0	0.0176471
0	0.0558824
0	1
0	0.0235294
0	1
0	0.0205882
0	1
0	0.0147059
0	0.0264706
0	0.0294118
0	0.0352941
0	1
0	1
0	1
0	1
0	1
0	1
0	0.0294118
0	1
0	1
0	0.0205882
0	0.0558824
0	1
0	1
0	0.0205882
0	0.0176471
0	0.0205882
0	0.0294118
0	0.0205882
0	0.0205882
0	0.0264706
0	1
0	1
0	0.0205882
0	1
0	0.0176471
0	1
0	0.0323529
0	0.0176471
0	0.0264706
0	inf
0	0.0558824
0	1
0	0.0205882
0	1
0	1
0	0.0117647
0	0.0205882
0	0.0323529
0	0.0205882
0	0.0147059
0	1
0	0.00588235
0	0.0176471
0	0.0558824
0	0.0529412
0	0.0558824
0	0.0176471
0	0.0205882
0	0.0264706
0	1
0	0.0323529
0	0.0323529
0	0.0117647
0	0.0147059
0	1
0	0.0264706
0	0.0147059
0	0.00882353
0	1
0	0.0176471
0	0.00882353
0	1
0	0.0558824
0	0.0147059
0	1
0	0.0205882
0	0.05
0	1
0	0.0147059
0	0.0205882
0	0.0205882
0	0.0323529
0	0.0147059
0	0.0147059
0	0.0235294
0	0.00882353
0	1
0	1
0	0.0294118
0	1
0	0.0323529
0	0.0529412
0	0.0205882
0	1
0	0.0235294
0	1
0	1
0	0.0294118
0	0.0294118
0	0.0117647
0	1
0	1
0	0.0264706
0	0.0558824
0	0.0352941
0	0.0176471
0	0.0529412
0	1
0	0.0117647
0	0.00294118
0	0.0147059
0	0.0117647
0	0.0323529
0	0.0323529
0	0.0176471
0	0.0147059
0	0.0205882
0	0.0235294
0	1
0	1
0	0.0235294
0	0.0294118
0	0.0147059
0	1
0	0.0294118
0	0.0264706
0	1
0	0.0205882
0	0.0294118
0	0.0205882
0	0.0264706
0	0.0147059
0	1
0	1
0	0.0235294
0	1
0	1
0	1
0	0.0147059
0	1
0	0.0529412
0	1
0	0.0117647
0	0.0294118
0	0.0205882
0	0.0558824
0	0.00882353
0	1
0	0.0205882
0	0.00882353
0	0.0117647
0	1
0	1
0	0.0176471
0	0.0205882
0	0.0235294
0	1
0	0.0294118
0	1
0	0.0176471
0	0.0205882
0	0.0264706
0	0.0529412
0	1
0	0.05
0	1
0	0.0205882
0	0.00882353
0	0.0117647
0	0.0205882
0	0.00882353
0	0.0117647
0	0.0147059
0	0.0294118
0	0.0147059
0	1
0	0.0147059
0	0.0176471
0	0.0352941
0	0.0235294
0	0.0117647
0	0.0176471
0	0.0147059
0	0.0147059
0	0.0529412
0	1
0	0.0147059
0	0.0147059
0	1
0	0.0117647
0	0.00882353
0	1
0	1
0	0.0205882
0	0.0176471
0	0.0294118
0	1
0	1
0	0.00882353
0	0.0205882
0	0.0558824
0	1
0	0.00588235
0	0.0147059
0	0.00588235
0	0.0117647
0	1
0	0.0147059
0	0.0382353
0	0.0264706
0	0.00882353
0	0.0882353
0	0.0264706
0	1
0	0.0117647
0	0.0176471
0	0.0352941
0	0.0205882
0	0.0294118
0	0.0205882
0	0.0558824
0	0.0529412
0	0.0117647
0	0.0264706
0	0.0205882
0	0.0323529
0	0.0441176
0	0.0558824
0	0.00588235
0	1
0	0.00588235
0	0.0235294
0	0.0323529
0	1
0	0.0529412
0	1
0	0.0558824
0	1
0	0.0147059
0	0.0529412
0	1
0	0.0147059
0	0.0117647
0	0.0117647
0	1
0	1
0	0.0147059
0	0.0323529
0	1
0	0.0558824
0	1
0	0.0147059
0	0.0558824
0	0.0205882
0	1
0	0.0205882
0	0.0323529
0	0.0205882
0	0.0176471
0	0.0205882
0	inf
0	0.0323529
0	1
0	1
0	0.0176471
0	1
0	0.0176471
0	0.0117647
0	1
0	1
0	0.0117647
0	1
0	0.0529412
0	1
0	0.0147059
0	0.0147059
0	0.0235294
0	0.0558824
0	inf
0	1
0	1
0	0.0117647
0	1
0	0.0323529
0	1
0	0.00882353
0	0.0205882
0	1
0	0.0264706
0	0.0176471
0	1
0	0.0117647
0	0.0147059
0	0.0176471
0	0.00882353
0	1
0	0.00294118
0	1
0	0.0205882
0	1
0	1
0	0.00588235
0	0.0323529
0	1
0	0.0205882
0	0.0117647
0	0.0117647
0	1
0	0.0235294
0	1
0	0.0147059
0	0.0323529
0	1
0	0.0882353
0	0.0294118
0	0.0529412
0	1
0	0.0441176
0	0.0558824
0	0.0117647
0	0.0323529
0	1
0	0.0117647
0	0.0235294
0	0.0205882
0	1
0	1
0	0.0264706
0	0.0382353
0	0.0147059
0	1
0	1
0	0.0264706
0	1
0	0.0294118
0	1
0	1
0	1
0	0.0323529
0	0.00882353
0	0.0176471
0	0.0558824
0	0.0529412
0	0.0147059
0	1
0	0.0205882
0	0.0117647
0	0.0176471
0	1
0	0.0882353
0	0.0176471
0	0.0294118
0	0.0294118
0	0.0147059
0	1
0	0.0117647
0	0.0147059
0	0.0147059
0	0.00294118
0	1
0	0.0176471
0	0.0882353
0	0.0529412
0	0.0117647
0	1
0	0.00588235
0	0.0441176
0	0.00882353
0	0.0176471
0	0.00882353
0	0.0205882
0	0.0117647
0	0.0205882
0	0.0147059
0	0.0294118
0	1
0	0.0117647
0	0.00588235
0	0.0176471
0	0.0323529
0	0.0323529
0	0.0176471
0	0.0147059
0	0.00882353
0	0.0205882
0	0.00588235
0	0.0529412
0	0.0205882
0	1
0	1
0	0.0294118
0	0.0323529
0	0.0235294
0	0.0147059
0	0.00882353
0	1
0	1
0	0.0441176
0	1
0	0.00588235
0	0.00882353
0	0.0529412
0	1
0	0.0558824
0	0.0235294
0	0.0117647
0	0.0176471
0	0.00588235
0	0.0205882
0	0.0441176
0	1
0	1
0	0.0117647
0	0.0117647
0	0.00882353
0	1
0	0.0529412
0	0.00588235
0	0.0176471
0	1
0	0.0147059
0	0.0205882
0	0.00588235
0	0.0205882
0	0.00588235
0	0.0205882
0	0.0147059
0	1
0	0.0147059
0	0.0558824
0	0.0117647
0	0.0176471
0	0.0117647
0	0.0323529
0	1
0	0.0205882
0	0.0235294
0	0.0264706
0	0.0352941
0	0.0205882
0	1
0	0.0558824
0	0.0147059
0	0.0205882
0	0.00882353
0	0.0205882
0	0.00588235
0	1
0	0.0205882
0	0.0205882
0	0.0205882
0	1
0	1
0	0.0117647
0	0.0205882
0	0.0117647
0	0.0294118
0	0.0147059
0	0.0558824
0	0.0529412
0	1
0	1
0	1
0	1
0	1
0	0.0294118
0	1
0	1
0	0.0294118
0	0.0147059
0	0.0147059
0	0.00588235
0	0.0117647
0	1
0	0.0558824
0	0.0117647
0	0.0323529
0	1
0	0.0176471
0	0.0558824
0	0.0117647
0	1
0	0.0117647
0	0.00882353
0	0.00882353
0	1
0	0.0117647
0	1
0	0.0529412
0	1
0	1
0	0.0264706
0	0.0205882
0	1
0	1
0	0.0147059
0	1
0	1
0	1
0	0.0558824
0	1
0	0.0117647
0	1
0	1
0	1
0	0.00882353
0	1
0	0.0205882
0	0.0176471
0	0.0529412
0	0.00882353
0	0.00588235
0	0.0294118
0	0.0529412
0	0.0205882
0	1
0	0.0117647
0	0.0205882
0	0.00882353
0	1
0	0.0235294
0	0.0294118
0	1
0	0.0323529
0	0.0117647
0	0.00882353
0	1
0	0.0147059
0	1
0	1
0	0.0205882
0	0.0264706
0	0.00882353
0	1
0	0.00588235
0	1
0	0.00882353
0	1
0	0.0205882
0	0.0205882
0	0.0147059
0	0.0294118
0	0.0294118
0	0.00882353
0	0.0147059
0	0.00882353
0	0.00588235
0	0.00882353
0	0.0205882
0	0.0558824
0	0.0382353
0	0.0529412
0	1
0	1
0	0.0117647
0	0.0117647
0	0.0147059
0	1
0	1
0	0.0176471
0	1
0	1
0	0.00882353
0	1
0	0.0117647
0	0.0205882
0	1
0	0.0205882
0	0.00882353
0	1
0	0.0558824
0	1
0	1
0	0.0294118
0	0.00882353
0	1
0	0.0117647
0	1
0	1
0	0.0117647
0	0.00588235
0	0.0176471
0	1
0	0.0147059
0	0.0558824
0	1
0	0.0882353
0	0.0147059
0	0.0205882
0	1
0	0.0529412
0	0.05
0	1
0	0.0441176
0	0.0176471
0	0.0323529
0	0.0558824
0	0.00588235
0	1
0	1
0	0.0558824
0	0.00882353
0	0.0558824
0	0.0264706
0	0.0558824
0	0.00588235
0	1
0	0.00882353
0	0.0323529
0	0.00588235
0	1
0	0.0147059
0	1
0	1
0	0.0147059
0	0.00588235
0	1
0	0.0323529
0	0.0205882
0	0.0529412
0	0.00882353
0	1
0	0.0382353
0	1
0	0.00588235
0	0.0147059
0	1
0	0.0294118
0	1
0	0.0294118
0	0.0205882
0	0.0323529
0	1
0	0.0176471
0	0.0147059
0	0.0323529
0	0.0264706
0	1
0	0.00588235
0	0.0352941
0	0.0147059
0	0.0882353
0	1
0	0.0117647
0	0.0264706
0	0.0205882
0	0.00882353
0	0.0147059
0	0.00588235
0	1
0	0.0176471
0	0.0147059
0	0.00588235
0	1
0	0.0558824
0	0.0529412
0	1
0	0.00882353
0	1
0	0.0147059
0	0.00588235
0	0.00588235
0	1
0	0.0235294
0	1
0	1
0	0.00882353
0	0.0117647
0	0.00882353
0	0.0205882
0	1
0	0.00882353
0	0.0264706
0	0.0117647
0	0.0205882
0	0.00882353
0	0.0147059
0	0.0529412
0	0.00882353
0	1
0	1
0	0.0294118
0	0.0117647
0	0.00882353
0	0.00882353
0	0.0529412
0	0.0117647
0	0.00588235
0	0.0441176
0	0.0264706
0	0.00588235
0	0.0882353
0	0.0323529
0	0.0147059
0	0.0558824
0	0.00882353
0	1
0	0.0117647
0	0.0441176
0	1
0	0.0117647
0	0.00588235
0	0.00588235
0	0.0323529
0	0.00882353
0	0.0294118
0	0.00588235
0	0.0529412
0	0.00588235
0	0.0147059
0	0.00882353
0	1
0	1
0	0.00588235
0	0.00588235
0	1
0	0.00588235
0	1
0	1
0	0.0117647
0	0.0882353
0	0.0117647
0	0.0529412
0	0.0117647
0	1
0	0.00588235
0	0.00588235
0	1
0	0.00882353
0	0.0352941
0	0.0323529
0	0.0558824
0	0.0147059
0	0.0147059
0	0.0882353
0	0.0176471
0	0.0235294
0	0.0147059
0	0.00882353
0	0.0558824
0	0.0235294
0	0.0117647
0	1
0	0.0323529
0	1
0	0.00588235
0	0.0264706
0	0.00588235
0	0.0382353
0	0.0294118
0	0.00882353
0	1
0	0.0176471
0	1
0	0.0147059
0	1
0	0.0205882
0	0.0205882
0	1
0	0.00588235
0	1
0	0.0205882
0	0.0529412
0	0.0441176
0	0.0147059
0	1
0	0.0117647
0	0.00588235
0	0.0294118
0	0.00882353
0	0.00882353
0	0.0147059
0	0.0529412
0	0.0117647
0	0.0294118
0	0.0117647
0	1
0	0.0117647
0	1
0	0.00882353
0	1
0	0.0147059
0	1
0	0.0294118
0	0.00882353
0	1
0	0.0205882
0	0.0235294
0	0.00882353
0	0.0235294
0	0.0558824
0	0.0294118
0	0.0117647
0	0.00588235
0	0.0235294
0	0.00588235
0	0.0323529
0	0.00588235
0	0.0294118
0	1
0	0.00588235
0	1
0	0.00882353
0	0.0147059
0	0.0882353
0	0.0205882
0	0.0294118
0	0.00588235
0	0.00588235
0	0.00588235
0	0.0205882
0	0.00882353
0	0.0147059


