# Persistence diagram <GML/0448.gml>
#
# Dimension   : 0
# Entries     : 298
# Betti number: 2
0	inf
0	1
0	0.108911
0	0.049505
0	0.0990099
0	0.158416
0	0.118812
0	0.0891089
0	0.108911
0	1
0	1
0	1
0	0.118812
0	0.0891089
0	1
0	0.049505
0	0.0891089
0	1
0	0.138614
0	0.158416
0	0.158416
0	0.0594059
0	0.148515
0	0.168317
0	1
0	0.029703
0	1
0	1
0	0.029703
0	inf
0	0.108911
0	0.039604
0	0.039604
0	0.019802
0	1
0	0.029703
0	1
0	0.039604
0	0.118812
0	0.049505
0	0.108911
0	0.148515
0	0.049505
0	0.108911
0	0.168317
0	0.0990099
0	0.039604
0	0.029703
0	0.0594059
0	1
0	0.029703
0	1
0	0.158416
0	0.0594059
0	0.039604
0	0.168317
0	0.0891089
0	0.039604
0	0.0594059
0	0.158416
0	0.168317
0	0.118812
0	0.049505
0	0.0891089
0	1
0	0.019802
0	1
0	0.049505
0	1
0	0.049505
0	1
0	0.019802
0	0.039604
0	1
0	0.0594059
0	0.029703
0	0.049505
0	0.158416
0	0.039604
0	0.039604
0	1
0	0.039604
0	0.158416
0	1
0	0.0693069
0	0.029703
0	0.029703
0	1
0	0.0891089
0	1
0	0.029703
0	0.039604
0	0.039604
0	1
0	0.019802
0	0.049505
0	0.148515
0	1
0	1
0	0.0594059
0	0.049505
0	1
0	0.039604
0	0.118812
0	0.0594059
0	0.029703
0	0.0693069
0	0.039604
0	0.039604
0	0.0594059
0	0.039604
0	0.049505
0	0.039604
0	0.158416
0	1
0	0.029703
0	0.0891089
0	0.039604
0	0.049505
0	0.049505
0	0.0891089
0	0.029703
0	0.148515
0	0.168317
0	0.019802
0	0.138614
0	0.029703
0	1
0	0.029703
0	0.019802
0	1
0	0.049505
0	0.039604
0	0.158416
0	0.029703
0	1
0	0.148515
0	1
0	0.108911
0	0.118812
0	1
0	0.158416
0	0.0594059
0	0.039604
0	1
0	0.118812
0	0.118812
0	0.0594059
0	1
0	0.00990099
0	0.039604
0	0.049505
0	0.019802
0	0.0891089
0	1
0	0.158416
0	0.0891089
0	0.0891089
0	0.019802
0	1
0	0.039604
0	1
0	1
0	0.029703
0	0.0891089
0	0.148515
0	0.019802
0	0.0891089
0	0.0594059
0	0.039604
0	0.029703
0	0.049505
0	0.019802
0	0.138614
0	0.0594059
0	0.168317
0	0.049505
0	0.158416
0	0.039604
0	0.138614
0	0.039604
0	0.0693069
0	0.158416
0	0.118812
0	0.168317
0	1
0	0.158416
0	0.029703
0	0.0891089
0	0.029703
0	0.049505
0	0.019802
0	0.049505
0	0.158416
0	0.0594059
0	0.039604
0	0.158416
0	0.019802
0	0.049505
0	0.0693069
0	0.138614
0	0.019802
0	0.039604
0	0.148515
0	0.158416
0	0.039604
0	1
0	0.0693069
0	1
0	0.0594059
0	0.039604
0	0.039604
0	0.019802
0	0.118812
0	0.019802
0	0.029703
0	0.049505
0	1
0	0.019802
0	0.138614
0	1
0	1
0	0.049505
0	0.108911
0	0.168317
0	0.049505
0	0.019802
0	0.019802
0	0.029703
0	1
0	1
0	0.0594059
0	0.0891089
0	0.039604
0	0.029703
0	0.029703
0	0.148515
0	0.0693069
0	0.039604
0	0.029703
0	0.029703
0	0.019802
0	0.019802
0	0.049505
0	1
0	0.029703
0	0.019802
0	0.029703
0	1
0	0.019802
0	1
0	0.0594059
0	0.118812
0	1
0	0.019802
0	0.148515
0	0.049505
0	0.029703
0	0.039604
0	0.168317
0	0.0891089
0	1
0	1
0	0.019802
0	0.019802
0	1
0	1
0	0.0693069
0	0.0891089
0	0.0990099
0	1
0	0.039604
0	1
0	0.0891089
0	0.029703
0	0.108911
0	0.138614
0	0.0594059
0	1
0	0.148515
0	0.0594059
0	1
0	0.138614
0	0.019802
0	1
0	1
0	1
0	0.0594059
0	0.019802
0	0.049505
0	1
0	0.108911
0	0.029703
0	0.029703
0	0.118812
0	0.049505
0	0.0990099
0	0.029703


