# Persistence diagram <GML/0451.gml>
#
# Dimension   : 0
# Entries     : 230
# Betti number: 1
0	inf
0	0.0720721
0	0.0720721
0	0.0720721
0	0.117117
0	0.117117
0	0.045045
0	1
0	0.027027
0	0.0630631
0	1
0	0.045045
0	1
0	0.0540541
0	1
0	0.0630631
0	1
0	0.117117
0	0.0630631
0	1
0	0.018018
0	1
0	0.036036
0	1
0	0.045045
0	0.117117
0	1
0	1
0	1
0	0.0990991
0	0.027027
0	0.0540541
0	1
0	0.117117
0	0.036036
0	0.0540541
0	1
0	0.0540541
0	0.0540541
0	0.117117
0	0.0540541
0	1
0	1
0	1
0	1
0	0.0540541
0	0.027027
0	1
0	0.0540541
0	0.117117
0	0.036036
0	0.0540541
0	1
0	0.027027
0	0.036036
0	0.045045
0	0.036036
0	1
0	0.0540541
0	1
0	0.045045
0	1
0	1
0	1
0	0.045045
0	1
0	1
0	0.018018
0	1
0	0.0540541
0	0.0540541
0	1
0	1
0	0.045045
0	0.027027
0	0.027027
0	0.0720721
0	1
0	1
0	1
0	0.045045
0	1
0	0.027027
0	1
0	0.0540541
0	0.045045
0	0.018018
0	1
0	1
0	0.027027
0	1
0	0.027027
0	0.0540541
0	0.027027
0	0.0630631
0	0.045045
0	0.045045
0	0.045045
0	1
0	1
0	0.0540541
0	0.0720721
0	1
0	1
0	1
0	0.0540541
0	0.027027
0	0.027027
0	0.045045
0	0.117117
0	0.0540541
0	0.0720721
0	0.045045
0	0.045045
0	0.045045
0	0.0540541
0	0.027027
0	1
0	0.045045
0	1
0	0.045045
0	0.045045
0	0.018018
0	0.0540541
0	0.117117
0	0.0990991
0	0.0540541
0	1
0	0.045045
0	0.045045
0	0.018018
0	0.027027
0	1
0	0.045045
0	0.036036
0	0.027027
0	0.117117
0	0.018018
0	0.036036
0	0.045045
0	1
0	1
0	0.018018
0	0.018018
0	1
0	1
0	1
0	0.018018
0	1
0	1
0	0.045045
0	1
0	0.0540541
0	0.117117
0	1
0	0.117117
0	1
0	0.018018
0	1
0	0.018018
0	0.027027
0	1
0	0.027027
0	0.027027
0	0.045045
0	0.036036
0	0.0990991
0	0.117117
0	1
0	1
0	1
0	0.018018
0	1
0	1
0	0.018018
0	0.045045
0	1
0	0.045045
0	0.0990991
0	1
0	0.027027
0	0.045045
0	0.0540541
0	0.036036
0	1
0	0.018018
0	0.0540541
0	0.018018
0	1
0	1
0	0.045045
0	0.027027
0	1
0	0.018018
0	0.0990991
0	1
0	1
0	0.036036
0	0.036036
0	1
0	0.018018
0	1
0	1
0	0.018018
0	1
0	1
0	1
0	1
0	0.027027
0	0.045045
0	0.027027
0	0.027027
0	0.018018
0	1
0	1
0	1
0	1
0	0.018018
0	0.117117
0	0.045045
0	0.0990991
0	1
0	0.036036
0	1
0	0.0540541
0	0.018018
0	0.045045
0	1
0	1
0	1


