# Persistence diagram <GML/0453.gml>
#
# Dimension   : 0
# Entries     : 374
# Betti number: 1
0	inf
0	0.0570175
0	1
0	1
0	1
0	0.0394737
0	1
0	1
0	1
0	1
0	0.0307018
0	1
0	1
0	1
0	0.0570175
0	0.0745614
0	0.0307018
0	1
0	0.0307018
0	1
0	1
0	1
0	1
0	0.0701754
0	1
0	1
0	0.0219298
0	0.0307018
0	0.0394737
0	0.0570175
0	1
0	1
0	1
0	1
0	1
0	1
0	1
0	0.0219298
0	1
0	1
0	0.0307018
0	1
0	1
0	1
0	0.0307018
0	1
0	1
0	1
0	0.0263158
0	1
0	1
0	0.0745614
0	1
0	1
0	0.0219298
0	0.00877193
0	0.0307018
0	1
0	0.0219298
0	0.0394737
0	0.0219298
0	0.0263158
0	1
0	1
0	1
0	0.0701754
0	0.0745614
0	1
0	1
0	1
0	0.0394737
0	1
0	0.0307018
0	0.0745614
0	0.0131579
0	1
0	0.0350877
0	0.0745614
0	1
0	1
0	0.0307018
0	1
0	0.0570175
0	0.0175439
0	1
0	0.0307018
0	0.0175439
0	0.0219298
0	1
0	0.0131579
0	0.0701754
0	0.0219298
0	0.0394737
0	0.0219298
0	0.0219298
0	0.0219298
0	1
0	0.0745614
0	1
0	0.0307018
0	0.0307018
0	0.0131579
0	1
0	1
0	0.0307018
0	0.0175439
0	1
0	1
0	0.00877193
0	1
0	0.00877193
0	0.0701754
0	0.0219298
0	0.0394737
0	1
0	1
0	0.0307018
0	0.0570175
0	1
0	0.0131579
0	1
0	1
0	1
0	0.0131579
0	1
0	0.0570175
0	0.0307018
0	1
0	0.0219298
0	0.0350877
0	1
0	1
0	1
0	1
0	0.0307018
0	0.0175439
0	1
0	0.0263158
0	0.0745614
0	0.0219298
0	0.0219298
0	1
0	0.0219298
0	1
0	1
0	0.0131579
0	1
0	0.0219298
0	1
0	0.0175439
0	1
0	1
0	0.00877193
0	0.0307018
0	1
0	1
0	0.00877193
0	0.0307018
0	1
0	0.00877193
0	1
0	1
0	0.0131579
0	1
0	1
0	1
0	0.0175439
0	1
0	0.0350877
0	0.0175439
0	1
0	1
0	0.0263158
0	0.0219298
0	0.0131579
0	1
0	1
0	0.0175439
0	1
0	1
0	1
0	1
0	1
0	1
0	0.0745614
0	0.0219298
0	0.0219298
0	1
0	0.0219298
0	1
0	0.0131579
0	0.00877193
0	0.0307018
0	0.0219298
0	1
0	1
0	0.00877193
0	1
0	0.00877193
0	0.00877193
0	1
0	0.0175439
0	1
0	1
0	0.0131579
0	1
0	1
0	0.0131579
0	0.00877193
0	0.0745614
0	1
0	0.0350877
0	0.0131579
0	1
0	1
0	1
0	1
0	1
0	0.00877193
0	1
0	0.0131579
0	1
0	0.0175439
0	1
0	1
0	1
0	1
0	1
0	0.0219298
0	0.0175439
0	0.0175439
0	1
0	1
0	0.0219298
0	1
0	1
0	1
0	1
0	1
0	0.00877193
0	1
0	0.0307018
0	1
0	0.00877193
0	1
0	1
0	1
0	1
0	1
0	1
0	1
0	1
0	0.0131579
0	1
0	0.0131579
0	0.00877193
0	0.0131579
0	0.0175439
0	1
0	0.00877193
0	1
0	1
0	1
0	0.00877193
0	0.0263158
0	0.0131579
0	0.0570175
0	0.0307018
0	1
0	0.0175439
0	1
0	1
0	1
0	1
0	0.0745614
0	1
0	0.0219298
0	1
0	1
0	0.0219298
0	0.0175439
0	1
0	0.0307018
0	0.0131579
0	1
0	0.0219298
0	0.0219298
0	1
0	0.0175439
0	1
0	1
0	0.0394737
0	1
0	0.0701754
0	1
0	1
0	1
0	1
0	0.00877193
0	0.0570175
0	1
0	1
0	1
0	1
0	1
0	1
0	1
0	0.0175439
0	1
0	0.0219298
0	0.0131579
0	1
0	1
0	0.0219298
0	0.0219298
0	0.00877193
0	0.0219298
0	1
0	0.0219298
0	0.0131579
0	0.0131579
0	0.0131579
0	0.0307018
0	1
0	0.0175439
0	1
0	1
0	0.00877193
0	0.0307018
0	1
0	1
0	1
0	0.0701754
0	1
0	1
0	0.00877193
0	0.0131579
0	1
0	1
0	0.00877193
0	0.0131579
0	0.0175439
0	0.0131579
0	0.0701754
0	0.00877193
0	0.0745614
0	0.0307018
0	1
0	0.0175439
0	0.0219298
0	1
0	1
0	1
0	1
0	1
0	1
0	0.00877193
0	0.0131579
0	1
0	0.0175439
0	1
0	1
0	0.0307018
0	0.0219298
0	0.0175439
0	0.0350877
0	1
0	1
0	1
0	0.0307018
0	0.00877193
0	0.0131579
0	0.0394737
0	0.0175439


