# Persistence diagram <GML/0455.gml>
#
# Dimension   : 0
# Entries     : 179
# Betti number: 4
0	inf
0	1
0	1
0	1
0	0.178571
0	0.142857
0	0.178571
0	0.160714
0	1
0	0.0714286
0	1
0	1
0	1
0	inf
0	0.160714
0	0.0714286
0	0.571429
0	0.142857
0	1
0	1
0	0.571429
0	0.571429
0	0.0714286
0	1
0	1
0	1
0	0.178571
0	1
0	0.107143
0	0.160714
0	0.0714286
0	0.178571
0	1
0	0.0714286
0	0.178571
0	0.107143
0	0.0714286
0	inf
0	0.125
0	0.0714286
0	0.107143
0	1
0	0.107143
0	0.0535714
0	0.178571
0	0.142857
0	0.0714286
0	1
0	0.125
0	0.0714286
0	0.0357143
0	0.571429
0	0.0714286
0	0.107143
0	1
0	0.0714286
0	0.0714286
0	inf
0	0.0535714
0	0.0178571
0	1
0	0.0535714
0	1
0	0.0714286
0	0.0714286
0	0.0892857
0	0.0892857
0	0.571429
0	0.0357143
0	0.125
0	0.0892857
0	0.178571
0	0.178571
0	0.0535714
0	0.107143
0	1
0	1
0	0.107143
0	0.125
0	0.142857
0	0.0714286
0	1
0	0.107143
0	0.0714286
0	0.571429
0	1
0	0.0357143
0	0.0714286
0	0.160714
0	0.0357143
0	1
0	0.142857
0	1
0	0.160714
0	0.0357143
0	0.0535714
0	0.0714286
0	0.571429
0	0.107143
0	0.0357143
0	0.0357143
0	0.0714286
0	0.0357143
0	0.0357143
0	0.0357143
0	0.0714286
0	1
0	0.571429
0	0.0535714
0	0.571429
0	0.0535714
0	1
0	1
0	0.571429
0	0.571429
0	1
0	0.571429
0	1
0	0.0535714
0	0.0892857
0	0.0714286
0	0.0357143
0	0.571429
0	0.0714286
0	0.0714286
0	0.0714286
0	0.0714286
0	1
0	0.142857
0	0.0178571
0	0.0357143
0	0.0892857
0	0.0714286
0	0.571429
0	0.160714
0	0.0357143
0	1
0	0.160714
0	0.0357143
0	0.571429
0	0.0892857
0	0.0357143
0	0.571429
0	0.0714286
0	0.0892857
0	0.125
0	1
0	1
0	0.107143
0	0.0535714
0	0.0714286
0	0.0535714
0	0.0535714
0	0.142857
0	0.0535714
0	0.0892857
0	0.0714286
0	0.0714286
0	1
0	1
0	1
0	0.0892857
0	0.0535714
0	0.0714286
0	0.0178571
0	0.0357143
0	0.0714286
0	0.0892857
0	1
0	1
0	0.0535714
0	0.0357143
0	1
0	0.142857
0	0.160714
0	0.0357143
0	0.0357143
0	0.0357143
0	0.571429


