# Persistence diagram <GML/0464.gml>
#
# Dimension   : 0
# Entries     : 534
# Betti number: 1
0	inf
0	1
0	0.0748663
0	0.0427807
0	1
0	1
0	0.0427807
0	1
0	0.0427807
0	1
0	1
0	0.0427807
0	0.128342
0	0.245989
0	1
0	0.0374332
0	0.0320856
0	0.0320856
0	0.0802139
0	0.0481283
0	1
0	0.0374332
0	0.0320856
0	0.128342
0	0.0802139
0	0.245989
0	0.0802139
0	0.0427807
0	0.245989
0	0.128342
0	0.026738
0	0.0320856
0	1
0	0.0374332
0	0.0213904
0	0.0374332
0	0.0320856
0	0.0374332
0	0.245989
0	0.0802139
0	0.0481283
0	0.128342
0	0.0374332
0	1
0	0.0855615
0	1
0	0.026738
0	0.0588235
0	0.0374332
0	1
0	1
0	0.0481283
0	1
0	0.245989
0	0.0802139
0	0.122995
0	1
0	0.0160428
0	1
0	0.0748663
0	1
0	1
0	0.0320856
0	0.026738
0	0.0374332
0	0.245989
0	0.0588235
0	0.0320856
0	0.0748663
0	0.0160428
0	0.122995
0	1
0	0.0427807
0	0.0213904
0	1
0	0.026738
0	0.0213904
0	1
0	0.245989
0	0.0427807
0	0.0213904
0	0.0320856
0	0.0160428
0	0.0160428
0	0.0374332
0	1
0	0.0427807
0	0.0427807
0	0.0427807
0	1
0	1
0	1
0	1
0	0.245989
0	1
0	0.0213904
0	1
0	0.0427807
0	1
0	0.122995
0	0.0427807
0	0.0802139
0	0.026738
0	0.0160428
0	1
0	0.0481283
0	0.0374332
0	0.0106952
0	0.0213904
0	0.128342
0	0.0748663
0	0.0160428
0	0.245989
0	1
0	0.026738
0	0.0748663
0	0.122995
0	0.0213904
0	0.0855615
0	0.245989
0	0.0374332
0	1
0	0.0213904
0	0.0374332
0	0.245989
0	0.0106952
0	0.0106952
0	1
0	0.0106952
0	0.0106952
0	0.026738
0	0.0427807
0	0.0802139
0	1
0	0.0374332
0	0.0320856
0	0.0427807
0	0.0374332
0	1
0	0.0320856
0	1
0	1
0	0.0320856
0	1
0	0.0374332
0	1
0	1
0	0.0213904
0	0.0427807
0	0.0481283
0	0.026738
0	0.0320856
0	0.0374332
0	0.245989
0	0.026738
0	0.0213904
0	0.0802139
0	0.026738
0	0.0320856
0	0.0855615
0	0.0213904
0	1
0	1
0	0.0374332
0	0.0374332
0	0.0427807
0	0.0427807
0	0.0320856
0	0.0481283
0	1
0	0.0374332
0	0.0160428
0	0.0427807
0	0.026738
0	0.0320856
0	0.0213904
0	0.0160428
0	0.0106952
0	0.0481283
0	0.026738
0	0.0374332
0	0.0106952
0	0.0374332
0	1
0	1
0	0.245989
0	1
0	0.0213904
0	0.026738
0	0.0855615
0	1
0	0.0374332
0	0.0427807
0	0.026738
0	0.0160428
0	1
0	0.122995
0	0.122995
0	0.0427807
0	1
0	0.0160428
0	1
0	0.0213904
0	1
0	0.0374332
0	0.026738
0	0.0588235
0	0.0213904
0	1
0	0.128342
0	1
0	0.0106952
0	0.0160428
0	0.0481283
0	0.0427807
0	0.0748663
0	1
0	0.0160428
0	0.0427807
0	1
0	0.0320856
0	0.245989
0	0.0534759
0	0.0213904
0	1
0	0.026738
0	1
0	0.026738
0	0.0802139
0	0.0855615
0	1
0	0.0534759
0	0.0427807
0	0.026738
0	0.0802139
0	0.026738
0	0.026738
0	0.0748663
0	0.0802139
0	0.0374332
0	0.0106952
0	0.0160428
0	0.0427807
0	0.0320856
0	0.0748663
0	0.0320856
0	0.0534759
0	0.0213904
0	0.0374332
0	1
0	0.128342
0	0.128342
0	0.0160428
0	1
0	1
0	0.0320856
0	0.0374332
0	0.0374332
0	0.0213904
0	0.0802139
0	0.0374332
0	0.0160428
0	0.0427807
0	0.0213904
0	1
0	0.0160428
0	1
0	0.0213904
0	1
0	1
0	0.0374332
0	0.0588235
0	1
0	0.0481283
0	0.0855615
0	0.0213904
0	0.0160428
0	0.0588235
0	0.0427807
0	1
0	1
0	0.026738
0	0.0213904
0	0.0374332
0	0.0106952
0	0.0802139
0	0.0748663
0	1
0	0.026738
0	0.0160428
0	0.026738
0	0.0160428
0	0.0481283
0	0.0427807
0	0.0106952
0	1
0	0.0320856
0	0.0160428
0	0.0106952
0	0.0213904
0	1
0	0.0802139
0	1
0	1
0	0.0374332
0	1
0	1
0	0.0374332
0	0.122995
0	0.026738
0	1
0	1
0	1
0	0.0374332
0	0.122995
0	0.122995
0	1
0	0.0374332
0	0.128342
0	0.0213904
0	0.0427807
0	0.0106952
0	0.0213904
0	0.128342
0	0.0106952
0	0.0160428
0	0.0320856
0	1
0	0.0160428
0	0.0320856
0	0.0106952
0	0.122995
0	0.122995
0	0.0588235
0	0.0320856
0	0.0427807
0	0.0213904
0	0.0160428
0	0.0106952
0	0.026738
0	0.245989
0	0.0213904
0	1
0	0.0481283
0	0.245989
0	0.026738
0	0.0106952
0	0.0374332
0	0.245989
0	0.245989
0	0.0481283
0	1
0	0.0374332
0	0.0855615
0	0.0481283
0	0.026738
0	1
0	0.0320856
0	0.0160428
0	0.0160428
0	0.122995
0	0.0213904
0	1
0	0.0106952
0	0.0374332
0	0.0374332
0	0.026738
0	0.0481283
0	1
0	1
0	0.0106952
0	0.128342
0	0.0374332
0	0.0427807
0	0.0374332
0	0.0320856
0	0.0427807
0	0.0802139
0	1
0	0.245989
0	0.0160428
0	1
0	0.122995
0	1
0	0.0106952
0	0.0106952
0	0.0213904
0	0.0213904
0	0.0534759
0	0.0106952
0	0.026738
0	0.0160428
0	0.0802139
0	1
0	0.0427807
0	0.0160428
0	0.245989
0	0.0427807
0	0.026738
0	0.0213904
0	0.0106952
0	0.0106952
0	0.0320856
0	0.0160428
0	1
0	0.0106952
0	1
0	0.0160428
0	1
0	0.0320856
0	0.0160428
0	0.0374332
0	0.0213904
0	0.0160428
0	1
0	0.026738
0	0.245989
0	0.0213904
0	1
0	0.0213904
0	0.0320856
0	1
0	0.0320856
0	1
0	0.0160428
0	0.0374332
0	1
0	0.0106952
0	0.026738
0	0.0213904
0	0.122995
0	0.245989
0	0.0160428
0	1
0	1
0	0.026738
0	0.0160428
0	1
0	1
0	1
0	0.0106952
0	0.0160428
0	0.0374332
0	0.0588235
0	0.026738
0	1
0	0.026738
0	0.0855615
0	0.0534759
0	0.0802139
0	0.0374332
0	0.0588235
0	0.026738
0	1
0	1
0	0.245989
0	0.0427807
0	0.0374332
0	0.0374332
0	0.0106952
0	0.0106952
0	0.0374332
0	1
0	0.0106952
0	0.0320856
0	0.0213904
0	0.0855615
0	0.245989
0	0.0534759
0	0.0106952
0	0.0160428
0	0.0106952
0	0.0802139
0	0.245989
0	0.026738
0	1
0	0.0106952
0	1
0	0.026738
0	0.0427807
0	0.0106952
0	1
0	0.245989
0	0.0160428
0	1
0	0.0106952
0	0.0106952
0	1
0	0.0106952
0	0.0802139
0	1
0	0.0160428
0	0.0106952
0	0.0106952
0	0.122995
0	0.0802139
0	0.0160428
0	0.0160428
0	0.0374332
0	0.0160428
0	1
0	0.0213904
0	1
0	0.0106952
0	0.0855615
0	1
0	1
0	0.0160428
0	0.0160428
0	1
0	0.0160428
0	1
0	0.0106952
0	1
0	1
0	0.0213904
0	0.0588235
0	0.122995
0	0.026738
0	0.0106952
0	0.245989
0	0.026738
0	0.0427807
0	0.0427807
0	0.026738
0	0.0213904
0	0.0855615
0	0.0160428
0	0.245989
0	0.0802139
0	0.0213904
0	0.0374332
0	0.0534759
0	0.0320856


