# Persistence diagram <GML/0468.gml>
#
# Dimension   : 0
# Entries     : 316
# Betti number: 2
0	inf
0	0.158273
0	0.0503597
0	1
0	1
0	0.0431655
0	1
0	0.0431655
0	1
0	0.0503597
0	0.0431655
0	0.0431655
0	1
0	0.0431655
0	0.0431655
0	0.158273
0	0.0359712
0	1
0	1
0	0.0431655
0	0.0359712
0	1
0	0.057554
0	0.0935252
0	0.0215827
0	0.0935252
0	0.0935252
0	0.0431655
0	0.0215827
0	1
0	0.0431655
0	1
0	0.028777
0	1
0	1
0	0.0359712
0	0.0359712
0	0.0503597
0	0.057554
0	0.100719
0	0.115108
0	0.115108
0	1
0	1
0	0.0359712
0	1
0	1
0	1
0	0.0431655
0	1
0	0.028777
0	1
0	0.0359712
0	1
0	0.158273
0	0.028777
0	0.158273
0	0.028777
0	1
0	1
0	0.0359712
0	0.0143885
0	0.0431655
0	0.0431655
0	0.0431655
0	1
0	0.0431655
0	0.0791367
0	1
0	0.0431655
0	0.0143885
0	0.028777
0	0.0215827
0	1
0	0.115108
0	0.0359712
0	0.028777
0	0.028777
0	0.028777
0	1
0	0.0143885
0	1
0	0.0359712
0	0.0791367
0	1
0	1
0	1
0	1
0	1
0	1
0	1
0	1
0	0.0143885
0	1
0	0.0431655
0	1
0	0.0143885
0	0.0143885
0	0.0935252
0	0.0215827
0	0.0431655
0	0.158273
0	0.028777
0	1
0	0.028777
0	1
0	0.0359712
0	0.0359712
0	0.0935252
0	0.0431655
0	0.0143885
0	0.0143885
0	0.0215827
0	0.0359712
0	0.0359712
0	0.0215827
0	0.0215827
0	1
0	0.0215827
0	0.115108
0	0.028777
0	1
0	1
0	0.0215827
0	0.0791367
0	0.0215827
0	1
0	1
0	1
0	1
0	0.0359712
0	1
0	0.028777
0	0.0431655
0	0.028777
0	0.028777
0	1
0	0.0791367
0	0.0215827
0	0.0431655
0	0.115108
0	0.0359712
0	1
0	0.0359712
0	1
0	0.0215827
0	1
0	0.0359712
0	0.0359712
0	0.0359712
0	1
0	0.057554
0	0.0359712
0	0.028777
0	0.0143885
0	0.100719
0	0.0215827
0	1
0	0.0359712
0	0.028777
0	0.0359712
0	0.0143885
0	1
0	0.158273
0	0.0215827
0	0.0431655
0	1
0	0.0215827
0	1
0	0.0215827
0	inf
0	0.0935252
0	0.0215827
0	1
0	0.028777
0	0.0143885
0	1
0	1
0	0.0143885
0	0.028777
0	0.028777
0	0.0359712
0	1
0	0.0215827
0	1
0	0.0215827
0	1
0	1
0	0.115108
0	0.0215827
0	0.028777
0	1
0	0.0359712
0	0.0215827
0	0.028777
0	0.0359712
0	0.00719424
0	0.115108
0	0.028777
0	0.115108
0	1
0	0.100719
0	1
0	0.0935252
0	0.0215827
0	1
0	0.0143885
0	0.0215827
0	1
0	1
0	0.100719
0	1
0	0.0431655
0	0.0935252
0	0.0215827
0	0.0431655
0	1
0	1
0	0.0143885
0	1
0	1
0	1
0	0.115108
0	0.0503597
0	0.0359712
0	0.0215827
0	0.0431655
0	0.028777
0	0.0359712
0	0.0215827
0	1
0	0.0215827
0	0.0215827
0	1
0	1
0	1
0	0.0791367
0	0.028777
0	1
0	0.0431655
0	1
0	1
0	0.0431655
0	0.158273
0	0.028777
0	0.0359712
0	0.0143885
0	0.0431655
0	0.028777
0	0.0359712
0	0.057554
0	0.0503597
0	0.057554
0	0.028777
0	0.028777
0	0.158273
0	1
0	0.0359712
0	1
0	0.0215827
0	1
0	0.028777
0	0.0359712
0	1
0	0.0359712
0	1
0	0.0143885
0	0.0215827
0	0.0215827
0	0.0143885
0	0.028777
0	1
0	0.0503597
0	0.158273
0	0.0359712
0	0.158273
0	0.158273
0	0.0143885
0	1
0	0.115108
0	0.0143885
0	0.0791367
0	1
0	0.028777
0	0.0215827
0	1
0	1
0	0.028777
0	0.0215827
0	1
0	1
0	0.0143885
0	1
0	0.0215827
0	1
0	0.0359712
0	1
0	1
0	0.0143885
0	0.0431655
0	0.100719
0	0.115108
0	0.158273
0	0.028777
0	0.028777
0	0.0431655
0	0.0359712
0	0.0503597
0	0.0143885
0	0.028777
0	0.0935252
0	1
0	1
0	0.0935252
0	0.0215827
0	1


