# Persistence diagram <GML/0474.gml>
#
# Dimension   : 0
# Entries     : 67
# Betti number: 1
0	inf
0	1
0	1
0	1
0	1
0	1
0	1
0	1
0	1
0	1
0	0.0769231
0	1
0	1
0	0.153846
0	0.153846
0	1
0	1
0	1
0	1
0	0.0512821
0	1
0	0.0512821
0	0.0769231
0	0.0512821
0	1
0	1
0	0.0512821
0	1
0	1
0	0.153846
0	1
0	1
0	1
0	0.0769231
0	0.128205
0	0.179487
0	0.0512821
0	0.0512821
0	0.153846
0	1
0	1
0	0.153846
0	0.0512821
0	1
0	0.179487
0	1
0	1
0	0.128205
0	1
0	0.179487
0	1
0	1
0	1
0	0.0512821
0	0.128205
0	1
0	0.0512821
0	0.179487
0	1
0	1
0	1
0	1
0	0.0769231
0	0.0512821
0	1
0	0.128205
0	0.179487


