# Persistence diagram <GML/0481.gml>
#
# Dimension   : 0
# Entries     : 185
# Betti number: 4
0	inf
0	0.236842
0	1
0	0.289474
0	0.236842
0	1
0	0.210526
0	0.210526
0	0.0526316
0	0.315789
0	0.473684
0	0.263158
0	0.210526
0	0.210526
0	0.131579
0	0.289474
0	0.157895
0	1
0	0.184211
0	1
0	0.473684
0	0.315789
0	0.394737
0	0.342105
0	1
0	0.157895
0	0.263158
0	0.131579
0	0.105263
0	0.184211
0	0.157895
0	0.236842
0	0.315789
0	0.342105
0	0.157895
0	0.157895
0	0.236842
0	1
0	0.394737
0	0.0526316
0	0.105263
0	0.210526
0	0.0789474
0	1
0	0.0789474
0	0.342105
0	0.236842
0	1
0	0.342105
0	0.210526
0	0.0789474
0	0.236842
0	0.131579
0	0.105263
0	0.105263
0	0.263158
0	0.473684
0	0.342105
0	0.210526
0	0.105263
0	0.394737
0	0.236842
0	0.236842
0	0.0526316
0	1
0	0.315789
0	1
0	0.394737
0	0.184211
0	0.0789474
0	0.236842
0	1
0	0.0789474
0	0.131579
0	1
0	inf
0	0.184211
0	1
0	0.315789
0	0.315789
0	0.0789474
0	0.131579
0	0.184211
0	0.184211
0	1
0	1
0	0.0526316
0	0.0526316
0	0.473684
0	1
0	0.394737
0	0.236842
0	0.131579
0	0.184211
0	0.105263
0	0.263158
0	0.0263158
0	0.131579
0	0.0789474
0	0.184211
0	0.315789
0	0.131579
0	0.184211
0	0.473684
0	0.131579
0	0.236842
0	0.289474
0	0.0526316
0	0.157895
0	0.0526316
0	1
0	inf
0	0.394737
0	0.184211
0	0.342105
0	0.473684
0	1
0	0.342105
0	0.131579
0	0.0526316
0	0.0789474
0	0.131579
0	0.0526316
0	0.236842
0	0.105263
0	0.157895
0	0.0263158
0	0.236842
0	0.289474
0	0.342105
0	0.473684
0	0.0526316
0	0.315789
0	0.0526316
0	0.236842
0	0.131579
0	1
0	0.157895
0	0.0526316
0	0.473684
0	0.473684
0	0.0526316
0	0.0789474
0	1
0	0.473684
0	0.105263
0	0.0526316
0	0.473684
0	1
0	0.0526316
0	0.105263
0	0.473684
0	1
0	inf
0	0.0526316
0	0.0526316
0	0.131579
0	1
0	0.105263
0	0.131579
0	0.0526316
0	0.157895
0	1
0	0.0263158
0	0.0789474
0	1
0	0.263158
0	0.157895
0	0.131579
0	0.0526316
0	0.131579
0	0.184211
0	0.342105
0	0.157895
0	1
0	0.184211
0	0.0526316
0	1
0	0.131579
0	1
0	0.0526316
0	0.289474
0	0.210526
0	0.0789474
0	0.157895


