# Persistence diagram <GML/0484.gml>
#
# Dimension   : 0
# Entries     : 212
# Betti number: 1
0	inf
0	0.170213
0	0.12766
0	0.170213
0	0.12766
0	0.12766
0	0.12766
0	0.212766
0	1
0	0.382979
0	0.382979
0	0.170213
0	0.148936
0	0.191489
0	0.170213
0	0.0851064
0	0.0851064
0	0.106383
0	0.212766
0	0.170213
0	0.106383
0	0.191489
0	1
0	0.106383
0	0.212766
0	0.106383
0	0.106383
0	0.0425532
0	0.212766
0	0.212766
0	0.297872
0	0.191489
0	0.0638298
0	0.0638298
0	1
0	1
0	1
0	0.170213
0	1
0	0.12766
0	0.106383
0	0.12766
0	1
0	0.148936
0	0.170213
0	0.106383
0	0.0638298
0	0.191489
0	0.297872
0	0.12766
0	0.0851064
0	0.212766
0	0.0638298
0	0.12766
0	0.297872
0	0.191489
0	0.148936
0	0.191489
0	1
0	0.106383
0	1
0	0.106383
0	1
0	0.106383
0	0.0638298
0	0.0638298
0	0.297872
0	0.12766
0	0.0638298
0	0.106383
0	0.0851064
0	0.0425532
0	0.0851064
0	0.0425532
0	0.297872
0	0.12766
0	0.0851064
0	0.212766
0	0.12766
0	0.106383
0	1
0	0.106383
0	0.297872
0	0.106383
0	1
0	0.148936
0	0.12766
0	0.106383
0	0.0851064
0	0.12766
0	0.0638298
0	0.12766
0	0.0638298
0	0.297872
0	1
0	0.0638298
0	0.0851064
0	0.297872
0	0.0425532
0	0.106383
0	0.0638298
0	0.106383
0	0.0638298
0	0.170213
0	1
0	0.191489
0	0.212766
0	0.319149
0	0.382979
0	0.12766
0	0.0851064
0	0.106383
0	0.0425532
0	0.191489
0	0.319149
0	0.0638298
0	0.0638298
0	0.191489
0	0.106383
0	0.212766
0	1
0	0.0638298
0	0.106383
0	0.297872
0	0.0638298
0	0.12766
0	1
0	0.0638298
0	1
0	0.106383
0	0.0638298
0	0.12766
0	0.0638298
0	0.0851064
0	0.382979
0	0.0638298
0	0.191489
0	0.297872
0	0.319149
0	0.0425532
0	1
0	1
0	0.0638298
0	0.0638298
0	0.212766
0	0.0851064
0	0.0638298
0	0.0638298
0	0.106383
0	0.0638298
0	0.12766
0	0.0638298
0	0.319149
0	0.319149
0	0.12766
0	0.0425532
0	0.106383
0	0.106383
0	1
0	0.0425532
0	0.0638298
0	0.0638298
0	0.0851064
0	0.382979
0	0.0425532
0	0.12766
0	0.106383
0	1
0	0.0425532
0	0.0425532
0	0.0425532
0	0.106383
0	0.191489
0	0.382979
0	0.0851064
0	0.382979
0	0.297872
0	0.297872
0	1
0	1
0	0.12766
0	0.0638298
0	0.12766
0	0.0851064
0	0.106383
0	0.0851064
0	0.0638298
0	1
0	0.148936
0	1
0	0.0638298
0	1
0	0.0638298
0	0.319149
0	0.148936
0	1
0	0.0425532
0	0.170213
0	1
0	0.0425532
0	0.12766
0	0.0425532
0	0.319149
0	0.0425532
0	1
0	0.106383
0	0.170213
0	0.0638298
0	1
0	0.191489
0	0.0638298
0	0.0851064


