# Persistence diagram <GML/0494.gml>
#
# Dimension   : 0
# Entries     : 591
# Betti number: 6
0	inf
0	1
0	0.0436364
0	1
0	0.0327273
0	1
0	0.0254545
0	0.0218182
0	1
0	1
0	1
0	0.0327273
0	0.0327273
0	0.0254545
0	0.0254545
0	0.08
0	0.0436364
0	1
0	0.0254545
0	1
0	0.0181818
0	1
0	0.0218182
0	0.0436364
0	0.0327273
0	0.0218182
0	inf
0	1
0	0.00727273
0	1
0	1
0	0.0145455
0	1
0	1
0	1
0	0.0145455
0	1
0	0.0290909
0	0.0181818
0	0.0218182
0	0.0218182
0	1
0	1
0	1
0	0.0218182
0	1
0	0.0545455
0	1
0	1
0	0.0618182
0	inf
0	0.00727273
0	0.0545455
0	0.0218182
0	1
0	0.0218182
0	0.0109091
0	1
0	1
0	0.0254545
0	0.0436364
0	0.0218182
0	0.0145455
0	1
0	1
0	0.08
0	0.0109091
0	1
0	0.0690909
0	0.0254545
0	1
0	0.0181818
0	0.0181818
0	0.0290909
0	0.0218182
0	0.0254545
0	0.0145455
0	1
0	1
0	0.0181818
0	0.0109091
0	1
0	0.0181818
0	0.0545455
0	0.0290909
0	0.08
0	1
0	1
0	0.0254545
0	1
0	1
0	1
0	0.0109091
0	0.08
0	0.0218182
0	0.0436364
0	0.0472727
0	1
0	0.0290909
0	0.08
0	1
0	0.0327273
0	0.0290909
0	0.0218182
0	0.0290909
0	0.0218182
0	1
0	0.0145455
0	0.0290909
0	0.0218182
0	1
0	1
0	0.0327273
0	0.0290909
0	1
0	1
0	1
0	0.0327273
0	0.0218182
0	1
0	1
0	0.0145455
0	0.0181818
0	0.0690909
0	1
0	1
0	0.0327273
0	1
0	0.0145455
0	1
0	0.08
0	0.0254545
0	0.0218182
0	0.0181818
0	1
0	1
0	1
0	0.00727273
0	0.00727273
0	0.0145455
0	0.0436364
0	1
0	1
0	0.0109091
0	0.0109091
0	0.00727273
0	1
0	0.0436364
0	0.04
0	1
0	0.00727273
0	0.0145455
0	0.0618182
0	0.0218182
0	0.0218182
0	0.0254545
0	0.0472727
0	1
0	0.00727273
0	0.0618182
0	0.0181818
0	0.0109091
0	0.0690909
0	0.0472727
0	inf
0	1
0	0.0618182
0	0.0181818
0	1
0	1
0	0.00727273
0	0.0145455
0	inf
0	0.0109091
0	1
0	1
0	1
0	0.0181818
0	0.0545455
0	0.00727273
0	0.0218182
0	1
0	1
0	1
0	0.0181818
0	1
0	1
0	1
0	1
0	0.0545455
0	1
0	1
0	0.0472727
0	0.00727273
0	0.0436364
0	0.0327273
0	0.0254545
0	1
0	0.0181818
0	0.0472727
0	0.08
0	0.0472727
0	1
0	1
0	0.00727273
0	0.0181818
0	1
0	0.00727273
0	1
0	1
0	0.0618182
0	0.0145455
0	1
0	0.0109091
0	0.0145455
0	0.0109091
0	0.0436364
0	0.0181818
0	0.0254545
0	1
0	1
0	1
0	0.00727273
0	1
0	0.0181818
0	1
0	0.0254545
0	0.0181818
0	1
0	1
0	0.0472727
0	0.00727273
0	0.0472727
0	0.00727273
0	1
0	1
0	0.0254545
0	0.0327273
0	0.0218182
0	1
0	0.0436364
0	0.0290909
0	0.0181818
0	0.0254545
0	0.0436364
0	0.00727273
0	0.0109091
0	0.0145455
0	0.0181818
0	0.0218182
0	0.0327273
0	0.08
0	0.0181818
0	0.0145455
0	0.00727273
0	1
0	1
0	1
0	0.0109091
0	0.08
0	1
0	0.0181818
0	0.0109091
0	0.00727273
0	0.0218182
0	0.0109091
0	0.0218182
0	1
0	0.0109091
0	0.0690909
0	1
0	0.00727273
0	1
0	1
0	0.0181818
0	0.0145455
0	0.0109091
0	0.0618182
0	1
0	0.0218182
0	1
0	0.0618182
0	0.0145455
0	0.08
0	1
0	1
0	0.0618182
0	1
0	1
0	1
0	1
0	1
0	0.08
0	0.08
0	0.0145455
0	1
0	1
0	0.00727273
0	1
0	0.04
0	0.0472727
0	0.0218182
0	inf
0	0.0218182
0	1
0	0.0327273
0	1
0	0.0181818
0	0.0145455
0	0.0145455
0	1
0	0.0109091
0	0.00727273
0	1
0	0.0436364
0	0.00727273
0	0.04
0	0.0254545
0	0.0254545
0	0.0145455
0	0.00727273
0	1
0	0.0109091
0	0.0181818
0	0.0181818
0	0.0109091
0	0.0472727
0	0.0472727
0	1
0	0.0218182
0	0.0109091
0	1
0	0.0109091
0	0.0327273
0	1
0	0.0109091
0	0.0145455
0	0.0327273
0	1
0	0.0145455
0	0.00727273
0	1
0	1
0	1
0	0.0690909
0	1
0	1
0	0.00727273
0	0.0145455
0	1
0	0.0145455
0	0.08
0	0.0145455
0	1
0	1
0	0.0145455
0	0.0145455
0	1
0	0.0181818
0	1
0	0.08
0	0.0109091
0	1
0	0.08
0	0.00363636
0	1
0	0.00727273
0	1
0	0.0218182
0	0.0218182
0	1
0	1
0	1
0	0.0145455
0	1
0	0.0145455
0	1
0	0.0109091
0	0.0327273
0	0.0109091
0	0.0109091
0	1
0	0.0218182
0	0.0181818
0	0.0472727
0	1
0	0.0181818
0	1
0	0.0145455
0	0.0327273
0	0.0109091
0	1
0	1
0	1
0	0.04
0	0.00363636
0	1
0	1
0	0.00727273
0	1
0	1
0	0.0472727
0	0.00727273
0	1
0	0.00727273
0	0.0109091
0	0.00363636
0	0.0290909
0	0.0109091
0	0.0145455
0	0.0181818
0	0.0472727
0	0.0109091
0	0.0109091
0	0.0109091
0	1
0	0.0109091
0	1
0	1
0	0.00727273
0	0.0254545
0	0.0218182
0	0.0545455
0	0.0218182
0	0.0472727
0	1
0	0.00727273
0	1
0	1
0	1
0	0.0109091
0	0.0145455
0	0.00727273
0	0.00727273
0	1
0	0.0218182
0	1
0	0.00727273
0	0.0290909
0	0.0618182
0	0.00727273
0	1
0	0.0181818
0	1
0	1
0	0.0436364
0	1
0	0.0218182
0	0.0218182
0	0.0327273
0	1
0	0.0109091
0	0.0436364
0	0.0218182
0	0.0109091
0	0.00727273
0	1
0	1
0	1
0	0.00727273
0	0.0327273
0	0.0218182
0	1
0	1
0	0.00727273
0	0.0109091
0	1
0	0.0145455
0	0.0218182
0	1
0	0.00727273
0	1
0	1
0	1
0	0.08
0	0.08
0	0.00727273
0	0.0109091
0	1
0	0.0181818
0	1
0	0.0109091
0	0.0472727
0	0.0290909
0	0.0181818
0	0.0145455
0	0.00727273
0	0.00727273
0	0.0327273
0	0.00727273
0	0.0472727
0	1
0	0.08
0	1
0	0.0145455
0	0.0618182
0	0.0690909
0	1
0	0.0109091
0	1
0	0.0690909
0	1
0	1
0	0.0109091
0	1
0	0.0290909
0	0.0690909
0	1
0	1
0	1
0	0.00727273
0	0.0109091
0	0.0436364
0	0.0290909
0	1
0	0.0436364
0	1
0	0.00727273
0	0.00727273
0	0.00727273
0	0.00727273
0	1
0	0.0218182
0	0.0254545
0	1
0	1
0	1
0	0.00727273
0	0.0290909
0	1
0	0.0181818
0	0.0109091
0	0.0181818
0	1
0	0.0145455
0	0.0181818
0	1
0	0.00727273
0	0.0109091
0	0.0109091
0	0.0254545
0	1
0	1
0	0.0218182
0	1
0	0.0145455
0	0.0472727
0	0.0145455
0	1
0	0.0218182
0	0.0218182
0	0.00727273
0	0.0181818
0	1
0	1
0	0.0109091
0	0.00727273
0	0.0472727
0	0.0181818
0	0.00727273
0	1
0	1
0	1
0	0.0436364
0	0.0218182
0	1
0	0.00727273
0	0.00727273
0	0.00727273
0	1
0	1
0	1
0	0.00727273
0	1
0	1
0	0.0218182
0	0.00727273
0	0.00727273
0	0.0109091
0	0.00727273
0	0.00727273
0	0.00727273
0	0.0545455
0	0.04
0	0.0545455
0	0.0181818
0	0.0218182
0	1
0	0.00727273
0	0.0690909
0	0.0218182


