# Persistence diagram <GML/0495.gml>
#
# Dimension   : 1
# Entries     : 98
# Betti number: 98
0.0276243	inf
0.0331492	inf
0.038674	inf
0.0441989	inf
0.0497238	inf
0.0497238	inf
0.0552486	inf
0.0552486	inf
0.0552486	inf
0.0607735	inf
0.0607735	inf
0.0607735	inf
0.0607735	inf
0.0607735	inf
0.0607735	inf
0.0607735	inf
0.0607735	inf
0.0607735	inf
0.0607735	inf
0.0662983	inf
0.0662983	inf
0.0662983	inf
0.0662983	inf
0.0662983	inf
0.0662983	inf
0.0662983	inf
0.0662983	inf
0.0662983	inf
0.0662983	inf
0.0662983	inf
0.0662983	inf
0.0718232	inf
0.0718232	inf
0.0718232	inf
0.0718232	inf
0.0718232	inf
0.0718232	inf
0.0718232	inf
0.0718232	inf
0.0718232	inf
0.0718232	inf
0.0718232	inf
0.0718232	inf
0.0718232	inf
0.0718232	inf
0.0718232	inf
0.0718232	inf
0.0718232	inf
0.0828729	inf
0.0828729	inf
0.0828729	inf
0.0828729	inf
0.0828729	inf
0.104972	inf
0.104972	inf
0.104972	inf
0.104972	inf
0.104972	inf
0.104972	inf
0.104972	inf
0.104972	inf
0.104972	inf
0.104972	inf
0.104972	inf
0.110497	inf
0.110497	inf
0.110497	inf
0.110497	inf
0.110497	inf
0.110497	inf
0.110497	inf
0.110497	inf
0.110497	inf
1	inf
1	inf
1	inf
1	inf
1	inf
1	inf
1	inf
1	inf
1	inf
1	inf
1	inf
1	inf
1	inf
1	inf
1	inf
1	inf
1	inf
1	inf
1	inf
1	inf
1	inf
1	inf
1	inf
1	inf
1	inf
