# Persistence diagram <GML/0498.gml>
#
# Dimension   : 0
# Entries     : 537
# Betti number: 2
0	inf
0	0.076555
0	0.0526316
0	0.0526316
0	1
0	1
0	0.0526316
0	1
0	0.148325
0	0.076555
0	1
0	1
0	1
0	1
0	0.0478469
0	1
0	1
0	0.0143541
0	1
0	0.0956938
0	1
0	0.0287081
0	0.148325
0	0.0478469
0	1
0	1
0	0.0239234
0	1
0	0.0478469
0	0.0478469
0	0.0574163
0	0.062201
0	0.0430622
0	0.0191388
0	0.0191388
0	0.0191388
0	0.0239234
0	0.0239234
0	1
0	0.0191388
0	0.062201
0	0.0191388
0	1
0	0.0191388
0	1
0	0.0478469
0	0.00956938
0	0.0478469
0	0.0287081
0	0.0239234
0	0.0191388
0	0.0239234
0	0.148325
0	0.0239234
0	1
0	0.0239234
0	0.0239234
0	1
0	1
0	0.0191388
0	0.0526316
0	1
0	0.0239234
0	1
0	1
0	1
0	0.0239234
0	0.062201
0	0.0191388
0	1
0	1
0	0.00956938
0	0.0287081
0	0.0191388
0	0.0334928
0	0.0143541
0	1
0	0.0239234
0	1
0	1
0	0.0287081
0	0.0191388
0	1
0	0.0956938
0	0.00956938
0	1
0	1
0	1
0	0.0478469
0	1
0	1
0	0.0526316
0	1
0	1
0	0.076555
0	0.076555
0	1
0	0.0382775
0	0.0191388
0	1
0	1
0	0.0956938
0	0.148325
0	1
0	0.0574163
0	0.148325
0	1
0	0.0239234
0	0.062201
0	0.0191388
0	1
0	0.0526316
0	1
0	0.0191388
0	0.0334928
0	inf
0	0.062201
0	0.0478469
0	0.0191388
0	0.0191388
0	1
0	0.0430622
0	0.0191388
0	0.00956938
0	0.148325
0	0.0191388
0	0.0191388
0	0.0239234
0	0.0334928
0	1
0	1
0	1
0	0.0334928
0	0.148325
0	1
0	0.0143541
0	1
0	0.0430622
0	1
0	0.00956938
0	0.00956938
0	0.0143541
0	0.0526316
0	1
0	0.0191388
0	0.0143541
0	1
0	0.0287081
0	0.0239234
0	1
0	1
0	0.0191388
0	0.00956938
0	1
0	1
0	0.0143541
0	0.00956938
0	0.0191388
0	0.00956938
0	1
0	0.0239234
0	0.00956938
0	0.00956938
0	1
0	1
0	0.0191388
0	0.0191388
0	1
0	0.0143541
0	1
0	1
0	1
0	1
0	0.0191388
0	0.0191388
0	0.0191388
0	0.0287081
0	0.0143541
0	0.0239234
0	0.0191388
0	0.148325
0	0.0191388
0	1
0	0.0143541
0	0.0334928
0	0.0287081
0	0.0574163
0	1
0	0.0191388
0	1
0	1
0	0.0191388
0	0.0478469
0	0.00956938
0	0.0143541
0	1
0	0.0143541
0	0.0478469
0	0.0526316
0	0.0191388
0	0.0334928
0	0.0191388
0	0.0143541
0	0.0956938
0	0.0239234
0	1
0	0.0143541
0	0.0334928
0	0.0526316
0	0.0287081
0	0.0239234
0	0.0143541
0	0.0143541
0	1
0	1
0	0.00478469
0	0.0239234
0	0.0334928
0	1
0	0.0956938
0	0.0956938
0	0.0956938
0	0.0143541
0	0.0478469
0	0.0191388
0	0.0191388
0	0.0334928
0	1
0	1
0	0.0334928
0	1
0	1
0	1
0	0.0191388
0	0.0239234
0	1
0	0.0143541
0	1
0	0.0239234
0	0.0478469
0	0.0143541
0	0.00956938
0	1
0	0.0191388
0	0.148325
0	0.00956938
0	0.062201
0	0.0191388
0	0.148325
0	1
0	0.0143541
0	1
0	0.0526316
0	1
0	1
0	0.0526316
0	0.0191388
0	1
0	1
0	0.0239234
0	0.0526316
0	0.0191388
0	1
0	0.0239234
0	0.0239234
0	1
0	0.0191388
0	0.0287081
0	0.0143541
0	0.00956938
0	0.148325
0	0.0287081
0	0.0191388
0	1
0	0.0143541
0	0.0382775
0	1
0	0.0574163
0	0.0526316
0	0.0526316
0	0.00956938
0	0.0239234
0	1
0	0.0478469
0	0.0143541
0	0.00956938
0	0.0143541
0	0.0239234
0	0.0191388
0	0.00956938
0	0.148325
0	0.0191388
0	1
0	1
0	1
0	0.0191388
0	0.0143541
0	0.0143541
0	0.00956938
0	0.0143541
0	0.076555
0	0.0191388
0	0.0191388
0	1
0	0.0239234
0	0.0143541
0	1
0	1
0	0.0143541
0	0.148325
0	0.0143541
0	0.0143541
0	0.0143541
0	0.148325
0	0.0143541
0	1
0	0.062201
0	0.0478469
0	0.0191388
0	0.0478469
0	0.00956938
0	0.0143541
0	1
0	0.0143541
0	0.00956938
0	0.0143541
0	0.0191388
0	1
0	0.00956938
0	0.0191388
0	1
0	0.148325
0	1
0	0.0382775
0	1
0	0.148325
0	0.00956938
0	0.0239234
0	1
0	1
0	1
0	0.0956938
0	1
0	0.0287081
0	1
0	0.062201
0	0.00956938
0	0.0956938
0	0.0191388
0	0.0239234
0	0.0143541
0	0.0239234
0	0.00956938
0	1
0	1
0	0.148325
0	0.148325
0	0.076555
0	0.0143541
0	0.0143541
0	0.0239234
0	0.00956938
0	0.0956938
0	1
0	1
0	0.0334928
0	1
0	0.0430622
0	0.0382775
0	0.0143541
0	0.00956938
0	1
0	0.0191388
0	1
0	0.0239234
0	0.0526316
0	0.0143541
0	0.0191388
0	0.00956938
0	1
0	0.0143541
0	0.0478469
0	0.0239234
0	1
0	0.0430622
0	0.0334928
0	0.0239234
0	0.0526316
0	0.00956938
0	1
0	0.00956938
0	0.0526316
0	1
0	1
0	1
0	0.0956938
0	1
0	1
0	0.00956938
0	0.00956938
0	0.0956938
0	1
0	1
0	0.0191388
0	0.148325
0	0.0143541
0	0.00956938
0	0.0287081
0	0.0143541
0	1
0	0.0191388
0	0.0574163
0	0.00956938
0	0.0956938
0	0.0143541
0	0.0956938
0	0.0191388
0	0.0239234
0	0.0526316
0	0.0239234
0	0.0334928
0	1
0	0.00956938
0	0.0143541
0	1
0	1
0	0.0239234
0	0.0143541
0	0.0478469
0	0.0430622
0	0.00956938
0	0.0526316
0	1
0	1
0	0.0478469
0	0.0191388
0	1
0	0.0143541
0	0.0143541
0	0.0143541
0	0.0526316
0	0.0143541
0	0.0143541
0	1
0	0.0239234
0	0.0143541
0	0.0430622
0	0.0143541
0	1
0	1
0	0.0191388
0	1
0	1
0	0.0239234
0	0.0143541
0	1
0	1
0	0.0143541
0	0.0287081
0	0.00956938
0	1
0	0.0526316
0	0.0526316
0	0.0143541
0	0.00956938
0	0.0143541
0	0.0239234
0	0.148325
0	0.0143541
0	1
0	0.00956938
0	0.0239234
0	0.00956938
0	1
0	1
0	0.0287081
0	0.0143541
0	0.00956938
0	0.0239234
0	1
0	0.0143541
0	0.0287081
0	1
0	1
0	1
0	1
0	0.0143541
0	0.0143541
0	1
0	1
0	0.0526316
0	0.0526316
0	1
0	0.0430622
0	0.00956938
0	1
0	1
0	0.0143541
0	1
0	0.0143541
0	0.076555
0	0.0143541
0	1
0	1
0	0.0191388
0	0.0574163
0	0.148325
0	0.0191388
0	0.0239234
0	0.0287081
0	1
0	0.0287081
0	0.00956938
0	1
0	0.00956938
0	1
0	0.148325
0	1
0	0.0287081
0	1
0	0.00956938
0	0.076555
0	0.0526316
0	0.0956938
0	1
0	0.0143541
0	0.0956938
0	1
0	0.0334928
0	1
0	1
0	0.00956938
0	1
0	0.0191388
0	0.0191388
0	0.0143541
0	0.0239234


