# Persistence diagram <GML/0501.gml>
#
# Dimension   : 0
# Entries     : 1004
# Betti number: 11
0	inf
0	0.0754717
0	0.113208
0	0.0503145
0	0.119497
0	0.100629
0	1
0	0.0503145
0	0.0691824
0	0.0880503
0	0.0628931
0	0.0880503
0	1
0	0.0503145
0	0.0880503
0	1
0	1
0	0.0880503
0	0.0503145
0	0.100629
0	1
0	1
0	0.0628931
0	0.0503145
0	1
0	0.119497
0	0.0440252
0	0.0440252
0	0.100629
0	0.0691824
0	1
0	1
0	0.0440252
0	0.113208
0	0.0754717
0	1
0	0.157233
0	0.0440252
0	0.0566038
0	0.0943396
0	0.0628931
0	0.0628931
0	0.119497
0	0.0251572
0	0.0691824
0	0.0503145
0	0.0377358
0	0.0880503
0	0.0503145
0	1
0	1
0	0.0377358
0	0.0691824
0	0.0314465
0	0.0628931
0	0.0377358
0	0.0251572
0	0.0754717
0	0.0943396
0	0.0691824
0	0.0440252
0	0.100629
0	0.0880503
0	0.119497
0	0.0503145
0	0.0691824
0	0.0754717
0	0.0440252
0	0.188679
0	0.138365
0	0.0188679
0	0.0440252
0	0.0880503
0	0.188679
0	0.0503145
0	0.0377358
0	0.132075
0	0.0377358
0	0.0503145
0	0.100629
0	1
0	0.157233
0	1
0	0.157233
0	0.0314465
0	0.0314465
0	0.0188679
0	0.0691824
0	0.0314465
0	0.0691824
0	0.0503145
0	0.0377358
0	0.113208
0	0.0251572
0	0.0314465
0	0.0628931
0	0.0440252
0	0.0566038
0	0.0691824
0	0.0566038
0	0.0503145
0	1
0	0.0251572
0	0.157233
0	0.0377358
0	0.0314465
0	0.0628931
0	0.0566038
0	0.0314465
0	1
0	0.157233
0	0.132075
0	0.0314465
0	0.157233
0	0.0125786
0	0.0314465
0	0.0691824
0	0.0377358
0	0.0314465
0	0.125786
0	0.0377358
0	1
0	1
0	0.0440252
0	0.0125786
0	0.0251572
0	inf
0	0.119497
0	0.0880503
0	0.113208
0	0.157233
0	0.119497
0	1
0	0.0251572
0	0.0566038
0	1
0	0.0754717
0	0.0503145
0	0.0628931
0	0.119497
0	0.0377358
0	0.0251572
0	0.0251572
0	0.0377358
0	1
0	0.100629
0	0.0943396
0	0.0880503
0	0.100629
0	0.0377358
0	1
0	0.0503145
0	0.132075
0	0.119497
0	0.157233
0	0.0628931
0	0.0880503
0	0.0377358
0	0.0377358
0	0.0628931
0	1
0	0.100629
0	0.132075
0	0.0503145
0	0.138365
0	0.0440252
0	0.0188679
0	0.0377358
0	0.0503145
0	0.0314465
0	0.0440252
0	0.0314465
0	0.0754717
0	0.0188679
0	0.0440252
0	0.0188679
0	0.132075
0	0.125786
0	1
0	0.0314465
0	1
0	0.0566038
0	1
0	0.0188679
0	0.0188679
0	0.188679
0	0.0188679
0	0.0754717
0	0.0566038
0	0.119497
0	0.0251572
0	1
0	0.0188679
0	0.0377358
0	1
0	0.0251572
0	0.0377358
0	0.0440252
0	0.0943396
0	0.100629
0	0.0880503
0	0.0314465
0	0.0188679
0	0.119497
0	1
0	0.113208
0	0.0440252
0	0.0125786
0	0.188679
0	0.119497
0	0.0377358
0	0.157233
0	0.138365
0	0.100629
0	0.0188679
0	1
0	1
0	1
0	0.0314465
0	0.0377358
0	1
0	0.0943396
0	0.0251572
0	0.0566038
0	0.0251572
0	0.0377358
0	0.0628931
0	0.125786
0	0.0188679
0	0.0125786
0	0.0251572
0	0.0314465
0	0.0188679
0	0.0628931
0	0.0125786
0	0.0251572
0	0.125786
0	0.0628931
0	0.0628931
0	0.0503145
0	0.0314465
0	0.0125786
0	0.119497
0	0.0314465
0	0.100629
0	0.0503145
0	0.0440252
0	0.125786
0	1
0	0.100629
0	0.0125786
0	0.0251572
0	0.0251572
0	0.0188679
0	0.0691824
0	1
0	0.0503145
0	0.0377358
0	0.100629
0	0.138365
0	0.100629
0	0.0377358
0	0.0314465
0	0.0251572
0	0.0440252
0	0.119497
0	0.0691824
0	0.0314465
0	0.0188679
0	1
0	0.0440252
0	0.0691824
0	0.0251572
0	0.157233
0	0.0251572
0	0.0880503
0	0.0314465
0	0.0251572
0	0.0440252
0	inf
0	0.0628931
0	0.0691824
0	0.0377358
0	inf
0	0.0314465
0	0.138365
0	0.0566038
0	0.0628931
0	1
0	0.0628931
0	0.0251572
0	0.0251572
0	inf
0	0.0188679
0	1
0	0.0503145
0	0.0503145
0	0.0251572
0	1
0	0.0503145
0	0.0188679
0	0.0377358
0	0.0377358
0	0.100629
0	0.0377358
0	0.0440252
0	0.132075
0	0.0125786
0	0.0125786
0	1
0	0.0503145
0	0.0628931
0	0.0691824
0	0.0628931
0	0.0377358
0	0.0943396
0	0.0251572
0	0.0503145
0	0.125786
0	0.0188679
0	0.0503145
0	0.132075
0	0.0251572
0	0.0880503
0	0.0377358
0	0.0691824
0	1
0	0.0880503
0	0.188679
0	0.0314465
0	0.138365
0	0.0125786
0	1
0	0.0251572
0	0.0628931
0	0.0314465
0	0.0440252
0	0.157233
0	0.0566038
0	0.0943396
0	0.100629
0	0.0251572
0	0.0188679
0	0.0188679
0	0.0125786
0	0.157233
0	0.157233
0	0.100629
0	0.0188679
0	1
0	0.0440252
0	0.0628931
0	0.0314465
0	0.0251572
0	0.0314465
0	1
0	0.0503145
0	0.0188679
0	0.0188679
0	0.0125786
0	0.0377358
0	0.157233
0	0.0377358
0	0.0125786
0	0.0188679
0	0.0125786
0	0.157233
0	0.0125786
0	1
0	0.0251572
0	0.0188679
0	0.138365
0	0.138365
0	0.0880503
0	0.0125786
0	0.0125786
0	0.157233
0	1
0	0.138365
0	0.0251572
0	1
0	0.0377358
0	0.0503145
0	inf
0	0.138365
0	0.0251572
0	0.100629
0	0.0125786
0	0.0503145
0	0.0880503
0	0.0503145
0	0.0440252
0	0.0188679
0	0.119497
0	0.0691824
0	0.0880503
0	0.0125786
0	0.0628931
0	1
0	0.0566038
0	0.0880503
0	0.125786
0	0.0503145
0	0.0251572
0	0.0691824
0	0.0251572
0	0.0125786
0	0.0251572
0	1
0	0.0188679
0	0.0251572
0	0.0314465
0	0.0125786
0	inf
0	0.0880503
0	0.0125786
0	0.0125786
0	0.0880503
0	0.0566038
0	0.100629
0	0.0314465
0	inf
0	0.0503145
0	0.0251572
0	0.0188679
0	0.0251572
0	0.0566038
0	0.0440252
0	0.0251572
0	0.00628931
0	0.0251572
0	0.0377358
0	0.0377358
0	0.0377358
0	0.0251572
0	0.0314465
0	0.100629
0	0.0125786
0	0.0691824
0	1
0	0.0628931
0	inf
0	0.157233
0	0.0314465
0	0.0251572
0	0.0251572
0	0.0943396
0	0.0188679
0	0.0440252
0	0.0314465
0	0.0377358
0	0.138365
0	0.0377358
0	0.157233
0	0.0188679
0	1
0	0.0125786
0	0.0880503
0	0.157233
0	0.0377358
0	0.100629
0	0.0377358
0	0.0251572
0	0.0440252
0	0.100629
0	0.0251572
0	1
0	0.100629
0	0.0188679
0	0.0314465
0	0.0628931
0	0.0188679
0	0.0503145
0	0.132075
0	0.0377358
0	0.0251572
0	0.0377358
0	0.0566038
0	0.0125786
0	0.0503145
0	0.0314465
0	0.0314465
0	0.0251572
0	0.0566038
0	0.0125786
0	0.0314465
0	1
0	0.0440252
0	0.0566038
0	0.119497
0	0.0377358
0	0.0188679
0	0.157233
0	0.0440252
0	0.0251572
0	1
0	0.0251572
0	0.0188679
0	0.0440252
0	0.0125786
0	1
0	0.157233
0	0.0566038
0	0.0314465
0	0.0566038
0	0.0251572
0	0.0880503
0	0.0251572
0	0.0188679
0	0.0314465
0	0.138365
0	0.0188679
0	1
0	0.0440252
0	0.0628931
0	0.0314465
0	0.0754717
0	0.188679
0	0.0943396
0	1
0	0.0314465
0	1
0	0.0628931
0	0.0440252
0	0.0251572
0	0.0377358
0	0.0377358
0	0.0251572
0	0.0188679
0	0.0188679
0	0.0691824
0	0.0188679
0	1
0	0.0440252
0	0.0125786
0	0.0566038
0	0.0691824
0	0.0314465
0	0.0314465
0	1
0	0.0251572
0	0.0314465
0	0.0377358
0	0.0377358
0	0.0125786
0	0.0188679
0	1
0	0.0314465
0	0.0503145
0	0.119497
0	0.0188679
0	0.125786
0	0.0377358
0	0.0188679
0	0.0125786
0	0.188679
0	0.0880503
0	0.0125786
0	0.188679
0	0.0691824
0	0.0691824
0	0.0566038
0	0.0314465
0	1
0	0.113208
0	0.0566038
0	0.0377358
0	0.0188679
0	0.0314465
0	0.0880503
0	0.0314465
0	0.0314465
0	0.0125786
0	0.0503145
0	0.188679
0	0.0125786
0	0.0188679
0	0.0314465
0	0.0251572
0	0.0251572
0	0.0440252
0	0.0251572
0	0.119497
0	0.0125786
0	0.0125786
0	0.188679
0	0.0125786
0	0.00628931
0	0.0125786
0	0.0314465
0	1
0	0.119497
0	0.0314465
0	0.0503145
0	0.157233
0	0.113208
0	0.0188679
0	0.188679
0	0.0125786
0	0.0188679
0	0.0314465
0	0.0314465
0	0.0125786
0	0.0125786
0	0.138365
0	0.0691824
0	0.0754717
0	0.0503145
0	1
0	0.0377358
0	0.188679
0	1
0	1
0	0.0377358
0	0.0377358
0	0.0628931
0	1
0	0.0188679
0	0.125786
0	0.113208
0	0.100629
0	0.119497
0	0.0314465
0	0.0503145
0	0.0188679
0	0.0440252
0	1
0	1
0	0.113208
0	0.0691824
0	0.0125786
0	0.0251572
0	0.0188679
0	0.0125786
0	0.0125786
0	0.0880503
0	0.0251572
0	0.0377358
0	1
0	0.100629
0	0.0377358
0	0.0503145
0	0.0125786
0	0.0314465
0	0.0377358
0	0.0880503
0	1
0	0.0125786
0	0.0125786
0	0.0314465
0	0.0314465
0	0.0125786
0	1
0	0.0251572
0	0.0503145
0	0.0188679
0	0.100629
0	0.0377358
0	0.0440252
0	0.0188679
0	0.0125786
0	0.0125786
0	0.0125786
0	0.0251572
0	0.0377358
0	0.188679
0	0.0377358
0	0.00628931
0	0.0251572
0	1
0	0.0314465
0	1
0	0.0377358
0	0.0314465
0	0.0125786
0	0.0503145
0	1
0	0.0503145
0	1
0	0.0251572
0	1
0	0.0125786
0	1
0	inf
0	0.0628931
0	0.0188679
0	0.0188679
0	0.0754717
0	0.0628931
0	0.0125786
0	0.0377358
0	0.0628931
0	0.00628931
0	0.0188679
0	0.0440252
0	0.0251572
0	0.0440252
0	0.0754717
0	0.0125786
0	0.0880503
0	0.157233
0	0.0125786
0	0.0440252
0	0.0880503
0	0.0125786
0	0.0377358
0	0.0628931
0	0.0377358
0	1
0	0.0251572
0	0.0188679
0	0.0566038
0	0.0314465
0	0.100629
0	0.0943396
0	0.0377358
0	0.0566038
0	0.0188679
0	0.0691824
0	0.0188679
0	0.0188679
0	0.0628931
0	0.0251572
0	0.0251572
0	0.157233
0	0.0566038
0	1
0	0.0125786
0	0.0566038
0	0.0125786
0	0.100629
0	1
0	0.0691824
0	0.138365
0	0.0566038
0	0.0125786
0	0.132075
0	0.157233
0	0.0125786
0	0.0188679
0	0.0314465
0	0.0125786
0	0.0188679
0	0.0188679
0	0.157233
0	0.0880503
0	0.0125786
0	0.0566038
0	1
0	0.0125786
0	0.0754717
0	0.0125786
0	0.0628931
0	0.0251572
0	0.0251572
0	0.0503145
0	1
0	1
0	0.0188679
0	0.0314465
0	0.125786
0	0.0628931
0	0.0943396
0	0.0125786
0	0.0188679
0	0.0188679
0	0.157233
0	0.0628931
0	1
0	0.0880503
0	0.0377358
0	0.0566038
0	0.0188679
0	0.0251572
0	0.0125786
0	0.0188679
0	0.0503145
0	0.0251572
0	0.0377358
0	0.138365
0	0.119497
0	0.0188679
0	0.0566038
0	0.0628931
0	1
0	0.138365
0	0.0251572
0	1
0	0.0251572
0	0.0377358
0	0.113208
0	0.0314465
0	0.100629
0	0.0314465
0	0.0314465
0	0.0188679
0	0.0251572
0	0.157233
0	1
0	0.0125786
0	0.0188679
0	0.0188679
0	0.0251572
0	1
0	0.0377358
0	0.0125786
0	0.0125786
0	0.0440252
0	0.0880503
0	0.0503145
0	0.0188679
0	1
0	0.0628931
0	0.0188679
0	0.0188679
0	0.0188679
0	0.0251572
0	0.0377358
0	0.0125786
0	1
0	0.0377358
0	1
0	0.0125786
0	0.0880503
0	0.0691824
0	0.0377358
0	0.0503145
0	0.0188679
0	0.0314465
0	0.0314465
0	0.0314465
0	0.0125786
0	0.0314465
0	0.0251572
0	0.0251572
0	0.0943396
0	0.0377358
0	0.0125786
0	0.0188679
0	0.0188679
0	1
0	0.100629
0	0.100629
0	1
0	0.0314465
0	0.0251572
0	0.0566038
0	0.138365
0	0.0314465
0	0.0188679
0	0.0125786
0	0.119497
0	0.0188679
0	0.0314465
0	0.119497
0	0.0251572
0	0.0628931
0	0.0188679
0	0.119497
0	0.0125786
0	0.0880503
0	0.0188679
0	0.0188679
0	0.157233
0	0.0377358
0	0.0314465
0	0.0377358
0	0.0125786
0	0.0754717
0	0.0314465
0	0.0125786
0	0.119497
0	0.119497
0	0.0503145
0	0.0125786
0	1
0	0.0125786
0	1
0	0.125786
0	0.0125786
0	1
0	0.0314465
0	0.0188679
0	0.0188679
0	0.0880503
0	1
0	0.0188679
0	0.0125786
0	1
0	0.0377358
0	0.0691824
0	0.119497
0	0.0251572
0	0.0377358
0	0.0754717
0	0.119497
0	1
0	0.0566038
0	1
0	0.0251572
0	0.119497
0	0.0125786
0	inf
0	0.00628931
0	0.0628931
0	0.0251572
0	1
0	0.0125786
0	0.0188679
0	1
0	0.100629
0	0.0943396
0	0.0314465
0	0.188679
0	0.0125786
0	0.125786
0	0.0754717
0	0.00628931
0	0.0628931
0	0.0125786
0	0.100629
0	0.0188679
0	0.0125786
0	1
0	1
0	0.0440252
0	0.0251572
0	0.0503145
0	0.0188679
0	0.0125786
0	0.0188679
0	0.0377358
0	0.0125786
0	0.0314465
0	0.132075
0	0.0125786
0	0.100629
0	1
0	1
0	0.0188679
0	0.0503145
0	0.0503145
0	0.0754717
0	0.138365
0	0.132075
0	0.0377358
0	0.00628931
0	1
0	0.0377358
0	0.0188679
0	0.0125786
0	0.0188679
0	1
0	0.0188679
0	0.0188679
0	0.0251572
0	0.0188679
0	0.132075
0	0.0188679
0	0.0880503
0	0.0377358
0	0.0377358
0	1
0	0.0188679
0	0.0188679
0	0.0188679
0	0.0314465
0	0.0251572
0	1
0	0.0125786
0	0.0314465
0	1
0	0.0691824
0	0.0314465
0	0.0125786
0	0.0377358
0	0.0188679
0	0.0188679
0	0.0251572
0	0.0314465
0	0.0377358
0	0.0125786
0	0.0125786
0	0.0503145
0	0.0188679
0	0.157233
0	0.0880503
0	0.0377358
0	0.0125786
0	0.0628931
0	0.0503145
0	0.0188679
0	0.0566038
0	0.0314465
0	0.0188679
0	0.0251572
0	0.0377358
0	0.0188679
0	0.0880503
0	0.125786
0	0.0188679
0	0.157233
0	0.0377358
0	0.0188679


