# Persistence diagram <GML/0506.gml>
#
# Dimension   : 1
# Entries     : 145
# Betti number: 144
0.0193906	inf
0.0193906	inf
0.0221607	inf
0.0221607	inf
0.0221607	inf
0.0221607	inf
0.0221607	inf
0.0221607	inf
0.0221607	inf
0.0221607	inf
0.0221607	inf
0.0221607	inf
0.0221607	inf
0.0221607	inf
0.0221607	inf
0.0249307	inf
0.0249307	inf
0.0249307	inf
0.0249307	inf
0.0249307	inf
0.0249307	inf
0.0249307	inf
0.0249307	inf
0.0249307	inf
0.0249307	inf
0.0249307	inf
0.0249307	inf
0.0249307	inf
0.0249307	inf
0.0249307	inf
0.0249307	inf
0.0249307	inf
0.0277008	inf
0.0277008	inf
0.0277008	inf
0.0277008	inf
0.0277008	inf
0.0277008	inf
0.0277008	inf
0.0304709	inf
0.0304709	inf
0.0304709	inf
0.0304709	inf
0.0304709	inf
0.0304709	inf
0.0304709	inf
0.0304709	inf
0.0304709	inf
0.0304709	inf
0.0304709	inf
0.0304709	inf
0.0304709	inf
0.033241	inf
0.033241	inf
0.033241	inf
0.0360111	inf
0.0360111	inf
0.0360111	inf
0.0360111	inf
0.0415512	inf
0.0415512	inf
0.0415512	inf
0.0415512	inf
0.0415512	inf
0.0415512	inf
0.0443213	inf
0.0443213	inf
0.0443213	inf
0.0554017	inf
0.0554017	inf
0.0554017	inf
0.0554017	inf
0.0554017	inf
0.0554017	inf
0.0747922	inf
0.0747922	inf
0.0747922	inf
0.0747922	inf
0.0747922	inf
0.0747922	inf
0.0747922	inf
0.110803	inf
0.110803	inf
0.110803	inf
0.110803	inf
0.110803	inf
0.110803	inf
0.110803	inf
0.110803	inf
0.110803	inf
0.110803	1
0.110803	inf
1	inf
1	inf
1	inf
1	inf
1	inf
1	inf
1	inf
1	inf
1	inf
1	inf
1	inf
1	inf
1	inf
1	inf
1	inf
1	inf
1	inf
1	inf
1	inf
1	inf
1	inf
1	inf
1	inf
1	inf
1	inf
1	inf
1	inf
1	inf
1	inf
1	inf
1	inf
1	inf
1	inf
1	inf
1	inf
1	inf
1	inf
1	inf
1	inf
1	inf
1	inf
1	inf
1	inf
1	inf
1	inf
1	inf
1	inf
1	inf
1	inf
1	inf
1	inf
1	inf
1	inf
