# Persistence diagram <GML/0507.gml>
#
# Dimension   : 0
# Entries     : 733
# Betti number: 4
0	inf
0	1
0	1
0	1
0	1
0	0.075188
0	0.075188
0	1
0	1
0	1
0	1
0	0.0401003
0	0.0401003
0	0.0401003
0	1
0	1
0	0.0401003
0	0.075188
0	0.0401003
0	0.150376
0	0.0150376
0	0.0401003
0	1
0	1
0	1
0	1
0	0.150376
0	1
0	0.0325815
0	0.150376
0	0.0150376
0	1
0	1
0	0.0150376
0	1
0	1
0	1
0	1
0	1
0	1
0	0.0401003
0	1
0	inf
0	1
0	0.0325815
0	0.0150376
0	0.150376
0	1
0	1
0	0.0401003
0	0.0325815
0	0.0075188
0	1
0	1
0	1
0	0.0401003
0	0.0401003
0	1
0	0.0401003
0	0.0300752
0	1
0	0.0401003
0	0.00501253
0	0.150376
0	0.150376
0	1
0	1
0	0.0100251
0	1
0	0.075188
0	0.0125313
0	0.0401003
0	1
0	1
0	1
0	0.0150376
0	1
0	0.0325815
0	1
0	0.0150376
0	1
0	inf
0	1
0	1
0	1
0	1
0	1
0	1
0	0.150376
0	1
0	0.075188
0	0.0300752
0	0.0150376
0	1
0	1
0	1
0	1
0	0.0125313
0	1
0	0.0401003
0	0.0325815
0	1
0	0.0300752
0	0.0300752
0	0.0200501
0	1
0	0.00501253
0	0.0100251
0	1
0	0.150376
0	0.0125313
0	1
0	0.0150376
0	0.0150376
0	1
0	0.0325815
0	0.150376
0	0.0325815
0	1
0	0.0225564
0	1
0	1
0	0.150376
0	1
0	1
0	1
0	1
0	0.0325815
0	1
0	1
0	0.0401003
0	1
0	0.075188
0	0.0300752
0	0.0150376
0	0.150376
0	0.0401003
0	0.0125313
0	0.0325815
0	0.150376
0	0.0150376
0	0.0125313
0	0.0100251
0	0.0100251
0	0.0100251
0	1
0	0.0150376
0	0.075188
0	0.150376
0	0.0401003
0	1
0	0.0325815
0	1
0	1
0	1
0	0.0200501
0	1
0	1
0	1
0	1
0	1
0	0.0100251
0	1
0	0.0401003
0	1
0	1
0	1
0	1
0	0.00501253
0	0.150376
0	1
0	0.0401003
0	0.00501253
0	1
0	0.0325815
0	1
0	1
0	0.150376
0	1
0	1
0	1
0	1
0	1
0	1
0	1
0	1
0	1
0	1
0	0.150376
0	1
0	0.0125313
0	1
0	0.0325815
0	0.0401003
0	0.0401003
0	0.0125313
0	1
0	0.0300752
0	0.0150376
0	0.0100251
0	1
0	0.0075188
0	0.0125313
0	1
0	1
0	0.0075188
0	1
0	1
0	1
0	0.0125313
0	0.0401003
0	0.0401003
0	0.0100251
0	0.0100251
0	0.0200501
0	0.0401003
0	0.0300752
0	1
0	1
0	0.0100251
0	0.0100251
0	0.0125313
0	1
0	1
0	1
0	0.0401003
0	0.0125313
0	0.0150376
0	0.075188
0	1
0	0.0401003
0	0.0100251
0	0.0100251
0	1
0	1
0	0.0100251
0	1
0	0.0401003
0	0.0125313
0	1
0	0.0100251
0	1
0	0.0125313
0	1
0	1
0	1
0	1
0	0.00501253
0	0.0075188
0	0.0225564
0	0.150376
0	1
0	0.0401003
0	0.0325815
0	1
0	1
0	1
0	1
0	1
0	0.150376
0	1
0	0.00501253
0	1
0	1
0	1
0	1
0	1
0	0.0300752
0	1
0	0.0125313
0	1
0	0.0075188
0	0.0200501
0	1
0	0.0100251
0	inf
0	1
0	0.0200501
0	0.0075188
0	0.0150376
0	0.0100251
0	0.0150376
0	0.0401003
0	0.0175439
0	0.00501253
0	1
0	0.0325815
0	1
0	1
0	1
0	1
0	1
0	0.0100251
0	0.0125313
0	0.0125313
0	0.0150376
0	1
0	0.0100251
0	0.0401003
0	0.075188
0	0.0075188
0	0.0100251
0	0.0100251
0	1
0	1
0	0.150376
0	0.0150376
0	1
0	0.0075188
0	1
0	0.150376
0	0.0401003
0	1
0	1
0	1
0	0.150376
0	0.0125313
0	0.150376
0	0.0200501
0	1
0	0.00501253
0	0.0125313
0	0.0401003
0	0.00501253
0	0.0325815
0	0.0175439
0	0.0075188
0	0.0075188
0	0.150376
0	0.0100251
0	0.0401003
0	1
0	0.0150376
0	0.0150376
0	0.0150376
0	0.075188
0	1
0	1
0	0.0175439
0	0.00501253
0	1
0	1
0	0.0075188
0	0.0150376
0	0.0401003
0	1
0	1
0	0.0300752
0	1
0	1
0	0.0075188
0	0.150376
0	1
0	1
0	0.150376
0	0.0100251
0	1
0	0.0075188
0	0.0125313
0	1
0	0.0225564
0	1
0	0.00250627
0	0.0100251
0	1
0	0.0325815
0	1
0	0.00501253
0	1
0	0.0075188
0	0.0125313
0	0.0075188
0	0.00501253
0	0.0100251
0	1
0	1
0	1
0	1
0	0.0125313
0	0.00501253
0	0.0100251
0	1
0	1
0	0.0150376
0	1
0	1
0	1
0	0.075188
0	1
0	0.075188
0	0.0075188
0	0.00501253
0	1
0	1
0	0.0100251
0	1
0	1
0	0.0401003
0	0.0075188
0	1
0	0.0075188
0	0.0100251
0	1
0	0.0075188
0	1
0	0.0125313
0	1
0	0.0200501
0	0.150376
0	1
0	0.0100251
0	1
0	0.150376
0	1
0	1
0	0.0401003
0	1
0	0.0200501
0	1
0	1
0	0.0075188
0	0.0401003
0	1
0	1
0	0.0100251
0	1
0	0.150376
0	0.0075188
0	1
0	0.0200501
0	1
0	0.0150376
0	0.075188
0	0.00501253
0	0.0125313
0	0.0100251
0	1
0	1
0	1
0	0.0225564
0	0.0125313
0	0.0125313
0	0.0150376
0	1
0	0.0100251
0	1
0	1
0	1
0	0.150376
0	0.0100251
0	0.0100251
0	1
0	0.0100251
0	0.0125313
0	1
0	0.0200501
0	0.0100251
0	0.00501253
0	1
0	0.0100251
0	0.0100251
0	0.0075188
0	1
0	1
0	0.0325815
0	0.00501253
0	0.0075188
0	1
0	1
0	0.0100251
0	0.0125313
0	1
0	0.150376
0	1
0	0.0100251
0	1
0	1
0	0.00501253
0	0.00501253
0	0.075188
0	1
0	0.0075188
0	1
0	0.0300752
0	1
0	0.0150376
0	1
0	0.0150376
0	0.0075188
0	0.0325815
0	0.0125313
0	1
0	1
0	1
0	0.0325815
0	1
0	1
0	0.0100251
0	1
0	1
0	0.0125313
0	1
0	1
0	0.150376
0	1
0	0.150376
0	0.0200501
0	0.150376
0	0.00501253
0	0.0325815
0	0.00501253
0	0.00501253
0	0.0225564
0	1
0	0.0401003
0	1
0	1
0	0.0075188
0	1
0	0.0200501
0	0.0401003
0	0.0325815
0	1
0	1
0	0.0100251
0	0.00501253
0	1
0	1
0	0.0100251
0	1
0	0.150376
0	0.0100251
0	1
0	1
0	0.0075188
0	1
0	1
0	0.0100251
0	0.0075188
0	0.0100251
0	0.0150376
0	0.0075188
0	1
0	1
0	0.00501253
0	0.0100251
0	0.00501253
0	1
0	0.0100251
0	0.150376
0	0.00501253
0	0.0075188
0	1
0	0.0100251
0	0.0401003
0	1
0	1
0	0.150376
0	1
0	1
0	0.0401003
0	0.0401003
0	1
0	0.0100251
0	1
0	0.00501253
0	0.00501253
0	1
0	0.0401003
0	0.0325815
0	1
0	0.150376
0	1
0	1
0	0.0125313
0	0.00501253
0	1
0	1
0	0.0075188
0	1
0	0.075188
0	0.075188
0	1
0	0.00501253
0	1
0	1
0	1
0	1
0	0.0075188
0	1
0	0.150376
0	0.0075188
0	1
0	0.0150376
0	0.0125313
0	1
0	1
0	1
0	0.0150376
0	0.0075188
0	1
0	1
0	1
0	0.0100251
0	0.0300752
0	1
0	0.00501253
0	1
0	1
0	0.0125313
0	0.0100251
0	0.00501253
0	0.0225564
0	0.0401003
0	0.0225564
0	0.00501253
0	0.0075188
0	1
0	1
0	1
0	0.0401003
0	0.150376
0	1
0	0.0075188
0	0.0100251
0	1
0	1
0	1
0	1
0	0.0200501
0	1
0	0.0100251
0	0.150376
0	0.00501253
0	1
0	1
0	0.00501253
0	0.150376
0	1
0	0.0075188
0	1
0	0.0200501
0	0.0200501
0	1
0	0.0100251
0	0.0325815
0	1
0	1
0	0.00501253
0	0.0075188
0	0.0125313
0	1
0	0.0401003
0	0.0100251
0	0.0100251
0	0.0100251
0	0.0100251
0	1
0	1
0	1
0	0.0125313
0	0.150376
0	0.0401003
0	0.0401003
0	0.0075188
0	0.0175439
0	0.0075188
0	1
0	0.0125313
0	1
0	0.0075188
0	0.0125313
0	0.00501253
0	0.0175439
0	1
0	1
0	0.150376
0	0.0125313
0	0.0200501
0	1
0	1
0	1
0	1
0	1
0	1
0	1
0	0.00501253
0	0.0125313
0	1
0	0.0300752
0	0.00501253
0	1
0	1
0	0.00501253
0	1
0	0.00501253
0	0.150376
0	1
0	0.0175439
0	1
0	1
0	1
0	1
0	1
0	0.0100251
0	0.0150376
0	1
0	1
0	0.0075188
0	0.0401003
0	0.00501253
0	0.0125313
0	0.0075188
0	0.0075188
0	1
0	0.0075188
0	0.0100251
0	0.150376
0	1
0	1
0	0.0125313
0	1
0	0.075188
0	1
0	1
0	0.0125313
0	0.0100251
0	0.0100251
0	0.00501253
0	1
0	1
0	0.00501253
0	1


