# Persistence diagram <GML/0510.gml>
#
# Dimension   : 0
# Entries     : 990
# Betti number: 9
0	inf
0	1
0	0.0344828
0	1
0	0.0344828
0	0.0219436
0	0.0188088
0	1
0	0.0282132
0	0.0219436
0	0.0188088
0	0.031348
0	1
0	0.0721003
0	0.0219436
0	0.0219436
0	0.0188088
0	0.0438871
0	1
0	1
0	0.031348
0	1
0	0.031348
0	1
0	0.0188088
0	0.0219436
0	1
0	1
0	0.0219436
0	0.0282132
0	0.0376176
0	0.0376176
0	0.0188088
0	1
0	1
0	0.0188088
0	0.0188088
0	inf
0	1
0	0.0250784
0	0.0219436
0	0.015674
0	0.0282132
0	1
0	0.0344828
0	0.0250784
0	0.0219436
0	1
0	1
0	0.0250784
0	1
0	1
0	0.0219436
0	0.0250784
0	1
0	1
0	1
0	0.0376176
0	0.015674
0	0.0219436
0	1
0	0.0219436
0	1
0	0.0188088
0	0.0282132
0	0.0125392
0	0.0658307
0	0.031348
0	0.0188088
0	1
0	0.0188088
0	0.0282132
0	1
0	0.00626959
0	0.0219436
0	0.0188088
0	1
0	0.0125392
0	0.015674
0	0.0282132
0	0.0188088
0	0.00940439
0	0.0125392
0	0.015674
0	1
0	0.0188088
0	0.0188088
0	0.0721003
0	0.0188088
0	1
0	1
0	0.015674
0	1
0	0.0250784
0	0.0564263
0	0.00626959
0	inf
0	0.0376176
0	0.0219436
0	0.0564263
0	0.0188088
0	1
0	0.0219436
0	0.0250784
0	0.0282132
0	0.00940439
0	0.0407524
0	0.0376176
0	0.0219436
0	0.0250784
0	0.0407524
0	0.0188088
0	0.00940439
0	1
0	1
0	0.0188088
0	0.031348
0	0.0125392
0	0.0188088
0	0.015674
0	0.0219436
0	0.0282132
0	0.015674
0	0.0658307
0	1
0	1
0	0.0250784
0	1
0	0.015674
0	1
0	1
0	0.031348
0	0.00940439
0	0.0282132
0	0.0250784
0	0.0250784
0	0.0219436
0	1
0	inf
0	0.0721003
0	0.00940439
0	1
0	0.0125392
0	0.015674
0	0.0125392
0	1
0	0.0188088
0	0.0282132
0	1
0	0.0595611
0	0.0470219
0	0.00940439
0	0.0219436
0	1
0	1
0	0.0407524
0	0.0282132
0	0.0407524
0	1
0	1
0	0.0188088
0	1
0	0.0219436
0	1
0	0.015674
0	1
0	0.015674
0	1
0	1
0	0.0438871
0	1
0	0.015674
0	inf
0	1
0	0.0376176
0	0.0125392
0	1
0	inf
0	0.0344828
0	1
0	1
0	0.0407524
0	1
0	0.0250784
0	0.0595611
0	1
0	1
0	0.0344828
0	0.0219436
0	0.0407524
0	0.0219436
0	0.0219436
0	0.0376176
0	1
0	1
0	0.0376176
0	0.0219436
0	0.0407524
0	0.00940439
0	0.0595611
0	0.0407524
0	1
0	0.0250784
0	0.0188088
0	1
0	0.0564263
0	0.0407524
0	1
0	0.015674
0	0.0125392
0	1
0	0.0188088
0	1
0	0.015674
0	1
0	0.0219436
0	0.0595611
0	0.0407524
0	0.0188088
0	0.0219436
0	0.00626959
0	0.0282132
0	0.0376176
0	1
0	0.0250784
0	0.0282132
0	0.0407524
0	1
0	0.0125392
0	1
0	1
0	0.015674
0	0.0188088
0	0.0282132
0	0.00626959
0	1
0	0.00940439
0	0.0282132
0	0.00940439
0	0.0219436
0	1
0	0.0250784
0	0.0125392
0	0.0658307
0	0.0282132
0	0.015674
0	0.0595611
0	1
0	1
0	1
0	1
0	1
0	0.0219436
0	0.0376176
0	0.0125392
0	0.0188088
0	0.0658307
0	1
0	1
0	0.0282132
0	0.0219436
0	0.0407524
0	1
0	0.0125392
0	0.0282132
0	0.0219436
0	0.0282132
0	0.0407524
0	0.0564263
0	0.0595611
0	0.00626959
0	1
0	0.015674
0	0.0125392
0	1
0	0.0282132
0	0.0376176
0	inf
0	1
0	0.0595611
0	0.015674
0	0.031348
0	0.00626959
0	0.00940439
0	0.0376176
0	0.015674
0	0.0282132
0	0.00940439
0	0.0219436
0	0.0376176
0	1
0	0.0470219
0	1
0	0.031348
0	0.015674
0	1
0	0.0438871
0	0.0125392
0	0.00626959
0	0.0188088
0	0.0219436
0	1
0	0.00940439
0	0.00626959
0	1
0	0.0125392
0	1
0	0.0376176
0	0.0407524
0	0.0595611
0	0.0188088
0	0.0188088
0	0.0250784
0	0.015674
0	1
0	0.0282132
0	1
0	0.00626959
0	1
0	0.031348
0	0.0125392
0	0.00626959
0	0.0282132
0	1
0	1
0	0.0219436
0	0.0125392
0	1
0	0.00626959
0	1
0	0.015674
0	1
0	1
0	1
0	0.0376176
0	0.015674
0	1
0	0.015674
0	0.0564263
0	0.0250784
0	1
0	0.00626959
0	0.0188088
0	0.0564263
0	0.0658307
0	0.015674
0	0.00940439
0	0.0344828
0	0.031348
0	0.00626959
0	1
0	0.00626959
0	1
0	0.015674
0	1
0	0.0250784
0	0.0125392
0	0.0188088
0	0.031348
0	1
0	1
0	0.0250784
0	1
0	1
0	0.0470219
0	0.00940439
0	0.00626959
0	0.00940439
0	0.0219436
0	1
0	0.0188088
0	0.015674
0	0.0031348
0	0.0219436
0	0.0125392
0	1
0	1
0	0.015674
0	0.00940439
0	1
0	0.0470219
0	0.00626959
0	0.0282132
0	1
0	0.0188088
0	1
0	0.0595611
0	0.0125392
0	0.00626959
0	0.0125392
0	1
0	0.0188088
0	0.0188088
0	0.00940439
0	0.0564263
0	0.0219436
0	1
0	0.031348
0	0.031348
0	0.0188088
0	1
0	0.00626959
0	1
0	0.0564263
0	0.0595611
0	0.00626959
0	0.00940439
0	0.00940439
0	0.0595611
0	0.0344828
0	1
0	0.015674
0	1
0	0.00626959
0	0.0219436
0	1
0	0.00940439
0	1
0	1
0	1
0	1
0	0.0250784
0	1
0	1
0	1
0	1
0	0.0188088
0	0.015674
0	1
0	0.0188088
0	0.0188088
0	0.015674
0	0.031348
0	inf
0	0.00626959
0	0.0125392
0	0.0125392
0	1
0	inf
0	0.0125392
0	0.0282132
0	1
0	0.0188088
0	0.015674
0	0.0125392
0	1
0	0.00626959
0	0.0219436
0	0.0721003
0	0.031348
0	0.0125392
0	0.015674
0	0.015674
0	0.0470219
0	0.0470219
0	0.0470219
0	0.0564263
0	1
0	0.0282132
0	0.0376176
0	1
0	0.0376176
0	0.0407524
0	0.00940439
0	0.0595611
0	0.015674
0	1
0	1
0	1
0	0.0188088
0	1
0	0.00940439
0	0.015674
0	0.0376176
0	0.0470219
0	0.0188088
0	1
0	0.00940439
0	1
0	1
0	0.00940439
0	1
0	0.0031348
0	0.0595611
0	0.0125392
0	1
0	1
0	0.00940439
0	0.0219436
0	0.0438871
0	1
0	0.0188088
0	1
0	1
0	0.0344828
0	0.0721003
0	0.0219436
0	0.00626959
0	0.0470219
0	0.0125392
0	0.0219436
0	0.0282132
0	0.0376176
0	0.0125392
0	0.0470219
0	1
0	0.0250784
0	0.00626959
0	0.015674
0	0.0344828
0	0.031348
0	0.0188088
0	0.0470219
0	0.0282132
0	1
0	0.015674
0	1
0	1
0	0.00626959
0	0.0125392
0	1
0	0.0250784
0	1
0	0.0344828
0	1
0	0.0282132
0	1
0	0.0721003
0	0.0438871
0	0.0188088
0	0.0125392
0	0.031348
0	1
0	1
0	0.00626959
0	1
0	0.0282132
0	0.0188088
0	0.015674
0	1
0	0.00940439
0	1
0	0.0125392
0	0.0250784
0	0.0188088
0	0.0219436
0	0.015674
0	1
0	1
0	0.0219436
0	0.015674
0	0.0188088
0	0.0219436
0	0.0721003
0	0.031348
0	0.0344828
0	1
0	1
0	0.0250784
0	0.0282132
0	0.0125392
0	0.00626959
0	0.0219436
0	0.015674
0	0.0344828
0	0.031348
0	0.00626959
0	0.00940439
0	0.0219436
0	0.015674
0	0.015674
0	0.0407524
0	0.0595611
0	0.00626959
0	1
0	0.00940439
0	1
0	0.0125392
0	0.031348
0	0.0595611
0	1
0	0.0219436
0	0.00940439
0	0.0376176
0	1
0	0.0031348
0	0.00940439
0	1
0	1
0	1
0	1
0	0.0658307
0	0.0344828
0	1
0	0.0376176
0	0.00626959
0	1
0	0.0282132
0	0.00940439
0	1
0	0.031348
0	0.00940439
0	0.0219436
0	1
0	0.0564263
0	0.0344828
0	0.00626959
0	0.0250784
0	0.0282132
0	0.00626959
0	0.0250784
0	0.0658307
0	0.00626959
0	0.0188088
0	0.0219436
0	0.0376176
0	0.0250784
0	0.00626959
0	0.0125392
0	0.0564263
0	0.0125392
0	0.00940439
0	0.0188088
0	0.0219436
0	1
0	0.015674
0	0.0564263
0	0.00626959
0	0.0721003
0	1
0	0.00626959
0	0.0188088
0	1
0	1
0	0.0564263
0	0.0344828
0	0.031348
0	0.0282132
0	1
0	0.0721003
0	0.0219436
0	1
0	0.031348
0	1
0	0.031348
0	0.0595611
0	1
0	0.0125392
0	0.00940439
0	0.0282132
0	0.00940439
0	0.0282132
0	1
0	1
0	0.0407524
0	1
0	1
0	0.0250784
0	1
0	0.0564263
0	1
0	0.0564263
0	0.015674
0	0.0219436
0	0.0219436
0	0.0125392
0	0.00626959
0	0.031348
0	1
0	1
0	0.00940439
0	0.00940439
0	0.00626959
0	0.0282132
0	0.031348
0	1
0	0.0188088
0	0.0188088
0	0.00626959
0	0.00626959
0	0.0282132
0	0.00626959
0	1
0	0.0188088
0	0.0438871
0	1
0	0.0407524
0	0.0219436
0	0.00626959
0	1
0	0.0564263
0	0.00626959
0	1
0	0.015674
0	1
0	1
0	0.0219436
0	0.0376176
0	0.0595611
0	1
0	1
0	1
0	0.015674
0	0.015674
0	1
0	0.0219436
0	0.031348
0	0.015674
0	0.0721003
0	0.0658307
0	0.00626959
0	0.00940439
0	0.00626959
0	0.0219436
0	0.015674
0	0.00626959
0	0.0125392
0	1
0	0.015674
0	0.0188088
0	0.00626959
0	0.00626959
0	0.0219436
0	1
0	1
0	0.00626959
0	0.015674
0	0.00940439
0	0.0250784
0	1
0	0.0344828
0	1
0	0.0250784
0	0.0282132
0	0.0282132
0	0.0188088
0	0.00626959
0	0.00940439
0	1
0	0.0031348
0	0.0125392
0	0.0188088
0	0.00626959
0	0.0721003
0	0.0125392
0	0.0282132
0	0.031348
0	0.0376176
0	0.0219436
0	0.0125392
0	1
0	1
0	0.0407524
0	1
0	0.015674
0	0.0658307
0	0.0188088
0	1
0	0.00626959
0	1
0	0.0188088
0	0.0376176
0	1
0	0.031348
0	0.0188088
0	0.0188088
0	0.00626959
0	0.0188088
0	0.00626959
0	1
0	1
0	0.0344828
0	1
0	0.00940439
0	0.00626959
0	1
0	0.00940439
0	0.0470219
0	0.00626959
0	0.0595611
0	1
0	1
0	0.00626959
0	0.0407524
0	0.00940439
0	0.00940439
0	0.0595611
0	0.0250784
0	0.0031348
0	0.0188088
0	0.00940439
0	0.0250784
0	0.0344828
0	0.0344828
0	0.0188088
0	1
0	0.00626959
0	0.0595611
0	0.0595611
0	1
0	0.0125392
0	1
0	0.0282132
0	0.0282132
0	1
0	0.0219436
0	1
0	1
0	0.0125392
0	1
0	1
0	0.00626959
0	0.0125392
0	1
0	0.00626959
0	0.00940439
0	1
0	0.0376176
0	0.0188088
0	1
0	1
0	1
0	1
0	1
0	0.015674
0	0.015674
0	1
0	0.00626959
0	0.00940439
0	0.0595611
0	0.0407524
0	0.00940439
0	0.00626959
0	0.0219436
0	0.0564263
0	0.00626959
0	0.0188088
0	1
0	0.0721003
0	0.015674
0	0.0188088
0	0.0376176
0	0.00626959
0	1
0	0.015674
0	0.015674
0	1
0	0.0250784
0	0.00626959
0	0.00626959
0	0.0125392
0	0.0125392
0	0.031348
0	0.0188088
0	0.00626959
0	1
0	0.00626959
0	0.0344828
0	0.00626959
0	0.0376176
0	0.00940439
0	0.0219436
0	0.0282132
0	0.0376176
0	1
0	0.0376176
0	0.00940439
0	0.0470219
0	0.0188088
0	0.0282132
0	0.00626959
0	1
0	0.00626959
0	1
0	0.00626959
0	0.00940439
0	0.00626959
0	0.00940439
0	1
0	0.00626959
0	0.00940439
0	0.00626959
0	0.00940439
0	0.00626959
0	1
0	0.00940439
0	1
0	1
0	0.0188088
0	1
0	0.015674
0	0.0188088
0	0.0344828
0	0.0721003
0	0.00626959
0	1
0	0.00626959
0	0.015674
0	0.0344828
0	0.00940439
0	1
0	0.00940439
0	1
0	0.00940439
0	1
0	0.0282132
0	0.0564263
0	0.0188088
0	0.0282132
0	0.0282132
0	0.00626959
0	0.0250784
0	0.00940439
0	0.0125392
0	0.0188088
0	0.00940439
0	0.00940439
0	0.00626959
0	0.015674
0	0.0595611
0	0.0721003
0	0.015674
0	1
0	0.00940439
0	0.0564263
0	0.00626959
0	0.00940439
0	0.00626959
0	0.0250784
0	1
0	0.0438871
0	1
0	0.0282132
0	1
0	1
0	0.015674
0	0.0125392
0	0.0250784
0	1
0	0.00940439
0	0.0188088
0	1
0	1
0	0.015674
0	0.0344828
0	1
0	0.0407524
0	1
0	1
0	1
0	0.0031348
0	1
0	1
0	0.0658307
0	0.0376176
0	0.00626959
0	0.00626959
0	1
0	1
0	0.0219436
0	0.00626959
0	0.00940439
0	1
0	1
0	0.0125392
0	1
0	1
0	0.0219436
0	0.00940439
0	0.0250784
0	1
0	0.00940439
0	1
0	0.015674
0	0.0564263
0	0.015674
0	1
0	0.00940439
0	0.0344828
0	1
0	0.00626959
0	0.0219436
0	0.00940439
0	1
0	0.0407524
0	0.00626959
0	0.0470219
0	0.0564263
0	0.00626959
0	0.0595611


