# Persistence diagram <GML/0512.gml>
#
# Dimension   : 1
# Entries     : 120
# Betti number: 120
0.00435866	inf
0.00435866	inf
0.00498132	inf
0.00498132	inf
0.00498132	inf
0.00498132	inf
0.00498132	inf
0.00498132	inf
0.00498132	inf
0.00498132	inf
0.00498132	inf
0.00498132	inf
0.00498132	inf
0.00560399	inf
0.00560399	inf
0.00560399	inf
0.00560399	inf
0.00560399	inf
0.00560399	inf
0.00622665	inf
0.00684932	inf
0.00684932	inf
0.00684932	inf
0.00684932	inf
0.00684932	inf
0.00747198	inf
0.00747198	inf
0.00747198	inf
0.00747198	inf
0.00747198	inf
0.00747198	inf
0.00747198	inf
0.00747198	inf
0.00871731	inf
0.00871731	inf
0.00871731	inf
0.00871731	inf
0.00933998	inf
0.00933998	inf
0.00933998	inf
0.00933998	inf
0.00933998	inf
0.00933998	inf
0.00933998	inf
0.00933998	inf
0.00933998	inf
0.00933998	inf
0.00933998	inf
0.00933998	inf
0.00996264	inf
0.00996264	inf
0.00996264	inf
0.0105853	inf
0.0105853	inf
0.0105853	inf
0.0105853	inf
0.0174346	inf
0.0174346	inf
0.0174346	inf
0.0174346	inf
0.0174346	inf
0.0174346	inf
0.0174346	inf
0.0174346	inf
1	inf
1	inf
1	inf
1	inf
1	inf
1	inf
1	inf
1	inf
1	inf
1	inf
1	inf
1	inf
1	inf
1	inf
1	inf
1	inf
1	inf
1	inf
1	inf
1	inf
1	inf
1	inf
1	inf
1	inf
1	inf
1	inf
1	inf
1	inf
1	inf
1	inf
1	inf
1	inf
1	inf
1	inf
1	inf
1	inf
1	inf
1	inf
1	inf
1	inf
1	inf
1	inf
1	inf
1	inf
1	inf
1	inf
1	inf
1	inf
1	inf
1	inf
1	inf
1	inf
1	inf
1	inf
1	inf
1	inf
