# Persistence diagram <GML/0515.gml>
#
# Dimension   : 0
# Entries     : 1206
# Betti number: 6
0	inf
0	0.0625
0	1
0	0.0460526
0	0.0657895
0	0.0559211
0	0.0493421
0	1
0	1
0	0.0559211
0	0.0328947
0	0.0230263
0	0.0361842
0	1
0	1
0	0.0427632
0	0.0296053
0	0.0263158
0	0.0296053
0	0.0361842
0	inf
0	0.0526316
0	0.0197368
0	1
0	1
0	0.0723684
0	0.0164474
0	0.0164474
0	1
0	1
0	0.0230263
0	0.0394737
0	0.0723684
0	0.266447
0	0.0230263
0	0.0559211
0	0.0230263
0	0.0394737
0	0.0328947
0	0.0263158
0	0.266447
0	1
0	1
0	0.266447
0	0.0131579
0	0.0328947
0	0.0427632
0	0.0230263
0	0.0822368
0	0.266447
0	0.0394737
0	1
0	0.0230263
0	0.0394737
0	0.0230263
0	0.0361842
0	0.0328947
0	0.0526316
0	1
0	1
0	0.0131579
0	0.266447
0	1
0	1
0	0.0328947
0	0.0394737
0	1
0	0.0328947
0	0.0263158
0	0.0723684
0	0.0230263
0	0.0394737
0	0.0526316
0	1
0	0.0131579
0	0.00657895
0	0.0197368
0	1
0	0.0493421
0	0.0559211
0	1
0	0.0394737
0	0.0296053
0	0.0822368
0	0.0559211
0	1
0	0.0263158
0	0.0197368
0	0.0263158
0	1
0	0.0197368
0	0.0197368
0	0.0328947
0	0.0197368
0	1
0	0.0559211
0	0.0328947
0	1
0	1
0	0.0427632
0	0.266447
0	0.0328947
0	1
0	0.0822368
0	inf
0	0.00986842
0	0.0493421
0	0.0131579
0	1
0	0.0394737
0	0.0164474
0	1
0	0.0427632
0	0.00986842
0	0.0526316
0	0.0526316
0	1
0	0.0164474
0	1
0	0.0394737
0	1
0	0.0263158
0	1
0	0.0657895
0	1
0	0.0559211
0	inf
0	0.0361842
0	0.0296053
0	0.0460526
0	0.0131579
0	1
0	1
0	0.0559211
0	0.266447
0	0.0197368
0	0.0164474
0	0.266447
0	0.0131579
0	0.00657895
0	0.0230263
0	0.0427632
0	0.0526316
0	0.0197368
0	0.0197368
0	0.0164474
0	1
0	0.266447
0	0.0131579
0	0.00986842
0	1
0	0.0526316
0	0.0164474
0	1
0	1
0	0.0131579
0	0.0328947
0	1
0	0.0164474
0	0.0263158
0	0.00986842
0	1
0	0.0263158
0	0.0230263
0	0.00986842
0	0.0657895
0	0.0394737
0	1
0	0.0263158
0	0.0625
0	0.0394737
0	0.0131579
0	0.266447
0	0.0427632
0	0.0625
0	1
0	1
0	0.266447
0	0.0394737
0	0.00986842
0	0.0197368
0	0.0822368
0	0.0197368
0	1
0	inf
0	0.0427632
0	1
0	0.0427632
0	0.0197368
0	0.266447
0	1
0	0.0361842
0	1
0	0.0131579
0	0.0230263
0	0.00986842
0	0.00986842
0	0.0263158
0	0.0328947
0	0.0263158
0	0.266447
0	1
0	0.0164474
0	0.00657895
0	0.0328947
0	0.0559211
0	0.0427632
0	1
0	0.266447
0	0.0427632
0	1
0	1
0	0.0230263
0	0.00986842
0	0.0131579
0	0.0328947
0	0.0328947
0	0.0296053
0	0.266447
0	0.0230263
0	0.0723684
0	0.0328947
0	0.266447
0	0.0559211
0	0.0131579
0	0.0131579
0	0.0723684
0	0.266447
0	0.0822368
0	0.0723684
0	0.0131579
0	0.0526316
0	0.0197368
0	1
0	0.0328947
0	1
0	0.0197368
0	0.0427632
0	0.00986842
0	0.0131579
0	0.0263158
0	0.0263158
0	inf
0	0.0164474
0	0.0263158
0	1
0	0.0723684
0	0.0263158
0	0.0197368
0	0.266447
0	1
0	0.0460526
0	0.0361842
0	0.0230263
0	0.00657895
0	1
0	0.0328947
0	1
0	0.0197368
0	1
0	0.0427632
0	0.0164474
0	0.00986842
0	1
0	1
0	0.00986842
0	0.0197368
0	0.0559211
0	0.0197368
0	0.0230263
0	0.0361842
0	0.0197368
0	0.0394737
0	1
0	1
0	0.0559211
0	0.0197368
0	0.0164474
0	1
0	0.0328947
0	0.0361842
0	0.0460526
0	0.0822368
0	1
0	0.00657895
0	0.266447
0	0.0164474
0	0.0427632
0	0.0361842
0	1
0	0.0296053
0	0.0197368
0	0.0230263
0	0.0263158
0	0.0197368
0	0.0394737
0	0.0394737
0	1
0	0.0164474
0	1
0	0.0427632
0	1
0	0.0296053
0	0.0230263
0	0.0230263
0	0.0526316
0	1
0	0.0263158
0	0.00986842
0	0.266447
0	0.0131579
0	0.0263158
0	0.0328947
0	0.0131579
0	0.266447
0	1
0	1
0	1
0	0.0230263
0	0.00657895
0	0.0625
0	1
0	0.266447
0	0.00657895
0	0.0822368
0	0.0263158
0	0.0559211
0	0.0131579
0	1
0	0.0394737
0	0.0559211
0	0.00986842
0	1
0	0.0197368
0	0.00986842
0	1
0	1
0	0.0263158
0	0.0427632
0	0.0559211
0	0.0394737
0	1
0	0.0263158
0	0.0230263
0	0.0427632
0	0.00986842
0	0.0559211
0	0.00986842
0	0.0263158
0	0.00986842
0	0.0394737
0	0.266447
0	0.0164474
0	0.0131579
0	0.0394737
0	0.0657895
0	0.0361842
0	0.00986842
0	0.0197368
0	0.0559211
0	0.266447
0	0.0131579
0	0.00657895
0	0.0394737
0	0.0197368
0	0.0197368
0	0.0361842
0	0.0131579
0	1
0	0.0328947
0	0.0263158
0	0.266447
0	0.0822368
0	0.0131579
0	1
0	0.0164474
0	0.0361842
0	0.0197368
0	0.0197368
0	0.0197368
0	0.0328947
0	0.0822368
0	0.0131579
0	0.0164474
0	0.0164474
0	1
0	0.0328947
0	0.0427632
0	1
0	0.0493421
0	0.0263158
0	1
0	0.0625
0	0.0526316
0	0.0131579
0	0.0361842
0	0.0361842
0	0.0526316
0	1
0	0.0131579
0	1
0	0.0427632
0	0.0822368
0	0.0131579
0	0.0131579
0	0.0197368
0	0.0328947
0	0.0460526
0	0.0230263
0	0.0197368
0	0.0559211
0	0.0427632
0	0.0197368
0	0.0361842
0	0.0328947
0	1
0	0.0131579
0	0.0328947
0	0.0131579
0	1
0	1
0	0.0197368
0	0.0131579
0	0.00986842
0	0.0164474
0	0.266447
0	0.0263158
0	0.0197368
0	0.0361842
0	1
0	0.0263158
0	1
0	0.0230263
0	1
0	0.0197368
0	1
0	1
0	0.0164474
0	0.0131579
0	0.0328947
0	1
0	1
0	0.0197368
0	0.0493421
0	0.0723684
0	0.0131579
0	0.00986842
0	0.266447
0	1
0	0.0197368
0	0.00657895
0	1
0	0.00986842
0	0.0131579
0	0.00657895
0	0.00986842
0	0.0131579
0	1
0	1
0	0.0263158
0	0.00986842
0	0.00986842
0	1
0	0.0197368
0	0.0427632
0	0.266447
0	0.0131579
0	0.0625
0	0.0394737
0	0.0427632
0	0.0263158
0	1
0	0.0460526
0	1
0	0.0559211
0	0.0164474
0	0.0131579
0	0.0197368
0	0.0559211
0	1
0	0.00657895
0	1
0	0.00986842
0	0.0493421
0	0.0822368
0	0.0131579
0	0.0328947
0	0.0197368
0	1
0	0.0361842
0	0.0164474
0	0.00657895
0	0.0230263
0	0.0559211
0	1
0	1
0	0.0164474
0	0.0230263
0	0.0197368
0	0.0131579
0	0.00986842
0	0.0131579
0	1
0	1
0	0.0197368
0	0.0164474
0	0.0197368
0	0.00986842
0	0.0460526
0	0.0723684
0	1
0	1
0	0.0625
0	0.266447
0	0.0625
0	0.0361842
0	0.0625
0	0.0197368
0	1
0	0.0131579
0	0.00986842
0	0.00657895
0	0.0197368
0	0.0197368
0	0.0460526
0	0.0427632
0	0.0230263
0	0.00986842
0	0.0559211
0	0.00657895
0	0.00657895
0	0.0263158
0	0.0296053
0	0.0657895
0	0.0361842
0	0.0197368
0	1
0	0.0394737
0	0.0263158
0	0.0460526
0	1
0	1
0	0.00657895
0	0.266447
0	1
0	0.0131579
0	1
0	0.0296053
0	0.0131579
0	0.0296053
0	0.00657895
0	0.0460526
0	0.0197368
0	0.0197368
0	0.0131579
0	0.0625
0	0.0197368
0	1
0	0.0230263
0	1
0	0.0131579
0	1
0	0.0197368
0	0.0131579
0	1
0	0.0263158
0	0.0197368
0	0.266447
0	1
0	0.0131579
0	0.0822368
0	0.0559211
0	1
0	0.266447
0	0.0230263
0	1
0	0.266447
0	0.266447
0	0.0131579
0	0.0427632
0	0.0526316
0	0.0131579
0	1
0	1
0	0.0328947
0	0.0263158
0	0.0164474
0	1
0	0.00986842
0	0.00657895
0	0.0131579
0	0.0394737
0	1
0	0.00657895
0	0.0328947
0	0.00986842
0	0.00657895
0	0.0559211
0	0.0328947
0	0.0559211
0	1
0	0.0427632
0	0.0197368
0	0.0164474
0	0.00986842
0	0.00986842
0	0.0131579
0	0.0263158
0	0.266447
0	0.0394737
0	0.0625
0	0.0822368
0	0.00657895
0	0.00657895
0	0.0197368
0	0.00657895
0	1
0	0.0263158
0	0.0164474
0	0.0197368
0	0.0197368
0	1
0	0.0164474
0	0.0131579
0	0.0394737
0	0.0197368
0	0.0526316
0	1
0	0.00657895
0	0.0131579
0	0.0328947
0	0.00657895
0	0.0131579
0	0.0723684
0	0.0197368
0	0.00657895
0	0.0328947
0	0.00986842
0	0.0131579
0	0.0625
0	0.0526316
0	0.0625
0	0.0131579
0	0.00657895
0	0.0131579
0	0.0526316
0	0.0131579
0	0.0394737
0	0.00657895
0	1
0	0.266447
0	0.266447
0	0.0328947
0	1
0	1
0	0.0197368
0	0.0131579
0	0.00986842
0	0.0263158
0	0.0625
0	0.00657895
0	0.00986842
0	0.00657895
0	0.0526316
0	0.00657895
0	1
0	0.0559211
0	0.0164474
0	0.0164474
0	0.0723684
0	0.0164474
0	0.0197368
0	0.0263158
0	1
0	1
0	0.0131579
0	0.0328947
0	0.00657895
0	0.0131579
0	1
0	1
0	0.0263158
0	1
0	0.0328947
0	0.0822368
0	0.00657895
0	1
0	1
0	1
0	0.0394737
0	0.0328947
0	0.0164474
0	1
0	0.0164474
0	0.00657895
0	1
0	0.0723684
0	0.00986842
0	0.00657895
0	1
0	0.00657895
0	1
0	0.0526316
0	0.266447
0	0.00986842
0	1
0	0.0296053
0	1
0	0.0197368
0	0.0361842
0	1
0	1
0	0.0559211
0	1
0	0.0131579
0	1
0	0.00657895
0	0.0197368
0	0.266447
0	0.0657895
0	0.0230263
0	1
0	0.0263158
0	0.0559211
0	0.00657895
0	0.0263158
0	0.0263158
0	0.0164474
0	0.0131579
0	0.0197368
0	0.0296053
0	1
0	1
0	0.0493421
0	0.0657895
0	1
0	0.0263158
0	1
0	0.0131579
0	0.0559211
0	0.00986842
0	0.0460526
0	0.0559211
0	0.0328947
0	1
0	0.266447
0	0.0822368
0	0.0296053
0	1
0	1
0	1
0	0.0197368
0	0.0164474
0	1
0	0.0197368
0	0.00657895
0	0.0328947
0	0.0131579
0	0.266447
0	0.0263158
0	0.00328947
0	0.0657895
0	0.0723684
0	0.00657895
0	0.0263158
0	0.00657895
0	0.0657895
0	1
0	0.0164474
0	0.0131579
0	0.00657895
0	0.0230263
0	0.0361842
0	0.0230263
0	1
0	0.0263158
0	1
0	0.0197368
0	1
0	0.266447
0	0.0328947
0	0.0427632
0	0.0164474
0	0.00986842
0	0.0361842
0	0.0230263
0	0.0394737
0	0.0131579
0	0.00986842
0	0.0526316
0	0.0263158
0	1
0	1
0	0.0296053
0	0.0164474
0	0.00986842
0	1
0	0.0559211
0	1
0	0.0230263
0	0.00657895
0	0.00986842
0	1
0	0.00986842
0	0.00986842
0	0.00657895
0	0.0427632
0	0.0296053
0	0.0526316
0	0.0559211
0	0.0493421
0	0.0197368
0	0.266447
0	0.00986842
0	0.0263158
0	0.00986842
0	0.0164474
0	0.0197368
0	0.0394737
0	0.00657895
0	1
0	0.0723684
0	0.0230263
0	0.0197368
0	1
0	0.0197368
0	0.0197368
0	0.0131579
0	0.0164474
0	0.00657895
0	0.00657895
0	1
0	0.0197368
0	1
0	0.266447
0	0.266447
0	0.0328947
0	0.00657895
0	0.266447
0	1
0	0.0131579
0	0.0394737
0	0.00986842
0	0.0164474
0	0.0526316
0	1
0	0.0197368
0	0.0427632
0	0.0526316
0	0.00657895
0	0.00657895
0	0.0164474
0	0.0657895
0	0.00986842
0	0.00986842
0	0.00657895
0	0.0460526
0	0.0131579
0	0.0131579
0	0.00657895
0	1
0	1
0	1
0	0.0460526
0	0.0328947
0	0.0263158
0	0.0493421
0	0.00657895
0	0.00657895
0	1
0	0.0296053
0	0.0164474
0	0.0723684
0	0.0328947
0	0.00986842
0	1
0	0.0328947
0	1
0	1
0	0.0164474
0	0.00657895
0	0.0559211
0	0.266447
0	0.0164474
0	0.0164474
0	1
0	0.0328947
0	0.00986842
0	0.0328947
0	0.00986842
0	0.00657895
0	0.0230263
0	1
0	0.0361842
0	0.00657895
0	0.0230263
0	0.00328947
0	0.0263158
0	0.00657895
0	1
0	0.00657895
0	0.0394737
0	0.0131579
0	0.0131579
0	1
0	0.00657895
0	1
0	0.0460526
0	0.0394737
0	0.0131579
0	0.0263158
0	0.266447
0	0.0131579
0	0.0493421
0	0.0723684
0	0.0131579
0	0.0131579
0	0.0131579
0	0.0394737
0	1
0	0.0164474
0	1
0	0.0361842
0	0.0230263
0	0.0559211
0	0.0164474
0	1
0	1
0	0.0526316
0	0.0263158
0	0.0657895
0	0.0197368
0	0.0164474
0	0.00657895
0	0.0131579
0	1
0	0.00986842
0	1
0	0.0559211
0	1
0	0.0131579
0	0.0197368
0	0.00986842
0	0.0197368
0	0.266447
0	0.0559211
0	1
0	0.0328947
0	0.0263158
0	0.0328947
0	0.0131579
0	0.0131579
0	1
0	0.0427632
0	0.0197368
0	0.0328947
0	0.0493421
0	0.00986842
0	0.0230263
0	0.0559211
0	1
0	0.0197368
0	1
0	0.0230263
0	1
0	0.0526316
0	0.266447
0	0.0328947
0	0.0164474
0	0.0131579
0	1
0	0.0460526
0	0.0131579
0	0.0164474
0	0.00657895
0	1
0	0.0164474
0	0.0164474
0	0.00657895
0	0.0328947
0	0.0131579
0	0.0131579
0	0.0559211
0	0.00657895
0	0.0394737
0	0.266447
0	0.0164474
0	0.0197368
0	0.0427632
0	1
0	0.0822368
0	0.0723684
0	0.00657895
0	0.0723684
0	0.00657895
0	0.0296053
0	0.0296053
0	1
0	1
0	1
0	0.00657895
0	0.0361842
0	0.0164474
0	0.0197368
0	0.0394737
0	0.0197368
0	0.0328947
0	0.00986842
0	0.00657895
0	0.0197368
0	0.00657895
0	0.0263158
0	0.0625
0	1
0	0.00986842
0	0.00986842
0	0.0526316
0	0.0427632
0	0.266447
0	0.00657895
0	0.0559211
0	0.0822368
0	1
0	0.0328947
0	0.00657895
0	0.0131579
0	0.0723684
0	0.0361842
0	0.00986842
0	1
0	0.00986842
0	0.00986842
0	0.0625
0	0.266447
0	1
0	0.0263158
0	0.00657895
0	0.00657895
0	0.00657895
0	1
0	1
0	0.266447
0	0.0164474
0	0.00657895
0	0.00986842
0	0.0197368
0	0.00657895
0	1
0	0.0131579
0	1
0	0.266447
0	0.0394737
0	0.00986842
0	0.00657895
0	0.00986842
0	1
0	0.00657895
0	0.00986842
0	0.266447
0	1
0	0.0460526
0	0.0164474
0	0.0197368
0	0.00657895
0	0.0394737
0	0.00657895
0	0.0197368
0	0.0394737
0	0.0394737
0	0.00657895
0	0.0296053
0	0.266447
0	0.0559211
0	0.0328947
0	0.0296053
0	1
0	1
0	0.00986842
0	0.0526316
0	0.0263158
0	0.00986842
0	1
0	0.0197368
0	1
0	0.0394737
0	0.0131579
0	0.0296053
0	0.00986842
0	0.0263158
0	0.00657895
0	0.00657895
0	1
0	0.0822368
0	0.00986842
0	0.0427632
0	0.266447
0	0.0559211
0	0.00986842
0	0.0131579
0	0.0328947
0	1
0	0.0263158
0	1
0	1
0	0.0723684
0	0.00657895
0	1
0	0.0197368
0	0.0493421
0	0.0131579
0	0.00657895
0	0.266447
0	1
0	0.00328947
0	0.0164474
0	0.0197368
0	0.0394737
0	0.0296053
0	1
0	0.0394737
0	0.0296053
0	0.0164474
0	0.00986842
0	0.0197368
0	0.0296053
0	0.00657895
0	0.0131579
0	0.00657895
0	0.0328947
0	0.0164474
0	0.0328947
0	0.0131579
0	0.00657895
0	0.0131579
0	1
0	1
0	0.0559211
0	0.0559211
0	1
0	1
0	0.266447
0	0.0559211
0	0.0131579
0	0.0328947
0	0.0263158
0	0.0361842
0	0.00986842
0	0.0296053
0	0.0197368
0	0.0197368
0	1
0	0.0197368
0	0.0164474
0	1
0	0.00657895
0	0.0164474
0	0.0559211
0	0.00657895
0	0.00986842
0	1
0	0.0559211
0	0.00657895
0	0.0263158
0	0.0328947
0	0.0197368
0	0.0131579
0	0.00986842
0	0.0263158
0	0.0657895
0	0.00657895
0	0.00657895
0	0.00657895
0	0.0131579
0	0.00986842
0	1
0	0.0328947
0	0.0328947
0	0.00657895
0	0.0230263
0	0.266447
0	0.0164474
0	0.0131579
0	0.0328947
0	1
0	1
0	0.0263158
0	1
0	1
0	0.00657895
0	1
0	0.00657895
0	0.0197368
0	0.0230263
0	1
0	1
0	0.0460526
0	0.00657895
0	1
0	0.0131579
0	0.0263158
0	0.0230263
0	1
0	0.0328947
0	0.00986842
0	0.266447
0	0.0164474


