# Persistence diagram <GML/0516.gml>
#
# Dimension   : 0
# Entries     : 1321
# Betti number: 9
0	inf
0	0.014652
0	1
0	0.014652
0	0.0274725
0	0.0274725
0	1
0	1
0	1
0	0.014652
0	0.0347985
0	1
0	0.0164835
0	0.025641
0	1
0	1
0	0.014652
0	0.032967
0	0.0201465
0	1
0	1
0	1
0	0.0164835
0	1
0	0.0128205
0	1
0	1
0	1
0	1
0	0.0164835
0	0.0164835
0	0.00915751
0	0.018315
0	1
0	1
0	1
0	0.014652
0	0.0128205
0	1
0	0.025641
0	0.0164835
0	0.00732601
0	1
0	0.0201465
0	1
0	1
0	0.0238095
0	0.029304
0	1
0	1
0	1
0	0.0128205
0	0.010989
0	0.0128205
0	1
0	1
0	1
0	0.0201465
0	0.0347985
0	0.010989
0	0.0421245
0	1
0	1
0	1
0	1
0	0.0164835
0	1
0	0.0201465
0	0.0201465
0	0.010989
0	0.0347985
0	1
0	0.010989
0	0.040293
0	1
0	0.00549451
0	0.00915751
0	0.0274725
0	0.00915751
0	1
0	0.0201465
0	1
0	0.00549451
0	0.040293
0	0.029304
0	1
0	0.014652
0	0.040293
0	0.014652
0	0.010989
0	1
0	0.0347985
0	0.03663
0	1
0	0.03663
0	0.0201465
0	1
0	0.0164835
0	1
0	1
0	0.014652
0	0.032967
0	1
0	inf
0	1
0	1
0	0.03663
0	0.0347985
0	0.003663
0	1
0	0.0201465
0	0.032967
0	0.00732601
0	0.00732601
0	0.0274725
0	0.025641
0	1
0	0.0164835
0	1
0	1
0	1
0	0.0164835
0	0.0164835
0	1
0	0.0201465
0	1
0	1
0	0.014652
0	0.0128205
0	0.025641
0	0.0201465
0	0.029304
0	0.00732601
0	1
0	0.040293
0	1
0	0.0274725
0	0.021978
0	0.010989
0	1
0	0.0164835
0	0.03663
0	0.0164835
0	0.0164835
0	0.0164835
0	0.003663
0	1
0	1
0	0.0128205
0	inf
0	1
0	inf
0	0.0164835
0	0.00732601
0	0.010989
0	inf
0	0.0347985
0	1
0	0.0347985
0	0.010989
0	1
0	0.0421245
0	0.00732601
0	0.014652
0	0.021978
0	0.00549451
0	0.010989
0	0.025641
0	0.0128205
0	1
0	1
0	0.0128205
0	1
0	0.0128205
0	0.0164835
0	0.00915751
0	0.00732601
0	0.0421245
0	0.0347985
0	1
0	1
0	0.0347985
0	1
0	1
0	1
0	1
0	0.010989
0	1
0	0.0347985
0	0.00732601
0	1
0	0.0347985
0	1
0	0.0128205
0	0.010989
0	1
0	1
0	0.00732601
0	0.032967
0	0.0238095
0	0.00732601
0	0.0128205
0	1
0	0.021978
0	0.010989
0	1
0	1
0	0.010989
0	0.0238095
0	1
0	1
0	1
0	0.0164835
0	1
0	0.018315
0	0.010989
0	1
0	0.025641
0	0.0128205
0	0.0164835
0	0.010989
0	0.021978
0	0.018315
0	1
0	0.00915751
0	1
0	0.00915751
0	1
0	0.021978
0	1
0	0.032967
0	1
0	1
0	0.00915751
0	0.0128205
0	0.032967
0	0.00915751
0	1
0	0.00732601
0	1
0	0.021978
0	0.0128205
0	0.00915751
0	1
0	0.00915751
0	1
0	0.0128205
0	0.0347985
0	1
0	0.018315
0	0.00732601
0	0.00732601
0	0.0421245
0	0.0347985
0	0.00549451
0	0.00915751
0	0.0421245
0	0.00732601
0	0.00732601
0	1
0	1
0	1
0	0.0347985
0	0.003663
0	0.00915751
0	0.00732601
0	0.010989
0	1
0	0.014652
0	0.00915751
0	1
0	0.014652
0	0.00915751
0	1
0	1
0	0.032967
0	1
0	0.0128205
0	1
0	0.025641
0	0.0164835
0	1
0	0.025641
0	1
0	0.010989
0	1
0	1
0	0.025641
0	1
0	0.014652
0	1
0	0.021978
0	1
0	0.00915751
0	0.0274725
0	1
0	0.003663
0	0.00549451
0	1
0	1
0	0.014652
0	0.0201465
0	1
0	0.0164835
0	0.010989
0	0.010989
0	0.00915751
0	0.0128205
0	0.0164835
0	1
0	1
0	0.018315
0	0.00915751
0	0.0128205
0	0.00732601
0	1
0	1
0	1
0	0.00732601
0	1
0	1
0	0.00549451
0	inf
0	1
0	inf
0	1
0	1
0	1
0	0.0128205
0	1
0	1
0	0.018315
0	0.0164835
0	0.0164835
0	inf
0	1
0	0.003663
0	0.0201465
0	0.0201465
0	0.00915751
0	1
0	0.018315
0	1
0	1
0	0.00915751
0	0.00915751
0	1
0	1
0	1
0	0.00915751
0	0.00915751
0	0.0164835
0	0.032967
0	1
0	0.00915751
0	0.0201465
0	0.00732601
0	0.00915751
0	1
0	1
0	1
0	0.0201465
0	0.0274725
0	1
0	0.03663
0	0.032967
0	0.029304
0	0.010989
0	1
0	inf
0	0.0238095
0	1
0	0.014652
0	1
0	0.0128205
0	1
0	1
0	0.010989
0	0.00549451
0	0.0018315
0	0.0274725
0	0.00549451
0	0.0128205
0	0.014652
0	1
0	0.021978
0	1
0	0.0201465
0	0.0201465
0	0.0128205
0	0.03663
0	0.00915751
0	0.040293
0	1
0	0.0128205
0	0.014652
0	1
0	0.032967
0	0.040293
0	0.014652
0	0.018315
0	0.010989
0	0.00915751
0	0.0128205
0	0.010989
0	0.029304
0	0.003663
0	1
0	1
0	0.0347985
0	1
0	1
0	1
0	0.00732601
0	1
0	1
0	1
0	1
0	1
0	0.014652
0	0.00732601
0	1
0	1
0	0.00732601
0	0.00732601
0	1
0	0.0128205
0	0.010989
0	0.00915751
0	0.025641
0	0.040293
0	1
0	1
0	0.00732601
0	0.0201465
0	1
0	0.00732601
0	0.0274725
0	0.025641
0	1
0	1
0	0.010989
0	0.00915751
0	1
0	0.0201465
0	0.0128205
0	0.0274725
0	0.025641
0	1
0	0.010989
0	1
0	0.00732601
0	1
0	0.025641
0	0.0347985
0	1
0	0.00732601
0	0.00732601
0	1
0	0.018315
0	1
0	0.0347985
0	0.032967
0	0.00915751
0	0.0274725
0	0.032967
0	0.00915751
0	1
0	0.010989
0	1
0	0.010989
0	0.0201465
0	1
0	1
0	0.0128205
0	1
0	0.010989
0	0.00915751
0	0.010989
0	1
0	1
0	1
0	1
0	0.00732601
0	0.00732601
0	1
0	0.0201465
0	0.0201465
0	0.00732601
0	1
0	0.025641
0	0.014652
0	1
0	0.003663
0	1
0	0.00549451
0	1
0	0.0201465
0	0.00549451
0	1
0	0.021978
0	1
0	0.014652
0	0.003663
0	1
0	0.00732601
0	0.00549451
0	1
0	0.00732601
0	0.0274725
0	1
0	1
0	0.0201465
0	1
0	1
0	1
0	0.0128205
0	0.0128205
0	0.032967
0	1
0	1
0	0.00549451
0	0.018315
0	1
0	0.00732601
0	0.0201465
0	0.032967
0	0.018315
0	0.0164835
0	0.00732601
0	1
0	1
0	0.0164835
0	0.0128205
0	0.0201465
0	0.00915751
0	1
0	0.0128205
0	0.032967
0	0.00915751
0	1
0	1
0	0.010989
0	0.00732601
0	0.010989
0	1
0	0.0128205
0	1
0	0.0347985
0	1
0	0.0201465
0	1
0	0.0201465
0	0.00549451
0	0.00549451
0	0.032967
0	1
0	0.00732601
0	1
0	1
0	0.00732601
0	0.003663
0	1
0	0.032967
0	0.0274725
0	0.0128205
0	0.00915751
0	1
0	0.00915751
0	1
0	0.018315
0	1
0	0.00732601
0	0.032967
0	0.014652
0	0.00915751
0	0.0421245
0	1
0	0.003663
0	0.010989
0	0.0201465
0	0.0421245
0	0.0238095
0	0.00915751
0	0.00732601
0	0.0164835
0	1
0	0.0128205
0	0.00915751
0	0.014652
0	0.003663
0	0.00732601
0	0.014652
0	1
0	1
0	0.0128205
0	1
0	1
0	1
0	0.032967
0	0.0128205
0	0.003663
0	0.003663
0	0.00915751
0	0.010989
0	1
0	1
0	0.018315
0	0.025641
0	0.029304
0	0.00732601
0	1
0	1
0	0.00732601
0	0.00549451
0	0.014652
0	0.018315
0	0.0164835
0	0.0201465
0	1
0	0.00732601
0	0.0164835
0	0.00732601
0	0.014652
0	0.0238095
0	0.021978
0	1
0	1
0	1
0	1
0	1
0	1
0	0.00732601
0	0.003663
0	0.0201465
0	1
0	1
0	0.00915751
0	1
0	0.0274725
0	0.00732601
0	0.00732601
0	0.0421245
0	0.00732601
0	0.00549451
0	0.032967
0	0.0128205
0	0.0128205
0	0.00915751
0	0.0347985
0	1
0	0.00549451
0	0.00549451
0	1
0	0.0201465
0	0.025641
0	0.018315
0	1
0	0.010989
0	0.0274725
0	0.00549451
0	1
0	0.00732601
0	0.0164835
0	1
0	0.00915751
0	0.0201465
0	1
0	0.00732601
0	0.040293
0	0.00915751
0	1
0	0.003663
0	1
0	0.0128205
0	0.003663
0	0.003663
0	1
0	0.00549451
0	0.003663
0	1
0	0.0274725
0	0.0274725
0	0.00732601
0	0.010989
0	1
0	1
0	1
0	1
0	1
0	0.010989
0	0.00915751
0	1
0	0.025641
0	0.003663
0	0.00915751
0	0.018315
0	1
0	0.018315
0	1
0	0.00549451
0	1
0	1
0	0.0128205
0	0.040293
0	0.00549451
0	0.0164835
0	0.0164835
0	1
0	0.003663
0	0.0128205
0	0.025641
0	1
0	1
0	0.003663
0	0.0274725
0	0.00549451
0	1
0	0.0201465
0	0.003663
0	1
0	1
0	1
0	0.0201465
0	0.00915751
0	0.00915751
0	1
0	0.0421245
0	0.03663
0	0.00549451
0	0.00915751
0	0.00915751
0	0.00732601
0	0.003663
0	1
0	0.0347985
0	1
0	0.00732601
0	0.003663
0	0.00549451
0	0.021978
0	0.0201465
0	1
0	0.00915751
0	1
0	0.00732601
0	1
0	1
0	0.00549451
0	1
0	1
0	0.032967
0	1
0	0.003663
0	0.003663
0	0.003663
0	0.003663
0	0.00915751
0	0.00549451
0	0.00549451
0	0.0201465
0	1
0	0.0201465
0	0.010989
0	0.0128205
0	0.0347985
0	1
0	0.003663
0	0.00732601
0	0.003663
0	1
0	0.00915751
0	0.00732601
0	0.003663
0	1
0	0.003663
0	1
0	0.00915751
0	1
0	0.0164835
0	0.010989
0	0.014652
0	0.00732601
0	1
0	0.0164835
0	0.021978
0	0.00549451
0	1
0	1
0	0.0164835
0	1
0	1
0	0.00732601
0	1
0	1
0	0.018315
0	0.014652
0	1
0	0.00549451
0	0.0347985
0	0.00549451
0	0.010989
0	0.0201465
0	1
0	0.003663
0	0.018315
0	0.003663
0	0.032967
0	0.014652
0	0.00549451
0	0.003663
0	0.00549451
0	1
0	1
0	0.03663
0	0.010989
0	1
0	0.00915751
0	0.0164835
0	0.0201465
0	0.018315
0	1
0	0.00549451
0	0.003663
0	0.0164835
0	0.00549451
0	0.021978
0	0.0201465
0	0.00732601
0	0.00732601
0	0.00732601
0	0.00732601
0	0.00549451
0	1
0	0.00549451
0	0.014652
0	0.0164835
0	1
0	0.003663
0	1
0	0.003663
0	0.03663
0	0.00549451
0	0.0164835
0	1
0	0.00549451
0	0.0201465
0	1
0	0.032967
0	1
0	0.0018315
0	1
0	0.00549451
0	1
0	1
0	0.014652
0	1
0	0.00732601
0	0.003663
0	0.00915751
0	0.03663
0	1
0	1
0	0.0347985
0	0.025641
0	0.003663
0	0.018315
0	0.025641
0	1
0	0.010989
0	0.0201465
0	0.025641
0	0.00732601
0	1
0	0.018315
0	1
0	1
0	0.014652
0	0.040293
0	1
0	1
0	0.003663
0	1
0	0.021978
0	0.0201465
0	0.003663
0	1
0	0.032967
0	0.0128205
0	0.029304
0	0.003663
0	0.018315
0	0.003663
0	0.0274725
0	0.010989
0	0.0201465
0	0.00732601
0	0.0128205
0	1
0	0.0201465
0	0.00549451
0	1
0	0.0128205
0	1
0	0.0128205
0	0.0421245
0	0.0274725
0	0.025641
0	0.0164835
0	0.0274725
0	0.00732601
0	0.025641
0	1
0	1
0	0.018315
0	1
0	0.003663
0	0.00732601
0	0.00732601
0	1
0	0.00732601
0	1
0	1
0	0.003663
0	0.00549451
0	0.00732601
0	1
0	0.00915751
0	0.00915751
0	1
0	0.00915751
0	1
0	0.00732601
0	0.0201465
0	0.010989
0	0.003663
0	1
0	0.0421245
0	1
0	1
0	0.0201465
0	0.0164835
0	0.00915751
0	0.018315
0	0.003663
0	0.0201465
0	1
0	0.0347985
0	0.010989
0	0.00549451
0	0.00732601
0	0.0128205
0	0.003663
0	1
0	0.00915751
0	0.00732601
0	0.018315
0	1
0	0.025641
0	1
0	0.00549451
0	0.00549451
0	1
0	0.00732601
0	0.0128205
0	0.018315
0	0.003663
0	1
0	1
0	1
0	0.032967
0	0.0128205
0	1
0	0.00549451
0	0.0164835
0	0.003663
0	1
0	0.021978
0	1
0	0.00549451
0	0.003663
0	1
0	0.0201465
0	0.003663
0	0.0018315
0	0.00549451
0	1
0	1
0	0.0347985
0	0.0201465
0	0.0238095
0	0.003663
0	0.0201465
0	0.00915751
0	1
0	1
0	1
0	0.010989
0	0.00915751
0	0.00915751
0	1
0	0.00549451
0	0.029304
0	0.003663
0	0.00549451
0	0.00732601
0	0.040293
0	0.040293
0	0.010989
0	0.00732601
0	1
0	0.003663
0	0.00549451
0	1
0	0.0201465
0	1
0	0.003663
0	0.00549451
0	0.00549451
0	0.021978
0	0.00915751
0	0.00915751
0	0.0347985
0	1
0	0.0164835
0	0.032967
0	0.0421245
0	0.010989
0	0.021978
0	0.003663
0	0.014652
0	1
0	1
0	1
0	0.018315
0	1
0	1
0	0.0128205
0	1
0	0.010989
0	0.003663
0	0.00549451
0	1
0	1
0	0.00732601
0	1
0	1
0	1
0	0.003663
0	1
0	1
0	0.0164835
0	0.03663
0	0.032967
0	0.03663
0	1
0	0.010989
0	1
0	1
0	0.029304
0	1
0	0.003663
0	1
0	1
0	0.00549451
0	0.00915751
0	0.00732601
0	0.00549451
0	0.025641
0	1
0	0.00549451
0	0.040293
0	1
0	0.003663
0	0.00732601
0	0.00915751
0	0.00549451
0	0.032967
0	0.014652
0	0.003663
0	1
0	0.003663
0	0.0347985
0	1
0	0.00915751
0	1
0	1
0	1
0	0.00549451
0	0.014652
0	0.0128205
0	0.0201465
0	0.029304
0	0.03663
0	0.0018315
0	0.00915751
0	1
0	0.0347985
0	0.0164835
0	1
0	0.040293
0	1
0	0.003663
0	0.003663
0	1
0	0.00549451
0	1
0	0.003663
0	1
0	0.021978
0	0.0164835
0	1
0	0.0238095
0	1
0	1
0	1
0	0.0201465
0	1
0	0.00549451
0	0.0128205
0	0.0018315
0	0.003663
0	1
0	0.032967
0	1
0	1
0	0.021978
0	0.00732601
0	1
0	0.00915751
0	1
0	1
0	1
0	1
0	0.003663
0	0.0274725
0	0.010989
0	0.0421245
0	0.00549451
0	0.003663
0	0.00915751
0	1
0	0.00549451
0	0.025641
0	1
0	0.003663
0	1
0	1
0	1
0	0.003663
0	1
0	0.0201465
0	0.040293
0	0.00549451
0	1
0	0.00732601
0	1
0	0.010989
0	0.040293
0	0.003663
0	0.00915751
0	0.025641
0	1
0	0.010989
0	1
0	0.032967
0	1
0	1
0	0.0164835
0	0.010989
0	0.0164835
0	0.003663
0	0.003663
0	1
0	1
0	0.00549451
0	0.014652
0	0.021978
0	0.018315
0	0.00732601
0	0.0128205
0	0.003663
0	1
0	0.010989
0	1
0	1
0	0.010989
0	1
0	0.00549451
0	0.025641
0	0.00915751
0	0.0347985
0	1
0	0.018315
0	0.00549451
0	1
0	0.010989
0	0.00915751
0	1
0	0.00549451
0	1
0	0.0164835
0	0.0164835
0	1
0	1
0	0.00915751
0	0.03663
0	0.014652
0	0.003663
0	1
0	0.010989
0	0.0128205
0	1
0	1
0	0.00732601
0	0.00549451
0	0.0128205
0	0.018315
0	0.03663
0	0.0347985
0	0.00915751
0	0.025641
0	0.00915751
0	1
0	0.00732601
0	1
0	1
0	0.0201465
0	0.00915751
0	0.0201465
0	0.018315
0	1
0	0.00549451
0	0.00549451
0	1
0	0.003663
0	0.0164835
0	1
0	1
0	1
0	0.003663
0	1
0	1
0	0.00915751
0	0.00915751
0	0.0347985
0	1
0	0.0164835
0	0.0128205
0	0.0421245
0	0.00915751
0	1
0	0.018315
0	0.00549451
0	0.003663
0	0.00732601
0	0.0201465
0	0.00915751
0	1
0	1
0	1
0	0.03663
0	0.003663
0	0.0164835
0	0.00732601
0	1
0	0.0274725
0	0.00549451
0	1
0	1
0	1
0	0.032967
0	0.00549451
0	1
0	1
0	0.00549451
0	1
0	1
0	0.010989
0	0.010989
0	1
0	0.014652
0	0.003663
0	0.00549451
0	0.0347985
0	1
0	0.00732601
0	0.00549451
0	0.032967
0	0.0421245
0	0.00732601
0	0.014652
0	1
0	1
0	1
0	1
0	0.003663
0	0.032967
0	1
0	1
0	0.0164835
0	0.032967
0	1
0	1
0	0.0201465
0	0.00549451
0	0.014652
0	0.00549451
0	0.029304
0	0.00549451
0	0.00732601
0	0.0128205
0	0.00732601
0	0.003663
0	1
0	1
0	0.00549451
0	0.032967
0	1
0	0.003663
0	0.00915751


