# Persistence diagram <GML/0517.gml>
#
# Dimension   : 1
# Entries     : 172
# Betti number: 171
0.02	inf
0.02	inf
0.0228571	inf
0.0228571	inf
0.0228571	inf
0.0228571	inf
0.0228571	inf
0.0228571	inf
0.0228571	inf
0.0228571	inf
0.0228571	inf
0.0228571	inf
0.0228571	inf
0.0228571	inf
0.0228571	inf
0.0228571	inf
0.0228571	inf
0.0228571	inf
0.0228571	inf
0.0228571	inf
0.0228571	inf
0.0228571	inf
0.0228571	inf
0.0228571	inf
0.0228571	inf
0.0228571	inf
0.0228571	inf
0.0228571	inf
0.0228571	inf
0.0228571	inf
0.0228571	inf
0.0228571	inf
0.0228571	inf
0.0228571	inf
0.0228571	inf
0.0228571	inf
0.0257143	inf
0.0257143	inf
0.0257143	inf
0.0257143	inf
0.0257143	inf
0.0257143	inf
0.0257143	inf
0.0257143	inf
0.0257143	inf
0.0285714	inf
0.0314286	inf
0.0314286	inf
0.0314286	inf
0.0314286	inf
0.0314286	inf
0.0314286	inf
0.0314286	inf
0.0314286	inf
0.0314286	inf
0.0314286	inf
0.0314286	inf
0.0342857	inf
0.0342857	inf
0.0342857	inf
0.0342857	inf
0.0342857	inf
0.0342857	inf
0.0342857	inf
0.0342857	inf
0.0342857	inf
0.0342857	inf
0.0371429	inf
0.0371429	inf
0.0371429	inf
0.0371429	inf
0.04	inf
0.04	inf
0.04	inf
0.04	inf
0.0457143	inf
0.0457143	inf
0.0457143	inf
0.0457143	inf
0.0457143	inf
0.0457143	inf
0.0457143	inf
0.0457143	inf
0.0457143	inf
0.06	inf
0.06	1
0.06	inf
0.06	inf
0.06	inf
0.06	inf
0.06	inf
0.06	inf
0.06	inf
0.06	inf
0.06	inf
0.06	inf
0.06	inf
0.06	inf
0.06	inf
0.06	inf
0.0628571	inf
0.0628571	inf
0.0628571	inf
0.0628571	inf
0.0628571	inf
0.0628571	inf
0.0628571	inf
0.0628571	inf
0.0628571	inf
0.0657143	inf
0.0657143	inf
0.0657143	inf
0.0657143	inf
0.0657143	inf
0.0657143	inf
0.0657143	inf
0.0657143	inf
0.0657143	inf
0.0657143	inf
0.0714286	inf
0.0714286	inf
0.0714286	inf
0.0714286	inf
0.0714286	inf
0.0714286	inf
0.0714286	inf
0.0714286	inf
0.0714286	inf
0.0714286	inf
0.0771429	inf
0.0771429	inf
0.0771429	inf
0.0771429	inf
0.0771429	inf
0.0771429	inf
0.0771429	inf
1	inf
1	inf
1	inf
1	inf
1	inf
1	inf
1	inf
1	inf
1	inf
1	inf
1	inf
1	inf
1	inf
1	inf
1	inf
1	inf
1	inf
1	inf
1	inf
1	inf
1	inf
1	inf
1	inf
1	inf
1	inf
1	inf
1	inf
1	inf
1	inf
1	inf
1	inf
1	inf
1	inf
1	inf
1	inf
1	inf
