# Persistence diagram <GML/0523.gml>
#
# Dimension   : 0
# Entries     : 815
# Betti number: 8
0	inf
0	0.0990991
0	0.0540541
0	0.0990991
0	0.0720721
0	0.0540541
0	1
0	0.0405405
0	0.036036
0	0.0990991
0	0.126126
0	0.0900901
0	0.018018
0	0.0315315
0	0.0540541
0	0.126126
0	0.0405405
0	1
0	0.126126
0	1
0	0.0675676
0	0.0585586
0	1
0	1
0	0.0990991
0	1
0	0.0990991
0	0.0225225
0	0.0405405
0	1
0	0.0990991
0	0.0225225
0	0.0225225
0	0.027027
0	0.0540541
0	1
0	inf
0	0.0990991
0	0.126126
0	0.0720721
0	1
0	0.0540541
0	0.036036
0	0.027027
0	0.0225225
0	0.0720721
0	0.0720721
0	0.0540541
0	0.0540541
0	0.0720721
0	0.0945946
0	0.126126
0	0.0945946
0	0.0900901
0	1
0	0.126126
0	0.0900901
0	1
0	1
0	0.0225225
0	0.0540541
0	0.0990991
0	0.036036
0	1
0	0.0315315
0	0.027027
0	0.018018
0	1
0	0.018018
0	1
0	0.036036
0	0.0405405
0	1
0	0.0540541
0	1
0	0.0945946
0	0.045045
0	0.0540541
0	1
0	inf
0	0.036036
0	0.027027
0	1
0	0.00900901
0	1
0	inf
0	1
0	0.0225225
0	1
0	0.027027
0	0.018018
0	0.045045
0	0.0990991
0	0.027027
0	0.0225225
0	0.0540541
0	1
0	0.0540541
0	0.00900901
0	1
0	0.0135135
0	0.045045
0	0.0135135
0	0.0225225
0	0.036036
0	1
0	0.0225225
0	1
0	1
0	1
0	0.0540541
0	1
0	1
0	0.018018
0	0.0225225
0	1
0	0.0900901
0	0.018018
0	0.0225225
0	inf
0	1
0	0.0225225
0	0.0990991
0	0.027027
0	1
0	0.0990991
0	0.018018
0	0.0720721
0	0.0135135
0	1
0	1
0	0.027027
0	1
0	0.0900901
0	0.0225225
0	0.0990991
0	1
0	1
0	0.00900901
0	1
0	0.018018
0	1
0	1
0	0.0990991
0	0.0990991
0	0.0225225
0	0.0945946
0	0.027027
0	0.036036
0	0.0405405
0	0.0405405
0	0.018018
0	0.0990991
0	1
0	0.126126
0	0.00900901
0	0.0720721
0	0.0135135
0	0.0585586
0	1
0	0.126126
0	0.0315315
0	0.0225225
0	0.018018
0	0.027027
0	0.036036
0	0.0585586
0	1
0	inf
0	1
0	0.036036
0	0.0540541
0	1
0	0.0135135
0	0.018018
0	0.00900901
0	0.0225225
0	0.0225225
0	0.00900901
0	1
0	0.0990991
0	0.126126
0	0.045045
0	0.0405405
0	0.0720721
0	0.0495495
0	0.0585586
0	0.018018
0	0.027027
0	0.126126
0	0.0540541
0	0.0540541
0	0.018018
0	1
0	0.036036
0	0.027027
0	0.0945946
0	0.0945946
0	1
0	1
0	inf
0	0.0990991
0	1
0	0.0720721
0	0.018018
0	1
0	0.045045
0	0.0540541
0	0.126126
0	0.018018
0	0.045045
0	1
0	1
0	1
0	0.036036
0	0.036036
0	0.027027
0	0.027027
0	0.0405405
0	0.00900901
0	0.0405405
0	0.0630631
0	0.036036
0	1
0	0.036036
0	0.0945946
0	0.0585586
0	1
0	0.0540541
0	0.0720721
0	0.126126
0	1
0	0.0720721
0	0.018018
0	0.0405405
0	0.018018
0	0.0585586
0	0.027027
0	1
0	1
0	0.036036
0	1
0	0.027027
0	0.0675676
0	0.036036
0	0.0135135
0	0.045045
0	0.0405405
0	1
0	0.0225225
0	1
0	1
0	0.0225225
0	0.0675676
0	1
0	1
0	1
0	0.036036
0	0.018018
0	0.018018
0	1
0	1
0	0.0405405
0	0.0540541
0	0.018018
0	0.0135135
0	1
0	1
0	0.0315315
0	0.0225225
0	1
0	0.045045
0	0.0720721
0	0.0405405
0	0.00900901
0	0.0405405
0	0.0135135
0	0.0405405
0	0.0225225
0	1
0	0.0135135
0	0.0135135
0	0.018018
0	0.027027
0	0.0225225
0	0.0315315
0	0.00900901
0	0.00900901
0	0.027027
0	1
0	1
0	0.0405405
0	0.0225225
0	0.0225225
0	0.0540541
0	0.00900901
0	0.0225225
0	0.00900901
0	0.0405405
0	1
0	0.0135135
0	0.018018
0	0.0135135
0	0.126126
0	1
0	0.027027
0	0.027027
0	0.0945946
0	0.036036
0	0.0540541
0	0.018018
0	0.027027
0	0.0630631
0	0.0405405
0	0.0900901
0	0.045045
0	0.0540541
0	0.0495495
0	0.0990991
0	0.126126
0	0.036036
0	0.0225225
0	1
0	0.126126
0	0.0135135
0	0.0945946
0	0.00900901
0	0.00900901
0	0.0585586
0	0.0945946
0	0.0720721
0	0.0990991
0	1
0	0.036036
0	0.0225225
0	1
0	1
0	0.0135135
0	0.126126
0	0.0585586
0	0.0225225
0	0.00900901
0	1
0	0.0225225
0	0.018018
0	0.0225225
0	0.0135135
0	0.0945946
0	0.018018
0	0.018018
0	0.0540541
0	1
0	1
0	1
0	0.027027
0	0.0540541
0	1
0	0.0135135
0	1
0	0.036036
0	0.0225225
0	1
0	0.0990991
0	1
0	1
0	1
0	0.0945946
0	0.0720721
0	0.0405405
0	0.00900901
0	0.126126
0	1
0	1
0	0.0135135
0	0.0900901
0	0.018018
0	0.0045045
0	0.0495495
0	1
0	0.00900901
0	0.027027
0	0.045045
0	1
0	0.0225225
0	0.0135135
0	0.00900901
0	1
0	0.0225225
0	0.0225225
0	0.0225225
0	0.045045
0	0.0900901
0	0.00900901
0	0.0405405
0	0.018018
0	0.018018
0	1
0	0.0945946
0	0.0720721
0	1
0	0.0630631
0	0.126126
0	0.018018
0	0.018018
0	0.0225225
0	0.0225225
0	0.00900901
0	0.036036
0	1
0	0.0540541
0	0.126126
0	0.036036
0	0.027027
0	0.0135135
0	1
0	0.0540541
0	0.0135135
0	1
0	0.027027
0	0.036036
0	0.00900901
0	inf
0	0.0405405
0	0.126126
0	0.0225225
0	0.126126
0	0.0945946
0	0.0225225
0	0.018018
0	1
0	0.00900901
0	0.00900901
0	1
0	0.027027
0	1
0	0.00900901
0	0.027027
0	0.018018
0	0.0225225
0	0.0135135
0	0.0225225
0	1
0	0.0225225
0	0.0720721
0	0.00900901
0	1
0	1
0	0.0135135
0	0.036036
0	0.00900901
0	1
0	0.00900901
0	0.018018
0	0.0540541
0	0.0540541
0	1
0	0.00900901
0	0.0135135
0	0.018018
0	0.0900901
0	0.0225225
0	0.00900901
0	0.027027
0	1
0	1
0	0.0540541
0	1
0	0.00900901
0	0.0225225
0	0.0225225
0	0.0405405
0	0.00900901
0	0.027027
0	0.045045
0	0.00900901
0	0.0990991
0	0.0135135
0	0.0135135
0	0.126126
0	0.126126
0	1
0	0.00900901
0	0.00900901
0	0.0540541
0	0.0225225
0	1
0	0.0495495
0	1
0	1
0	0.045045
0	0.00900901
0	0.0135135
0	1
0	1
0	0.0540541
0	0.027027
0	0.027027
0	0.0720721
0	0.126126
0	1
0	0.0045045
0	1
0	1
0	0.018018
0	1
0	0.0135135
0	0.036036
0	0.045045
0	0.0225225
0	0.0225225
0	0.0720721
0	0.0405405
0	1
0	1
0	0.0495495
0	0.126126
0	0.0315315
0	1
0	0.0225225
0	0.0540541
0	1
0	0.018018
0	0.0990991
0	0.0225225
0	0.00900901
0	0.00900901
0	0.036036
0	0.0225225
0	0.0315315
0	0.0135135
0	0.00900901
0	1
0	0.0045045
0	1
0	0.126126
0	0.00900901
0	0.00900901
0	0.0045045
0	1
0	1
0	1
0	1
0	0.0135135
0	1
0	0.0405405
0	0.027027
0	0.00900901
0	1
0	0.018018
0	1
0	0.0585586
0	1
0	0.018018
0	0.0135135
0	0.0900901
0	0.0990991
0	0.0225225
0	1
0	0.0720721
0	0.0990991
0	1
0	0.00900901
0	0.00900901
0	0.0135135
0	0.126126
0	0.018018
0	0.126126
0	0.00900901
0	0.0540541
0	1
0	0.018018
0	0.00900901
0	0.00900901
0	0.0990991
0	0.0135135
0	1
0	0.0315315
0	0.00900901
0	0.0585586
0	0.018018
0	1
0	0.0495495
0	0.0495495
0	0.0540541
0	1
0	0.018018
0	0.018018
0	0.0495495
0	1
0	0.0405405
0	0.018018
0	0.0135135
0	0.0135135
0	0.00900901
0	0.00900901
0	0.126126
0	0.018018
0	0.0585586
0	1
0	0.0495495
0	0.00900901
0	0.00900901
0	1
0	0.0405405
0	0.036036
0	0.018018
0	1
0	0.0405405
0	1
0	0.0900901
0	0.00900901
0	1
0	0.0540541
0	0.00900901
0	0.0135135
0	0.0720721
0	0.0495495
0	1
0	0.0135135
0	0.00900901
0	0.045045
0	0.045045
0	0.0495495
0	0.0675676
0	0.0135135
0	0.018018
0	0.126126
0	0.0315315
0	0.036036
0	0.018018
0	0.00900901
0	0.0540541
0	0.018018
0	1
0	0.126126
0	1
0	1
0	0.00900901
0	0.0945946
0	0.0135135
0	0.045045
0	0.018018
0	0.0405405
0	0.126126
0	0.018018
0	0.0135135
0	0.0990991
0	0.0225225
0	0.0405405
0	0.0135135
0	0.0900901
0	0.0720721
0	0.036036
0	0.126126
0	1
0	0.00900901
0	0.018018
0	0.0135135
0	1
0	0.036036
0	1
0	0.00900901
0	1
0	0.027027
0	0.036036
0	1
0	0.0225225
0	0.018018
0	0.036036
0	1
0	0.0495495
0	0.00900901
0	0.126126
0	0.0225225
0	0.00900901
0	0.00900901
0	0.126126
0	0.0720721
0	1
0	0.0540541
0	1
0	1
0	0.027027
0	0.0630631
0	0.0990991
0	0.018018
0	0.036036
0	0.00900901
0	0.027027
0	0.0405405
0	0.0225225
0	0.126126
0	0.0540541
0	0.0225225
0	0.0990991
0	0.0135135
0	0.00900901
0	0.00900901
0	1
0	0.0585586
0	0.126126
0	0.0540541
0	1
0	1
0	0.0990991
0	0.00900901
0	0.0225225
0	1
0	0.027027
0	0.00900901
0	0.0990991
0	0.0990991
0	0.0315315
0	0.0135135
0	1
0	0.018018
0	0.00900901
0	0.0225225
0	0.0990991
0	1
0	0.0225225
0	0.0135135
0	0.0405405
0	0.018018
0	1
0	0.0405405
0	0.0900901
0	1
0	0.00900901
0	0.0540541
0	0.0630631
0	1
0	1
0	0.0405405
0	1
0	0.0585586
0	0.00900901
0	0.0945946
0	0.0405405
0	0.126126
0	0.0540541
0	0.0585586
0	0.0135135
0	0.00900901
0	0.027027
0	0.018018
0	0.0135135
0	0.00900901
0	0.0720721
0	0.0405405
0	0.00900901
0	0.0675676
0	0.018018
0	0.126126
0	0.0495495
0	0.00900901
0	0.0135135
0	0.0225225
0	0.027027
0	0.0540541
0	1
0	1
0	0.0585586
0	0.0540541
0	1
0	0.027027
0	0.0225225
0	0.00900901
0	1
0	0.0720721
0	0.0945946
0	0.0405405
0	0.0720721
0	0.018018
0	0.00900901
0	0.00900901
0	0.0990991
0	0.00900901
0	0.0135135
0	0.0540541
0	0.00900901
0	0.018018
0	0.0945946
0	0.018018
0	0.027027
0	0.0990991
0	0.00900901
0	0.0945946
0	0.00900901
0	0.018018
0	1
0	0.00900901
0	0.0630631
0	0.00900901
0	1
0	0.0225225
0	1
0	0.0135135
0	0.0135135
0	0.018018
0	0.018018
0	1
0	0.00900901
0	1
0	0.0135135
0	0.0135135
0	1
0	0.00900901
0	1
0	0.126126
0	0.00900901
0	0.00900901
0	0.036036
0	1
0	0.0225225


