# Persistence diagram <GML/0523.gml>
#
# Dimension   : 1
# Entries     : 96
# Betti number: 96
0.027027	inf
0.0315315	inf
0.0315315	inf
0.0315315	inf
0.036036	inf
0.036036	inf
0.0495495	inf
0.0495495	inf
0.0495495	inf
0.0495495	inf
0.0540541	inf
0.0540541	inf
0.0540541	inf
0.0540541	inf
0.0540541	inf
0.0540541	inf
0.0540541	inf
0.0540541	inf
0.0540541	inf
0.0540541	inf
0.0585586	inf
0.0585586	inf
0.0585586	inf
0.0585586	inf
0.0585586	inf
0.0585586	inf
0.0585586	inf
0.0630631	inf
0.0630631	inf
0.0630631	inf
0.0630631	inf
0.0630631	inf
0.0675676	inf
0.0675676	inf
0.0675676	inf
0.0675676	inf
0.0675676	inf
0.0675676	inf
0.0675676	inf
0.0675676	inf
0.0720721	inf
0.0720721	inf
0.0720721	inf
0.0720721	inf
0.0720721	inf
0.0900901	inf
0.0900901	inf
0.0900901	inf
0.0900901	inf
0.0900901	inf
0.0945946	inf
0.0990991	inf
0.0990991	inf
0.0990991	inf
0.0990991	inf
0.0990991	inf
0.0990991	inf
0.0990991	inf
0.126126	inf
0.126126	inf
0.126126	inf
0.126126	inf
0.126126	inf
0.126126	inf
0.126126	inf
0.126126	inf
0.126126	inf
0.126126	inf
0.126126	inf
0.126126	inf
0.126126	inf
0.126126	inf
1	inf
1	inf
1	inf
1	inf
1	inf
1	inf
1	inf
1	inf
1	inf
1	inf
1	inf
1	inf
1	inf
1	inf
1	inf
1	inf
1	inf
1	inf
1	inf
1	inf
1	inf
1	inf
1	inf
1	inf
