# Persistence diagram <GML/0525.gml>
#
# Dimension   : 0
# Entries     : 921
# Betti number: 13
0	inf
0	1
0	1
0	1
0	0.08
0	0.32
0	0.273333
0	0.0733333
0	0.0666667
0	0.0866667
0	0.0666667
0	0.106667
0	0.213333
0	0.0466667
0	0.0933333
0	inf
0	0.0933333
0	0.0933333
0	0.106667
0	0.0466667
0	0.0466667
0	0.0533333
0	0.0466667
0	1
0	1
0	0.0466667
0	0.0466667
0	0.0666667
0	0.32
0	inf
0	0.0133333
0	0.06
0	0.32
0	0.0466667
0	0.113333
0	0.0333333
0	1
0	0.113333
0	1
0	0.0466667
0	0.0466667
0	0.0333333
0	0.273333
0	1
0	0.113333
0	1
0	0.0266667
0	0.0266667
0	0.32
0	0.0466667
0	0.0666667
0	0.08
0	0.0333333
0	1
0	0.02
0	0.04
0	0.32
0	0.32
0	0.0266667
0	1
0	0.0533333
0	0.0333333
0	0.133333
0	1
0	0.04
0	0.32
0	0.0333333
0	0.0733333
0	inf
0	0.153333
0	0.0666667
0	0.0333333
0	0.106667
0	0.0933333
0	0.0733333
0	1
0	0.0466667
0	1
0	1
0	0.113333
0	0.273333
0	0.0333333
0	0.273333
0	0.0266667
0	0.0266667
0	0.02
0	0.0466667
0	0.0733333
0	0.213333
0	inf
0	0.0533333
0	0.0466667
0	0.0266667
0	1
0	0.0266667
0	0.113333
0	0.0333333
0	1
0	0.08
0	0.0333333
0	0.02
0	0.04
0	0.273333
0	0.02
0	0.0466667
0	0.02
0	0.04
0	0.02
0	0.0466667
0	0.213333
0	1
0	0.08
0	0.08
0	0.08
0	0.273333
0	0.02
0	0.133333
0	0.0533333
0	0.0466667
0	0.0466667
0	0.04
0	0.0533333
0	0.32
0	1
0	0.0733333
0	0.08
0	0.113333
0	1
0	0.02
0	0.0733333
0	0.0666667
0	0.0133333
0	0.113333
0	1
0	0.106667
0	0.04
0	0.0266667
0	0.08
0	0.133333
0	0.0933333
0	0.106667
0	0.0333333
0	0.213333
0	0.0666667
0	0.0466667
0	0.0333333
0	0.02
0	0.0466667
0	0.32
0	0.04
0	0.0533333
0	1
0	0.0466667
0	0.08
0	0.153333
0	0.0133333
0	0.0333333
0	1
0	0.0133333
0	0.113333
0	0.04
0	1
0	0.273333
0	0.273333
0	0.0533333
0	0.32
0	0.113333
0	1
0	0.02
0	0.0333333
0	0.04
0	0.0933333
0	0.08
0	0.0266667
0	0.04
0	0.04
0	0.106667
0	0.153333
0	0.02
0	inf
0	0.08
0	0.0933333
0	0.0333333
0	0.213333
0	0.0333333
0	0.08
0	0.0333333
0	0.0133333
0	0.0333333
0	0.0666667
0	1
0	0.04
0	0.0333333
0	1
0	0.02
0	0.0333333
0	0.213333
0	0.0133333
0	1
0	1
0	0.32
0	0.02
0	0.02
0	0.0666667
0	0.00666667
0	inf
0	0.113333
0	0.04
0	0.0333333
0	0.08
0	1
0	1
0	0.08
0	0.0466667
0	0.106667
0	0.0333333
0	0.113333
0	0.08
0	0.0666667
0	0.0466667
0	0.113333
0	0.32
0	inf
0	0.0733333
0	0.04
0	0.113333
0	0.0333333
0	0.273333
0	0.08
0	1
0	0.02
0	0.0333333
0	0.0533333
0	0.0333333
0	0.02
0	0.0733333
0	0.0466667
0	0.0133333
0	1
0	0.273333
0	0.273333
0	0.0933333
0	0.0266667
0	0.213333
0	0.0133333
0	0.0133333
0	0.02
0	1
0	0.153333
0	0.0333333
0	0.0133333
0	0.32
0	0.0266667
0	0.04
0	0.153333
0	1
0	0.0466667
0	0.0266667
0	0.02
0	0.0333333
0	0.0333333
0	0.153333
0	0.153333
0	0.02
0	0.32
0	0.0466667
0	0.02
0	0.0333333
0	0.0266667
0	0.02
0	0.0933333
0	0.32
0	1
0	0.133333
0	0.08
0	0.04
0	0.0333333
0	1
0	0.0333333
0	1
0	1
0	0.0933333
0	1
0	0.0133333
0	0.0266667
0	0.273333
0	0.02
0	1
0	0.0666667
0	0.273333
0	0.133333
0	0.113333
0	0.0133333
0	0.0133333
0	inf
0	0.0533333
0	0.106667
0	0.02
0	0.0133333
0	1
0	0.02
0	1
0	0.153333
0	0.0333333
0	0.0466667
0	0.32
0	0.0133333
0	0.04
0	0.0133333
0	0.0533333
0	0.0133333
0	0.04
0	0.04
0	1
0	0.0533333
0	0.00666667
0	0.213333
0	0.0533333
0	0.04
0	1
0	0.0333333
0	0.04
0	0.0266667
0	1
0	1
0	1
0	0.06
0	0.0133333
0	0.02
0	0.0933333
0	0.08
0	0.0666667
0	0.02
0	1
0	0.273333
0	0.02
0	0.04
0	0.0333333
0	0.0933333
0	0.02
0	0.0466667
0	0.02
0	0.0266667
0	0.0133333
0	0.04
0	0.0733333
0	0.0133333
0	0.0466667
0	0.213333
0	0.0133333
0	0.113333
0	0.04
0	0.133333
0	0.0333333
0	0.0333333
0	0.02
0	0.06
0	0.0866667
0	0.04
0	inf
0	0.0933333
0	0.02
0	0.213333
0	0.113333
0	0.273333
0	0.106667
0	1
0	0.04
0	0.0533333
0	0.0933333
0	0.133333
0	0.0866667
0	1
0	0.0266667
0	1
0	0.02
0	1
0	0.133333
0	0.0466667
0	0.02
0	0.0466667
0	0.04
0	0.02
0	0.02
0	0.02
0	1
0	0.0333333
0	0.08
0	0.0133333
0	0.0333333
0	1
0	0.32
0	0.0333333
0	0.02
0	0.32
0	0.273333
0	0.0266667
0	0.0133333
0	1
0	0.0133333
0	0.153333
0	0.0133333
0	1
0	0.04
0	0.0133333
0	0.0333333
0	0.0333333
0	0.0133333
0	0.08
0	0.04
0	0.02
0	0.0933333
0	0.02
0	0.273333
0	0.213333
0	0.113333
0	0.06
0	0.0266667
0	0.32
0	1
0	0.0266667
0	0.02
0	0.0933333
0	0.02
0	0.0933333
0	0.273333
0	1
0	0.04
0	0.02
0	0.133333
0	0.02
0	0.0466667
0	0.02
0	0.32
0	0.0733333
0	0.0333333
0	0.113333
0	1
0	0.0333333
0	0.113333
0	0.0266667
0	0.0466667
0	0.02
0	inf
0	1
0	0.0266667
0	0.213333
0	0.0333333
0	1
0	0.0466667
0	1
0	0.0333333
0	0.0133333
0	0.0133333
0	0.02
0	0.0533333
0	1
0	0.0466667
0	inf
0	1
0	0.32
0	1
0	0.06
0	0.02
0	1
0	0.32
0	0.06
0	0.0133333
0	0.0133333
0	0.0133333
0	0.0266667
0	1
0	1
0	0.0333333
0	0.153333
0	inf
0	0.106667
0	0.213333
0	0.0666667
0	0.133333
0	0.02
0	0.0533333
0	0.00666667
0	0.0333333
0	0.0333333
0	0.0133333
0	0.02
0	0.0133333
0	0.0466667
0	0.02
0	1
0	0.08
0	0.02
0	0.0466667
0	1
0	0.113333
0	0.32
0	0.0866667
0	0.0266667
0	0.02
0	0.106667
0	0.0466667
0	0.0133333
0	0.0933333
0	0.0866667
0	0.04
0	1
0	0.0466667
0	0.02
0	0.113333
0	0.106667
0	0.02
0	0.0466667
0	0.106667
0	1
0	0.0733333
0	0.106667
0	0.0533333
0	0.02
0	0.0133333
0	0.02
0	0.02
0	0.0933333
0	0.0266667
0	0.153333
0	1
0	0.0533333
0	0.08
0	0.106667
0	0.04
0	0.0133333
0	0.0133333
0	0.06
0	0.06
0	0.0333333
0	1
0	0.0333333
0	0.0266667
0	0.02
0	0.32
0	0.0466667
0	0.0333333
0	1
0	0.153333
0	0.0333333
0	0.02
0	0.08
0	0.08
0	0.0866667
0	1
0	0.02
0	0.0933333
0	0.0333333
0	0.273333
0	0.0733333
0	0.08
0	0.0466667
0	0.0133333
0	0.213333
0	0.02
0	0.0333333
0	0.0333333
0	0.0733333
0	0.00666667
0	0.0266667
0	0.0466667
0	0.32
0	0.133333
0	1
0	0.0133333
0	0.0133333
0	0.0133333
0	0.273333
0	0.0933333
0	0.0133333
0	0.02
0	1
0	0.0266667
0	0.0266667
0	0.02
0	0.0733333
0	0.02
0	0.0333333
0	0.0933333
0	0.0266667
0	0.02
0	1
0	0.0333333
0	0.08
0	0.0466667
0	0.0266667
0	0.0933333
0	0.0266667
0	0.213333
0	0.0266667
0	0.133333
0	0.04
0	1
0	0.0266667
0	0.04
0	0.0533333
0	0.0133333
0	0.00666667
0	1
0	0.02
0	0.0333333
0	0.0266667
0	0.02
0	0.02
0	0.0866667
0	0.02
0	0.0666667
0	0.02
0	0.0333333
0	0.0133333
0	0.133333
0	0.273333
0	0.32
0	0.0133333
0	1
0	0.153333
0	0.08
0	1
0	0.08
0	0.0466667
0	0.0733333
0	0.0266667
0	0.0133333
0	0.0466667
0	0.02
0	0.02
0	0.0333333
0	0.0466667
0	0.0333333
0	0.0133333
0	0.04
0	0.106667
0	0.00666667
0	0.32
0	0.273333
0	0.0266667
0	0.0466667
0	0.213333
0	0.02
0	0.02
0	0.02
0	0.0866667
0	0.02
0	0.106667
0	1
0	0.0533333
0	0.02
0	0.0133333
0	0.0133333
0	0.0133333
0	0.273333
0	0.0266667
0	0.0733333
0	0.0333333
0	1
0	0.0133333
0	0.0133333
0	0.0333333
0	0.0266667
0	0.08
0	1
0	0.02
0	0.0133333
0	0.02
0	0.0133333
0	0.0133333
0	0.0666667
0	0.02
0	0.0733333
0	0.02
0	1
0	0.0933333
0	0.0133333
0	0.02
0	0.0133333
0	0.213333
0	0.02
0	1
0	0.0933333
0	0.0466667
0	0.0133333
0	0.02
0	0.0933333
0	0.106667
0	0.02
0	0.0266667
0	0.04
0	0.0266667
0	0.0133333
0	0.106667
0	0.0133333
0	1
0	0.0133333
0	1
0	0.0466667
0	0.32
0	1
0	0.0133333
0	0.32
0	0.0133333
0	0.08
0	1
0	0.113333
0	0.0333333
0	0.0333333
0	0.08
0	0.0333333
0	0.0466667
0	0.04
0	0.0333333
0	0.04
0	1
0	0.133333
0	0.0333333
0	0.08
0	1
0	0.0133333
0	0.00666667
0	0.273333
0	0.0133333
0	0.0133333
0	0.0133333
0	0.106667
0	0.0266667
0	0.133333
0	0.02
0	0.213333
0	0.0333333
0	1
0	0.0333333
0	0.113333
0	0.0133333
0	0.02
0	0.0133333
0	0.0133333
0	0.08
0	0.02
0	1
0	0.153333
0	1
0	0.0133333
0	0.0533333
0	0.02
0	0.02
0	1
0	0.113333
0	0.04
0	0.04
0	1
0	0.02
0	0.106667
0	0.0133333
0	0.0133333
0	0.02
0	0.0933333
0	0.213333
0	0.06
0	0.0466667
0	0.0133333
0	0.0466667
0	0.0266667
0	1
0	1
0	0.0466667
0	0.0533333
0	0.113333
0	1
0	0.32
0	0.02
0	0.0933333
0	0.213333
0	0.0133333
0	0.0533333
0	0.02
0	0.0533333
0	0.0333333
0	0.0266667
0	0.08
0	0.113333
0	0.0133333
0	0.0333333
0	0.0133333
0	0.0933333
0	0.0333333
0	0.0866667
0	0.0333333
0	0.08
0	0.0266667
0	0.32
0	1
0	0.0133333
0	1
0	0.32
0	0.0133333
0	0.0266667
0	0.0733333
0	0.32
0	0.04
0	0.04
0	0.0133333
0	0.0133333
0	0.0133333
0	0.02
0	0.08
0	0.273333
0	0.0266667
0	0.106667
0	0.0466667
0	0.0333333
0	0.0666667
0	0.153333
0	0.273333
0	0.0133333
0	0.02
0	0.0133333
0	0.0866667
0	0.02
0	0.08
0	1
0	0.02
0	0.0666667
0	0.0266667
0	0.0933333
0	0.0266667
0	0.0133333
0	0.106667
0	0.0533333
0	0.0933333
0	0.0666667
0	0.0333333
0	0.0466667
0	0.04
0	0.273333
0	1
0	0.0133333
0	0.32
0	0.0266667
0	0.0866667
0	0.0133333
0	0.0133333
0	0.0466667
0	0.04
0	0.0266667
0	0.02
0	0.0333333
0	0.0133333
0	0.02
0	1
0	0.0533333
0	0.0266667
0	0.0333333
0	0.0266667
0	0.32
0	0.0733333
0	0.0466667
0	0.0333333
0	0.213333
0	0.0133333
0	0.04
0	0.08
0	0.153333
0	0.02
0	1
0	0.113333
0	0.0266667
0	0.00666667
0	0.106667
0	1
0	0.0333333
0	0.0133333
0	0.02
0	0.32
0	0.02
0	0.0133333
0	0.106667
0	0.0333333
0	0.0266667
0	0.0666667
0	0.0133333
0	0.02
0	0.02
0	0.0333333
0	0.0266667
0	1
0	0.02
0	0.02
0	1
0	0.113333
0	0.0133333
0	0.0133333
0	0.0466667
0	0.113333
0	0.0133333
0	0.02
0	0.0466667
0	0.0666667
0	0.02
0	0.32
0	0.08
0	0.02
0	0.08
0	0.02
0	1
0	0.0866667
0	0.0666667
0	0.0333333
0	0.273333
0	0.133333
0	0.0466667
0	0.0333333
0	1
0	0.02
0	0.0933333
0	0.0133333
0	0.0133333
0	0.0133333


