# Persistence diagram <GML/0526.gml>
#
# Dimension   : 1
# Entries     : 152
# Betti number: 152
0.00503778	inf
0.00587741	inf
0.00587741	inf
0.00671704	inf
0.00671704	inf
0.00671704	inf
0.00671704	inf
0.00671704	inf
0.00755668	inf
0.00755668	inf
0.00755668	inf
0.00755668	inf
0.00839631	inf
0.00839631	inf
0.00839631	inf
0.00839631	inf
0.00839631	inf
0.00839631	inf
0.00839631	inf
0.00839631	inf
0.00923594	inf
0.00923594	inf
0.00923594	inf
0.00923594	inf
0.00923594	inf
0.00923594	inf
0.00923594	inf
0.00923594	inf
0.00923594	inf
0.00923594	inf
0.00923594	inf
0.0109152	inf
0.0109152	inf
0.0109152	inf
0.0117548	inf
0.0117548	inf
0.0125945	inf
0.0125945	inf
0.0125945	inf
0.0125945	inf
0.0125945	inf
0.0125945	inf
0.0125945	inf
0.0151134	inf
0.0151134	inf
0.015953	inf
0.015953	inf
0.015953	inf
0.0176322	inf
0.0176322	inf
0.0176322	inf
0.0218304	inf
0.0218304	inf
0.0218304	inf
0.0218304	inf
0.0218304	inf
0.0218304	inf
0.0268682	inf
0.0268682	inf
0.0268682	inf
0.0268682	inf
0.0377834	inf
0.0377834	inf
0.0377834	inf
0.0377834	inf
0.0377834	inf
0.0377834	inf
0.0377834	inf
0.0377834	inf
0.0377834	inf
0.0377834	inf
0.0445004	inf
0.0445004	inf
0.0445004	inf
0.0445004	inf
0.0445004	inf
0.0445004	inf
0.0445004	inf
0.0445004	inf
0.0445004	inf
0.0445004	inf
0.0445004	inf
0.0445004	inf
0.0445004	inf
0.0445004	inf
0.0445004	inf
0.0445004	inf
0.0445004	inf
0.0445004	inf
0.0512175	inf
0.0512175	inf
0.0512175	inf
0.0512175	inf
0.0512175	inf
0.0512175	inf
0.0512175	inf
0.0512175	inf
0.0512175	inf
0.0512175	inf
0.0512175	inf
0.0512175	inf
0.0512175	inf
0.0512175	inf
0.0512175	inf
0.0512175	inf
1	inf
1	inf
1	inf
1	inf
1	inf
1	inf
1	inf
1	inf
1	inf
1	inf
1	inf
1	inf
1	inf
1	inf
1	inf
1	inf
1	inf
1	inf
1	inf
1	inf
1	inf
1	inf
1	inf
1	inf
1	inf
1	inf
1	inf
1	inf
1	inf
1	inf
1	inf
1	inf
1	inf
1	inf
1	inf
1	inf
1	inf
1	inf
1	inf
1	inf
1	inf
1	inf
1	inf
1	inf
1	inf
1	inf
1	inf
