# Persistence diagram <GML/0532.gml>
#
# Dimension   : 1
# Entries     : 142
# Betti number: 142
0.0361446	inf
0.0421687	inf
0.0542169	inf
0.0542169	inf
0.0542169	inf
0.060241	inf
0.060241	inf
0.060241	inf
0.060241	inf
0.0662651	inf
0.0662651	inf
0.0662651	inf
0.0662651	inf
0.0662651	inf
0.0662651	inf
0.0662651	inf
0.0662651	inf
0.0722892	inf
0.0722892	inf
0.0722892	inf
0.0722892	inf
0.0783133	inf
0.0783133	inf
0.0783133	inf
0.0783133	inf
0.0783133	inf
0.0783133	inf
0.0783133	inf
0.0783133	inf
0.0783133	inf
0.0783133	inf
0.0783133	inf
0.0783133	inf
0.0783133	inf
0.0843373	inf
0.0843373	inf
0.0843373	inf
0.0843373	inf
0.0843373	inf
0.0843373	inf
0.0843373	inf
0.0843373	inf
0.0903614	inf
0.0963855	inf
0.0963855	inf
0.0963855	inf
0.0963855	inf
0.0963855	inf
0.0963855	inf
0.0963855	inf
0.0963855	inf
0.0963855	inf
0.10241	inf
0.10241	inf
0.10241	inf
0.10241	inf
0.10241	inf
0.10241	inf
0.10241	inf
0.10241	inf
0.10241	inf
0.10241	inf
0.10241	inf
0.10241	inf
0.108434	inf
0.108434	inf
0.108434	inf
0.108434	inf
0.120482	inf
0.120482	inf
0.120482	inf
0.120482	inf
0.144578	inf
0.144578	inf
0.144578	inf
0.144578	inf
0.144578	inf
0.144578	inf
0.144578	inf
0.144578	inf
0.144578	inf
0.144578	inf
0.144578	inf
0.144578	inf
0.144578	inf
0.162651	inf
0.162651	inf
0.162651	inf
0.162651	inf
0.162651	inf
0.162651	inf
0.186747	inf
0.186747	inf
0.186747	inf
0.186747	inf
0.186747	inf
0.186747	inf
0.186747	inf
0.186747	inf
1	inf
1	inf
1	inf
1	inf
1	inf
1	inf
1	inf
1	inf
1	inf
1	inf
1	inf
1	inf
1	inf
1	inf
1	inf
1	inf
1	inf
1	inf
1	inf
1	inf
1	inf
1	inf
1	inf
1	inf
1	inf
1	inf
1	inf
1	inf
1	inf
1	inf
1	inf
1	inf
1	inf
1	inf
1	inf
1	inf
1	inf
1	inf
1	inf
1	inf
1	inf
1	inf
1	inf
