# Persistence diagram <GML/0534.gml>
#
# Dimension   : 0
# Entries     : 1632
# Betti number: 6
0	inf
0	1
0	0.0170213
0	0.0148936
0	0.0340426
0	0.0212766
0	0.0106383
0	0.0276596
0	1
0	inf
0	0.012766
0	0.0148936
0	0.0170213
0	0.0106383
0	1
0	1
0	1
0	1
0	0.0148936
0	1
0	0.1
0	1
0	0.012766
0	0.0148936
0	0.0255319
0	0.0340426
0	0.0361702
0	0.00851064
0	0.0340426
0	0.0148936
0	0.0340426
0	1
0	0.0148936
0	0.0148936
0	1
0	0.0255319
0	inf
0	0.0170213
0	0.0297872
0	1
0	1
0	0.0382979
0	1
0	0.0106383
0	1
0	0.0234043
0	0.012766
0	0.0106383
0	1
0	0.0148936
0	0.0148936
0	0.00851064
0	0.0148936
0	0.00851064
0	0.0425532
0	0.0255319
0	0.0148936
0	0.0106383
0	0.0170213
0	0.0170213
0	0.0255319
0	0.0191489
0	1
0	0.0468085
0	1
0	0.00638298
0	0.0170213
0	0.0170213
0	0.0340426
0	0.0106383
0	0.0361702
0	0.0170213
0	0.0148936
0	0.0191489
0	0.0170213
0	0.0361702
0	0.0170213
0	0.0106383
0	1
0	0.0170213
0	0.012766
0	0.0170213
0	0.0148936
0	0.0255319
0	1
0	0.0340426
0	0.0382979
0	0.0340426
0	1
0	1
0	1
0	1
0	0.012766
0	0.0148936
0	0.012766
0	0.0148936
0	0.0148936
0	0.0106383
0	0.1
0	0.0106383
0	0.0148936
0	0.0170213
0	0.0489362
0	0.0212766
0	0.0468085
0	0.0106383
0	0.0170213
0	0.012766
0	0.0340426
0	0.0106383
0	0.0553191
0	1
0	1
0	0.0382979
0	0.00638298
0	0.0234043
0	0.0106383
0	0.0191489
0	0.0340426
0	0.00425532
0	0.0191489
0	0.0255319
0	0.0212766
0	0.0361702
0	0.0170213
0	0.0340426
0	0.012766
0	0.0382979
0	0.0170213
0	inf
0	0.0340426
0	1
0	0.0148936
0	1
0	0.0553191
0	0.012766
0	0.00638298
0	0.0170213
0	1
0	0.012766
0	0.0212766
0	1
0	1
0	0.0234043
0	1
0	0.0148936
0	0.0170213
0	1
0	0.0170213
0	1
0	0.0191489
0	inf
0	0.0340426
0	0.00851064
0	0.0234043
0	0.0255319
0	0.0340426
0	0.0191489
0	0.0234043
0	0.0170213
0	0.012766
0	0.0255319
0	0.0255319
0	0.0404255
0	0.0361702
0	0.0276596
0	0.0340426
0	0.00212766
0	0.0148936
0	0.0276596
0	1
0	1
0	0.0170213
0	0.0361702
0	1
0	0.0148936
0	0.0340426
0	0.0255319
0	0.0106383
0	0.0361702
0	0.00638298
0	0.00638298
0	1
0	0.0148936
0	1
0	0.0382979
0	0.0106383
0	0.012766
0	0.0340426
0	1
0	0.0106383
0	1
0	0.0361702
0	0.0446809
0	0.0340426
0	0.0212766
0	0.0191489
0	0.0148936
0	1
0	1
0	0.0148936
0	0.0170213
0	0.0340426
0	1
0	0.0553191
0	0.0170213
0	1
0	0.0276596
0	0.0276596
0	1
0	0.0212766
0	0.0234043
0	0.0382979
0	1
0	0.0255319
0	0.0148936
0	0.0361702
0	0.0148936
0	0.0191489
0	0.0297872
0	0.0425532
0	0.0191489
0	1
0	0.0106383
0	0.0106383
0	0.0340426
0	0.0361702
0	0.0106383
0	0.0489362
0	0.0170213
0	0.0170213
0	0.00638298
0	0.00638298
0	0.0148936
0	0.0234043
0	1
0	0.0148936
0	1
0	1
0	0.1
0	0.0106383
0	0.00851064
0	1
0	0.0234043
0	0.00851064
0	0.012766
0	0.0212766
0	0.012766
0	0.012766
0	0.0191489
0	0.0425532
0	0.1
0	1
0	0.0276596
0	0.0212766
0	0.0170213
0	0.0340426
0	0.0170213
0	0.0404255
0	1
0	0.00425532
0	0.0361702
0	1
0	1
0	0.00638298
0	0.0148936
0	0.0106383
0	0.00425532
0	0.0148936
0	0.0468085
0	0.0319149
0	0.0446809
0	0.00851064
0	0.0148936
0	0.0553191
0	0.0404255
0	0.0148936
0	1
0	0.0148936
0	0.0148936
0	1
0	1
0	0.00638298
0	0.0340426
0	1
0	0.0340426
0	1
0	0.0170213
0	0.00425532
0	0.0276596
0	0.0425532
0	1
0	0.0106383
0	0.00851064
0	0.0340426
0	1
0	1
0	0.00425532
0	0.0170213
0	0.0212766
0	0.0170213
0	0.0553191
0	0.0170213
0	0.0148936
0	0.0297872
0	0.0276596
0	0.0170213
0	0.0191489
0	0.00425532
0	1
0	0.0340426
0	1
0	1
0	0.0234043
0	1
0	1
0	1
0	0.0148936
0	0.0255319
0	1
0	0.00638298
0	0.0148936
0	0.0170213
0	1
0	0.0234043
0	0.0468085
0	0.012766
0	0.00425532
0	0.0382979
0	1
0	0.1
0	0.0382979
0	0.0255319
0	0.0170213
0	0.0340426
0	0.0340426
0	1
0	0.00638298
0	0.1
0	0.00425532
0	1
0	0.1
0	0.0255319
0	0.0255319
0	1
0	0.012766
0	1
0	1
0	0.012766
0	0.0255319
0	0.0148936
0	0.0191489
0	1
0	0.0446809
0	1
0	0.0297872
0	0.00425532
0	0.0106383
0	0.0340426
0	0.0170213
0	1
0	1
0	0.0361702
0	1
0	0.0148936
0	1
0	1
0	0.012766
0	0.0106383
0	0.0468085
0	0.0255319
0	1
0	0.0340426
0	0.0106383
0	0.0106383
0	0.012766
0	0.00851064
0	0.0234043
0	0.0234043
0	0.0255319
0	0.012766
0	0.0148936
0	0.1
0	0.1
0	0.00425532
0	0.0191489
0	1
0	inf
0	0.00851064
0	0.00638298
0	1
0	0.0297872
0	0.00638298
0	1
0	1
0	0.0106383
0	0.0340426
0	0.00851064
0	0.0148936
0	0.0276596
0	0.0191489
0	0.0297872
0	1
0	1
0	0.00851064
0	0.0255319
0	0.00851064
0	1
0	0.0340426
0	1
0	0.00638298
0	1
0	0.0255319
0	0.0340426
0	1
0	1
0	0.0340426
0	0.00851064
0	1
0	1
0	1
0	0.00425532
0	1
0	0.00851064
0	0.0361702
0	1
0	0.0361702
0	0.0106383
0	0.0553191
0	0.0340426
0	0.0170213
0	0.0106383
0	0.00425532
0	0.0255319
0	0.0382979
0	0.0446809
0	0.00851064
0	0.0148936
0	0.0148936
0	0.0170213
0	0.0340426
0	0.0148936
0	1
0	0.0148936
0	0.00638298
0	1
0	1
0	0.0234043
0	1
0	0.1
0	0.0212766
0	0.00425532
0	0.0234043
0	0.00638298
0	1
0	0.012766
0	0.0340426
0	0.0255319
0	0.0148936
0	0.00425532
0	0.00425532
0	0.00425532
0	0.00425532
0	0.0468085
0	0.00638298
0	0.0340426
0	0.0361702
0	0.00425532
0	0.0361702
0	1
0	0.0191489
0	0.00851064
0	0.0361702
0	1
0	0.00638298
0	0.0212766
0	1
0	0.0297872
0	1
0	0.0106383
0	0.0297872
0	0.0106383
0	0.0191489
0	0.00212766
0	0.00851064
0	1
0	0.00851064
0	1
0	0.00425532
0	1
0	0.0148936
0	0.0404255
0	0.0106383
0	0.00425532
0	0.0319149
0	0.00638298
0	0.0255319
0	0.0106383
0	1
0	1
0	0.0404255
0	0.0361702
0	0.0361702
0	0.0255319
0	1
0	0.0553191
0	0.0234043
0	0.0340426
0	0.0170213
0	0.012766
0	0.00638298
0	0.0106383
0	0.00425532
0	0.0340426
0	0.0255319
0	0.0404255
0	0.0148936
0	1
0	0.0319149
0	1
0	0.012766
0	0.0170213
0	1
0	1
0	0.0148936
0	0.0148936
0	0.0255319
0	0.0148936
0	0.00425532
0	0.0170213
0	0.0361702
0	0.00638298
0	0.0191489
0	0.0382979
0	0.012766
0	0.0255319
0	0.0170213
0	0.00638298
0	1
0	0.0340426
0	0.0148936
0	0.0234043
0	0.0382979
0	0.0276596
0	0.0106383
0	1
0	0.0340426
0	0.00851064
0	0.0106383
0	0.00638298
0	0.0361702
0	0.00638298
0	0.00638298
0	1
0	0.00638298
0	0.0361702
0	0.0276596
0	0.0276596
0	0.0148936
0	0.0148936
0	0.1
0	0.012766
0	0.0340426
0	0.0361702
0	0.0106383
0	0.0106383
0	0.0340426
0	0.00638298
0	0.0297872
0	0.0234043
0	1
0	0.0191489
0	0.0212766
0	0.0255319
0	0.0340426
0	1
0	1
0	0.00425532
0	0.00425532
0	0.0106383
0	0.0212766
0	0.012766
0	0.00851064
0	1
0	0.0148936
0	0.0191489
0	0.012766
0	0.00638298
0	0.0489362
0	0.0191489
0	0.0191489
0	0.0148936
0	1
0	1
0	0.00638298
0	0.0106383
0	0.0340426
0	0.1
0	0.0255319
0	0.0170213
0	0.0340426
0	1
0	0.0148936
0	0.00425532
0	0.0361702
0	0.00638298
0	0.0212766
0	0.0234043
0	0.0340426
0	0.0148936
0	0.0234043
0	0.0212766
0	0.0255319
0	1
0	0.00638298
0	0.0340426
0	0.0170213
0	0.0468085
0	1
0	0.0106383
0	0.0106383
0	1
0	1
0	0.0361702
0	0.0361702
0	1
0	0.0361702
0	0.1
0	0.0148936
0	0.0212766
0	0.0148936
0	0.0106383
0	0.0191489
0	0.00851064
0	1
0	0.0212766
0	0.00638298
0	0.0340426
0	0.0340426
0	0.0382979
0	0.012766
0	0.0340426
0	0.0212766
0	0.0340426
0	0.00425532
0	0.0340426
0	0.0106383
0	0.0276596
0	0.0148936
0	0.0170213
0	0.0170213
0	0.0255319
0	0.0553191
0	0.1
0	1
0	0.00851064
0	0.0234043
0	0.0255319
0	0.1
0	0.0148936
0	1
0	0.0553191
0	0.0106383
0	0.00851064
0	0.0255319
0	0.0361702
0	1
0	0.0148936
0	0.0297872
0	1
0	0.00425532
0	0.0340426
0	0.00851064
0	0.0255319
0	0.1
0	0.0234043
0	0.012766
0	0.0106383
0	0.00425532
0	0.0170213
0	0.0361702
0	0.0234043
0	0.0170213
0	0.00851064
0	0.0425532
0	0.1
0	1
0	0.0106383
0	0.0361702
0	1
0	1
0	0.0170213
0	0.0106383
0	0.00851064
0	0.0361702
0	0.00851064
0	0.0382979
0	0.0297872
0	0.0170213
0	0.0382979
0	0.0276596
0	0.0148936
0	0.00851064
0	0.0170213
0	0.0148936
0	0.0170213
0	0.00212766
0	0.00425532
0	1
0	0.0276596
0	0.00851064
0	0.0234043
0	0.0148936
0	0.00851064
0	0.00851064
0	0.00425532
0	0.0340426
0	0.0106383
0	1
0	0.0255319
0	0.00638298
0	1
0	0.0382979
0	1
0	0.0361702
0	0.1
0	0.0382979
0	0.0234043
0	0.0170213
0	1
0	0.00425532
0	0.0340426
0	1
0	0.00425532
0	0.00638298
0	0.0276596
0	0.00425532
0	0.00425532
0	0.0361702
0	0.0106383
0	0.012766
0	0.00425532
0	0.0212766
0	0.0148936
0	0.0148936
0	1
0	0.00638298
0	0.0446809
0	0.0106383
0	0.00638298
0	0.0170213
0	0.0212766
0	0.00638298
0	0.00851064
0	0.0361702
0	0.0255319
0	1
0	0.0255319
0	0.00638298
0	1
0	1
0	1
0	0.0319149
0	0.0425532
0	0.0191489
0	0.0106383
0	0.0170213
0	0.0446809
0	1
0	0.0446809
0	1
0	1
0	1
0	0.00851064
0	0.0212766
0	0.0148936
0	0.00425532
0	0.0148936
0	1
0	0.0191489
0	0.0212766
0	0.00851064
0	0.0361702
0	0.0276596
0	0.00638298
0	0.012766
0	0.0255319
0	0.0425532
0	1
0	0.0255319
0	0.0340426
0	0.0212766
0	1
0	0.0297872
0	0.00425532
0	0.0170213
0	1
0	0.0340426
0	0.0361702
0	0.0106383
0	0.0340426
0	0.0382979
0	0.00851064
0	0.0212766
0	0.00638298
0	0.0382979
0	0.0255319
0	0.0148936
0	0.0255319
0	0.0297872
0	0.00425532
0	0.00638298
0	0.0106383
0	0.0170213
0	0.0340426
0	0.0276596
0	0.00851064
0	1
0	1
0	0.0276596
0	0.0361702
0	0.0319149
0	1
0	0.00425532
0	0.0468085
0	0.0297872
0	1
0	0.0148936
0	1
0	0.0340426
0	0.0404255
0	0.00425532
0	1
0	0.0148936
0	0.0148936
0	0.012766
0	0.00851064
0	1
0	0.0446809
0	0.0106383
0	1
0	0.00638298
0	1
0	1
0	0.0255319
0	0.0340426
0	0.0148936
0	1
0	0.0489362
0	1
0	1
0	0.00851064
0	0.00851064
0	0.0212766
0	1
0	1
0	0.0361702
0	0.0106383
0	1
0	0.00851064
0	0.0340426
0	0.0170213
0	1
0	0.0361702
0	1
0	0.00638298
0	0.0106383
0	0.0382979
0	0.00638298
0	1
0	0.0340426
0	1
0	0.0340426
0	0.0170213
0	0.0255319
0	0.0340426
0	1
0	0.0191489
0	0.0191489
0	0.0340426
0	0.0212766
0	0.0170213
0	1
0	0.00851064
0	0.0148936
0	0.0106383
0	0.0170213
0	0.0361702
0	1
0	0.00638298
0	0.0148936
0	1
0	0.0170213
0	0.00425532
0	0.00851064
0	0.0234043
0	0.00425532
0	0.0255319
0	0.0148936
0	0.0148936
0	0.0106383
0	0.00638298
0	0.0148936
0	1
0	0.00425532
0	1
0	0.0446809
0	0.0234043
0	0.0340426
0	0.0106383
0	0.0425532
0	0.00425532
0	1
0	0.0340426
0	0.0148936
0	0.0106383
0	1
0	0.00638298
0	0.0382979
0	0.00638298
0	0.0148936
0	0.0148936
0	0.00638298
0	0.00425532
0	1
0	0.00638298
0	0.0340426
0	0.00638298
0	1
0	0.0382979
0	0.0191489
0	0.0340426
0	0.0148936
0	0.012766
0	1
0	0.00425532
0	0.0340426
0	1
0	0.00638298
0	1
0	0.0170213
0	0.0148936
0	0.0191489
0	0.0148936
0	0.00851064
0	0.0234043
0	0.0212766
0	1
0	0.00638298
0	1
0	1
0	0.0170213
0	0.0212766
0	0.0255319
0	0.012766
0	0.0191489
0	0.0404255
0	0.0446809
0	0.0148936
0	0.012766
0	1
0	0.00425532
0	0.0170213
0	1
0	0.00425532
0	0.0148936
0	0.00638298
0	0.0382979
0	0.0106383
0	0.0212766
0	1
0	0.0148936
0	0.00638298
0	0.0404255
0	0.0106383
0	0.0191489
0	0.0106383
0	0.00851064
0	0.0297872
0	1
0	0.00425532
0	0.00851064
0	0.0361702
0	0.0148936
0	0.0361702
0	0.00425532
0	1
0	0.0382979
0	0.00425532
0	1
0	0.00638298
0	0.0361702
0	0.00425532
0	0.0148936
0	0.00425532
0	0.0106383
0	0.0170213
0	0.0170213
0	0.0255319
0	0.0106383
0	1
0	0.0212766
0	0.0553191
0	1
0	0.00851064
0	0.0148936
0	0.1
0	1
0	0.00638298
0	0.012766
0	1
0	0.00425532
0	0.0297872
0	0.00638298
0	0.00638298
0	0.0255319
0	0.0319149
0	0.0361702
0	0.00638298
0	0.0361702
0	0.00425532
0	0.00851064
0	0.012766
0	0.00425532
0	0.00638298
0	0.0106383
0	0.0170213
0	0.0382979
0	0.0425532
0	1
0	0.00425532
0	1
0	0.0106383
0	0.1
0	0.0106383
0	1
0	0.00425532
0	0.0212766
0	0.0404255
0	0.0170213
0	0.0489362
0	0.0361702
0	0.012766
0	0.00851064
0	1
0	0.00425532
0	0.0148936
0	0.0340426
0	0.0234043
0	0.0170213
0	0.012766
0	0.0106383
0	0.0382979
0	0.0191489
0	0.0170213
0	0.0234043
0	0.0361702
0	0.1
0	0.012766
0	1
0	0.0276596
0	1
0	0.0361702
0	0.0361702
0	0.0489362
0	0.0148936
0	1
0	1
0	1
0	0.00638298
0	0.0106383
0	1
0	0.0148936
0	0.0170213
0	0.0234043
0	0.0170213
0	1
0	0.0106383
0	0.0319149
0	1
0	1
0	0.0255319
0	0.1
0	0.0553191
0	0.0148936
0	0.0106383
0	0.0170213
0	0.0361702
0	0.0148936
0	0.0404255
0	0.00638298
0	0.0148936
0	0.0489362
0	0.0170213
0	0.012766
0	0.0468085
0	0.0340426
0	0.0340426
0	1
0	0.0106383
0	0.0382979
0	0.0148936
0	0.0382979
0	0.0148936
0	0.0276596
0	0.00851064
0	0.0361702
0	0.0255319
0	1
0	0.1
0	1
0	1
0	1
0	0.0106383
0	0.00638298
0	1
0	0.00638298
0	0.00425532
0	1
0	1
0	0.0106383
0	0.0148936
0	0.0276596
0	0.0148936
0	0.0170213
0	0.0340426
0	0.00425532
0	0.0255319
0	0.00851064
0	0.0148936
0	1
0	0.0489362
0	1
0	0.00638298
0	1
0	0.0553191
0	0.0148936
0	0.00425532
0	1
0	0.00851064
0	0.0404255
0	0.0361702
0	0.0148936
0	0.1
0	0.0340426
0	0.0148936
0	0.0212766
0	1
0	0.00851064
0	0.00851064
0	0.0106383
0	0.00851064
0	1
0	0.0191489
0	0.00851064
0	0.0148936
0	0.00425532
0	0.0489362
0	0.00638298
0	1
0	0.00425532
0	0.0276596
0	0.0425532
0	0.0106383
0	0.00425532
0	1
0	0.00638298
0	0.0148936
0	0.0276596
0	0.0404255
0	0.0361702
0	0.0148936
0	0.0148936
0	0.00638298
0	0.0340426
0	0.0148936
0	0.012766
0	0.0106383
0	0.0191489
0	0.0382979
0	0.0170213
0	0.00425532
0	0.00425532
0	1
0	1
0	0.00638298
0	0.0148936
0	1
0	0.0148936
0	0.00425532
0	0.00425532
0	1
0	0.0276596
0	0.012766
0	0.0148936
0	0.0361702
0	0.0148936
0	0.0170213
0	1
0	0.00638298
0	0.0148936
0	0.00425532
0	0.0170213
0	0.00425532
0	0.0191489
0	0.00851064
0	0.0255319
0	0.00425532
0	0.00638298
0	0.00851064
0	1
0	1
0	0.0106383
0	0.00638298
0	1
0	0.0340426
0	1
0	1
0	0.1
0	0.0340426
0	0.0297872
0	1
0	0.0148936
0	0.0446809
0	1
0	0.0148936
0	0.0553191
0	0.0148936
0	0.00638298
0	0.0297872
0	0.0553191
0	1
0	0.0361702
0	0.0106383
0	0.0170213
0	0.0361702
0	0.00851064
0	0.00851064
0	0.00851064
0	0.0276596
0	0.0234043
0	0.00638298
0	0.0191489
0	1
0	1
0	0.0148936
0	0.00425532
0	1
0	0.00638298
0	0.0361702
0	0.0148936
0	0.00425532
0	0.0340426
0	0.0255319
0	0.0106383
0	0.0340426
0	0.0340426
0	0.00638298
0	0.0170213
0	0.00425532
0	0.0255319
0	0.00425532
0	0.00638298
0	0.0148936
0	0.0234043
0	0.00851064
0	0.00425532
0	1
0	1
0	1
0	0.00425532
0	0.0234043
0	0.0106383
0	0.00638298
0	0.0148936
0	0.012766
0	0.0191489
0	0.0340426
0	0.0148936
0	0.0148936
0	0.0489362
0	1
0	1
0	0.0361702
0	1
0	1
0	0.00425532
0	0.0468085
0	0.0255319
0	0.0191489
0	0.00638298
0	0.00425532
0	1
0	0.00638298
0	0.0170213
0	0.00638298
0	1
0	0.0319149
0	0.00638298
0	1
0	0.00425532
0	1
0	1
0	1
0	1
0	0.0361702
0	0.012766
0	0.00638298
0	0.0468085
0	0.0340426
0	0.00638298
0	0.00638298
0	0.00425532
0	0.0106383
0	0.0340426
0	0.00638298
0	0.00425532
0	0.0340426
0	0.0212766
0	0.00425532
0	0.00638298
0	0.00425532
0	0.0106383
0	0.00425532
0	0.0361702
0	0.0170213
0	1
0	0.00425532
0	1
0	0.0191489
0	0.012766
0	0.00851064
0	0.0425532
0	0.00851064
0	1
0	0.0191489
0	0.00425532
0	0.0404255
0	0.0255319
0	0.00851064
0	0.00638298
0	0.00425532
0	0.0361702
0	0.00638298
0	0.00425532
0	0.0212766
0	0.0404255
0	0.0148936
0	0.0297872
0	0.00851064
0	0.00425532
0	0.0361702
0	0.0148936
0	1
0	0.012766
0	0.0382979
0	0.0276596
0	0.00425532
0	1
0	0.0148936
0	0.0212766
0	1
0	0.00851064
0	0.00638298
0	0.0170213
0	1
0	1
0	0.0361702
0	0.00851064
0	0.012766
0	0.00638298
0	0.0382979
0	0.00851064
0	0.0170213
0	1
0	1
0	1
0	0.00851064
0	1
0	0.0212766
0	0.00425532
0	0.0148936
0	0.0148936
0	0.0340426
0	0.0106383
0	0.0106383
0	0.0212766
0	0.00425532
0	0.0148936
0	0.0170213
0	0.012766
0	0.0148936
0	0.0446809
0	0.0340426
0	0.00638298
0	0.00851064
0	0.0255319
0	0.012766
0	0.00425532
0	1
0	1
0	0.0106383
0	1
0	0.00638298
0	0.00638298
0	1
0	0.00638298
0	0.012766
0	0.0234043
0	0.00638298
0	0.0212766
0	0.0297872
0	0.0170213
0	0.012766
0	0.00638298
0	1
0	0.00425532
0	1
0	0.00851064
0	1
0	0.00425532
0	0.00638298
0	0.0148936
0	1
0	0.00425532
0	1
0	0.0148936
0	0.00425532
0	0.0255319
0	0.00425532
0	0.00638298
0	0.00638298
0	0.0148936
0	0.012766
0	0.0255319
0	0.0382979
0	0.00851064
0	0.0255319
0	0.00425532
0	0.0340426
0	1
0	0.00425532
0	1
0	1
0	1
0	0.00851064
0	0.00425532
0	0.0382979
0	1
0	0.0297872
0	1
0	0.0276596
0	0.00851064
0	0.00425532
0	0.012766
0	1
0	1
0	0.0255319
0	1
0	0.0340426
0	0.00851064
0	0.012766
0	0.0425532
0	0.0340426
0	0.00638298
0	0.0148936
0	1
0	0.0234043
0	0.00851064
0	1
0	0.00638298
0	0.012766
0	1
0	0.00425532
0	1
0	0.0148936
0	0.00851064
0	0.00638298
0	1
0	1
0	0.0191489
0	0.0148936
0	0.0361702
0	0.0340426
0	0.0382979
0	0.0191489
0	0.00638298
0	0.0106383
0	0.00638298
0	0.0148936
0	0.00851064
0	0.00425532
0	0.0382979
0	0.0106383
0	0.0106383
0	0.00851064
0	0.00425532
0	0.00425532
0	1
0	0.0148936
0	1
0	0.00638298
0	1
0	0.0361702
0	0.0106383
0	1
0	0.00425532
0	0.0148936
0	0.00425532
0	0.0148936
0	0.00638298
0	0.00638298
0	0.0361702
0	0.0148936
0	0.0340426
0	1
0	0.00851064
0	0.0148936
0	0.00851064
0	0.0340426
0	0.00425532
0	0.0340426
0	0.0106383
0	1
0	1
0	0.00851064
0	0.0106383
0	0.00638298
0	0.0382979
0	0.00638298
0	0.0319149
0	0.0170213
0	0.0191489
0	0.0148936
0	0.00851064
0	0.0553191
0	1
0	0.0276596
0	0.00425532
0	0.0361702
0	1
0	0.0382979
0	1
0	1
0	0.00425532
0	0.0404255
0	0.00425532
0	1
0	0.0191489
0	0.00638298
0	0.0255319
0	1
0	0.0234043
0	0.00425532
0	0.012766
0	0.00425532
0	1
0	0.00425532
0	0.00425532
0	0.012766
0	0.012766
0	1
0	0.1
0	0.00638298
0	0.0148936
0	0.0170213
0	0.00425532
0	0.00425532
0	0.0340426
0	0.0425532
0	0.00638298
0	0.0382979
0	0.00638298
0	0.0553191
0	0.00851064
0	0.00638298
0	1
0	0.00638298
0	0.00425532
0	0.0148936
0	0.0340426
0	1
0	0.00425532
0	1
0	1
0	0.0170213
0	0.0148936
0	1
0	0.0361702
0	0.0446809
0	1
0	0.0191489
0	0.00425532
0	0.0340426
0	1
0	1
0	0.0148936
0	1
0	0.012766
0	1
0	1
0	1
0	0.00638298
0	0.0170213
0	0.0148936
0	0.0361702
0	0.0148936
0	0.0170213
0	0.00425532
0	0.00425532
0	0.0234043
0	0.0212766
0	0.0361702
0	1
0	0.00638298
0	0.00638298
0	0.0234043
0	0.0255319
0	0.0361702
0	1
0	1
0	1
0	0.0191489
0	0.0170213
0	0.0170213
0	0.0340426
0	0.0276596
0	0.00638298
0	0.00638298
0	1
0	0.0170213
0	0.0340426


