# Persistence diagram <GML/0534.gml>
#
# Dimension   : 1
# Entries     : 273
# Betti number: 273
0.0148936	inf
0.0170213	inf
0.0170213	inf
0.0170213	inf
0.0170213	inf
0.0191489	inf
0.0191489	inf
0.0191489	inf
0.0191489	inf
0.0191489	inf
0.0191489	inf
0.0191489	inf
0.0212766	inf
0.0212766	inf
0.0212766	inf
0.0212766	inf
0.0212766	inf
0.0212766	inf
0.0212766	inf
0.0212766	inf
0.0212766	inf
0.0212766	inf
0.0212766	inf
0.0234043	inf
0.0234043	inf
0.0234043	inf
0.0234043	inf
0.0234043	inf
0.0234043	inf
0.0234043	inf
0.0234043	inf
0.0234043	inf
0.0234043	inf
0.0234043	inf
0.0234043	inf
0.0234043	inf
0.0234043	inf
0.0234043	inf
0.0234043	inf
0.0234043	inf
0.0234043	inf
0.0234043	inf
0.0234043	inf
0.0234043	inf
0.0234043	inf
0.0255319	inf
0.0255319	inf
0.0255319	inf
0.0255319	inf
0.0255319	inf
0.0255319	inf
0.0255319	inf
0.0255319	inf
0.0255319	inf
0.0255319	inf
0.0255319	inf
0.0255319	inf
0.0255319	inf
0.0276596	inf
0.0276596	inf
0.0276596	inf
0.0276596	inf
0.0276596	inf
0.0297872	inf
0.0297872	inf
0.0297872	inf
0.0297872	inf
0.0297872	inf
0.0319149	inf
0.0319149	inf
0.0319149	inf
0.0319149	inf
0.0319149	inf
0.0340426	inf
0.0340426	inf
0.0340426	inf
0.0340426	inf
0.0340426	inf
0.0340426	inf
0.0340426	inf
0.0340426	inf
0.0340426	inf
0.0340426	inf
0.0340426	inf
0.0340426	inf
0.0340426	inf
0.0340426	inf
0.0340426	inf
0.0340426	inf
0.0361702	inf
0.0361702	inf
0.0361702	inf
0.0361702	inf
0.0361702	inf
0.0361702	inf
0.0361702	inf
0.0361702	inf
0.0361702	inf
0.0361702	inf
0.0361702	inf
0.0361702	inf
0.0361702	inf
0.0361702	inf
0.0361702	inf
0.0361702	inf
0.0361702	inf
0.0361702	inf
0.0361702	inf
0.0361702	inf
0.0361702	inf
0.0382979	inf
0.0382979	inf
0.0382979	inf
0.0382979	inf
0.0382979	inf
0.0382979	inf
0.0382979	inf
0.0382979	inf
0.0382979	inf
0.0382979	inf
0.0382979	inf
0.0382979	inf
0.0404255	inf
0.0404255	inf
0.0404255	inf
0.0425532	inf
0.0425532	inf
0.0425532	inf
0.0425532	inf
0.0425532	inf
0.0425532	inf
0.0446809	inf
0.0446809	inf
0.0446809	inf
0.0446809	inf
0.0446809	inf
0.0446809	inf
0.0468085	inf
0.0468085	inf
0.0468085	inf
0.0468085	inf
0.0468085	inf
0.0468085	inf
0.0468085	inf
0.0468085	inf
0.0489362	inf
0.0489362	inf
0.0489362	inf
0.0489362	inf
0.0489362	inf
0.0489362	inf
0.0489362	inf
0.0489362	inf
0.0553191	inf
0.0553191	inf
0.0553191	inf
0.0553191	inf
0.0553191	inf
0.1	inf
0.1	inf
0.1	inf
0.1	inf
0.1	inf
0.1	inf
0.1	inf
0.1	inf
0.1	inf
0.1	inf
0.1	inf
0.1	inf
0.1	inf
0.1	inf
0.1	inf
0.1	inf
0.1	inf
1	inf
1	inf
1	inf
1	inf
1	inf
1	inf
1	inf
1	inf
1	inf
1	inf
1	inf
1	inf
1	inf
1	inf
1	inf
1	inf
1	inf
1	inf
1	inf
1	inf
1	inf
1	inf
1	inf
1	inf
1	inf
1	inf
1	inf
1	inf
1	inf
1	inf
1	inf
1	inf
1	inf
1	inf
1	inf
1	inf
1	inf
1	inf
1	inf
1	inf
1	inf
1	inf
1	inf
1	inf
1	inf
1	inf
1	inf
1	inf
1	inf
1	inf
1	inf
1	inf
1	inf
1	inf
1	inf
1	inf
1	inf
1	inf
1	inf
1	inf
1	inf
1	inf
1	inf
1	inf
1	inf
1	inf
1	inf
1	inf
1	inf
1	inf
1	inf
1	inf
1	inf
1	inf
1	inf
1	inf
1	inf
1	inf
1	inf
1	inf
1	inf
1	inf
1	inf
1	inf
1	inf
1	inf
1	inf
1	inf
1	inf
1	inf
1	inf
1	inf
1	inf
1	inf
1	inf
1	inf
1	inf
1	inf
