# Persistence diagram <GML/0537.gml>
#
# Dimension   : 1
# Entries     : 128
# Betti number: 128
0.00922722	inf
0.00922722	inf
0.0103806	inf
0.0103806	inf
0.0103806	inf
0.011534	inf
0.011534	inf
0.011534	inf
0.011534	inf
0.011534	inf
0.0126874	inf
0.0126874	inf
0.0138408	inf
0.0138408	inf
0.0138408	inf
0.0138408	inf
0.0138408	inf
0.0138408	inf
0.0138408	inf
0.0138408	inf
0.0149942	inf
0.0149942	inf
0.0149942	inf
0.0149942	inf
0.0149942	inf
0.0149942	inf
0.0149942	inf
0.0149942	inf
0.0149942	inf
0.0149942	inf
0.0149942	inf
0.0149942	inf
0.0149942	inf
0.0161476	inf
0.0161476	inf
0.0161476	inf
0.0161476	inf
0.0161476	inf
0.0161476	inf
0.017301	inf
0.017301	inf
0.017301	inf
0.017301	inf
0.0196078	inf
0.0196078	inf
0.0242215	inf
0.0242215	inf
0.0242215	inf
0.0242215	inf
0.0242215	inf
0.0242215	inf
0.0242215	inf
0.0242215	inf
0.0242215	inf
0.0242215	inf
0.0242215	inf
0.0265283	inf
0.0265283	inf
0.0265283	inf
0.0265283	inf
0.0265283	inf
0.0265283	inf
0.0265283	inf
0.0299885	inf
0.0299885	inf
0.0299885	inf
0.0299885	inf
0.0299885	inf
0.0299885	inf
0.0346021	inf
0.0346021	inf
0.0346021	inf
0.0346021	inf
0.0346021	inf
0.0346021	inf
0.0346021	inf
0.0346021	inf
1	inf
1	inf
1	inf
1	inf
1	inf
1	inf
1	inf
1	inf
1	inf
1	inf
1	inf
1	inf
1	inf
1	inf
1	inf
1	inf
1	inf
1	inf
1	inf
1	inf
1	inf
1	inf
1	inf
1	inf
1	inf
1	inf
1	inf
1	inf
1	inf
1	inf
1	inf
1	inf
1	inf
1	inf
1	inf
1	inf
1	inf
1	inf
1	inf
1	inf
1	inf
1	inf
1	inf
1	inf
1	inf
1	inf
1	inf
1	inf
1	inf
1	inf
1	inf
