# Persistence diagram <GML/0538.gml>
#
# Dimension   : 0
# Entries     : 999
# Betti number: 4
0	inf
0	0.0207792
0	1
0	0.0207792
0	0.0285714
0	1
0	inf
0	0.0155844
0	0.0207792
0	1
0	1
0	0.0181818
0	0.0181818
0	1
0	1
0	0.0675325
0	0.0103896
0	0.0597403
0	1
0	0.0337662
0	1
0	0.0155844
0	1
0	0.0311688
0	1
0	1
0	0.0493506
0	0.0311688
0	1
0	0.0493506
0	0.0207792
0	1
0	1
0	0.0233766
0	1
0	0.0441558
0	1
0	0.0207792
0	0.0311688
0	0.0285714
0	1
0	1
0	1
0	1
0	0.0155844
0	0.0233766
0	1
0	0.0597403
0	0.0441558
0	1
0	1
0	0.025974
0	0.012987
0	0.0207792
0	0.0675325
0	0.025974
0	1
0	0.025974
0	1
0	0.0181818
0	0.0467532
0	1
0	1
0	0.0207792
0	0.0155844
0	1
0	0.0103896
0	0.0233766
0	0.0155844
0	0.012987
0	0.0493506
0	0.012987
0	1
0	0.0337662
0	0.0181818
0	0.0337662
0	1
0	0.0337662
0	1
0	0.00779221
0	0.0337662
0	1
0	1
0	0.025974
0	0.0337662
0	0.0675325
0	0.0103896
0	0.0363636
0	0.0103896
0	0.0207792
0	0.0415584
0	1
0	0.0155844
0	1
0	1
0	0.0103896
0	1
0	0.012987
0	1
0	1
0	0.00519481
0	0.0233766
0	0.0467532
0	1
0	0.0181818
0	0.0597403
0	0.0519481
0	1
0	1
0	1
0	0.0103896
0	0.012987
0	0.0103896
0	1
0	1
0	0.0675325
0	1
0	0.0233766
0	0.012987
0	0.0311688
0	1
0	0.012987
0	1
0	0.025974
0	1
0	0.00779221
0	0.0103896
0	0.012987
0	0.025974
0	0.0519481
0	0.0519481
0	1
0	1
0	0.0519481
0	1
0	0.0493506
0	1
0	0.012987
0	0.0441558
0	1
0	0.012987
0	0.025974
0	0.0181818
0	0.0155844
0	0.00779221
0	1
0	1
0	0.012987
0	0.025974
0	0.0519481
0	1
0	0.0519481
0	1
0	1
0	1
0	0.0207792
0	0.0207792
0	0.0103896
0	0.0415584
0	1
0	0.0415584
0	1
0	0.025974
0	1
0	0.0441558
0	1
0	1
0	0.00519481
0	1
0	0.012987
0	1
0	0.0207792
0	0.0415584
0	1
0	1
0	1
0	1
0	0.0311688
0	0.0337662
0	1
0	1
0	1
0	1
0	0.0207792
0	0.0103896
0	1
0	0.0155844
0	0.0415584
0	0.012987
0	0.00779221
0	0.012987
0	0.0207792
0	0.012987
0	0.0337662
0	0.0597403
0	1
0	0.0467532
0	0.012987
0	1
0	0.012987
0	0.0155844
0	0.0363636
0	0.0467532
0	0.0597403
0	0.0415584
0	1
0	1
0	0.0233766
0	0.0337662
0	0.0155844
0	inf
0	0.0207792
0	1
0	0.025974
0	0.0467532
0	0.0467532
0	0.00779221
0	0.0363636
0	1
0	1
0	0.0493506
0	1
0	0.0285714
0	0.00519481
0	0.0155844
0	1
0	0.0233766
0	0.0415584
0	0.00779221
0	1
0	0.0207792
0	1
0	1
0	0.0155844
0	0.0675325
0	0.0207792
0	0.0363636
0	0.0519481
0	1
0	0.012987
0	0.012987
0	1
0	0.0155844
0	0.012987
0	0.012987
0	0.0415584
0	1
0	0.012987
0	0.00519481
0	1
0	0.0233766
0	1
0	0.0233766
0	1
0	0.025974
0	1
0	0.012987
0	0.0155844
0	1
0	0.0155844
0	0.0493506
0	0.025974
0	0.0233766
0	1
0	1
0	0.0155844
0	0.0415584
0	1
0	1
0	1
0	0.00519481
0	0.025974
0	0.0103896
0	0.0597403
0	1
0	0.0103896
0	0.012987
0	0.0415584
0	0.0311688
0	0.00519481
0	0.012987
0	0.025974
0	0.0207792
0	0.0155844
0	1
0	1
0	0.00779221
0	0.00779221
0	1
0	0.0493506
0	0.0155844
0	1
0	0.025974
0	1
0	0.0103896
0	0.00519481
0	1
0	0.0363636
0	0.0155844
0	0.00779221
0	0.0597403
0	1
0	0.0285714
0	1
0	0.00779221
0	1
0	1
0	0.00519481
0	0.012987
0	1
0	1
0	1
0	1
0	1
0	0.0415584
0	0.00779221
0	0.0103896
0	1
0	1
0	0.0415584
0	0.0155844
0	1
0	0.0493506
0	0.0181818
0	0.025974
0	0.0519481
0	1
0	0.0155844
0	0.012987
0	0.0675325
0	0.012987
0	0.0233766
0	1
0	1
0	1
0	1
0	0.0181818
0	1
0	0.0285714
0	1
0	0.00779221
0	0.00519481
0	0.0467532
0	1
0	0.012987
0	0.0181818
0	1
0	1
0	1
0	0.0337662
0	1
0	0.0597403
0	0.0467532
0	0.0103896
0	1
0	inf
0	0.00519481
0	0.0103896
0	0.0155844
0	0.0103896
0	0.00779221
0	1
0	1
0	0.0519481
0	0.025974
0	0.0207792
0	0.0155844
0	0.00519481
0	0.00779221
0	0.0155844
0	0.0675325
0	1
0	0.0207792
0	0.0103896
0	0.0233766
0	0.00779221
0	1
0	1
0	0.0103896
0	0.0675325
0	0.0441558
0	0.0363636
0	0.0285714
0	0.00519481
0	0.012987
0	0.00779221
0	0.0233766
0	1
0	0.0285714
0	0.0519481
0	1
0	0.00779221
0	0.012987
0	0.0155844
0	0.012987
0	0.0675325
0	0.012987
0	0.0207792
0	1
0	1
0	1
0	0.00519481
0	0.0337662
0	0.00519481
0	1
0	0.0467532
0	1
0	0.0337662
0	0.00519481
0	0.0103896
0	0.00519481
0	0.0155844
0	0.012987
0	0.0103896
0	0.0181818
0	0.012987
0	0.0467532
0	0.0597403
0	0.0155844
0	0.0103896
0	0.0467532
0	0.00779221
0	0.0337662
0	0.0103896
0	0.00519481
0	1
0	0.0207792
0	0.012987
0	0.0311688
0	0.0103896
0	0.0155844
0	1
0	1
0	0.00519481
0	0.0519481
0	0.0285714
0	0.0597403
0	1
0	0.0103896
0	0.0519481
0	1
0	0.0207792
0	0.00779221
0	0.0181818
0	0.00519481
0	1
0	1
0	0.00779221
0	1
0	0.0155844
0	0.00519481
0	1
0	0.025974
0	0.0415584
0	0.0103896
0	1
0	0.0415584
0	0.0181818
0	1
0	1
0	0.0415584
0	0.0181818
0	0.0155844
0	0.0337662
0	1
0	0.012987
0	0.0103896
0	1
0	0.0285714
0	0.0103896
0	0.0103896
0	0.012987
0	1
0	0.0155844
0	0.0103896
0	1
0	0.012987
0	0.0285714
0	1
0	0.0415584
0	1
0	0.0103896
0	1
0	0.0467532
0	0.00779221
0	0.012987
0	0.0311688
0	0.0337662
0	1
0	0.0155844
0	1
0	1
0	1
0	0.025974
0	1
0	1
0	1
0	1
0	0.0155844
0	0.00779221
0	0.025974
0	1
0	0.0415584
0	1
0	0.00519481
0	1
0	0.0103896
0	1
0	1
0	1
0	1
0	0.00519481
0	0.0103896
0	0.0103896
0	0.00519481
0	0.0415584
0	1
0	0.0207792
0	0.0493506
0	0.012987
0	1
0	1
0	0.012987
0	0.00519481
0	1
0	0.0519481
0	1
0	1
0	1
0	1
0	1
0	1
0	0.0675325
0	1
0	0.0337662
0	1
0	1
0	0.012987
0	0.0311688
0	0.0155844
0	0.0181818
0	0.0285714
0	0.012987
0	1
0	0.0207792
0	1
0	0.00779221
0	0.0415584
0	1
0	0.00779221
0	0.00779221
0	0.0415584
0	0.0493506
0	0.0415584
0	0.0103896
0	0.0597403
0	1
0	1
0	1
0	1
0	1
0	0.0467532
0	0.0415584
0	1
0	1
0	0.0467532
0	0.0207792
0	1
0	0.00779221
0	1
0	1
0	0.0467532
0	0.00519481
0	1
0	1
0	0.00519481
0	1
0	0.0025974
0	0.0493506
0	1
0	1
0	0.0103896
0	1
0	0.025974
0	0.0597403
0	1
0	0.012987
0	0.0467532
0	0.012987
0	0.0207792
0	1
0	0.00519481
0	1
0	0.00779221
0	0.0155844
0	1
0	0.0493506
0	0.012987
0	0.0155844
0	0.0519481
0	0.00519481
0	0.0155844
0	0.0597403
0	0.0675325
0	0.012987
0	0.0233766
0	0.012987
0	0.0285714
0	0.012987
0	0.0337662
0	1
0	0.0103896
0	0.0103896
0	0.0285714
0	0.012987
0	0.00519481
0	0.0207792
0	0.0233766
0	0.0337662
0	0.00519481
0	0.012987
0	1
0	1
0	0.0467532
0	1
0	0.0467532
0	0.00779221
0	0.00519481
0	0.012987
0	1
0	1
0	0.0103896
0	0.0155844
0	1
0	1
0	0.025974
0	0.0493506
0	0.0675325
0	0.0155844
0	0.0285714
0	0.0363636
0	1
0	0.025974
0	1
0	0.0155844
0	0.00779221
0	0.00519481
0	0.00519481
0	0.0207792
0	1
0	0.00779221
0	0.0207792
0	0.0467532
0	0.025974
0	0.0467532
0	0.0207792
0	1
0	0.00519481
0	0.0155844
0	1
0	1
0	0.0467532
0	1
0	0.0181818
0	0.0181818
0	0.0181818
0	0.0207792
0	0.0675325
0	0.0181818
0	1
0	1
0	1
0	0.0675325
0	0.0103896
0	0.00519481
0	0.0285714
0	0.0675325
0	1
0	0.00519481
0	1
0	0.00779221
0	0.00519481
0	0.00519481
0	0.00779221
0	0.012987
0	0.0181818
0	1
0	1
0	1
0	1
0	0.012987
0	0.00519481
0	0.012987
0	0.0103896
0	0.00519481
0	1
0	0.0493506
0	0.00519481
0	0.0233766
0	0.012987
0	0.0467532
0	0.0207792
0	0.00519481
0	0.0103896
0	0.00519481
0	0.0597403
0	1
0	1
0	1
0	0.00519481
0	0.00519481
0	1
0	1
0	1
0	0.00779221
0	1
0	1
0	0.0181818
0	0.00519481
0	0.0675325
0	0.0207792
0	0.0155844
0	0.0103896
0	0.0519481
0	0.0103896
0	0.0155844
0	0.0415584
0	1
0	1
0	0.0337662
0	0.012987
0	0.0233766
0	0.0441558
0	1
0	1
0	0.00779221
0	0.00779221
0	1
0	0.0103896
0	0.0181818
0	1
0	0.0233766
0	0.00779221
0	1
0	0.0103896
0	0.0597403
0	0.012987
0	0.0441558
0	0.00779221
0	0.0285714
0	0.012987
0	1
0	0.0337662
0	1
0	0.0233766
0	1
0	1
0	1
0	0.00779221
0	0.0415584
0	0.0675325
0	0.00519481
0	0.0337662
0	1
0	1
0	0.0207792
0	0.0311688
0	0.0181818
0	0.0155844
0	0.0285714
0	0.0493506
0	1
0	0.0103896
0	1
0	0.012987
0	0.0519481
0	0.00519481
0	0.0311688
0	0.0103896
0	1
0	0.0467532
0	1
0	0.0207792
0	1
0	0.00779221
0	0.0103896
0	0.0285714
0	1
0	0.012987
0	0.0103896
0	0.0441558
0	0.0103896
0	1
0	1
0	0.0415584
0	0.0103896
0	1
0	1
0	0.00519481
0	1
0	0.0103896
0	1
0	0.0415584
0	0.012987
0	0.0233766
0	0.00779221
0	0.012987
0	0.0181818
0	1
0	1
0	1
0	0.00519481
0	0.0337662
0	1
0	1
0	0.0519481
0	0.0207792
0	0.00779221
0	0.0285714
0	0.0597403
0	0.00779221
0	1
0	0.0103896
0	0.0285714
0	1
0	1
0	0.0155844
0	0.00779221
0	0.0597403
0	0.012987
0	1
0	0.00779221
0	1
0	1
0	0.0103896
0	1
0	0.00519481
0	0.0207792
0	1
0	0.00519481
0	1
0	0.0467532
0	0.00779221
0	0.00519481
0	1
0	1
0	0.0103896
0	1
0	0.0415584
0	0.00779221
0	0.00519481
0	0.00519481
0	0.0103896
0	0.00519481
0	0.0181818
0	0.0103896
0	0.0675325
0	0.0103896
0	1
0	0.012987
0	0.0103896
0	0.00779221
0	0.0233766
0	0.025974
0	0.00519481
0	0.0103896
0	0.00519481
0	1
0	0.025974
0	0.0415584
0	0.00519481
0	0.0155844
0	0.00519481
0	0.00779221
0	0.00519481
0	0.00519481
0	0.0181818
0	1
0	0.0181818
0	1
0	1
0	0.00519481
0	0.0493506
0	0.00519481
0	0.0519481
0	1
0	0.0233766
0	1
0	0.012987
0	0.0103896
0	1
0	1
0	0.0103896
0	1
0	0.0337662
0	1
0	1
0	1
0	0.025974
0	1
0	1
0	1
0	1
0	0.00519481
0	0.00519481
0	1
0	0.0103896
0	0.0103896
0	1
0	1
0	0.00519481
0	0.025974
0	1
0	1
0	1
0	0.0493506
0	0.012987
0	0.0025974
0	1
0	0.0207792
0	1
0	0.0207792
0	1
0	1
0	0.0103896
0	0.012987
0	0.00519481
0	0.00519481
0	0.00519481
0	0.0103896
0	0.0155844
0	0.0103896
0	0.0103896
0	0.0207792
0	0.00519481
0	0.0155844
0	1
0	0.0103896
0	0.0415584
0	1
0	0.00779221
0	0.00519481
0	0.00519481
0	0.012987
0	1
0	0.00519481
0	1
0	0.00519481
0	0.012987
0	1
0	1
0	0.0103896
0	0.00779221
0	1
0	0.00519481
0	0.00519481
0	0.00779221
0	0.025974
0	1
0	0.0363636
0	0.0155844
0	0.0181818
0	1
0	0.0207792
0	0.012987
0	0.00779221
0	0.00519481
0	0.00779221
0	0.0155844
0	0.0103896
0	1
0	0.00519481
0	0.00779221
0	0.00779221
0	1
0	0.00779221
0	1
0	0.0493506
0	0.00519481
0	0.00779221
0	0.025974
0	0.012987
0	0.0207792
0	1
0	1
0	0.0103896
0	0.00519481
0	1
0	0.0103896
0	0.012987
0	0.025974
0	1
0	0.00519481
0	0.00779221
0	0.0025974
0	0.012987
0	1
0	1
0	0.0207792


