# Persistence diagram <GML/0539.gml>
#
# Dimension   : 1
# Entries     : 122
# Betti number: 121
0.0632911	inf
0.0759494	inf
0.0759494	inf
0.0886076	inf
0.101266	inf
0.113924	inf
0.113924	inf
0.113924	inf
0.113924	inf
0.113924	inf
0.126582	inf
0.139241	inf
0.139241	inf
0.151899	inf
0.151899	inf
0.164557	inf
0.164557	inf
0.164557	inf
0.164557	inf
0.164557	inf
0.189873	inf
0.202532	inf
0.202532	inf
0.21519	inf
0.21519	inf
0.21519	inf
0.21519	inf
0.253165	inf
0.253165	inf
0.253165	inf
0.253165	inf
0.253165	inf
0.265823	inf
0.265823	inf
0.265823	inf
0.265823	inf
0.265823	inf
0.392405	inf
0.392405	inf
0.392405	inf
0.392405	inf
0.392405	inf
0.392405	inf
0.417722	inf
0.417722	inf
0.417722	inf
0.417722	inf
0.417722	inf
0.417722	inf
0.417722	inf
0.518987	inf
0.518987	inf
0.518987	1
0.518987	inf
0.518987	inf
0.518987	inf
0.518987	inf
0.518987	inf
0.518987	inf
0.518987	inf
0.518987	inf
0.518987	inf
0.518987	inf
0.518987	inf
0.518987	inf
0.518987	inf
0.518987	inf
0.518987	inf
0.518987	inf
0.607595	inf
0.607595	inf
0.607595	inf
0.607595	inf
0.607595	inf
0.607595	inf
0.607595	inf
0.607595	inf
0.607595	inf
0.607595	inf
0.898734	inf
0.898734	inf
0.898734	inf
0.898734	inf
0.898734	inf
0.898734	inf
0.898734	inf
0.898734	inf
0.898734	inf
0.898734	inf
0.898734	inf
0.898734	inf
0.898734	inf
0.898734	inf
0.898734	inf
0.898734	inf
0.898734	inf
1	inf
1	inf
1	inf
1	inf
1	inf
1	inf
1	inf
1	inf
1	inf
1	inf
1	inf
1	inf
1	inf
1	inf
1	inf
1	inf
1	inf
1	inf
1	inf
1	inf
1	inf
1	inf
1	inf
1	inf
1	inf
1	inf
