# Persistence diagram <GML/0542.gml>
#
# Dimension   : 0
# Entries     : 1402
# Betti number: 6
0	inf
0	0.015748
0	1
0	0.0204724
0	1
0	1
0	0.0141732
0	0.0188976
0	1
0	0.0141732
0	0.0110236
0	1
0	1
0	0.0125984
0	1
0	0.0110236
0	0.00787402
0	0.0173228
0	0.0141732
0	1
0	1
0	0.0314961
0	0.023622
0	0.015748
0	1
0	1
0	0.0125984
0	1
0	1
0	0.00629921
0	0.0110236
0	1
0	0.0141732
0	1
0	0.0110236
0	1
0	0.0141732
0	0.0141732
0	1
0	0.0110236
0	0.0173228
0	1
0	1
0	0.0283465
0	1
0	1
0	0.0110236
0	1
0	0.0220472
0	1
0	0.015748
0	1
0	0.023622
0	1
0	1
0	1
0	0.0220472
0	1
0	1
0	0.0299213
0	0.00629921
0	0.00787402
0	0.0204724
0	1
0	1
0	0.0204724
0	0.00944882
0	1
0	1
0	1
0	0.015748
0	0.015748
0	1
0	0.0141732
0	1
0	1
0	0.0299213
0	0.00944882
0	0.00629921
0	1
0	0.0141732
0	0.0141732
0	1
0	1
0	0.0141732
0	0.00787402
0	0.00629921
0	0.0188976
0	0.0251969
0	0.0188976
0	1
0	0.00787402
0	1
0	0.0393701
0	1
0	0.0204724
0	0.00787402
0	1
0	0.023622
0	1
0	0.0110236
0	0.0283465
0	0.015748
0	0.0141732
0	inf
0	1
0	0.0362205
0	1
0	0.0204724
0	0.0204724
0	0.0220472
0	1
0	0.0110236
0	1
0	1
0	1
0	inf
0	1
0	1
0	0.00944882
0	1
0	1
0	1
0	1
0	0.0141732
0	1
0	1
0	0.0204724
0	1
0	0.00944882
0	1
0	1
0	0.00314961
0	0.00629921
0	1
0	0.00944882
0	1
0	0.00787402
0	1
0	0.0299213
0	0.00787402
0	1
0	0.0125984
0	1
0	1
0	0.00944882
0	0.0299213
0	0.015748
0	0.00944882
0	1
0	0.00787402
0	0.00314961
0	0.0220472
0	0.0110236
0	1
0	0.0188976
0	0.0141732
0	1
0	0.0314961
0	1
0	1
0	0.0299213
0	0.00787402
0	1
0	1
0	1
0	0.00944882
0	0.00472441
0	1
0	0.00629921
0	0.00472441
0	1
0	0.015748
0	0.023622
0	1
0	0.015748
0	0.00629921
0	0.0110236
0	1
0	0.0173228
0	0.0173228
0	0.00314961
0	0.00472441
0	1
0	1
0	0.0314961
0	1
0	1
0	1
0	1
0	0.0188976
0	0.00944882
0	0.0110236
0	0.0125984
0	1
0	0.0110236
0	0.0188976
0	0.00787402
0	0.0314961
0	1
0	0.00629921
0	1
0	1
0	0.0110236
0	0.00787402
0	0.0173228
0	1
0	0.00944882
0	0.015748
0	1
0	0.00787402
0	0.023622
0	0.0141732
0	1
0	1
0	0.00314961
0	0.0125984
0	0.00629921
0	0.00314961
0	0.0015748
0	1
0	0.0283465
0	1
0	1
0	0.00787402
0	0.0204724
0	1
0	0.0283465
0	0.0125984
0	1
0	0.00787402
0	0.00472441
0	1
0	0.0110236
0	0.00629921
0	1
0	0.00472441
0	1
0	0.00944882
0	1
0	0.0188976
0	1
0	0.0125984
0	1
0	0.0314961
0	1
0	0.0141732
0	1
0	0.00787402
0	1
0	0.0110236
0	0.00787402
0	1
0	1
0	1
0	1
0	1
0	1
0	1
0	0.0173228
0	1
0	0.0125984
0	1
0	0.00314961
0	1
0	1
0	0.0141732
0	0.0188976
0	0.015748
0	0.0314961
0	0.0141732
0	0.0188976
0	0.00629921
0	1
0	1
0	0.00787402
0	0.0220472
0	1
0	1
0	1
0	0.00787402
0	0.00314961
0	1
0	1
0	1
0	1
0	0.0141732
0	1
0	1
0	0.00787402
0	0.00787402
0	1
0	1
0	0.023622
0	0.0204724
0	0.00787402
0	0.00787402
0	0.00314961
0	1
0	0.00787402
0	1
0	0.0125984
0	1
0	1
0	0.0188976
0	1
0	0.015748
0	0.00787402
0	1
0	1
0	1
0	0.023622
0	1
0	1
0	0.00629921
0	1
0	0.00629921
0	0.0283465
0	1
0	1
0	0.0141732
0	0.00787402
0	1
0	0.0314961
0	1
0	1
0	1
0	0.0220472
0	1
0	1
0	1
0	0.00944882
0	0.0299213
0	1
0	1
0	1
0	0.015748
0	0.0110236
0	1
0	0.00787402
0	0.023622
0	0.00629921
0	0.00787402
0	1
0	0.0314961
0	1
0	1
0	1
0	0.0362205
0	1
0	0.00629921
0	1
0	0.015748
0	1
0	1
0	0.00629921
0	0.0110236
0	0.0204724
0	0.00629921
0	0.0173228
0	0.0204724
0	0.00944882
0	1
0	0.00629921
0	1
0	0.0141732
0	0.0173228
0	0.0110236
0	1
0	0.0110236
0	1
0	0.00472441
0	1
0	0.00787402
0	1
0	0.0204724
0	0.00787402
0	0.0220472
0	0.0141732
0	1
0	0.0299213
0	1
0	0.0393701
0	0.0173228
0	0.00629921
0	0.00944882
0	0.00944882
0	1
0	1
0	0.00314961
0	0.00944882
0	0.00629921
0	0.00314961
0	0.023622
0	0.00944882
0	0.00314961
0	1
0	0.0141732
0	1
0	1
0	1
0	0.00629921
0	1
0	0.0283465
0	0.0204724
0	0.0283465
0	0.00314961
0	0.0204724
0	0.0220472
0	0.015748
0	1
0	0.0251969
0	0.00472441
0	1
0	0.0173228
0	0.0204724
0	1
0	0.00472441
0	1
0	0.00787402
0	0.00787402
0	0.0283465
0	1
0	0.0141732
0	0.015748
0	0.0110236
0	1
0	1
0	1
0	0.0220472
0	1
0	1
0	1
0	0.0283465
0	1
0	1
0	0.00472441
0	1
0	1
0	1
0	0.0173228
0	0.0204724
0	0.015748
0	0.00787402
0	1
0	0.0188976
0	1
0	1
0	0.0204724
0	0.00787402
0	0.0188976
0	1
0	1
0	1
0	0.00787402
0	1
0	1
0	0.00944882
0	0.0188976
0	0.0141732
0	0.0173228
0	0.00787402
0	0.0362205
0	0.0173228
0	0.0110236
0	0.0173228
0	0.0220472
0	0.00944882
0	0.00787402
0	1
0	0.00629921
0	1
0	1
0	1
0	1
0	1
0	0.0125984
0	1
0	0.00787402
0	0.0251969
0	0.0015748
0	0.00944882
0	1
0	0.0141732
0	0.00472441
0	0.00472441
0	0.00944882
0	1
0	1
0	0.00944882
0	0.00629921
0	0.00944882
0	0.00944882
0	0.00629921
0	1
0	0.015748
0	1
0	0.00629921
0	0.0110236
0	0.0299213
0	1
0	inf
0	1
0	0.00314961
0	0.00314961
0	0.0188976
0	0.0173228
0	0.0141732
0	1
0	1
0	0.00629921
0	0.00629921
0	1
0	0.0314961
0	1
0	1
0	1
0	1
0	1
0	1
0	1
0	1
0	1
0	1
0	1
0	1
0	1
0	0.00472441
0	0.00787402
0	0.0110236
0	0.0188976
0	0.015748
0	0.0141732
0	0.00629921
0	0.0204724
0	1
0	0.00787402
0	1
0	0.023622
0	0.0141732
0	1
0	1
0	0.0204724
0	0.0173228
0	1
0	1
0	0.0141732
0	1
0	0.0110236
0	0.0204724
0	1
0	1
0	0.015748
0	1
0	0.0393701
0	0.00944882
0	0.023622
0	0.015748
0	0.00472441
0	0.00787402
0	1
0	0.00472441
0	0.0110236
0	0.00944882
0	1
0	1
0	0.00314961
0	1
0	0.00787402
0	1
0	0.00472441
0	0.00787402
0	0.0110236
0	1
0	1
0	1
0	1
0	0.0110236
0	1
0	0.0299213
0	0.00314961
0	1
0	1
0	0.0299213
0	1
0	0.00944882
0	0.0393701
0	0.00787402
0	0.0173228
0	0.0188976
0	0.00314961
0	1
0	0.00944882
0	0.0204724
0	0.00629921
0	1
0	1
0	0.015748
0	0.00314961
0	0.00314961
0	0.0110236
0	1
0	1
0	0.00314961
0	0.00944882
0	1
0	0.0188976
0	0.0125984
0	1
0	1
0	0.0141732
0	0.0110236
0	0.00629921
0	0.00472441
0	1
0	1
0	1
0	0.00629921
0	1
0	0.0204724
0	0.00944882
0	0.00472441
0	0.0173228
0	1
0	0.0110236
0	0.00314961
0	0.00629921
0	0.0362205
0	0.0173228
0	0.015748
0	0.0314961
0	0.00629921
0	0.0362205
0	0.00472441
0	1
0	1
0	0.00629921
0	0.00787402
0	0.0283465
0	1
0	1
0	1
0	1
0	1
0	0.0204724
0	1
0	0.00629921
0	1
0	1
0	0.023622
0	0.00472441
0	0.0204724
0	0.00314961
0	0.00472441
0	1
0	0.0204724
0	0.00314961
0	1
0	0.0393701
0	1
0	0.0125984
0	0.00472441
0	1
0	1
0	0.00314961
0	1
0	1
0	0.0125984
0	0.00944882
0	0.00472441
0	1
0	0.00787402
0	0.0141732
0	0.00314961
0	0.0125984
0	0.0188976
0	1
0	1
0	1
0	0.0141732
0	1
0	1
0	1
0	0.00787402
0	0.0220472
0	1
0	0.0204724
0	1
0	0.00787402
0	0.0188976
0	1
0	0.00472441
0	0.00472441
0	1
0	1
0	0.00787402
0	0.0110236
0	1
0	0.0314961
0	1
0	1
0	0.00787402
0	0.023622
0	1
0	0.0188976
0	1
0	1
0	0.00944882
0	0.00787402
0	1
0	0.00629921
0	1
0	1
0	0.00787402
0	0.00944882
0	0.00629921
0	0.023622
0	0.0141732
0	1
0	0.00472441
0	0.00629921
0	0.0393701
0	0.0204724
0	1
0	1
0	1
0	1
0	0.00314961
0	1
0	1
0	0.00314961
0	1
0	1
0	0.0362205
0	1
0	1
0	0.0283465
0	1
0	0.00787402
0	0.00314961
0	1
0	0.0173228
0	0.0204724
0	0.015748
0	1
0	0.0204724
0	1
0	0.0141732
0	0.00629921
0	0.0125984
0	0.0283465
0	0.00629921
0	0.00944882
0	0.023622
0	1
0	1
0	1
0	0.00787402
0	0.00944882
0	1
0	0.00472441
0	0.0393701
0	0.00472441
0	0.00472441
0	1
0	1
0	1
0	1
0	0.015748
0	0.0204724
0	1
0	0.0141732
0	0.00314961
0	0.015748
0	1
0	0.00629921
0	0.0173228
0	0.0204724
0	0.0110236
0	0.0362205
0	0.00787402
0	0.0188976
0	0.00472441
0	0.00629921
0	0.0393701
0	0.00314961
0	1
0	1
0	0.00944882
0	0.0125984
0	0.00944882
0	0.0188976
0	0.00472441
0	0.015748
0	0.0110236
0	0.0141732
0	1
0	0.00472441
0	0.0251969
0	1
0	0.00629921
0	1
0	0.00787402
0	1
0	1
0	1
0	0.0204724
0	0.0188976
0	1
0	0.00787402
0	0.00472441
0	1
0	0.00787402
0	0.00314961
0	0.00629921
0	0.00472441
0	inf
0	0.00944882
0	0.00314961
0	0.0362205
0	0.00629921
0	0.0204724
0	1
0	1
0	0.0173228
0	0.00314961
0	0.0283465
0	1
0	0.0220472
0	0.015748
0	1
0	0.00629921
0	0.0110236
0	0.0220472
0	1
0	1
0	0.00314961
0	0.00787402
0	0.00314961
0	0.0362205
0	1
0	1
0	0.0204724
0	0.00472441
0	0.00314961
0	0.00787402
0	0.0125984
0	0.0173228
0	1
0	0.00472441
0	1
0	0.0173228
0	1
0	1
0	0.00944882
0	0.00472441
0	0.00629921
0	0.00314961
0	0.0299213
0	0.0220472
0	1
0	0.00472441
0	0.00472441
0	1
0	1
0	0.00314961
0	0.00314961
0	0.0188976
0	0.00944882
0	0.0188976
0	0.0299213
0	0.00314961
0	1
0	1
0	0.023622
0	1
0	0.00629921
0	0.00472441
0	0.0204724
0	0.00629921
0	1
0	0.00787402
0	0.00629921
0	0.0141732
0	0.00472441
0	1
0	0.00314961
0	0.00787402
0	1
0	0.0110236
0	1
0	0.00629921
0	1
0	1
0	1
0	1
0	0.0141732
0	0.00629921
0	1
0	0.0141732
0	0.0204724
0	0.00944882
0	0.0204724
0	0.0015748
0	0.0110236
0	0.0393701
0	1
0	0.0125984
0	0.0188976
0	0.00472441
0	0.00787402
0	0.00472441
0	0.00944882
0	0.00472441
0	1
0	0.015748
0	0.0220472
0	0.00629921
0	1
0	0.00314961
0	1
0	0.00314961
0	0.0283465
0	1
0	0.0188976
0	0.0314961
0	0.023622
0	1
0	0.00314961
0	1
0	0.023622
0	0.00629921
0	0.00314961
0	1
0	1
0	1
0	0.00944882
0	0.00314961
0	1
0	0.0110236
0	1
0	0.00629921
0	0.00944882
0	1
0	0.0204724
0	1
0	0.00629921
0	1
0	1
0	1
0	1
0	1
0	0.00629921
0	1
0	1
0	0.0188976
0	0.00314961
0	0.00944882
0	0.00629921
0	0.0299213
0	1
0	0.0141732
0	1
0	1
0	0.00314961
0	0.0188976
0	1
0	1
0	1
0	0.00472441
0	0.0362205
0	1
0	1
0	0.0125984
0	1
0	0.00787402
0	1
0	0.00787402
0	1
0	0.0314961
0	0.0393701
0	0.00629921
0	0.0173228
0	0.0204724
0	1
0	0.0220472
0	1
0	0.00472441
0	0.0188976
0	0.00787402
0	0.00787402
0	0.00314961
0	0.015748
0	1
0	0.00787402
0	1
0	0.0204724
0	0.00629921
0	1
0	1
0	0.0110236
0	0.00787402
0	1
0	1
0	1
0	1
0	1
0	0.00944882
0	0.00944882
0	0.00944882
0	0.0393701
0	0.00314961
0	0.015748
0	0.00314961
0	0.0110236
0	1
0	0.0188976
0	1
0	1
0	1
0	1
0	0.00314961
0	0.00787402
0	1
0	1
0	0.0393701
0	0.0188976
0	1
0	1
0	1
0	0.00629921
0	0.00472441
0	1
0	0.023622
0	1
0	1
0	0.0173228
0	0.00787402
0	0.00314961
0	0.00944882
0	1
0	1
0	1
0	0.023622
0	0.00472441
0	0.0204724
0	0.0188976
0	0.00314961
0	0.0283465
0	0.00629921
0	0.0141732
0	0.0125984
0	0.00472441
0	1
0	0.00472441
0	1
0	1
0	0.0362205
0	1
0	0.00472441
0	0.00472441
0	1
0	1
0	1
0	1
0	0.00472441
0	1
0	1
0	1
0	1
0	0.00629921
0	1
0	0.00629921
0	1
0	1
0	1
0	0.0110236
0	1
0	0.00472441
0	0.023622
0	0.0204724
0	1
0	0.00314961
0	1
0	0.00944882
0	1
0	0.00314961
0	0.00472441
0	1
0	0.0220472
0	1
0	1
0	1
0	1
0	1
0	1
0	0.0173228
0	1
0	0.00787402
0	0.00629921
0	0.0220472
0	0.015748
0	0.00629921
0	1
0	0.0141732
0	0.00787402
0	0.00787402
0	0.00472441
0	0.0141732
0	0.0393701
0	0.00472441
0	1
0	1
0	0.0125984
0	1
0	0.0141732
0	1
0	1
0	1
0	0.00314961
0	1
0	0.00944882
0	0.00944882
0	0.00629921
0	0.00472441
0	0.0204724
0	0.00314961
0	1
0	0.015748
0	1
0	1
0	inf
0	0.00944882
0	0.00314961
0	1
0	1
0	1
0	1
0	1
0	0.00629921
0	0.0362205
0	1
0	0.00787402
0	1
0	1
0	0.00472441
0	0.0299213
0	0.00314961
0	0.00944882
0	0.00787402
0	1
0	1
0	0.00472441
0	0.00787402
0	0.00629921
0	1
0	1
0	0.00944882
0	0.00472441
0	0.00472441
0	0.0204724
0	1
0	0.00629921
0	0.00314961
0	0.015748
0	0.00472441
0	0.00944882
0	0.00629921
0	0.00314961
0	1
0	0.0204724
0	0.0299213
0	0.00472441
0	1
0	0.00629921
0	0.00944882
0	0.00629921
0	0.00472441
0	0.00629921
0	0.0173228
0	1
0	1
0	0.00787402
0	1
0	1
0	1
0	0.00314961
0	0.0188976
0	0.00472441
0	1
0	0.00314961
0	1
0	0.00314961
0	1
0	0.00314961
0	1
0	0.00629921
0	0.0110236
0	0.00472441
0	1
0	0.00314961
0	1
0	0.0125984
0	0.00787402
0	1
0	0.00314961
0	1
0	0.00787402
0	0.0204724
0	1
0	1
0	0.00629921
0	0.00787402
0	0.00472441
0	1
0	0.00314961
0	1
0	1
0	0.0220472
0	0.0110236
0	0.023622
0	1
0	0.00314961
0	0.00787402
0	0.0110236
0	1
0	1
0	1
0	1
0	0.00472441
0	1
0	1
0	0.00472441
0	1
0	0.00314961
0	0.0188976
0	0.00314961
0	0.00629921
0	1
0	0.0188976
0	0.00472441
0	0.00944882
0	0.00944882
0	0.00944882
0	0.00629921
0	0.0173228
0	0.00629921
0	0.00629921
0	1
0	1
0	1
0	1
0	0.00944882
0	1
0	1
0	0.0314961
0	0.00314961
0	0.0251969
0	0.015748
0	0.00314961
0	1
0	1
0	0.0393701
0	1
0	1
0	1
0	1
0	1
0	0.00472441
0	0.00944882
0	1
0	0.0204724
0	0.0314961
0	1
0	1
0	1
0	1
0	0.00787402
0	1
0	0.00787402
0	1
0	0.00472441
0	1
0	1
0	0.00314961
0	0.00314961
0	0.0204724
0	0.00314961
0	1
0	0.00314961
0	1
0	0.0393701
0	0.00314961
0	1
0	1
0	0.0188976
0	0.0141732
0	1
0	1
0	1
0	1
0	0.00472441
0	1
0	1
0	0.00314961
0	0.0110236
0	1
0	0.0204724
0	0.0204724
0	0.00629921
0	0.00472441
0	1
0	0.0173228
0	1
0	1
0	1
0	0.00314961
0	1
0	1
0	0.0220472
0	0.00944882
0	0.0110236
0	1
0	1
0	1
0	1
0	1
0	1
0	0.0015748
0	0.00314961
0	1
0	0.00472441
0	0.00314961
0	0.015748
0	0.0188976
0	0.00472441
0	0.015748
0	1
0	0.00472441
0	0.0110236
0	1
0	1
0	1
0	0.00472441
0	0.015748
0	0.00314961
0	0.00944882
0	0.0173228
0	0.00787402
0	1
0	1
0	1
0	1
0	1
0	0.00472441
0	1
0	1
0	1
0	1
0	0.00314961
0	0.0393701
0	0.00629921
0	0.00629921
0	0.00472441
0	0.00944882
0	0.0110236
0	0.00629921
0	0.00314961
0	1
0	1
0	0.023622
0	1
0	1
0	1
0	0.0188976
0	0.0251969
0	0.0110236
0	0.0125984
0	1
0	0.00944882
0	0.00472441
0	0.0393701
0	0.00314961
0	0.00314961
0	0.0362205
0	0.00787402
0	1
0	0.0188976
0	0.0125984
0	0.0393701
0	0.00314961
0	1
0	0.00472441
0	0.0220472
0	1
0	1
0	0.00314961
0	0.0204724
0	0.00629921
0	0.00629921
0	1
0	1


