# Persistence diagram <GML/0545.gml>
#
# Dimension   : 0
# Entries     : 991
# Betti number: 4
0	inf
0	0.0646259
0	0.214286
0	1
0	1
0	0.0272109
0	0.0510204
0	0.0408163
0	0.047619
0	0.0952381
0	0.037415
0	1
0	1
0	1
0	0.0952381
0	0.214286
0	0.0272109
0	1
0	0.0306122
0	0.0340136
0	0.0272109
0	1
0	1
0	0.214286
0	0.261905
0	0.047619
0	0.0408163
0	0.214286
0	1
0	0.0408163
0	0.037415
0	0.0816327
0	0.0170068
0	0.0578231
0	0.0748299
0	0.0340136
0	0.0170068
0	0.0272109
0	1
0	0.214286
0	0.0204082
0	0.0510204
0	0.0952381
0	0.0272109
0	0.0952381
0	0.0238095
0	0.0204082
0	1
0	0.0408163
0	0.0238095
0	0.0238095
0	1
0	0.0952381
0	1
0	0.0340136
0	0.0306122
0	0.0238095
0	0.0272109
0	0.0272109
0	0.0238095
0	0.261905
0	0.214286
0	0.0544218
0	0.261905
0	1
0	0.0170068
0	0.0204082
0	1
0	0.0204082
0	0.0272109
0	0.214286
0	1
0	0.214286
0	0.0646259
0	1
0	1
0	0.0170068
0	0.0816327
0	1
0	1
0	0.214286
0	1
0	0.0748299
0	1
0	0.0204082
0	inf
0	1
0	1
0	0.0306122
0	1
0	1
0	1
0	0.0170068
0	0.0272109
0	0.214286
0	0.261905
0	0.00680272
0	0.261905
0	0.0510204
0	1
0	0.0102041
0	0.0510204
0	0.0136054
0	0.0272109
0	1
0	0.0272109
0	1
0	0.0204082
0	0.0544218
0	0.0204082
0	0.0748299
0	1
0	0.0408163
0	1
0	0.0748299
0	0.0952381
0	0.0340136
0	0.0952381
0	0.00680272
0	0.0306122
0	0.0136054
0	1
0	0.0816327
0	0.0204082
0	1
0	0.0578231
0	0.0136054
0	0.0816327
0	0.0510204
0	0.0102041
0	0.0204082
0	0.0408163
0	1
0	0.0170068
0	0.0340136
0	1
0	0.0238095
0	0.0510204
0	0.0340136
0	0.0272109
0	0.0306122
0	0.0204082
0	1
0	0.0204082
0	0.0102041
0	0.0646259
0	0.0340136
0	0.0272109
0	0.0136054
0	1
0	0.00680272
0	0.0238095
0	0.0306122
0	0.0816327
0	1
0	0.047619
0	0.0272109
0	1
0	0.00680272
0	0.261905
0	0.0272109
0	0.0544218
0	0.0238095
0	0.0102041
0	0.0952381
0	0.0510204
0	0.261905
0	0.0272109
0	0.0170068
0	0.047619
0	0.261905
0	0.0238095
0	1
0	0.0952381
0	0.0136054
0	0.0646259
0	0.0204082
0	0.0204082
0	0.0204082
0	0.0204082
0	1
0	0.0272109
0	0.214286
0	0.0340136
0	0.0204082
0	0.0408163
0	0.0816327
0	1
0	0.0306122
0	1
0	1
0	1
0	0.0102041
0	1
0	0.0136054
0	0.0272109
0	1
0	0.0272109
0	0.0340136
0	1
0	1
0	0.0238095
0	0.261905
0	0.047619
0	1
0	0.0170068
0	0.0952381
0	0.0170068
0	0.0102041
0	1
0	0.0544218
0	0.0510204
0	0.037415
0	1
0	0.261905
0	0.0816327
0	0.0340136
0	0.0102041
0	0.0102041
0	0.0170068
0	1
0	0.0204082
0	1
0	0.261905
0	0.0816327
0	1
0	0.0102041
0	0.261905
0	0.0238095
0	0.0952381
0	0.0204082
0	1
0	0.0748299
0	0.0170068
0	0.261905
0	0.0408163
0	0.214286
0	1
0	0.0170068
0	0.0306122
0	1
0	0.0510204
0	0.0340136
0	0.0952381
0	0.047619
0	1
0	1
0	1
0	1
0	0.0272109
0	1
0	0.0952381
0	0.0510204
0	0.0136054
0	0.0510204
0	0.0136054
0	0.0510204
0	0.0204082
0	0.00680272
0	0.0238095
0	0.037415
0	0.261905
0	1
0	1
0	1
0	0.0578231
0	1
0	0.0238095
0	0.0272109
0	0.0238095
0	1
0	0.0136054
0	1
0	0.0306122
0	1
0	0.261905
0	0.0408163
0	0.0136054
0	1
0	1
0	0.0544218
0	1
0	0.214286
0	1
0	0.261905
0	0.0238095
0	0.0510204
0	0.0102041
0	1
0	0.0238095
0	0.0204082
0	0.0272109
0	0.0170068
0	0.0340136
0	1
0	0.261905
0	1
0	1
0	0.0340136
0	1
0	0.214286
0	1
0	0.0170068
0	0.0306122
0	0.047619
0	1
0	0.0340136
0	1
0	0.0816327
0	0.0748299
0	1
0	0.0408163
0	0.0102041
0	0.00680272
0	0.0170068
0	0.0272109
0	0.0408163
0	1
0	1
0	0.0578231
0	1
0	0.0102041
0	1
0	0.0272109
0	0.0204082
0	0.261905
0	0.0816327
0	0.0170068
0	0.0340136
0	inf
0	0.0544218
0	0.0340136
0	0.0136054
0	1
0	0.0646259
0	0.261905
0	0.0748299
0	1
0	0.0578231
0	1
0	0.0510204
0	0.047619
0	0.0102041
0	0.0340136
0	0.0306122
0	0.261905
0	0.0748299
0	0.0136054
0	0.0136054
0	0.0238095
0	0.0306122
0	0.0204082
0	0.0340136
0	0.047619
0	1
0	1
0	1
0	0.0204082
0	0.0408163
0	1
0	0.047619
0	0.0170068
0	0.214286
0	1
0	0.00680272
0	0.0238095
0	0.0816327
0	1
0	1
0	0.00680272
0	0.0544218
0	0.00680272
0	0.0102041
0	0.0952381
0	0.0952381
0	0.00680272
0	0.047619
0	0.0136054
0	0.0238095
0	0.0136054
0	0.0306122
0	1
0	0.0340136
0	0.0340136
0	0.0102041
0	0.0102041
0	0.0748299
0	0.0136054
0	0.0272109
0	0.0238095
0	0.0646259
0	0.0816327
0	1
0	0.0510204
0	0.214286
0	1
0	1
0	0.0136054
0	0.0238095
0	0.0952381
0	0.0510204
0	0.00680272
0	0.037415
0	0.0340136
0	1
0	1
0	0.0170068
0	0.0204082
0	1
0	0.0102041
0	0.214286
0	0.214286
0	0.0816327
0	0.0204082
0	0.047619
0	0.00680272
0	1
0	1
0	0.0204082
0	0.0170068
0	0.0102041
0	0.0272109
0	0.0102041
0	1
0	0.0238095
0	0.00680272
0	0.0136054
0	0.0102041
0	0.214286
0	1
0	0.0136054
0	0.0340136
0	0.0340136
0	1
0	0.0136054
0	1
0	0.0136054
0	0.0952381
0	0.0952381
0	0.047619
0	0.0136054
0	0.261905
0	0.0306122
0	0.0204082
0	1
0	0.0748299
0	1
0	0.0102041
0	0.0306122
0	0.0510204
0	0.047619
0	0.0510204
0	0.0170068
0	1
0	1
0	0.0646259
0	0.0578231
0	1
0	0.0170068
0	0.0646259
0	1
0	0.0204082
0	0.0748299
0	0.047619
0	0.0272109
0	0.047619
0	0.0272109
0	0.0408163
0	0.0952381
0	0.00680272
0	0.0272109
0	0.0510204
0	0.0272109
0	0.0102041
0	0.0272109
0	0.0102041
0	0.261905
0	0.0340136
0	1
0	0.0306122
0	0.0408163
0	0.0340136
0	1
0	0.0170068
0	0.214286
0	0.0102041
0	1
0	0.0952381
0	1
0	0.214286
0	0.00680272
0	0.0136054
0	0.0748299
0	1
0	0.0952381
0	0.0340136
0	0.0816327
0	0.0170068
0	1
0	0.261905
0	0.0952381
0	0.0102041
0	0.00680272
0	0.0272109
0	0.0102041
0	0.0170068
0	1
0	0.0306122
0	0.0272109
0	1
0	0.0748299
0	1
0	0.0136054
0	1
0	1
0	0.0102041
0	0.0136054
0	0.0272109
0	0.0136054
0	0.261905
0	0.0306122
0	0.0272109
0	0.0646259
0	0.00680272
0	0.00680272
0	0.0340136
0	1
0	1
0	0.047619
0	0.0952381
0	0.0748299
0	0.0170068
0	0.0102041
0	0.0204082
0	0.0306122
0	0.0238095
0	0.0102041
0	1
0	0.0170068
0	0.0136054
0	1
0	1
0	0.0102041
0	0.047619
0	0.00680272
0	1
0	0.0306122
0	0.0510204
0	0.00680272
0	1
0	0.0578231
0	0.0102041
0	0.0952381
0	0.0170068
0	0.0748299
0	0.0238095
0	0.0136054
0	0.0272109
0	0.0306122
0	1
0	1
0	0.0136054
0	0.0102041
0	0.0952381
0	0.0170068
0	0.0272109
0	0.0204082
0	1
0	0.0136054
0	0.00680272
0	0.0748299
0	1
0	0.0136054
0	0.037415
0	0.0238095
0	0.0102041
0	0.0748299
0	1
0	1
0	0.0952381
0	0.00680272
0	0.0204082
0	1
0	0.261905
0	0.0102041
0	0.0136054
0	0.0952381
0	0.0136054
0	1
0	0.0748299
0	0.0952381
0	0.0306122
0	0.00680272
0	inf
0	0.00680272
0	0.0646259
0	0.214286
0	1
0	1
0	1
0	0.214286
0	0.0204082
0	0.0136054
0	1
0	0.261905
0	0.214286
0	1
0	0.0544218
0	0.0748299
0	0.0204082
0	0.0306122
0	0.261905
0	1
0	0.0204082
0	0.0510204
0	0.0306122
0	1
0	0.0136054
0	0.00680272
0	1
0	0.0510204
0	0.0170068
0	0.214286
0	1
0	0.0238095
0	1
0	0.0748299
0	1
0	0.0204082
0	0.00680272
0	0.0306122
0	0.0748299
0	0.0170068
0	0.037415
0	0.00680272
0	1
0	0.0136054
0	0.214286
0	0.037415
0	0.0272109
0	1
0	0.0136054
0	0.037415
0	0.0646259
0	0.037415
0	1
0	0.0170068
0	0.00680272
0	0.0170068
0	1
0	0.0816327
0	1
0	0.0952381
0	0.214286
0	0.0170068
0	0.00680272
0	0.261905
0	0.0102041
0	0.0340136
0	0.037415
0	1
0	0.00680272
0	0.0952381
0	0.261905
0	0.00680272
0	0.0238095
0	0.0748299
0	0.0272109
0	0.0306122
0	0.00680272
0	0.0748299
0	0.0238095
0	0.0306122
0	0.0102041
0	1
0	0.0578231
0	0.0136054
0	0.261905
0	0.0272109
0	0.0306122
0	0.0952381
0	0.214286
0	0.0510204
0	0.047619
0	0.214286
0	1
0	0.0136054
0	1
0	1
0	0.0170068
0	0.0136054
0	0.0136054
0	0.0102041
0	0.0102041
0	0.214286
0	0.214286
0	0.0102041
0	1
0	0.00680272
0	0.047619
0	0.00680272
0	0.0102041
0	0.0578231
0	0.261905
0	1
0	0.0340136
0	0.00680272
0	0.214286
0	0.0952381
0	0.0102041
0	0.0340136
0	0.0952381
0	0.0136054
0	1
0	0.0102041
0	0.0952381
0	0.0204082
0	1
0	1
0	0.0136054
0	0.0646259
0	0.0238095
0	1
0	0.0170068
0	1
0	0.00680272
0	0.0102041
0	1
0	1
0	0.0136054
0	1
0	0.0204082
0	0.0136054
0	1
0	0.214286
0	0.047619
0	0.00680272
0	0.0204082
0	0.00680272
0	0.0102041
0	0.0646259
0	1
0	0.0136054
0	1
0	0.0204082
0	0.0102041
0	0.00680272
0	0.0102041
0	0.00680272
0	0.0578231
0	1
0	0.00680272
0	1
0	0.00680272
0	0.0952381
0	0.0340136
0	0.0102041
0	0.0340136
0	0.0170068
0	1
0	0.0102041
0	0.00680272
0	0.0578231
0	1
0	0.00680272
0	0.0952381
0	0.0952381
0	0.261905
0	1
0	0.0102041
0	0.0102041
0	0.0340136
0	0.00680272
0	0.214286
0	0.0238095
0	1
0	1
0	0.0204082
0	0.0102041
0	0.214286
0	0.0170068
0	0.0238095
0	1
0	0.0340136
0	0.0272109
0	0.047619
0	0.0136054
0	0.0272109
0	1
0	0.00680272
0	0.0544218
0	0.0102041
0	0.047619
0	1
0	0.0952381
0	0.0204082
0	0.0204082
0	0.00680272
0	0.00680272
0	0.00680272
0	1
0	0.00680272
0	0.0204082
0	1
0	0.0646259
0	0.0136054
0	1
0	1
0	0.0510204
0	1
0	0.00680272
0	0.0170068
0	0.214286
0	1
0	0.00680272
0	0.261905
0	0.0102041
0	0.0136054
0	0.0102041
0	0.0578231
0	0.261905
0	1
0	0.261905
0	0.0136054
0	0.0952381
0	0.0136054
0	0.0306122
0	0.0952381
0	0.0102041
0	0.0510204
0	1
0	1
0	0.0408163
0	1
0	0.047619
0	1
0	0.0102041
0	0.00680272
0	0.00680272
0	1
0	0.0102041
0	1
0	0.037415
0	0.261905
0	0.0272109
0	0.00680272
0	0.0204082
0	0.0748299
0	0.0952381
0	0.0646259
0	0.0204082
0	1
0	0.00680272
0	1
0	0.00340136
0	0.0340136
0	0.0102041
0	0.214286
0	0.00680272
0	0.0102041
0	0.00680272
0	0.0136054
0	1
0	0.0816327
0	0.0952381
0	1
0	0.00680272
0	0.0272109
0	1
0	0.0136054
0	1
0	0.00680272
0	1
0	0.0136054
0	1
0	1
0	0.214286
0	0.0136054
0	0.0136054
0	0.0510204
0	0.037415
0	0.0102041
0	0.0204082
0	0.0238095
0	0.0816327
0	1
0	0.00680272
0	0.0238095
0	0.00680272
0	1
0	0.0170068
0	0.037415
0	0.0102041
0	0.0136054
0	1
0	0.0102041
0	1
0	0.0136054
0	0.0340136
0	1
0	1
0	1
0	0.0510204
0	1
0	0.0204082
0	0.0136054
0	0.0170068
0	0.047619
0	0.214286
0	0.0102041
0	0.0102041
0	0.0748299
0	1
0	0.0136054
0	0.0170068
0	0.00680272
0	0.0204082
0	0.214286
0	0.0578231
0	0.0102041
0	0.00680272
0	1
0	0.0272109
0	0.0272109
0	0.00680272
0	0.0340136
0	0.0952381
0	1
0	1
0	0.0238095
0	0.00680272
0	0.0170068
0	0.0136054
0	0.00680272
0	1
0	0.00680272
0	0.0952381
0	1
0	1
0	1
0	0.0136054
0	1
0	0.0136054
0	0.0170068
0	0.0102041
0	0.0204082
0	0.0136054
0	0.0204082
0	0.0170068
0	0.00680272
0	0.0952381
0	0.0510204
0	1
0	0.0170068
0	0.0238095
0	0.261905
0	0.0544218
0	1
0	1
0	0.0204082
0	0.0102041
0	0.0340136
0	0.0238095
0	0.261905
0	0.261905
0	0.00680272
0	0.00680272
0	0.0340136
0	0.0204082
0	0.0204082
0	0.0340136
0	0.0136054
0	1
0	0.0204082
0	0.0952381
0	0.047619
0	0.0408163
0	0.0510204
0	0.0204082
0	0.261905
0	0.0170068
0	0.214286
0	0.0136054
0	0.0136054
0	1
0	0.0102041
0	0.0816327
0	0.0204082
0	0.0952381
0	1
0	1


