# Persistence diagram <GML/0548.gml>
#
# Dimension   : 1
# Entries     : 184
# Betti number: 184
0.037037	inf
0.0444444	inf
0.0444444	inf
0.0518519	inf
0.0592593	inf
0.0592593	inf
0.0592593	inf
0.0666667	inf
0.0666667	inf
0.0666667	inf
0.0666667	inf
0.0740741	inf
0.0740741	inf
0.0740741	inf
0.0740741	inf
0.0740741	inf
0.0740741	inf
0.0814815	inf
0.0814815	inf
0.0814815	inf
0.0962963	inf
0.0962963	inf
0.0962963	inf
0.0962963	inf
0.0962963	inf
0.0962963	inf
0.0962963	inf
0.0962963	inf
0.0962963	inf
0.0962963	inf
0.0962963	inf
0.0962963	inf
0.0962963	inf
0.0962963	inf
0.0962963	inf
0.0962963	inf
0.0962963	inf
0.0962963	inf
0.0962963	inf
0.0962963	inf
0.0962963	inf
0.0962963	inf
0.0962963	inf
0.0962963	inf
0.0962963	inf
0.0962963	inf
0.0962963	inf
0.0962963	inf
0.103704	inf
0.103704	inf
0.103704	inf
0.111111	inf
0.111111	inf
0.111111	inf
0.111111	inf
0.111111	inf
0.111111	inf
0.111111	inf
0.111111	inf
0.111111	inf
0.111111	inf
0.111111	inf
0.111111	inf
0.111111	inf
0.111111	inf
0.111111	inf
0.111111	inf
0.111111	inf
0.118519	inf
0.118519	inf
0.118519	inf
0.125926	inf
0.125926	inf
0.133333	inf
0.133333	inf
0.133333	inf
0.133333	inf
0.133333	inf
0.133333	inf
0.140741	inf
0.140741	inf
0.140741	inf
0.140741	inf
0.140741	inf
0.140741	inf
0.140741	inf
0.140741	inf
0.140741	inf
0.140741	inf
0.140741	inf
0.140741	inf
0.140741	inf
0.140741	inf
0.140741	inf
0.140741	inf
0.140741	inf
0.162963	inf
0.162963	inf
0.162963	inf
0.162963	inf
0.162963	inf
0.162963	inf
0.162963	inf
0.162963	inf
0.162963	inf
0.162963	inf
0.162963	inf
0.162963	inf
0.17037	inf
0.17037	inf
0.17037	inf
0.17037	inf
0.17037	inf
0.17037	inf
0.17037	inf
0.17037	inf
0.207407	inf
0.207407	inf
0.207407	inf
0.207407	inf
0.207407	inf
0.207407	inf
0.207407	inf
0.207407	inf
0.207407	inf
0.222222	inf
0.222222	inf
0.222222	inf
0.222222	inf
0.222222	inf
0.222222	inf
0.222222	inf
0.222222	inf
0.222222	inf
0.222222	inf
0.222222	inf
0.222222	inf
0.222222	inf
0.251852	inf
0.251852	inf
0.251852	inf
0.251852	inf
0.251852	inf
1	inf
1	inf
1	inf
1	inf
1	inf
1	inf
1	inf
1	inf
1	inf
1	inf
1	inf
1	inf
1	inf
1	inf
1	inf
1	inf
1	inf
1	inf
1	inf
1	inf
1	inf
1	inf
1	inf
1	inf
1	inf
1	inf
1	inf
1	inf
1	inf
1	inf
1	inf
1	inf
1	inf
1	inf
1	inf
1	inf
1	inf
1	inf
1	inf
1	inf
1	inf
