# Persistence diagram <GML/0550.gml>
#
# Dimension   : 1
# Entries     : 172
# Betti number: 172
0.0213415	inf
0.0243902	inf
0.027439	inf
0.027439	inf
0.0304878	inf
0.0304878	inf
0.0304878	inf
0.0304878	inf
0.0304878	inf
0.0304878	inf
0.0335366	inf
0.0335366	inf
0.0335366	inf
0.0335366	inf
0.0335366	inf
0.0335366	inf
0.0335366	inf
0.0335366	inf
0.0335366	inf
0.0365854	inf
0.0396341	inf
0.0396341	inf
0.0396341	inf
0.0396341	inf
0.0396341	inf
0.0396341	inf
0.0396341	inf
0.0396341	inf
0.0426829	inf
0.0426829	inf
0.0426829	inf
0.0426829	inf
0.0426829	inf
0.0457317	inf
0.0457317	inf
0.0457317	inf
0.0457317	inf
0.0457317	inf
0.0457317	inf
0.0457317	inf
0.0457317	inf
0.0457317	inf
0.0518293	inf
0.0518293	inf
0.0518293	inf
0.0518293	inf
0.0518293	inf
0.0518293	inf
0.0518293	inf
0.0518293	inf
0.054878	inf
0.054878	inf
0.054878	inf
0.054878	inf
0.0579268	inf
0.0579268	inf
0.0579268	inf
0.0579268	inf
0.0579268	inf
0.0609756	inf
0.0609756	inf
0.0609756	inf
0.0609756	inf
0.0609756	inf
0.0609756	inf
0.0609756	inf
0.0609756	inf
0.0609756	inf
0.0609756	inf
0.0609756	inf
0.0609756	inf
0.0609756	inf
0.0640244	inf
0.0640244	inf
0.0640244	inf
0.0640244	inf
0.0640244	inf
0.0640244	inf
0.0640244	inf
0.0640244	inf
0.0640244	inf
0.0640244	inf
0.0640244	inf
0.0640244	inf
0.0640244	inf
0.0670732	inf
0.0670732	inf
0.0670732	inf
0.0670732	inf
0.0670732	inf
0.0670732	inf
0.0670732	inf
0.0670732	inf
0.0670732	inf
0.0670732	inf
0.0670732	inf
0.0670732	inf
0.0762195	inf
0.0762195	inf
0.0762195	inf
0.0762195	inf
0.0762195	inf
0.0762195	inf
0.0762195	inf
0.0762195	inf
0.0762195	inf
0.0762195	inf
0.0762195	inf
0.0762195	inf
0.0762195	inf
0.0884146	inf
0.0884146	inf
0.0884146	inf
0.0884146	inf
0.0884146	inf
0.0884146	inf
0.0884146	inf
0.0884146	inf
0.0884146	inf
0.0945122	inf
0.0945122	inf
0.0945122	inf
0.0945122	inf
0.0945122	inf
0.0945122	inf
0.0945122	inf
0.0945122	inf
0.0945122	inf
1	inf
1	inf
1	inf
1	inf
1	inf
1	inf
1	inf
1	inf
1	inf
1	inf
1	inf
1	inf
1	inf
1	inf
1	inf
1	inf
1	inf
1	inf
1	inf
1	inf
1	inf
1	inf
1	inf
1	inf
1	inf
1	inf
1	inf
1	inf
1	inf
1	inf
1	inf
1	inf
1	inf
1	inf
1	inf
1	inf
1	inf
1	inf
1	inf
1	inf
1	inf
1	inf
1	inf
1	inf
