# Persistence diagram <GML/0551.gml>
#
# Dimension   : 0
# Entries     : 674
# Betti number: 4
0	inf
0	1
0	1
0	0.0229885
0	0.0229885
0	0.0651341
0	0.0229885
0	0.111111
0	0.0229885
0	1
0	0.118774
0	0.0229885
0	0.0114943
0	0.0229885
0	inf
0	0.118774
0	0.0268199
0	1
0	1
0	1
0	0.0153257
0	0.045977
0	1
0	1
0	0.118774
0	0.0229885
0	1
0	0.0268199
0	0.0229885
0	0.0383142
0	1
0	0.045977
0	0.0268199
0	1
0	0.0344828
0	0.0344828
0	0.0153257
0	0.0229885
0	0.118774
0	0.0229885
0	0.0229885
0	0.0383142
0	0.0114943
0	0.0229885
0	1
0	0.0191571
0	1
0	1
0	0.0421456
0	0.0804598
0	0.0383142
0	1
0	0.0191571
0	1
0	0.0268199
0	0.0306513
0	0.0306513
0	0.0191571
0	0.0191571
0	0.0804598
0	0.118774
0	0.0804598
0	0.0804598
0	0.0344828
0	0.0229885
0	0.0268199
0	1
0	0.0153257
0	1
0	1
0	1
0	1
0	0.0268199
0	1
0	0.0229885
0	0.111111
0	1
0	1
0	0.0153257
0	0.00766284
0	0.0306513
0	0.0229885
0	1
0	0.0651341
0	0.0191571
0	0.0191571
0	0.0114943
0	0.00766284
0	1
0	0.045977
0	1
0	0.0191571
0	1
0	0.0229885
0	0.0229885
0	0.0153257
0	1
0	0.0383142
0	1
0	0.00766284
0	0.0344828
0	0.0344828
0	0.111111
0	0.0229885
0	1
0	0.0153257
0	0.045977
0	0.0229885
0	1
0	0.0153257
0	1
0	0.0268199
0	0.0114943
0	1
0	1
0	0.0114943
0	0.0229885
0	0.0344828
0	0.0421456
0	0.0229885
0	0.111111
0	0.0804598
0	1
0	1
0	1
0	0.0114943
0	1
0	0.0229885
0	0.0651341
0	0.00766284
0	1
0	1
0	1
0	0.0153257
0	0.118774
0	1
0	0.0191571
0	0.0114943
0	0.118774
0	1
0	0.0191571
0	1
0	1
0	0.0191571
0	0.111111
0	0.0114943
0	0.0229885
0	0.118774
0	1
0	0.0153257
0	1
0	0.0421456
0	0.0804598
0	1
0	1
0	1
0	1
0	0.0383142
0	0.0268199
0	0.0191571
0	1
0	1
0	0.118774
0	0.0421456
0	1
0	0.0651341
0	0.0153257
0	0.111111
0	0.0383142
0	0.0114943
0	0.111111
0	1
0	0.0191571
0	0.0153257
0	0.0191571
0	0.0229885
0	0.0153257
0	1
0	0.0114943
0	0.00766284
0	inf
0	0.0268199
0	1
0	1
0	1
0	0.045977
0	1
0	0.0191571
0	0.111111
0	0.0153257
0	1
0	1
0	1
0	inf
0	0.0153257
0	0.0344828
0	1
0	1
0	0.0306513
0	0.0306513
0	0.0268199
0	1
0	1
0	0.0344828
0	1
0	1
0	0.0114943
0	0.0114943
0	0.0191571
0	0.0268199
0	0.111111
0	1
0	1
0	0.0153257
0	1
0	0.0153257
0	1
0	0.0344828
0	0.00766284
0	0.118774
0	0.0114943
0	0.0191571
0	0.0153257
0	0.0191571
0	0.00766284
0	1
0	1
0	0.0306513
0	0.0191571
0	0.0191571
0	1
0	0.00766284
0	1
0	0.0306513
0	0.0114943
0	1
0	0.00766284
0	0.0153257
0	0.0804598
0	0.0229885
0	0.0383142
0	1
0	0.111111
0	1
0	1
0	0.045977
0	0.0268199
0	0.00766284
0	0.0153257
0	0.0191571
0	0.0153257
0	0.0114943
0	0.0344828
0	0.0191571
0	0.0383142
0	0.0114943
0	0.0804598
0	1
0	0.0153257
0	1
0	1
0	0.111111
0	0.118774
0	0.0153257
0	0.0153257
0	1
0	0.0153257
0	0.00766284
0	1
0	1
0	0.0191571
0	1
0	1
0	0.0383142
0	0.118774
0	1
0	0.0421456
0	0.00766284
0	0.0191571
0	1
0	1
0	0.118774
0	0.118774
0	0.0114943
0	1
0	0.118774
0	0.0191571
0	1
0	0.0114943
0	0.0153257
0	0.0421456
0	0.0153257
0	1
0	0.0383142
0	0.0191571
0	0.0191571
0	0.0191571
0	0.00766284
0	0.0268199
0	0.0344828
0	1
0	0.0114943
0	0.0306513
0	0.0114943
0	1
0	1
0	0.0153257
0	0.0114943
0	0.00766284
0	0.0383142
0	0.00766284
0	1
0	0.0268199
0	1
0	1
0	1
0	0.111111
0	0.118774
0	0.0306513
0	1
0	1
0	1
0	0.0153257
0	1
0	1
0	1
0	0.0229885
0	0.111111
0	0.0306513
0	1
0	0.0153257
0	0.0344828
0	1
0	1
0	0.0229885
0	1
0	1
0	0.045977
0	0.0344828
0	0.118774
0	0.0191571
0	0.0153257
0	0.045977
0	0.00766284
0	0.00766284
0	0.0804598
0	1
0	1
0	0.0229885
0	1
0	0.00766284
0	0.0306513
0	0.00766284
0	0.0229885
0	0.0191571
0	0.00766284
0	0.0114943
0	0.0344828
0	0.0114943
0	0.0229885
0	0.0804598
0	0.0268199
0	0.0344828
0	0.0383142
0	0.0306513
0	0.118774
0	0.0804598
0	0.0268199
0	0.0153257
0	0.0191571
0	0.00383142
0	0.0229885
0	1
0	0.0306513
0	1
0	0.0268199
0	0.0153257
0	1
0	0.0651341
0	0.0229885
0	0.0191571
0	0.0191571
0	1
0	0.0114943
0	1
0	0.0344828
0	0.0191571
0	0.0268199
0	0.0153257
0	0.0153257
0	1
0	0.0229885
0	0.0191571
0	1
0	1
0	1
0	1
0	1
0	0.118774
0	1
0	1
0	0.0651341
0	0.00766284
0	1
0	1
0	0.0383142
0	0.0268199
0	1
0	0.0114943
0	1
0	0.0804598
0	0.0153257
0	0.0114943
0	0.0114943
0	1
0	0.0804598
0	0.0344828
0	0.111111
0	1
0	0.00766284
0	0.0153257
0	1
0	0.0306513
0	0.0191571
0	1
0	1
0	0.0153257
0	1
0	1
0	1
0	0.0229885
0	1
0	1
0	0.0191571
0	1
0	0.0114943
0	0.0421456
0	1
0	0.00766284
0	0.0191571
0	0.00766284
0	0.0153257
0	1
0	0.0191571
0	0.00766284
0	0.0344828
0	0.0651341
0	0.0153257
0	1
0	0.0153257
0	0.0191571
0	1
0	1
0	0.0153257
0	0.00766284
0	0.0268199
0	0.0191571
0	1
0	0.0114943
0	0.00766284
0	0.0229885
0	0.0229885
0	1
0	0.0191571
0	0.118774
0	0.0153257
0	1
0	0.0191571
0	0.0114943
0	0.0114943
0	1
0	0.045977
0	1
0	1
0	1
0	0.0114943
0	0.118774
0	0.00766284
0	0.0191571
0	1
0	0.0114943
0	1
0	0.0153257
0	1
0	0.0651341
0	1
0	1
0	0.111111
0	0.0191571
0	0.0191571
0	0.0153257
0	0.00766284
0	0.0229885
0	0.0153257
0	1
0	0.0153257
0	0.00766284
0	0.045977
0	0.00766284
0	0.00766284
0	0.0114943
0	0.00766284
0	1
0	1
0	0.0383142
0	1
0	0.0153257
0	0.00766284
0	1
0	1
0	0.0229885
0	0.0268199
0	1
0	1
0	1
0	0.00766284
0	0.00766284
0	0.00766284
0	0.0191571
0	0.0153257
0	0.0306513
0	0.0191571
0	0.0153257
0	1
0	0.0191571
0	0.00766284
0	0.0191571
0	0.0191571
0	0.0114943
0	0.118774
0	1
0	0.0191571
0	0.0114943
0	0.00766284
0	1
0	0.0114943
0	0.0344828
0	0.0229885
0	1
0	0.0153257
0	1
0	0.0114943
0	0.0114943
0	0.118774
0	1
0	0.0229885
0	0.0229885
0	1
0	0.0153257
0	1
0	0.0229885
0	1
0	0.00766284
0	1
0	1
0	1
0	0.111111
0	0.0229885
0	0.111111
0	0.111111
0	0.0114943
0	0.0191571
0	1
0	0.0153257
0	1
0	0.0383142
0	1
0	1
0	1
0	1
0	0.118774
0	1
0	0.0383142
0	1
0	0.0114943
0	1
0	0.0114943
0	1
0	0.0229885
0	1
0	0.0268199
0	0.111111
0	0.0191571
0	0.0153257
0	1
0	1
0	0.0191571
0	1
0	1
0	1
0	0.0383142
0	0.0153257
0	1
0	0.0114943
0	0.0153257
0	1
0	0.0153257
0	1
0	0.0114943
0	0.111111
0	0.00766284
0	1
0	1
0	0.0114943
0	1
0	0.0268199
0	1
0	0.00766284
0	0.0191571
0	0.0191571
0	1
0	0.0229885
0	0.0114943
0	0.0191571
0	0.0229885
0	0.00383142
0	1
0	0.111111
0	0.0191571
0	0.111111
0	0.0191571
0	0.0306513
0	0.00766284
0	1
0	0.0651341
0	0.118774
0	0.00766284
0	0.0153257
0	0.0383142
0	1
0	0.0114943
0	0.0229885
0	1
0	0.0114943
0	1
0	0.00766284
0	0.0114943
0	0.0229885
0	1
0	0.0421456
0	0.0114943
0	1
0	1
0	0.0383142
0	0.0114943
0	1
0	0.0114943
0	0.0804598
0	0.0268199
0	1
0	1
0	0.0114943
0	1
0	0.0383142
0	0.0153257
0	0.0114943
0	0.0383142
0	0.00766284
0	1
0	0.00766284
0	1
0	0.00766284
0	0.118774
0	0.0383142
0	1
0	0.0191571
0	1
0	0.0191571
0	1
0	0.0114943
0	1
0	1
0	0.00766284
0	1


