# Persistence diagram <GML/0557.gml>
#
# Dimension   : 1
# Entries     : 234
# Betti number: 233
0.0106838	inf
0.0128205	inf
0.0128205	inf
0.0149573	inf
0.0149573	inf
0.017094	inf
0.017094	inf
0.017094	inf
0.017094	inf
0.017094	inf
0.0192308	inf
0.0192308	inf
0.0192308	inf
0.0192308	inf
0.0192308	inf
0.0192308	inf
0.0192308	inf
0.0192308	inf
0.0192308	inf
0.0192308	inf
0.0213675	inf
0.0213675	inf
0.0213675	inf
0.0213675	inf
0.0213675	inf
0.0213675	inf
0.0213675	inf
0.0213675	inf
0.0213675	inf
0.0213675	inf
0.0235043	inf
0.0235043	inf
0.0235043	inf
0.0235043	inf
0.0235043	inf
0.0235043	inf
0.0235043	inf
0.0235043	inf
0.0235043	inf
0.025641	inf
0.025641	inf
0.025641	inf
0.025641	inf
0.025641	inf
0.0277778	inf
0.0277778	inf
0.0277778	inf
0.0277778	inf
0.0277778	inf
0.0277778	inf
0.0277778	inf
0.0277778	inf
0.0277778	inf
0.0277778	inf
0.0277778	inf
0.0277778	inf
0.0277778	inf
0.0277778	inf
0.0277778	inf
0.0277778	inf
0.0277778	inf
0.0277778	inf
0.0277778	inf
0.0277778	inf
0.0277778	inf
0.0277778	inf
0.0277778	inf
0.0299145	inf
0.0299145	inf
0.0299145	inf
0.0299145	inf
0.0320513	inf
0.0320513	inf
0.0320513	inf
0.0320513	inf
0.0320513	inf
0.0320513	inf
0.0320513	inf
0.0320513	inf
0.0320513	inf
0.0320513	inf
0.034188	inf
0.034188	inf
0.034188	inf
0.034188	inf
0.034188	inf
0.034188	inf
0.034188	inf
0.034188	inf
0.0384615	inf
0.0384615	inf
0.0384615	inf
0.0384615	inf
0.0384615	inf
0.0405983	inf
0.0405983	inf
0.0405983	inf
0.0405983	inf
0.0405983	inf
0.0405983	inf
0.0405983	inf
0.0405983	1
0.042735	inf
0.042735	inf
0.042735	inf
0.042735	inf
0.042735	inf
0.042735	inf
0.042735	inf
0.042735	inf
0.042735	inf
0.042735	inf
0.042735	inf
0.042735	inf
0.042735	inf
0.0448718	inf
0.0448718	inf
0.0448718	inf
0.0470085	inf
0.0470085	inf
0.0470085	inf
0.0470085	inf
0.0470085	inf
0.0470085	inf
0.0470085	inf
0.0470085	inf
0.0470085	inf
0.0470085	inf
0.0470085	inf
0.0470085	inf
0.0470085	inf
0.0470085	inf
0.0491453	inf
0.0491453	inf
0.0491453	inf
0.0491453	inf
0.0491453	inf
0.0491453	inf
0.0491453	inf
0.0491453	inf
0.0491453	inf
0.0491453	inf
0.0491453	inf
0.0491453	inf
0.0491453	inf
0.0491453	inf
0.0491453	inf
0.0491453	inf
0.0491453	inf
0.0491453	inf
0.0491453	inf
0.0491453	inf
0.0491453	inf
0.0491453	inf
0.0491453	inf
0.0491453	inf
0.0491453	inf
0.0491453	inf
0.0491453	inf
0.0491453	inf
0.0491453	inf
0.0491453	inf
0.0491453	inf
0.0491453	inf
0.0491453	inf
0.0512821	inf
0.0512821	inf
0.0512821	inf
0.0512821	inf
1	inf
1	inf
1	inf
1	inf
1	inf
1	inf
1	inf
1	inf
1	inf
1	inf
1	inf
1	inf
1	inf
1	inf
1	inf
1	inf
1	inf
1	inf
1	inf
1	inf
1	inf
1	inf
1	inf
1	inf
1	inf
1	inf
1	inf
1	inf
1	inf
1	inf
1	inf
1	inf
1	inf
1	inf
1	inf
1	inf
1	inf
1	inf
1	inf
1	inf
1	inf
1	inf
1	inf
1	inf
1	inf
1	inf
1	inf
1	inf
1	inf
1	inf
1	inf
1	inf
1	inf
1	inf
1	inf
1	inf
1	inf
1	inf
1	inf
1	inf
1	inf
1	inf
1	inf
1	inf
1	inf
