# Persistence diagram <GML/0564.gml>
#
# Dimension   : 0
# Entries     : 506
# Betti number: 1
0	inf
0	0.181159
0	1
0	0.15942
0	0.108696
0	0.181159
0	0.166667
0	0.0434783
0	0.181159
0	1
0	0.115942
0	0.101449
0	0.0797101
0	1
0	0.108696
0	1
0	1
0	0.057971
0	0.0362319
0	0.0144928
0	0.0362319
0	0.166667
0	0.108696
0	0.152174
0	0.0362319
0	1
0	1
0	0.152174
0	0.181159
0	0.15942
0	0.0797101
0	0.166667
0	0.108696
0	1
0	0.057971
0	0.108696
0	0.0434783
0	0.166667
0	0.057971
0	0.0434783
0	0.0362319
0	0.057971
0	0.152174
0	1
0	0.0362319
0	0.115942
0	0.152174
0	0.0289855
0	1
0	1
0	0.166667
0	0.101449
0	1
0	0.166667
0	0.101449
0	1
0	0.057971
0	0.108696
0	0.166667
0	1
0	0.152174
0	1
0	0.115942
0	0.0362319
0	0.181159
0	0.15942
0	1
0	1
0	1
0	1
0	0.101449
0	0.0362319
0	0.0144928
0	0.057971
0	0.115942
0	1
0	0.0797101
0	0.108696
0	0.0434783
0	0.181159
0	0.137681
0	0.166667
0	0.0362319
0	0.0217391
0	0.166667
0	0.101449
0	1
0	1
0	1
0	0.152174
0	0.137681
0	1
0	1
0	0.0362319
0	0.166667
0	0.0362319
0	1
0	0.137681
0	0.0362319
0	0.0144928
0	0.0289855
0	0.0217391
0	0.152174
0	0.0144928
0	0.0797101
0	1
0	0.0217391
0	0.101449
0	0.0217391
0	0.0289855
0	0.152174
0	0.15942
0	0.0289855
0	0.0217391
0	0.0289855
0	0.181159
0	1
0	0.137681
0	0.0434783
0	0.0217391
0	0.057971
0	0.0289855
0	0.166667
0	1
0	0.0144928
0	0.057971
0	1
0	0.166667
0	0.0144928
0	0.0289855
0	0.15942
0	0.0289855
0	1
0	0.166667
0	1
0	1
0	0.181159
0	1
0	0.0217391
0	0.057971
0	0.181159
0	0.0217391
0	0.0217391
0	0.108696
0	0.0217391
0	0.181159
0	0.0217391
0	1
0	0.15942
0	0.0289855
0	1
0	0.0144928
0	0.166667
0	0.101449
0	0.15942
0	0.0144928
0	1
0	0.0362319
0	0.0289855
0	0.152174
0	1
0	0.0797101
0	0.0289855
0	0.0362319
0	0.0217391
0	0.166667
0	0.152174
0	0.0217391
0	0.15942
0	0.166667
0	0.0289855
0	0.0144928
0	0.166667
0	0.0217391
0	0.0289855
0	1
0	1
0	0.0362319
0	1
0	1
0	1
0	1
0	0.0362319
0	0.0434783
0	0.0144928
0	1
0	0.0144928
0	1
0	0.0362319
0	0.0144928
0	0.101449
0	0.137681
0	0.0362319
0	0.0217391
0	0.0434783
0	0.0362319
0	0.0144928
0	0.057971
0	0.152174
0	0.0217391
0	1
0	0.0434783
0	0.0362319
0	0.0724638
0	0.115942
0	0.057971
0	0.0289855
0	0.0289855
0	0.0434783
0	1
0	0.0144928
0	0.0217391
0	0.0217391
0	0.0144928
0	0.0144928
0	0.0144928
0	0.0434783
0	0.0724638
0	1
0	0.0217391
0	0.0144928
0	0.137681
0	0.0289855
0	0.0144928
0	0.0724638
0	0.0797101
0	0.166667
0	1
0	1
0	1
0	0.0217391
0	1
0	1
0	0.0724638
0	0.0144928
0	0.0217391
0	0.057971
0	0.137681
0	0.0362319
0	0.0797101
0	1
0	0.057971
0	0.166667
0	0.0434783
0	0.0797101
0	0.0217391
0	1
0	1
0	0.0289855
0	0.0217391
0	1
0	0.137681
0	0.057971
0	0.152174
0	0.166667
0	0.15942
0	0.0217391
0	0.0362319
0	0.0144928
0	0.0434783
0	1
0	0.0217391
0	0.152174
0	1
0	0.0144928
0	1
0	0.0144928
0	0.0217391
0	0.0362319
0	1
0	1
0	0.15942
0	0.0289855
0	1
0	0.152174
0	0.166667
0	0.166667
0	0.101449
0	0.0144928
0	1
0	0.0144928
0	1
0	0.0217391
0	1
0	0.0289855
0	1
0	1
0	0.0217391
0	0.0217391
0	0.0362319
0	0.108696
0	0.0362319
0	0.0362319
0	1
0	1
0	0.152174
0	0.0434783
0	0.0217391
0	0.057971
0	0.0217391
0	0.0217391
0	0.0217391
0	0.166667
0	1
0	1
0	1
0	0.0362319
0	0.152174
0	0.0434783
0	0.166667
0	1
0	1
0	0.0217391
0	0.0217391
0	0.115942
0	0.101449
0	0.0217391
0	0.137681
0	0.057971
0	0.115942
0	0.0289855
0	0.0434783
0	0.057971
0	1
0	1
0	0.0217391
0	0.0217391
0	0.0144928
0	0.0217391
0	0.0362319
0	0.0144928
0	0.115942
0	0.0724638
0	0.166667
0	0.181159
0	0.0144928
0	0.0289855
0	0.108696
0	0.0144928
0	0.15942
0	0.15942
0	0.0434783
0	0.0144928
0	0.0289855
0	0.0217391
0	0.0362319
0	0.0217391
0	1
0	0.0144928
0	0.115942
0	1
0	0.166667
0	1
0	0.15942
0	0.057971
0	0.0144928
0	1
0	0.0217391
0	0.0217391
0	0.0144928
0	0.181159
0	0.166667
0	1
0	0.0144928
0	0.0724638
0	0.0144928
0	0.0144928
0	0.0289855
0	0.0362319
0	1
0	0.152174
0	1
0	0.0217391
0	0.0144928
0	0.0144928
0	0.0217391
0	0.181159
0	0.0289855
0	0.101449
0	0.0797101
0	0.0144928
0	1
0	1
0	1
0	0.0144928
0	0.166667
0	1
0	1
0	0.115942
0	0.0217391
0	0.152174
0	0.0144928
0	0.0362319
0	1
0	0.0144928
0	0.181159
0	1
0	0.0217391
0	0.0362319
0	0.166667
0	1
0	0.166667
0	0.0217391
0	1
0	0.0362319
0	1
0	0.15942
0	1
0	1
0	0.0724638
0	0.0144928
0	0.137681
0	0.166667
0	1
0	0.137681
0	0.0434783
0	0.0217391
0	0.0289855
0	0.15942
0	0.0434783
0	0.0217391
0	0.0144928
0	0.0144928
0	0.0289855
0	0.057971
0	0.166667
0	0.137681
0	1
0	0.0434783
0	0.166667
0	0.0144928
0	0.0289855
0	0.0144928
0	1
0	0.181159
0	0.0724638
0	0.0217391
0	0.0217391
0	1
0	0.0144928
0	0.0144928
0	0.101449
0	0.0217391
0	0.15942
0	0.166667
0	0.0144928
0	0.115942
0	1
0	0.166667
0	0.0217391
0	0.137681
0	0.0144928
0	0.0144928
0	0.057971
0	0.181159
0	1
0	0.0217391
0	1
0	0.108696
0	0.0217391
0	0.0289855
0	0.0217391
0	0.0797101
0	0.0144928
0	0.166667
0	0.0144928
0	0.181159
0	0.115942
0	0.115942
0	0.0289855
0	0.0217391
0	0.0289855
0	0.0217391
0	0.137681
0	0.0217391
0	0.0144928
0	0.0144928
0	0.0144928
0	0.137681
0	1
0	0.0434783
0	0.0289855
0	0.0362319
0	0.0217391
0	1
0	0.0434783
0	0.166667
0	0.0144928
0	0.0217391
0	0.0144928
0	0.0144928
0	0.166667
0	1
0	0.057971
0	0.0144928
0	1
0	1
0	0.137681
0	0.0144928
0	0.0362319
0	0.0217391
0	1
0	0.152174
0	0.0217391
0	0.0217391
0	1


