# Persistence diagram <GML/0565.gml>
#
# Dimension   : 1
# Entries     : 248
# Betti number: 248
0.00987306	inf
0.00987306	inf
0.0112835	inf
0.0112835	inf
0.0112835	inf
0.0112835	inf
0.0112835	inf
0.0112835	inf
0.0112835	inf
0.0112835	inf
0.0112835	inf
0.0112835	inf
0.0112835	inf
0.0112835	inf
0.0112835	inf
0.0112835	inf
0.0112835	inf
0.0112835	inf
0.0126939	inf
0.0126939	inf
0.0126939	inf
0.0126939	inf
0.0126939	inf
0.0126939	inf
0.0126939	inf
0.0126939	inf
0.0126939	inf
0.0126939	inf
0.0141044	inf
0.0141044	inf
0.0141044	inf
0.0141044	inf
0.0141044	inf
0.0141044	inf
0.0141044	inf
0.0141044	inf
0.0141044	inf
0.0141044	inf
0.0155148	inf
0.0155148	inf
0.0155148	inf
0.0169252	inf
0.0169252	inf
0.0169252	inf
0.0169252	inf
0.0169252	inf
0.0183357	inf
0.0183357	inf
0.0183357	inf
0.0183357	inf
0.0183357	inf
0.0183357	inf
0.0183357	inf
0.0183357	inf
0.0183357	inf
0.0183357	inf
0.0183357	inf
0.0183357	inf
0.0183357	inf
0.0197461	inf
0.0197461	inf
0.0197461	inf
0.0197461	inf
0.0197461	inf
0.0197461	inf
0.0197461	inf
0.0197461	inf
0.0197461	inf
0.0197461	inf
0.0197461	inf
0.0197461	inf
0.0197461	inf
0.0197461	inf
0.0197461	inf
0.0197461	inf
0.0239774	inf
0.0239774	inf
0.0239774	inf
0.0239774	inf
0.0239774	inf
0.0239774	inf
0.0239774	inf
0.0239774	inf
0.0239774	inf
0.0239774	inf
0.0239774	inf
0.0239774	inf
0.0239774	inf
0.0239774	inf
0.0239774	inf
0.0239774	inf
0.0239774	inf
0.0239774	inf
0.0239774	inf
0.0239774	inf
0.0239774	inf
0.0239774	inf
0.0239774	inf
0.0239774	inf
0.0239774	inf
0.0239774	inf
0.0239774	inf
0.0239774	inf
0.0239774	inf
0.0239774	inf
0.0239774	inf
0.0239774	inf
0.0267983	inf
0.0267983	inf
0.0267983	inf
0.0267983	inf
0.0267983	inf
0.0267983	inf
0.0267983	inf
0.0282087	inf
0.0282087	inf
0.0282087	inf
0.0282087	inf
0.0282087	inf
0.0282087	inf
0.0282087	inf
0.0282087	inf
0.0282087	inf
0.0282087	inf
0.0282087	inf
0.0282087	inf
0.0282087	inf
0.0296192	inf
0.0296192	inf
0.0296192	inf
0.0296192	inf
0.0437236	inf
0.0437236	inf
0.0437236	inf
0.0437236	inf
0.0437236	inf
0.0437236	inf
0.0437236	inf
0.0437236	inf
0.0437236	inf
0.0437236	inf
0.0437236	inf
0.0437236	inf
0.0437236	inf
0.0437236	inf
0.0437236	inf
0.0437236	inf
0.0437236	inf
0.0437236	inf
0.0437236	inf
0.0437236	inf
0.0437236	inf
0.0437236	inf
0.0437236	inf
0.0437236	inf
0.0437236	inf
0.0437236	inf
0.0437236	inf
0.045134	inf
0.045134	inf
0.045134	inf
0.045134	inf
0.045134	inf
0.045134	inf
0.045134	inf
0.045134	inf
0.0874471	inf
0.0874471	inf
0.0874471	inf
0.0874471	inf
0.0874471	inf
0.0874471	inf
0.0874471	inf
0.0874471	inf
0.0874471	inf
0.0874471	inf
0.0874471	inf
0.0874471	inf
0.0874471	inf
0.0874471	inf
0.0874471	inf
0.0874471	inf
0.0874471	inf
0.0874471	inf
0.0874471	inf
1	inf
1	inf
1	inf
1	inf
1	inf
1	inf
1	inf
1	inf
1	inf
1	inf
1	inf
1	inf
1	inf
1	inf
1	inf
1	inf
1	inf
1	inf
1	inf
1	inf
1	inf
1	inf
1	inf
1	inf
1	inf
1	inf
1	inf
1	inf
1	inf
1	inf
1	inf
1	inf
1	inf
1	inf
1	inf
1	inf
1	inf
1	inf
1	inf
1	inf
1	inf
1	inf
1	inf
1	inf
1	inf
1	inf
1	inf
1	inf
1	inf
1	inf
1	inf
1	inf
1	inf
1	inf
1	inf
1	inf
1	inf
1	inf
1	inf
1	inf
1	inf
1	inf
1	inf
