# Persistence diagram <GML/0567.gml>
#
# Dimension   : 1
# Entries     : 267
# Betti number: 267
0.0118243	inf
0.0118243	inf
0.0135135	inf
0.0152027	inf
0.0152027	inf
0.0152027	inf
0.0152027	inf
0.0152027	inf
0.0152027	inf
0.0152027	inf
0.0152027	inf
0.0152027	inf
0.0168919	inf
0.0168919	inf
0.0168919	inf
0.0168919	inf
0.0185811	inf
0.0185811	inf
0.0185811	inf
0.0185811	inf
0.0202703	inf
0.0202703	inf
0.0202703	inf
0.0202703	inf
0.0202703	inf
0.0202703	inf
0.0202703	inf
0.0202703	inf
0.0202703	inf
0.0202703	inf
0.0202703	inf
0.0202703	inf
0.0219595	inf
0.0236486	inf
0.0236486	inf
0.0236486	inf
0.0236486	inf
0.0236486	inf
0.0236486	inf
0.0236486	inf
0.0236486	inf
0.0236486	inf
0.0236486	inf
0.0236486	inf
0.0236486	inf
0.0236486	inf
0.0236486	inf
0.0236486	inf
0.0236486	inf
0.0236486	inf
0.0236486	inf
0.0236486	inf
0.0236486	inf
0.0236486	inf
0.0236486	inf
0.0236486	inf
0.0236486	inf
0.0253378	inf
0.0253378	inf
0.0253378	inf
0.027027	inf
0.027027	inf
0.027027	inf
0.027027	inf
0.027027	inf
0.027027	inf
0.027027	inf
0.027027	inf
0.0287162	inf
0.0287162	inf
0.0287162	inf
0.0287162	inf
0.0287162	inf
0.0287162	inf
0.0287162	inf
0.0287162	inf
0.0287162	inf
0.0287162	inf
0.0287162	inf
0.0287162	inf
0.0287162	inf
0.0287162	inf
0.0287162	inf
0.0304054	inf
0.0304054	inf
0.0304054	inf
0.0304054	inf
0.0304054	inf
0.0304054	inf
0.0320946	inf
0.0320946	inf
0.0320946	inf
0.0320946	inf
0.0320946	inf
0.0320946	inf
0.0320946	inf
0.0320946	inf
0.0320946	inf
0.0320946	inf
0.0320946	inf
0.0320946	inf
0.0320946	inf
0.0320946	inf
0.0320946	inf
0.0320946	inf
0.0320946	inf
0.0320946	inf
0.0320946	inf
0.0337838	inf
0.0337838	inf
0.0337838	inf
0.0337838	inf
0.035473	inf
0.035473	inf
0.035473	inf
0.035473	inf
0.035473	inf
0.035473	inf
0.035473	inf
0.035473	inf
0.035473	inf
0.035473	inf
0.035473	inf
0.035473	inf
0.0371622	inf
0.0371622	inf
0.0371622	inf
0.0371622	inf
0.0371622	inf
0.0371622	inf
0.0371622	inf
0.0371622	inf
0.0371622	inf
0.0371622	inf
0.0371622	inf
0.0371622	inf
0.0371622	inf
0.0371622	inf
0.0405405	inf
0.0405405	inf
0.0405405	inf
0.0405405	inf
0.0405405	inf
0.0405405	inf
0.0405405	inf
0.0405405	inf
0.0405405	inf
0.0405405	inf
0.0405405	inf
0.0405405	inf
0.0405405	inf
0.0405405	inf
0.0489865	inf
0.0489865	inf
0.0489865	inf
0.0489865	inf
0.0489865	inf
0.0489865	inf
0.0489865	inf
0.0489865	inf
0.0489865	inf
0.0489865	inf
0.0489865	inf
1	inf
1	inf
1	inf
1	inf
1	inf
1	inf
1	inf
1	inf
1	inf
1	inf
1	inf
1	inf
1	inf
1	inf
1	inf
1	inf
1	inf
1	inf
1	inf
1	inf
1	inf
1	inf
1	inf
1	inf
1	inf
1	inf
1	inf
1	inf
1	inf
1	inf
1	inf
1	inf
1	inf
1	inf
1	inf
1	inf
1	inf
1	inf
1	inf
1	inf
1	inf
1	inf
1	inf
1	inf
1	inf
1	inf
1	inf
1	inf
1	inf
1	inf
1	inf
1	inf
1	inf
1	inf
1	inf
1	inf
1	inf
1	inf
1	inf
1	inf
1	inf
1	inf
1	inf
1	inf
1	inf
1	inf
1	inf
1	inf
1	inf
1	inf
1	inf
1	inf
1	inf
1	inf
1	inf
1	inf
1	inf
1	inf
1	inf
1	inf
1	inf
1	inf
1	inf
1	inf
1	inf
1	inf
1	inf
1	inf
1	inf
1	inf
1	inf
1	inf
1	inf
1	inf
1	inf
1	inf
1	inf
1	inf
1	inf
1	inf
1	inf
1	inf
1	inf
1	inf
