# Persistence diagram <GML/0569.gml>
#
# Dimension   : 0
# Entries     : 1398
# Betti number: 3
0	inf
0	1
0	1
0	1
0	0.047541
0	0.0147541
0	0.047541
0	0.0131148
0	0.0229508
0	1
0	0.0114754
0	1
0	0.0180328
0	1
0	1
0	0.0213115
0	0.0311475
0	0.0278689
0	0.0213115
0	0.0147541
0	0.047541
0	0.0229508
0	0.0114754
0	0.0278689
0	0.0131148
0	0.00983607
0	1
0	0.0245902
0	0.0213115
0	0.0147541
0	0.0557377
0	0.0213115
0	0.0590164
0	1
0	1
0	0.0213115
0	1
0	0.042623
0	0.0590164
0	0.0229508
0	1
0	1
0	0.0590164
0	0.047541
0	1
0	0.0213115
0	0.0147541
0	1
0	0.00327869
0	0.00819672
0	0.0131148
0	0.0213115
0	0.00819672
0	0.0147541
0	1
0	0.0278689
0	1
0	0.0180328
0	0.047541
0	1
0	0.0180328
0	1
0	0.0360656
0	0.0278689
0	0.0262295
0	1
0	0.0114754
0	1
0	0.0180328
0	1
0	1
0	1
0	0.00819672
0	0.00819672
0	0.00819672
0	1
0	0.0278689
0	1
0	1
0	0.0180328
0	1
0	0.0262295
0	0.0131148
0	0.00819672
0	1
0	1
0	0.00819672
0	0.0147541
0	0.0163934
0	0.0245902
0	0.00491803
0	1
0	0.00819672
0	0.0147541
0	1
0	1
0	1
0	1
0	0.0278689
0	0.0114754
0	0.0590164
0	0.0245902
0	0.0147541
0	0.00655738
0	0.0114754
0	0.0114754
0	1
0	0.00491803
0	0.0360656
0	1
0	1
0	1
0	0.0180328
0	0.0360656
0	1
0	0.0147541
0	1
0	1
0	1
0	1
0	0.00983607
0	1
0	0.0245902
0	0.0262295
0	0.0213115
0	0.0114754
0	0.00983607
0	1
0	0.0262295
0	0.0114754
0	1
0	0.0131148
0	0.0360656
0	1
0	1
0	0.00327869
0	0.00983607
0	1
0	inf
0	0.00819672
0	0.0147541
0	0.00819672
0	1
0	0.0360656
0	1
0	1
0	0.0229508
0	0.00655738
0	1
0	1
0	0.0114754
0	0.0245902
0	0.0180328
0	0.0590164
0	0.00819672
0	1
0	1
0	0.00819672
0	1
0	0.00491803
0	1
0	0.0114754
0	1
0	0.00491803
0	1
0	1
0	1
0	1
0	1
0	0.00491803
0	0.0295082
0	0.0114754
0	1
0	0.0114754
0	1
0	0.0245902
0	0.0131148
0	1
0	1
0	0.00819672
0	1
0	1
0	0.00655738
0	1
0	1
0	0.0213115
0	0.0278689
0	1
0	1
0	0.00655738
0	0.00819672
0	0.00655738
0	0.00327869
0	0.0311475
0	1
0	1
0	1
0	0.0180328
0	0.00819672
0	0.0114754
0	0.00983607
0	0.0114754
0	0.0114754
0	1
0	1
0	0.0557377
0	1
0	1
0	1
0	0.0245902
0	1
0	0.042623
0	0.00819672
0	0.0295082
0	1
0	0.00983607
0	0.00819672
0	1
0	1
0	0.0131148
0	1
0	1
0	1
0	1
0	0.00655738
0	0.0131148
0	0.00819672
0	1
0	0.0147541
0	1
0	0.0327869
0	1
0	0.00655738
0	1
0	1
0	0.0295082
0	0.00655738
0	0.0311475
0	0.0180328
0	1
0	1
0	0.0229508
0	0.0229508
0	0.0163934
0	1
0	1
0	1
0	1
0	0.0180328
0	1
0	1
0	0.00983607
0	1
0	1
0	0.0213115
0	1
0	1
0	0.00819672
0	0.0131148
0	1
0	1
0	0.00819672
0	1
0	1
0	1
0	0.0278689
0	0.00983607
0	0.00983607
0	0.00655738
0	0.0557377
0	0.0147541
0	0.00819672
0	0.0114754
0	0.0131148
0	0.0590164
0	1
0	0.00327869
0	0.00819672
0	0.00983607
0	0.00819672
0	0.0278689
0	0.00655738
0	1
0	0.0131148
0	0.0229508
0	0.0295082
0	1
0	1
0	1
0	0.0229508
0	1
0	0.0590164
0	0.042623
0	1
0	0.042623
0	0.0229508
0	0.00655738
0	1
0	1
0	0.0131148
0	0.00491803
0	0.00655738
0	0.0278689
0	0.00819672
0	1
0	0.00819672
0	1
0	0.00819672
0	0.00655738
0	0.00491803
0	1
0	0.00983607
0	1
0	1
0	1
0	0.047541
0	1
0	0.0590164
0	0.00819672
0	0.00819672
0	1
0	0.0295082
0	0.0114754
0	1
0	0.0262295
0	0.0147541
0	0.00983607
0	0.0147541
0	1
0	0.0590164
0	1
0	0.0163934
0	0.00983607
0	1
0	0.0360656
0	0.0180328
0	0.00983607
0	0.00819672
0	1
0	0.0114754
0	0.00327869
0	0.0590164
0	1
0	0.0131148
0	1
0	0.00491803
0	1
0	0.00655738
0	1
0	0.0327869
0	1
0	0.0327869
0	1
0	0.0295082
0	0.00819672
0	0.0163934
0	0.0147541
0	1
0	0.00327869
0	0.00819672
0	1
0	1
0	0.047541
0	1
0	0.00983607
0	0.0278689
0	0.00491803
0	0.0278689
0	1
0	0.0180328
0	0.00655738
0	1
0	0.0311475
0	0.0131148
0	1
0	1
0	1
0	1
0	0.047541
0	1
0	0.0229508
0	1
0	1
0	0.0147541
0	1
0	0.00327869
0	0.0278689
0	0.0327869
0	0.00819672
0	1
0	1
0	0.00983607
0	1
0	0.0147541
0	1
0	1
0	1
0	0.00819672
0	0.0131148
0	0.0147541
0	0.00655738
0	0.0360656
0	0.00327869
0	1
0	0.0245902
0	1
0	1
0	1
0	1
0	0.00819672
0	0.0114754
0	0.00655738
0	1
0	1
0	0.00327869
0	0.00819672
0	1
0	0.0147541
0	1
0	1
0	0.00491803
0	1
0	0.00327869
0	1
0	0.00819672
0	0.042623
0	0.0262295
0	0.0131148
0	0.00655738
0	1
0	0.00983607
0	0.00655738
0	0.0114754
0	1
0	0.0360656
0	0.00819672
0	1
0	1
0	1
0	0.0131148
0	0.0245902
0	0.0114754
0	1
0	0.00819672
0	0.0114754
0	0.0278689
0	0.00327869
0	0.00655738
0	0.0131148
0	0.0229508
0	1
0	0.00327869
0	0.00819672
0	1
0	1
0	0.0262295
0	0.0278689
0	1
0	1
0	0.0229508
0	0.0311475
0	1
0	0.0147541
0	0.0147541
0	0.0262295
0	0.0114754
0	0.0131148
0	0.0114754
0	0.0311475
0	1
0	0.0163934
0	0.0213115
0	0.0229508
0	0.00491803
0	0.0147541
0	1
0	0.0147541
0	0.00327869
0	0.00327869
0	1
0	0.00327869
0	1
0	1
0	1
0	1
0	0.0557377
0	0.00819672
0	1
0	0.0278689
0	0.0557377
0	0.00819672
0	1
0	0.0131148
0	1
0	0.00655738
0	0.00819672
0	0.00491803
0	1
0	0.00491803
0	1
0	1
0	1
0	0.0327869
0	0.00983607
0	0.0229508
0	1
0	1
0	0.0229508
0	0.0262295
0	1
0	1
0	0.0131148
0	1
0	0.0131148
0	0.0114754
0	0.00983607
0	0.0131148
0	1
0	0.0245902
0	1
0	0.0327869
0	0.0229508
0	1
0	1
0	0.0278689
0	1
0	1
0	1
0	1
0	0.0295082
0	0.0114754
0	1
0	1
0	1
0	1
0	1
0	0.0213115
0	1
0	0.00655738
0	0.0131148
0	1
0	0.00819672
0	0.0131148
0	0.0163934
0	0.00327869
0	0.0131148
0	0.0114754
0	0.00655738
0	1
0	1
0	0.0590164
0	1
0	0.0557377
0	0.00491803
0	0.047541
0	0.00655738
0	1
0	1
0	0.0590164
0	0.0278689
0	0.0180328
0	0.0213115
0	0.00819672
0	0.0229508
0	0.0295082
0	0.00655738
0	1
0	0.0278689
0	0.00819672
0	0.00819672
0	1
0	1
0	0.0131148
0	0.00327869
0	0.00819672
0	0.00327869
0	1
0	1
0	0.00819672
0	1
0	0.0147541
0	0.00655738
0	0.00983607
0	0.0114754
0	0.00819672
0	0.0131148
0	0.00983607
0	0.00655738
0	1
0	1
0	0.0590164
0	1
0	0.00491803
0	0.0131148
0	0.0114754
0	0.0114754
0	0.0295082
0	0.00327869
0	0.0131148
0	0.0213115
0	1
0	0.0163934
0	0.0557377
0	1
0	1
0	1
0	0.0213115
0	0.042623
0	0.0278689
0	0.00983607
0	1
0	1
0	1
0	1
0	1
0	1
0	0.0245902
0	0.00163934
0	0.0180328
0	1
0	1
0	0.00819672
0	1
0	0.0245902
0	1
0	0.00327869
0	1
0	1
0	0.00491803
0	0.00819672
0	1
0	0.00655738
0	0.0278689
0	0.00327869
0	0.0147541
0	1
0	0.00983607
0	1
0	0.00327869
0	1
0	0.0311475
0	0.0262295
0	0.00327869
0	0.0311475
0	1
0	0.047541
0	0.0180328
0	0.0278689
0	0.0180328
0	0.00655738
0	0.00491803
0	0.0278689
0	1
0	1
0	0.0114754
0	1
0	1
0	1
0	0.0229508
0	0.0114754
0	0.00491803
0	0.00819672
0	1
0	0.00819672
0	0.00491803
0	0.00983607
0	1
0	1
0	0.0262295
0	0.0114754
0	0.00655738
0	1
0	0.0590164
0	1
0	0.0229508
0	0.00655738
0	0.0131148
0	1
0	0.0590164
0	0.0114754
0	0.00327869
0	0.0147541
0	1
0	1
0	1
0	1
0	0.00819672
0	1
0	1
0	1
0	0.0163934
0	1
0	1
0	0.0229508
0	1
0	1
0	0.00819672
0	1
0	1
0	1
0	1
0	1
0	1
0	1
0	1
0	0.0229508
0	1
0	1
0	1
0	0.0557377
0	1
0	1
0	1
0	0.0114754
0	1
0	1
0	1
0	1
0	0.00819672
0	1
0	0.0131148
0	0.0131148
0	0.00819672
0	1
0	1
0	0.00819672
0	0.042623
0	0.0131148
0	1
0	0.00655738
0	0.00491803
0	1
0	0.0229508
0	1
0	1
0	0.0229508
0	0.0147541
0	1
0	0.0295082
0	0.0557377
0	1
0	0.00491803
0	1
0	0.00819672
0	0.00491803
0	0.042623
0	1
0	1
0	0.00327869
0	1
0	1
0	1
0	0.00491803
0	0.00819672
0	0.0278689
0	1
0	0.0360656
0	0.0557377
0	0.0131148
0	1
0	0.00491803
0	0.00491803
0	0.00983607
0	1
0	0.0262295
0	0.0590164
0	0.00819672
0	1
0	1
0	0.00655738
0	1
0	1
0	0.00327869
0	0.0278689
0	1
0	1
0	0.0180328
0	0.0245902
0	1
0	0.0278689
0	1
0	1
0	1
0	1
0	0.0245902
0	0.042623
0	0.00655738
0	0.0180328
0	0.00819672
0	1
0	0.00819672
0	0.0213115
0	1
0	0.0278689
0	1
0	0.0245902
0	1
0	0.0213115
0	0.00819672
0	1
0	1
0	0.00819672
0	0.0163934
0	1
0	1
0	1
0	1
0	1
0	0.00327869
0	0.0295082
0	1
0	0.00655738
0	1
0	0.00819672
0	1
0	1
0	0.0147541
0	1
0	0.0278689
0	1
0	1
0	0.00491803
0	0.00655738
0	1
0	0.042623
0	0.0163934
0	1
0	1
0	0.0327869
0	1
0	0.00327869
0	0.0114754
0	0.0295082
0	1
0	1
0	0.0262295
0	0.00655738
0	1
0	0.0278689
0	1
0	0.00819672
0	0.0114754
0	0.0131148
0	0.00655738
0	0.0114754
0	1
0	0.00655738
0	0.00491803
0	1
0	0.00491803
0	1
0	0.0278689
0	0.0229508
0	0.00327869
0	1
0	0.00491803
0	0.0360656
0	0.0131148
0	0.00819672
0	0.00327869
0	1
0	0.047541
0	1
0	1
0	1
0	1
0	1
0	0.0213115
0	0.00819672
0	1
0	0.00491803
0	0.00327869
0	1
0	0.00819672
0	1
0	0.00983607
0	0.00819672
0	0.00819672
0	0.00491803
0	0.0360656
0	0.0114754
0	0.00655738
0	0.0278689
0	1
0	1
0	1
0	0.00819672
0	0.0114754
0	0.0262295
0	0.0180328
0	0.00983607
0	0.0557377
0	1
0	0.0360656
0	0.00327869
0	0.00327869
0	1
0	1
0	1
0	1
0	0.0114754
0	1
0	0.00327869
0	1
0	1
0	0.0360656
0	1
0	1
0	0.0311475
0	1
0	1
0	0.00655738
0	0.0278689
0	0.00327869
0	0.0163934
0	1
0	0.00655738
0	0.0114754
0	0.0360656
0	0.00819672
0	1
0	0.0163934
0	0.0213115
0	0.00819672
0	1
0	1
0	0.00655738
0	0.00819672
0	1
0	0.042623
0	0.0114754
0	1
0	0.0557377
0	0.00491803
0	0.00327869
0	0.00983607
0	1
0	0.0262295
0	1
0	0.0147541
0	0.0163934
0	0.0295082
0	1
0	0.00983607
0	0.0147541
0	0.00983607
0	1
0	0.00983607
0	0.00819672
0	0.00655738
0	0.0262295
0	0.00819672
0	0.0114754
0	0.00819672
0	0.0245902
0	1
0	0.00327869
0	0.0131148
0	1
0	0.00327869
0	0.0213115
0	0.00327869
0	0.00491803
0	0.00491803
0	0.0229508
0	0.00655738
0	0.00491803
0	1
0	0.00655738
0	0.00655738
0	0.042623
0	inf
0	1
0	0.00327869
0	1
0	0.00491803
0	0.00655738
0	1
0	1
0	1
0	0.00491803
0	0.00163934
0	1
0	0.00491803
0	0.0245902
0	1
0	0.0327869
0	0.0360656
0	1
0	0.00491803
0	0.00655738
0	0.00327869
0	0.00819672
0	0.0114754
0	1
0	0.0213115
0	1
0	1
0	0.0262295
0	0.0360656
0	0.0262295
0	1
0	0.00327869
0	0.00327869
0	0.0180328
0	0.0245902
0	1
0	0.00327869
0	0.0327869
0	1
0	1
0	0.0311475
0	0.00327869
0	0.0114754
0	0.00655738
0	0.0180328
0	1
0	0.0262295
0	1
0	0.00491803
0	0.0114754
0	1
0	0.00491803
0	0.00327869
0	1
0	0.0131148
0	0.00983607
0	0.0131148
0	1
0	0.00327869
0	1
0	0.0180328
0	0.047541
0	1
0	1
0	1
0	0.0114754
0	0.00983607
0	1
0	0.0147541
0	0.00327869
0	0.00327869
0	0.00491803
0	0.0213115
0	1
0	1
0	0.00491803
0	0.0557377
0	0.0262295
0	0.0229508
0	0.00983607
0	0.00491803
0	0.0114754
0	0.00327869
0	0.0147541
0	1
0	0.0311475
0	0.00655738
0	0.00491803
0	1
0	1
0	0.0590164
0	0.00819672
0	1
0	0.00327869
0	0.0278689
0	1
0	0.00819672
0	0.00983607
0	1
0	1
0	0.042623
0	1
0	0.00327869
0	0.00819672
0	1
0	0.0295082
0	0.047541
0	1
0	1
0	1
0	1
0	1
0	1
0	1
0	1
0	0.00491803
0	0.0131148
0	0.00983607
0	1
0	0.00491803
0	1
0	0.0229508
0	1
0	0.047541
0	0.0131148
0	0.0278689
0	1
0	0.00819672
0	1
0	1
0	1
0	0.00655738
0	1
0	0.00819672
0	0.00327869
0	0.0557377
0	0.0147541
0	0.0180328
0	0.00491803
0	1
0	0.00491803
0	0.00491803
0	0.00327869
0	0.00655738
0	0.00819672
0	0.00655738
0	1
0	0.00819672
0	1
0	0.0114754
0	1
0	1
0	0.0278689
0	0.00327869
0	1
0	1
0	1
0	0.0590164
0	1
0	1
0	0.0131148
0	1
0	0.0114754
0	1
0	0.00491803
0	0.0278689
0	0.00819672
0	0.0114754
0	0.0590164
0	0.00491803
0	0.00491803
0	0.00491803
0	0.00491803
0	1
0	1
0	1
0	0.00491803
0	0.0131148
0	0.0180328
0	1
0	1
0	0.0245902
0	0.00819672
0	1
0	0.00983607
0	1
0	1
0	0.00819672
0	0.00655738
0	0.0147541
0	1
0	0.00491803
0	0.0360656
0	0.0114754
0	0.00491803
0	0.00327869
0	0.047541
0	0.00819672
0	0.0295082
0	0.00327869
0	1
0	0.042623
0	0.00655738
0	0.0278689
0	0.0114754
0	0.0229508
0	0.00491803
0	1
0	0.00983607
0	1
0	1
0	1
0	0.00491803
0	1
0	1
0	1
0	1
0	0.0213115
0	0.0114754
0	1
0	0.0163934
0	0.00655738
0	0.0245902
0	0.00819672
0	0.00983607
0	1
0	1
0	0.0180328
0	0.0295082
0	0.00327869
0	0.0295082
0	0.00491803
0	1
0	1
0	1
0	0.00655738
0	0.00491803
0	0.0262295
0	0.00819672
0	1
0	0.0114754
0	1
0	0.0163934
0	0.0262295
0	0.00819672
0	0.00327869
0	0.00327869
0	0.00983607
0	0.0213115
0	0.0229508
0	0.0245902
0	0.00327869
0	0.0245902
0	0.00819672
0	0.0295082
0	1
0	1
0	0.0163934
0	1
0	1
0	0.0114754
0	0.00819672
0	0.00327869
0	1
0	1
0	1
0	0.00491803
0	0.0590164
0	0.047541
0	0.0295082
0	0.0180328
0	1
0	0.00327869
0	1
0	0.00327869
0	1
0	0.00819672
0	0.0590164
0	0.0147541
0	0.0131148
0	0.00327869
0	1
0	0.0147541
0	0.0131148
0	0.0180328
0	0.00655738
0	0.00491803
0	0.0131148
0	0.0131148
0	0.0213115
0	0.00327869
0	0.00327869
0	1
0	0.0114754
0	0.00655738
0	0.00327869
0	0.0295082
0	1
0	0.00655738
0	0.00655738
0	0.0114754
0	1
0	0.00655738
0	0.00819672
0	0.00819672
0	0.0114754
0	0.0131148
0	0.00491803
0	0.0114754
0	0.00819672
0	0.0262295
0	0.00819672
0	0.0262295
0	0.00327869
0	1
0	0.00819672
0	0.0295082
0	1
0	1
0	0.0295082
0	1
0	1
0	0.0229508
0	0.0262295
0	1
0	1
0	1
0	0.047541
0	1
0	1
0	0.00819672
0	0.00327869
0	0.0262295
0	1
0	0.0311475
0	0.00327869
0	0.00327869
0	0.00491803
0	0.0163934
0	1
0	1
0	0.00491803
0	0.0311475
0	1
0	0.00327869
0	0.0180328
0	0.0163934
0	0.0590164
0	1
0	0.00491803
0	0.00655738
0	0.0213115
0	0.042623
0	0.00327869
0	1
0	0.00327869
0	0.0147541
0	0.0180328
0	0.0360656
0	0.00327869
0	1
0	1
0	0.00819672
0	0.00327869
0	0.00655738
0	0.0213115
0	0.00491803
0	0.0278689
0	0.0180328
0	0.00327869
0	0.0114754
0	0.00327869
0	1
0	0.00491803
0	0.00491803
0	0.0327869
0	1
0	1
0	0.0180328
0	0.00327869
0	0.0180328
0	1
0	0.0163934
0	0.00327869
0	0.0229508
0	0.0327869
0	0.00819672
0	0.00327869
0	0.00491803
0	0.0147541
0	0.0245902
0	0.0213115
0	0.00983607
0	0.00819672
0	1
0	1
0	1
0	1
0	1
0	0.00983607
0	0.0327869
0	0.00327869
0	0.00327869
0	1
0	0.0180328
0	0.0114754
0	1
0	1
0	1
0	0.00491803
0	0.0327869
0	0.00491803
0	0.00327869
0	1
0	1
0	0.0245902
0	0.00983607
0	1
0	0.00491803
0	0.00327869
0	0.00327869
0	0.00655738
0	0.00819672
0	0.00327869
0	0.00491803
0	1
0	0.0360656


