# Persistence diagram <GML/0569.gml>
#
# Dimension   : 1
# Entries     : 149
# Betti number: 149
0.0114754	inf
0.0131148	inf
0.0147541	inf
0.0180328	inf
0.0180328	inf
0.0180328	inf
0.0180328	inf
0.0213115	inf
0.0213115	inf
0.0213115	inf
0.0213115	inf
0.0213115	inf
0.0213115	inf
0.0229508	inf
0.0229508	inf
0.0229508	inf
0.0229508	inf
0.0229508	inf
0.0229508	inf
0.0229508	inf
0.0245902	inf
0.0245902	inf
0.0262295	inf
0.0262295	inf
0.0262295	inf
0.0262295	inf
0.0262295	inf
0.0278689	inf
0.0278689	inf
0.0278689	inf
0.0278689	inf
0.0278689	inf
0.0278689	inf
0.0278689	inf
0.0278689	inf
0.0295082	inf
0.0295082	inf
0.0295082	inf
0.0295082	inf
0.0295082	inf
0.0295082	inf
0.0295082	inf
0.0311475	inf
0.0311475	inf
0.0311475	inf
0.0311475	inf
0.0311475	inf
0.0311475	inf
0.0327869	inf
0.0327869	inf
0.0327869	inf
0.0327869	inf
0.0327869	inf
0.0360656	inf
0.0360656	inf
0.042623	inf
0.042623	inf
0.042623	inf
0.042623	inf
0.047541	inf
0.047541	inf
0.047541	inf
0.047541	inf
0.047541	inf
0.047541	inf
0.047541	inf
0.047541	inf
0.047541	inf
0.047541	inf
0.0557377	inf
0.0557377	inf
0.0557377	inf
0.0557377	inf
0.0557377	inf
0.0557377	inf
0.0557377	inf
0.0557377	inf
0.0557377	inf
0.0557377	inf
0.0557377	inf
0.0557377	inf
0.0590164	inf
0.0590164	inf
0.0590164	inf
0.0590164	inf
0.0590164	inf
0.0590164	inf
0.0590164	inf
0.0590164	inf
0.0590164	inf
0.0590164	inf
1	inf
1	inf
1	inf
1	inf
1	inf
1	inf
1	inf
1	inf
1	inf
1	inf
1	inf
1	inf
1	inf
1	inf
1	inf
1	inf
1	inf
1	inf
1	inf
1	inf
1	inf
1	inf
1	inf
1	inf
1	inf
1	inf
1	inf
1	inf
1	inf
1	inf
1	inf
1	inf
1	inf
1	inf
1	inf
1	inf
1	inf
1	inf
1	inf
1	inf
1	inf
1	inf
1	inf
1	inf
1	inf
1	inf
1	inf
1	inf
1	inf
1	inf
1	inf
1	inf
1	inf
1	inf
1	inf
1	inf
1	inf
1	inf
