# Persistence diagram <GML/0575.gml>
#
# Dimension   : 1
# Entries     : 166
# Betti number: 166
0.00327011	inf
0.00392413	inf
0.00457816	inf
0.00457816	inf
0.00523218	inf
0.00523218	inf
0.00523218	inf
0.00523218	inf
0.00523218	inf
0.0058862	inf
0.0058862	inf
0.00654022	inf
0.00654022	inf
0.00654022	inf
0.00654022	inf
0.00654022	inf
0.00654022	inf
0.00654022	inf
0.00719424	inf
0.00719424	inf
0.00719424	inf
0.00719424	inf
0.00719424	inf
0.00719424	inf
0.00719424	inf
0.00784827	inf
0.00784827	inf
0.00784827	inf
0.00784827	inf
0.00784827	inf
0.00784827	inf
0.00784827	inf
0.00784827	inf
0.00784827	inf
0.00784827	inf
0.00850229	inf
0.00850229	inf
0.00850229	inf
0.00915631	inf
0.00915631	inf
0.00915631	inf
0.00915631	inf
0.00915631	inf
0.00915631	inf
0.00915631	inf
0.00915631	inf
0.00915631	inf
0.00915631	inf
0.00981033	inf
0.00981033	inf
0.00981033	inf
0.0104644	inf
0.0111184	inf
0.0111184	inf
0.0111184	inf
0.0111184	inf
0.0111184	inf
0.0111184	inf
0.0111184	inf
0.0111184	inf
0.0111184	inf
0.0111184	inf
0.0111184	inf
0.0111184	inf
0.0111184	inf
0.0111184	inf
0.0111184	inf
0.0111184	inf
0.0111184	inf
0.0111184	inf
0.0124264	inf
0.0124264	inf
0.0124264	inf
0.0124264	inf
0.0124264	inf
0.0124264	inf
0.0124264	inf
0.0150425	inf
0.0150425	inf
0.0150425	inf
0.0150425	inf
0.0150425	inf
0.0150425	inf
0.0150425	inf
0.0150425	inf
0.0150425	inf
0.0150425	inf
0.0150425	inf
0.0170046	inf
0.0170046	inf
0.0170046	inf
0.0170046	inf
0.0170046	inf
0.0189666	inf
0.0189666	inf
0.0189666	inf
0.0189666	inf
0.0189666	inf
0.0189666	inf
0.0189666	inf
0.0189666	inf
0.0189666	inf
0.0189666	inf
0.0189666	inf
0.0189666	inf
0.0189666	inf
0.0189666	inf
0.0189666	inf
0.0189666	inf
0.0189666	inf
0.029431	inf
0.029431	inf
0.029431	inf
0.029431	inf
0.029431	inf
0.029431	inf
0.029431	inf
0.029431	inf
0.029431	inf
0.029431	inf
0.029431	inf
0.029431	inf
0.029431	inf
1	inf
1	inf
1	inf
1	inf
1	inf
1	inf
1	inf
1	inf
1	inf
1	inf
1	inf
1	inf
1	inf
1	inf
1	inf
1	inf
1	inf
1	inf
1	inf
1	inf
1	inf
1	inf
1	inf
1	inf
1	inf
1	inf
1	inf
1	inf
1	inf
1	inf
1	inf
1	inf
1	inf
1	inf
1	inf
1	inf
1	inf
1	inf
1	inf
1	inf
1	inf
1	inf
1	inf
