# Persistence diagram <GML/0584.gml>
#
# Dimension   : 1
# Entries     : 189
# Betti number: 189
0.0125523	inf
0.0292887	inf
0.0292887	inf
0.0292887	inf
0.0292887	inf
0.0334728	inf
0.0334728	inf
0.0334728	inf
0.0334728	inf
0.0334728	inf
0.0376569	inf
0.0376569	inf
0.0376569	inf
0.0376569	inf
0.0376569	inf
0.0376569	inf
0.0376569	inf
0.0376569	inf
0.0376569	inf
0.0376569	inf
0.0376569	inf
0.0376569	inf
0.0376569	inf
0.0376569	inf
0.0376569	inf
0.0376569	inf
0.041841	inf
0.041841	inf
0.041841	inf
0.041841	inf
0.041841	inf
0.041841	inf
0.041841	inf
0.041841	inf
0.041841	inf
0.041841	inf
0.041841	inf
0.041841	inf
0.041841	inf
0.041841	inf
0.041841	inf
0.0460251	inf
0.0460251	inf
0.0460251	inf
0.0460251	inf
0.0460251	inf
0.0460251	inf
0.0460251	inf
0.0460251	inf
0.0460251	inf
0.0460251	inf
0.0460251	inf
0.0460251	inf
0.0460251	inf
0.0502092	inf
0.0502092	inf
0.0502092	inf
0.0502092	inf
0.0543933	inf
0.0543933	inf
0.0543933	inf
0.0543933	inf
0.0543933	inf
0.0543933	inf
0.0585774	inf
0.0585774	inf
0.0585774	inf
0.0585774	inf
0.0585774	inf
0.0585774	inf
0.0585774	inf
0.0585774	inf
0.0585774	inf
0.0585774	inf
0.0627615	inf
0.0627615	inf
0.0627615	inf
0.0627615	inf
0.0627615	inf
0.0627615	inf
0.0627615	inf
0.0669456	inf
0.0669456	inf
0.0669456	inf
0.0669456	inf
0.0669456	inf
0.0669456	inf
0.0669456	inf
0.0669456	inf
0.0753138	inf
0.0753138	inf
0.0753138	inf
0.0753138	inf
0.0753138	inf
0.0753138	inf
0.0753138	inf
0.0753138	inf
0.0753138	inf
0.0753138	inf
0.0753138	inf
0.0753138	inf
0.0753138	inf
0.0753138	inf
0.0878661	inf
0.0878661	inf
0.0878661	inf
0.0878661	inf
0.0878661	inf
0.0878661	inf
0.0878661	inf
0.0878661	inf
0.0878661	inf
0.0920502	inf
0.0920502	inf
0.0920502	inf
0.0920502	inf
0.0920502	inf
0.104603	inf
0.104603	inf
0.104603	inf
0.104603	inf
0.104603	inf
0.104603	inf
0.104603	inf
0.104603	inf
0.104603	inf
0.104603	inf
0.104603	inf
0.104603	inf
0.104603	inf
0.188285	inf
0.188285	inf
0.188285	inf
0.188285	inf
0.188285	inf
0.188285	inf
0.188285	inf
0.188285	inf
0.188285	inf
0.188285	inf
0.188285	inf
0.188285	inf
0.188285	inf
1	inf
1	inf
1	inf
1	inf
1	inf
1	inf
1	inf
1	inf
1	inf
1	inf
1	inf
1	inf
1	inf
1	inf
1	inf
1	inf
1	inf
1	inf
1	inf
1	inf
1	inf
1	inf
1	inf
1	inf
1	inf
1	inf
1	inf
1	inf
1	inf
1	inf
1	inf
1	inf
1	inf
1	inf
1	inf
1	inf
1	inf
1	inf
1	inf
1	inf
1	inf
1	inf
1	inf
1	inf
1	inf
1	inf
