# Persistence diagram <GML/0585.gml>
#
# Dimension   : 1
# Entries     : 154
# Betti number: 153
0.0170213	inf
0.0212766	inf
0.0297872	0.102128
0.0340426	inf
0.0340426	inf
0.0382979	inf
0.0382979	inf
0.0425532	inf
0.0425532	inf
0.0425532	inf
0.0425532	inf
0.0425532	inf
0.0468085	inf
0.0468085	inf
0.0468085	inf
0.0468085	inf
0.0468085	inf
0.0510638	inf
0.0510638	inf
0.0510638	inf
0.0510638	inf
0.0510638	inf
0.0510638	inf
0.0510638	inf
0.0553191	inf
0.0553191	inf
0.0553191	inf
0.0553191	inf
0.0553191	inf
0.0553191	inf
0.0638298	inf
0.0638298	inf
0.0638298	inf
0.0638298	inf
0.0638298	inf
0.0638298	inf
0.0723404	inf
0.0723404	inf
0.0723404	inf
0.0723404	inf
0.0723404	inf
0.0851064	inf
0.0851064	inf
0.0851064	inf
0.0851064	inf
0.0851064	inf
0.093617	inf
0.093617	inf
0.093617	inf
0.093617	inf
0.093617	inf
0.093617	inf
0.093617	inf
0.093617	inf
0.093617	inf
0.093617	inf
0.093617	inf
0.093617	inf
0.093617	inf
0.093617	inf
0.102128	inf
0.102128	inf
0.102128	inf
0.153191	inf
0.153191	inf
0.153191	inf
0.153191	inf
0.153191	inf
0.153191	inf
0.153191	inf
0.153191	inf
0.153191	inf
0.153191	inf
0.161702	inf
0.161702	inf
0.161702	inf
0.161702	inf
0.161702	inf
0.161702	inf
0.161702	inf
0.161702	inf
0.161702	inf
0.161702	inf
0.182979	inf
0.182979	inf
0.182979	inf
0.182979	inf
0.182979	inf
0.182979	inf
0.182979	inf
0.182979	inf
0.182979	inf
0.182979	inf
0.182979	inf
0.182979	inf
0.212766	inf
0.212766	inf
0.212766	inf
0.212766	inf
0.212766	inf
0.212766	inf
0.212766	inf
0.212766	inf
0.212766	inf
0.212766	inf
0.212766	inf
0.212766	inf
0.212766	inf
0.212766	inf
0.212766	inf
0.212766	inf
1	inf
1	inf
1	inf
1	inf
1	inf
1	inf
1	inf
1	inf
1	inf
1	inf
1	inf
1	inf
1	inf
1	inf
1	inf
1	inf
1	inf
1	inf
1	inf
1	inf
1	inf
1	inf
1	inf
1	inf
1	inf
1	inf
1	inf
1	inf
1	inf
1	inf
1	inf
1	inf
1	inf
1	inf
1	inf
1	inf
1	inf
1	inf
1	inf
1	inf
1	inf
1	inf
1	inf
