# Persistence diagram <GML/0585.gml>
#
# Dimension   : 0
# Entries     : 972
# Betti number: 14
0	inf
0	0.161702
0	0.161702
0	0.093617
0	1
0	0.0340426
0	0.153191
0	0.0468085
0	0.0340426
0	0.0638298
0	1
0	0.0425532
0	0.0382979
0	0.0382979
0	0.0340426
0	1
0	inf
0	0.0468085
0	0.0425532
0	0.153191
0	0.0297872
0	0.0851064
0	1
0	0.0468085
0	0.0255319
0	0.0638298
0	0.0638298
0	0.0297872
0	1
0	0.0212766
0	0.0297872
0	0.0553191
0	0.0340426
0	0.012766
0	0.093617
0	0.0553191
0	0.212766
0	0.153191
0	0.0255319
0	0.0340426
0	0.0638298
0	0.153191
0	0.0638298
0	1
0	1
0	0.0212766
0	0.0255319
0	0.0425532
0	0.212766
0	0.0297872
0	0.161702
0	0.161702
0	0.0170213
0	0.0553191
0	0.0340426
0	0.0297872
0	0.0297872
0	0.093617
0	0.0212766
0	1
0	0.0638298
0	0.0340426
0	inf
0	0.012766
0	0.0170213
0	0.0340426
0	0.0425532
0	0.0468085
0	0.093617
0	0.182979
0	0.0425532
0	1
0	0.0255319
0	0.0255319
0	0.0255319
0	1
0	0.093617
0	0.093617
0	0.0553191
0	0.0553191
0	0.0510638
0	0.0468085
0	0.0638298
0	0.0851064
0	1
0	0.0425532
0	0.102128
0	0.102128
0	0.0340426
0	0.0297872
0	1
0	0.0510638
0	0.0340426
0	0.0851064
0	0.0170213
0	0.0425532
0	0.0255319
0	0.153191
0	0.0170213
0	1
0	0.0297872
0	0.102128
0	0.0212766
0	0.182979
0	0.0638298
0	0.0425532
0	0.093617
0	0.0212766
0	0.0553191
0	0.0212766
0	0.153191
0	0.0638298
0	0.0297872
0	0.093617
0	inf
0	0.0212766
0	inf
0	1
0	1
0	0.00851064
0	0.102128
0	0.0170213
0	0.0255319
0	0.153191
0	0.0297872
0	0.0340426
0	0.0170213
0	1
0	inf
0	1
0	0.0553191
0	0.093617
0	1
0	1
0	1
0	0.093617
0	1
0	inf
0	0.0255319
0	0.0468085
0	0.0340426
0	0.0340426
0	0.212766
0	0.102128
0	1
0	0.0212766
0	1
0	0.0255319
0	1
0	0.0468085
0	0.102128
0	0.182979
0	inf
0	0.0425532
0	0.0340426
0	0.0468085
0	0.0468085
0	inf
0	0.161702
0	0.182979
0	0.212766
0	0.182979
0	1
0	0.0212766
0	0.0638298
0	0.0638298
0	0.0297872
0	0.0212766
0	0.0212766
0	0.0170213
0	0.012766
0	0.0425532
0	0.0297872
0	1
0	0.0425532
0	0.161702
0	1
0	0.00851064
0	0.182979
0	0.0340426
0	0.0212766
0	0.0255319
0	0.0255319
0	0.0340426
0	1
0	0.0212766
0	0.0638298
0	1
0	inf
0	1
0	0.012766
0	1
0	0.0255319
0	1
0	0.0638298
0	0.161702
0	0.012766
0	0.0340426
0	0.0255319
0	0.0425532
0	1
0	0.012766
0	0.0638298
0	1
0	0.00851064
0	0.0425532
0	0.0340426
0	0.0170213
0	0.0553191
0	0.0340426
0	0.0170213
0	0.00425532
0	0.0170213
0	0.00851064
0	0.0510638
0	0.00851064
0	0.00851064
0	0.0170213
0	0.0297872
0	0.0297872
0	0.0638298
0	0.093617
0	0.093617
0	0.0212766
0	1
0	0.0723404
0	1
0	0.0425532
0	1
0	0.093617
0	1
0	0.0212766
0	0.0723404
0	0.0638298
0	0.012766
0	0.212766
0	0.0170213
0	0.0468085
0	1
0	0.012766
0	1
0	0.102128
0	0.0340426
0	0.212766
0	1
0	1
0	0.0340426
0	0.182979
0	1
0	0.0212766
0	0.012766
0	1
0	1
0	0.0212766
0	1
0	0.0170213
0	0.0851064
0	0.0212766
0	1
0	inf
0	0.012766
0	1
0	0.0297872
0	0.0255319
0	0.0212766
0	0.0212766
0	0.0255319
0	0.00851064
0	1
0	1
0	1
0	0.00425532
0	1
0	0.00851064
0	0.0212766
0	0.0212766
0	0.0553191
0	0.0425532
0	0.102128
0	0.0212766
0	0.0468085
0	0.0170213
0	0.161702
0	0.0212766
0	0.012766
0	0.0425532
0	0.0212766
0	0.0297872
0	1
0	1
0	0.012766
0	0.0255319
0	0.00851064
0	0.0212766
0	0.0510638
0	0.0468085
0	0.212766
0	0.212766
0	0.153191
0	0.012766
0	0.0255319
0	0.0425532
0	0.0851064
0	0.012766
0	0.0212766
0	inf
0	0.0297872
0	0.0170213
0	0.00851064
0	0.161702
0	0.012766
0	0.00851064
0	0.012766
0	0.00851064
0	0.0510638
0	0.0212766
0	0.0553191
0	0.0255319
0	0.102128
0	0.0255319
0	0.0255319
0	0.0297872
0	0.0255319
0	inf
0	0.0468085
0	0.012766
0	0.0255319
0	0.0425532
0	0.161702
0	0.0170213
0	0.012766
0	0.0468085
0	0.00851064
0	1
0	0.0638298
0	0.153191
0	0.0212766
0	1
0	1
0	0.0297872
0	1
0	0.0468085
0	0.0255319
0	0.0468085
0	0.0212766
0	0.012766
0	0.0255319
0	0.0212766
0	0.0468085
0	0.012766
0	0.0212766
0	0.093617
0	0.0212766
0	0.012766
0	0.153191
0	0.0170213
0	0.0340426
0	0.0468085
0	0.012766
0	0.0468085
0	1
0	1
0	0.00851064
0	0.093617
0	1
0	0.00851064
0	0.093617
0	0.0638298
0	0.00851064
0	1
0	0.00425532
0	0.0255319
0	0.0851064
0	0.0468085
0	1
0	1
0	0.0510638
0	0.0340426
0	0.012766
0	0.0255319
0	0.0255319
0	0.0170213
0	0.161702
0	0.0170213
0	0.0255319
0	0.0297872
0	0.0170213
0	0.153191
0	0.00851064
0	0.0553191
0	0.212766
0	0.0170213
0	0.00851064
0	0.00851064
0	0.0638298
0	1
0	0.153191
0	0.0425532
0	0.0553191
0	0.0170213
0	0.00851064
0	1
0	0.0212766
0	1
0	0.0297872
0	0.0255319
0	0.161702
0	0.0340426
0	0.0170213
0	0.102128
0	0.0212766
0	0.0170213
0	1
0	0.0468085
0	0.161702
0	0.0170213
0	0.0212766
0	0.212766
0	0.0212766
0	0.0553191
0	0.0170213
0	0.0851064
0	0.0468085
0	0.0510638
0	1
0	0.0340426
0	0.182979
0	1
0	0.0425532
0	0.212766
0	0.00851064
0	0.0297872
0	0.0212766
0	1
0	0.161702
0	1
0	0.102128
0	0.0340426
0	0.00851064
0	0.0170213
0	0.0340426
0	1
0	0.182979
0	0.0255319
0	1
0	0.0255319
0	1
0	0.00851064
0	1
0	0.0255319
0	1
0	0.00851064
0	0.0297872
0	0.00851064
0	0.012766
0	1
0	1
0	0.0255319
0	0.012766
0	1
0	0.0212766
0	0.0212766
0	0.0212766
0	0.0340426
0	0.0170213
0	0.0297872
0	0.0297872
0	1
0	0.102128
0	0.212766
0	1
0	0.0212766
0	0.0255319
0	0.212766
0	0.012766
0	0.0170213
0	1
0	0.0468085
0	0.0851064
0	0.0170213
0	0.0212766
0	0.102128
0	1
0	0.0255319
0	0.0468085
0	0.0212766
0	0.00851064
0	1
0	0.00851064
0	0.0553191
0	0.0468085
0	0.212766
0	0.0340426
0	0.0212766
0	0.0340426
0	0.0723404
0	0.00851064
0	0.0638298
0	1
0	0.0340426
0	0.0638298
0	0.012766
0	0.182979
0	0.0340426
0	0.0170213
0	1
0	0.0255319
0	1
0	1
0	0.0212766
0	0.0170213
0	0.00851064
0	0.0638298
0	0.0212766
0	0.00425532
0	0.0382979
0	0.0510638
0	1
0	0.0212766
0	0.0170213
0	0.0212766
0	0.0468085
0	0.0212766
0	0.0212766
0	0.0468085
0	1
0	0.012766
0	0.0510638
0	0.012766
0	inf
0	0.00851064
0	0.00851064
0	0.0212766
0	0.0425532
0	0.00425532
0	1
0	0.0255319
0	0.0255319
0	1
0	0.0170213
0	0.0468085
0	0.0340426
0	0.012766
0	0.0212766
0	0.0468085
0	0.0170213
0	0.0212766
0	0.00851064
0	1
0	1
0	0.0638298
0	0.0212766
0	0.093617
0	0.0170213
0	1
0	0.0255319
0	0.00851064
0	1
0	0.0297872
0	0.0425532
0	0.00851064
0	0.0255319
0	1
0	0.0255319
0	0.012766
0	1
0	1
0	0.0170213
0	0.0638298
0	0.0553191
0	0.0170213
0	0.012766
0	1
0	0.00851064
0	0.0212766
0	0.182979
0	0.0255319
0	1
0	1
0	0.00851064
0	0.00425532
0	0.0212766
0	0.0638298
0	0.012766
0	0.012766
0	0.161702
0	0.012766
0	0.0212766
0	0.0212766
0	0.0212766
0	0.00851064
0	0.00851064
0	0.0382979
0	0.0170213
0	0.212766
0	0.153191
0	0.0297872
0	0.0297872
0	0.0255319
0	0.0170213
0	0.00851064
0	0.00425532
0	0.00851064
0	0.0212766
0	1
0	0.00851064
0	0.0212766
0	0.0255319
0	0.0255319
0	1
0	0.012766
0	0.00425532
0	0.0170213
0	0.0468085
0	0.0170213
0	0.0170213
0	0.212766
0	1
0	0.0170213
0	0.0212766
0	0.00851064
0	0.212766
0	0.0468085
0	0.182979
0	0.0638298
0	0.012766
0	0.00851064
0	0.0297872
0	0.0638298
0	0.0255319
0	1
0	0.0212766
0	0.161702
0	0.0340426
0	0.182979
0	0.153191
0	0.161702
0	0.00851064
0	0.0255319
0	0.0723404
0	0.00851064
0	0.00851064
0	0.153191
0	1
0	0.00851064
0	0.153191
0	0.0297872
0	1
0	0.0212766
0	1
0	1
0	0.0468085
0	0.0340426
0	0.182979
0	0.0297872
0	0.0468085
0	0.093617
0	0.0255319
0	0.182979
0	0.0297872
0	0.00851064
0	0.0255319
0	0.212766
0	0.00851064
0	0.0468085
0	0.0638298
0	0.00851064
0	0.0212766
0	0.153191
0	0.0638298
0	0.0255319
0	0.00851064
0	0.00851064
0	0.0170213
0	1
0	0.212766
0	1
0	0.212766
0	0.0340426
0	0.0212766
0	0.0553191
0	1
0	1
0	0.00425532
0	0.0170213
0	0.0170213
0	1
0	0.00851064
0	0.0170213
0	0.0468085
0	0.0297872
0	1
0	1
0	1
0	0.012766
0	0.00851064
0	0.0468085
0	1
0	0.0170213
0	0.212766
0	0.0553191
0	0.0340426
0	1
0	0.0297872
0	0.182979
0	0.012766
0	0.00851064
0	0.0170213
0	0.0170213
0	1
0	0.093617
0	0.0297872
0	1
0	0.012766
0	0.102128
0	0.00851064
0	0.182979
0	1
0	0.0255319
0	1
0	0.0255319
0	1
0	0.00851064
0	0.0255319
0	0.153191
0	0.0553191
0	0.0212766
0	0.0212766
0	0.0255319
0	0.161702
0	0.00851064
0	0.012766
0	1
0	0.093617
0	1
0	1
0	0.0638298
0	0.0297872
0	1
0	0.012766
0	0.0212766
0	0.0212766
0	0.0170213
0	0.0340426
0	0.0851064
0	0.0255319
0	0.012766
0	0.0468085
0	0.0297872
0	0.0170213
0	0.012766
0	0.093617
0	0.161702
0	0.093617
0	0.00851064
0	0.0170213
0	0.0340426
0	0.0340426
0	1
0	0.0425532
0	0.0468085
0	0.0170213
0	0.012766
0	0.00851064
0	0.00851064
0	1
0	1
0	1
0	0.0255319
0	0.00851064
0	0.00851064
0	0.0553191
0	0.0297872
0	0.00851064
0	0.0340426
0	0.00851064
0	0.00851064
0	0.00851064
0	0.0255319
0	0.012766
0	0.0170213
0	0.0255319
0	0.00851064
0	1
0	0.0340426
0	0.0170213
0	1
0	0.00851064
0	0.0468085
0	0.212766
0	1
0	1
0	0.0468085
0	0.0297872
0	0.0212766
0	0.012766
0	1
0	0.0297872
0	1
0	0.0255319
0	0.00851064
0	0.0340426
0	0.093617
0	0.0212766
0	0.0255319
0	0.161702
0	0.161702
0	1
0	1
0	0.012766
0	0.0468085
0	0.0340426
0	0.012766
0	0.0297872
0	0.012766
0	0.0340426
0	0.0425532
0	0.0212766
0	0.00851064
0	1
0	0.182979
0	0.0212766
0	0.0553191
0	1
0	0.0297872
0	0.00851064
0	0.012766
0	0.0553191
0	1
0	0.0297872
0	0.00851064
0	0.212766
0	0.0297872
0	0.153191
0	0.153191
0	0.0851064
0	0.102128
0	0.0510638
0	1
0	0.0170213
0	0.0212766
0	0.012766
0	0.0638298
0	0.0297872
0	1
0	0.0638298
0	1
0	0.012766
0	0.00851064
0	0.0468085
0	0.00851064
0	0.0255319
0	0.012766
0	0.0212766
0	1
0	0.0297872
0	1
0	0.00851064
0	0.0255319
0	0.0468085
0	0.0255319
0	1
0	0.161702
0	0.0425532
0	0.212766
0	0.0212766
0	0.0170213
0	1
0	1
0	0.00851064
0	0.0212766
0	0.0170213
0	0.0340426
0	0.012766
0	0.0382979
0	0.0170213
0	0.0170213
0	0.012766
0	0.0170213
0	1
0	0.0212766
0	0.00851064
0	0.0170213
0	1
0	0.00851064
0	0.00851064
0	0.0510638
0	1
0	0.012766
0	0.0255319
0	0.0553191
0	0.0468085
0	1
0	0.0553191
0	0.0468085
0	1
0	0.0255319
0	0.161702
0	0.0297872
0	0.0255319
0	0.0255319
0	0.0212766
0	0.0638298
0	1
0	0.0212766
0	0.0638298
0	0.0255319
0	1
0	0.0553191
0	0.0510638
0	0.012766
0	0.161702
0	1
0	0.0851064
0	0.00851064
0	0.0170213
0	1
0	0.0170213
0	0.012766
0	0.0297872
0	1
0	0.012766
0	0.0212766
0	0.0425532
0	0.0425532
0	0.0553191
0	0.00851064
0	0.00851064
0	0.012766
0	1
0	1
0	0.0297872
0	0.0255319
0	0.0170213
0	0.0170213
0	0.0553191
0	0.00851064
0	0.0425532
0	0.0340426
0	0.0638298
0	0.0851064
0	0.00851064
0	0.0723404
0	0.0170213
0	0.0851064
0	0.012766
0	0.0851064
0	1
0	0.012766
0	0.153191
0	0.0638298
0	0.00851064
0	0.012766
0	0.012766
0	0.093617
0	0.093617
0	0.212766
0	1
0	0.00851064
0	0.0170213
0	0.212766
0	0.0425532
0	0.00851064
0	0.012766
0	0.153191
0	0.00425532
0	0.0170213
0	0.012766
0	0.0553191
0	0.00851064
0	0.00851064
0	0.0425532


