# Persistence diagram <GML/0587.gml>
#
# Dimension   : 1
# Entries     : 449
# Betti number: 449
0.00369004	inf
0.00369004	inf
0.00442804	inf
0.00590406	inf
0.00664207	inf
0.00664207	inf
0.00664207	inf
0.00738007	inf
0.00738007	inf
0.00738007	inf
0.00738007	inf
0.00738007	inf
0.00738007	inf
0.00738007	inf
0.00738007	inf
0.00738007	inf
0.00738007	inf
0.00738007	inf
0.00738007	inf
0.00738007	inf
0.00811808	inf
0.00811808	inf
0.00811808	inf
0.00811808	inf
0.00811808	inf
0.00811808	inf
0.00811808	inf
0.00885609	inf
0.00885609	inf
0.00885609	inf
0.00885609	inf
0.00885609	inf
0.00885609	inf
0.00885609	inf
0.00885609	inf
0.00885609	inf
0.00885609	inf
0.00885609	inf
0.00885609	inf
0.00885609	inf
0.00885609	inf
0.00885609	inf
0.00885609	inf
0.00885609	inf
0.00885609	inf
0.00885609	inf
0.00885609	inf
0.00885609	inf
0.00885609	inf
0.00885609	inf
0.00885609	inf
0.0095941	inf
0.0095941	inf
0.0095941	inf
0.0095941	inf
0.0095941	inf
0.0095941	inf
0.0095941	inf
0.0095941	inf
0.0095941	inf
0.0095941	inf
0.0095941	inf
0.0095941	inf
0.0095941	inf
0.0095941	inf
0.0095941	inf
0.0095941	inf
0.0095941	inf
0.0103321	inf
0.0103321	inf
0.0103321	inf
0.0103321	inf
0.0103321	inf
0.0103321	inf
0.0103321	inf
0.0103321	inf
0.0103321	inf
0.0103321	inf
0.0103321	inf
0.0103321	inf
0.0103321	inf
0.0103321	inf
0.0103321	inf
0.0103321	inf
0.0103321	inf
0.0103321	inf
0.0103321	inf
0.0103321	inf
0.0103321	inf
0.0103321	inf
0.0103321	inf
0.0103321	inf
0.0103321	inf
0.0103321	inf
0.0103321	inf
0.0103321	inf
0.0103321	inf
0.0103321	inf
0.0103321	inf
0.0103321	inf
0.0103321	inf
0.0103321	inf
0.0103321	inf
0.0103321	inf
0.0103321	inf
0.0103321	inf
0.0103321	inf
0.0103321	inf
0.0103321	inf
0.0103321	inf
0.0103321	inf
0.0103321	inf
0.0103321	inf
0.0110701	inf
0.0110701	inf
0.0110701	inf
0.0110701	inf
0.0110701	inf
0.0110701	inf
0.0110701	inf
0.0110701	inf
0.0110701	inf
0.0110701	inf
0.0110701	inf
0.0110701	inf
0.0110701	inf
0.0110701	inf
0.0110701	inf
0.0110701	inf
0.0110701	inf
0.0110701	inf
0.0110701	inf
0.0110701	inf
0.0110701	inf
0.0110701	inf
0.0118081	inf
0.0118081	inf
0.0118081	inf
0.0118081	inf
0.0118081	inf
0.0118081	inf
0.0118081	inf
0.0118081	inf
0.0118081	inf
0.0118081	inf
0.0118081	inf
0.0118081	inf
0.0118081	inf
0.0118081	inf
0.0118081	inf
0.0118081	inf
0.0118081	inf
0.0118081	inf
0.0118081	inf
0.0118081	inf
0.0118081	inf
0.0118081	inf
0.0118081	inf
0.0118081	inf
0.0118081	inf
0.0118081	inf
0.0118081	inf
0.0118081	inf
0.0118081	inf
0.0118081	inf
0.0118081	inf
0.0118081	inf
0.0118081	inf
0.0125461	inf
0.0125461	inf
0.0125461	inf
0.0125461	inf
0.0125461	inf
0.0125461	inf
0.0125461	inf
0.0125461	inf
0.0125461	inf
0.0125461	inf
0.0132841	inf
0.0132841	inf
0.0132841	inf
0.0132841	inf
0.0132841	inf
0.0132841	inf
0.0132841	inf
0.0132841	inf
0.0132841	inf
0.0132841	inf
0.0132841	inf
0.0132841	inf
0.0132841	inf
0.0132841	inf
0.0132841	inf
0.0140221	inf
0.0140221	inf
0.0140221	inf
0.0140221	inf
0.0140221	inf
0.0140221	inf
0.0147601	inf
0.0147601	inf
0.0154982	inf
0.0154982	inf
0.0154982	inf
0.0154982	inf
0.0154982	inf
0.0154982	inf
0.0154982	inf
0.0154982	inf
0.0154982	inf
0.0154982	inf
0.0162362	inf
0.0162362	inf
0.0162362	inf
0.0162362	inf
0.0169742	inf
0.0169742	inf
0.0169742	inf
0.0169742	inf
0.0169742	inf
0.0169742	inf
0.0169742	inf
0.0169742	inf
0.0169742	inf
0.0169742	inf
0.0169742	inf
0.0169742	inf
0.0169742	inf
0.0169742	inf
0.0169742	inf
0.0169742	inf
0.0169742	inf
0.0169742	inf
0.0169742	inf
0.0177122	inf
0.0177122	inf
0.0177122	inf
0.0177122	inf
0.0177122	inf
0.0177122	inf
0.0177122	inf
0.0177122	inf
0.0177122	inf
0.0177122	inf
0.0191882	inf
0.0191882	inf
0.0191882	inf
0.0191882	inf
0.0191882	inf
0.0191882	inf
0.0191882	inf
0.0191882	inf
0.0206642	inf
0.0206642	inf
0.0206642	inf
0.0206642	inf
0.0206642	inf
0.0206642	inf
0.0206642	inf
0.0206642	inf
0.0206642	inf
0.0206642	inf
0.0206642	inf
0.0214022	inf
0.0214022	inf
0.0214022	inf
0.0214022	inf
0.0214022	inf
0.0214022	inf
0.0214022	inf
0.0214022	inf
0.0221402	inf
0.0221402	inf
0.0221402	inf
0.0221402	inf
0.0221402	inf
0.0221402	inf
0.0295203	inf
0.0295203	inf
0.0295203	inf
0.0295203	inf
0.0295203	inf
0.0295203	inf
0.0295203	inf
0.0295203	inf
0.0295203	inf
0.0295203	inf
0.0295203	inf
0.0295203	inf
0.0295203	inf
0.0295203	inf
0.0295203	inf
0.0295203	inf
0.0295203	inf
0.0295203	inf
0.0295203	inf
0.0295203	inf
0.0295203	inf
0.0295203	inf
0.0295203	inf
0.0295203	inf
0.0295203	inf
0.0295203	inf
0.0405904	inf
0.0405904	inf
0.0405904	inf
0.0405904	inf
0.0405904	inf
0.0405904	inf
0.0405904	inf
0.0405904	inf
0.0405904	inf
0.0405904	inf
0.0405904	inf
0.0405904	inf
0.0405904	inf
0.0405904	inf
0.0405904	inf
0.0405904	inf
0.0405904	inf
0.0405904	inf
0.0405904	inf
0.0405904	inf
1	inf
1	inf
1	inf
1	inf
1	inf
1	inf
1	inf
1	inf
1	inf
1	inf
1	inf
1	inf
1	inf
1	inf
1	inf
1	inf
1	inf
1	inf
1	inf
1	inf
1	inf
1	inf
1	inf
1	inf
1	inf
1	inf
1	inf
1	inf
1	inf
1	inf
1	inf
1	inf
1	inf
1	inf
1	inf
1	inf
1	inf
1	inf
1	inf
1	inf
1	inf
1	inf
1	inf
1	inf
1	inf
1	inf
1	inf
1	inf
1	inf
1	inf
1	inf
1	inf
1	inf
1	inf
1	inf
1	inf
1	inf
1	inf
1	inf
1	inf
1	inf
1	inf
1	inf
1	inf
1	inf
1	inf
1	inf
1	inf
1	inf
1	inf
1	inf
1	inf
1	inf
1	inf
1	inf
1	inf
1	inf
1	inf
1	inf
1	inf
1	inf
1	inf
1	inf
1	inf
1	inf
1	inf
1	inf
1	inf
1	inf
1	inf
1	inf
1	inf
1	inf
1	inf
1	inf
1	inf
1	inf
1	inf
1	inf
1	inf
1	inf
1	inf
1	inf
1	inf
1	inf
1	inf
1	inf
1	inf
1	inf
1	inf
1	inf
1	inf
1	inf
1	inf
1	inf
1	inf
1	inf
1	inf
1	inf
1	inf
1	inf
1	inf
1	inf
1	inf
1	inf
1	inf
