# Persistence diagram <GML/0589.gml>
#
# Dimension   : 1
# Entries     : 238
# Betti number: 238
0.0108025	inf
0.0108025	inf
0.0123457	inf
0.0123457	inf
0.0123457	inf
0.0123457	inf
0.0138889	inf
0.0138889	inf
0.0138889	inf
0.0138889	inf
0.0138889	inf
0.0138889	inf
0.0154321	inf
0.0154321	inf
0.0154321	inf
0.0154321	inf
0.0154321	inf
0.0169753	inf
0.0169753	inf
0.0169753	inf
0.0169753	inf
0.0169753	inf
0.0169753	inf
0.0169753	inf
0.0169753	inf
0.0169753	inf
0.0169753	inf
0.0169753	inf
0.0169753	inf
0.0169753	inf
0.0169753	inf
0.0169753	inf
0.0169753	inf
0.0185185	inf
0.0185185	inf
0.0185185	inf
0.0185185	inf
0.0185185	inf
0.0185185	inf
0.0185185	inf
0.0185185	inf
0.0185185	inf
0.0185185	inf
0.0185185	inf
0.0200617	inf
0.0200617	inf
0.0200617	inf
0.0200617	inf
0.0200617	inf
0.0200617	inf
0.0200617	inf
0.0200617	inf
0.0200617	inf
0.0200617	inf
0.0200617	inf
0.0200617	inf
0.0200617	inf
0.0200617	inf
0.0200617	inf
0.0200617	inf
0.0200617	inf
0.0216049	inf
0.0216049	inf
0.0216049	inf
0.0216049	inf
0.0216049	inf
0.0216049	inf
0.0216049	inf
0.0216049	inf
0.0231481	inf
0.0231481	inf
0.0231481	inf
0.0231481	inf
0.0231481	inf
0.0231481	inf
0.0246914	inf
0.0246914	inf
0.0246914	inf
0.0246914	inf
0.0246914	inf
0.0246914	inf
0.0246914	inf
0.0246914	inf
0.0246914	inf
0.0262346	inf
0.0262346	inf
0.0262346	inf
0.0262346	inf
0.0262346	inf
0.0262346	inf
0.0262346	inf
0.0262346	inf
0.0262346	inf
0.0262346	inf
0.0262346	inf
0.0262346	inf
0.0262346	inf
0.0262346	inf
0.0262346	inf
0.0262346	inf
0.0262346	inf
0.0262346	inf
0.0262346	inf
0.0262346	inf
0.0262346	inf
0.0262346	inf
0.0262346	inf
0.0277778	inf
0.0277778	inf
0.0277778	inf
0.0324074	inf
0.0324074	inf
0.0324074	inf
0.0324074	inf
0.0324074	inf
0.0354938	inf
0.0354938	inf
0.0354938	inf
0.0354938	inf
0.0354938	inf
0.0354938	inf
0.0354938	inf
0.0354938	inf
0.0354938	inf
0.0354938	inf
0.0354938	inf
0.0354938	inf
0.037037	inf
0.037037	inf
0.037037	inf
0.037037	inf
0.037037	inf
0.037037	inf
0.037037	inf
0.037037	inf
0.037037	inf
0.037037	inf
0.037037	inf
0.037037	inf
0.037037	inf
0.037037	inf
0.037037	inf
0.037037	inf
0.037037	inf
0.0385802	inf
0.0385802	inf
0.0385802	inf
0.0385802	inf
0.0385802	inf
0.0385802	inf
0.0462963	inf
0.0462963	inf
0.0462963	inf
0.0462963	inf
0.0462963	inf
0.0462963	inf
0.0462963	inf
0.0462963	inf
0.0462963	inf
0.0462963	inf
0.0462963	inf
0.0910494	inf
0.0910494	inf
0.0910494	inf
0.0910494	inf
0.0910494	inf
0.0910494	inf
0.0910494	inf
0.0910494	inf
0.0910494	inf
0.0910494	inf
0.0910494	inf
0.0910494	inf
0.0910494	inf
0.0910494	inf
0.0910494	inf
0.0910494	inf
0.0910494	inf
0.0910494	inf
0.0910494	inf
0.0910494	inf
1	inf
1	inf
1	inf
1	inf
1	inf
1	inf
1	inf
1	inf
1	inf
1	inf
1	inf
1	inf
1	inf
1	inf
1	inf
1	inf
1	inf
1	inf
1	inf
1	inf
1	inf
1	inf
1	inf
1	inf
1	inf
1	inf
1	inf
1	inf
1	inf
1	inf
1	inf
1	inf
1	inf
1	inf
1	inf
1	inf
1	inf
1	inf
1	inf
1	inf
1	inf
1	inf
1	inf
1	inf
1	inf
1	inf
1	inf
1	inf
1	inf
1	inf
1	inf
1	inf
1	inf
1	inf
1	inf
1	inf
1	inf
