# Persistence diagram <GML/0590.gml>
#
# Dimension   : 1
# Entries     : 314
# Betti number: 314
0.00296736	inf
0.00445104	inf
0.00445104	inf
0.00445104	inf
0.00519288	inf
0.00519288	inf
0.00519288	inf
0.00593472	inf
0.00593472	inf
0.00593472	inf
0.00593472	inf
0.0074184	inf
0.0074184	inf
0.0074184	inf
0.0074184	inf
0.0074184	inf
0.0074184	inf
0.0074184	inf
0.0074184	inf
0.0074184	inf
0.0074184	inf
0.00816024	inf
0.00816024	inf
0.00816024	inf
0.00816024	inf
0.00816024	inf
0.00816024	inf
0.00816024	inf
0.00816024	inf
0.00816024	inf
0.00816024	inf
0.00816024	inf
0.00816024	inf
0.00816024	inf
0.00890208	inf
0.00890208	inf
0.00890208	inf
0.00890208	inf
0.00964392	inf
0.00964392	inf
0.00964392	inf
0.00964392	inf
0.00964392	inf
0.00964392	inf
0.00964392	inf
0.00964392	inf
0.00964392	inf
0.0103858	inf
0.0103858	inf
0.0103858	inf
0.0103858	inf
0.0103858	inf
0.0103858	inf
0.0103858	inf
0.0103858	inf
0.0103858	inf
0.0103858	inf
0.0103858	inf
0.0103858	inf
0.0103858	inf
0.0103858	inf
0.0103858	inf
0.0103858	inf
0.0103858	inf
0.0103858	inf
0.0103858	inf
0.0103858	inf
0.0103858	inf
0.0103858	inf
0.0103858	inf
0.0103858	inf
0.0103858	inf
0.0111276	inf
0.0111276	inf
0.0111276	inf
0.0111276	inf
0.0111276	inf
0.0111276	inf
0.0111276	inf
0.0111276	inf
0.0111276	inf
0.0111276	inf
0.0118694	inf
0.0118694	inf
0.0118694	inf
0.0118694	inf
0.0118694	inf
0.0118694	inf
0.0118694	inf
0.0118694	inf
0.0118694	inf
0.0118694	inf
0.0118694	inf
0.0118694	inf
0.0118694	inf
0.0118694	inf
0.0118694	inf
0.0118694	inf
0.0118694	inf
0.0118694	inf
0.0126113	inf
0.0133531	inf
0.0133531	inf
0.0133531	inf
0.0133531	inf
0.0133531	inf
0.0133531	inf
0.0133531	inf
0.0133531	inf
0.0133531	inf
0.0133531	inf
0.0133531	inf
0.0133531	inf
0.0133531	inf
0.0133531	inf
0.0133531	inf
0.0133531	inf
0.0133531	inf
0.014095	inf
0.014095	inf
0.014095	inf
0.014095	inf
0.014095	inf
0.014095	inf
0.0148368	inf
0.0148368	inf
0.0148368	inf
0.0148368	inf
0.0155786	inf
0.0155786	inf
0.0155786	inf
0.0155786	inf
0.0155786	inf
0.0155786	inf
0.0155786	inf
0.0155786	inf
0.0155786	inf
0.0155786	inf
0.0155786	inf
0.0155786	inf
0.0155786	inf
0.0155786	inf
0.0155786	inf
0.0163205	inf
0.0163205	inf
0.0163205	inf
0.0163205	inf
0.0163205	inf
0.0163205	inf
0.0163205	inf
0.0163205	inf
0.0163205	inf
0.0163205	inf
0.0163205	inf
0.0163205	inf
0.0163205	inf
0.0163205	inf
0.0163205	inf
0.0163205	inf
0.0163205	inf
0.0163205	inf
0.0170623	inf
0.0170623	inf
0.0170623	inf
0.0170623	inf
0.0192878	inf
0.0192878	inf
0.0192878	inf
0.0192878	inf
0.0192878	inf
0.0192878	inf
0.0192878	inf
0.0192878	inf
0.0192878	inf
0.0192878	inf
0.0192878	inf
0.0192878	inf
0.0192878	inf
0.0207715	inf
0.0207715	inf
0.0207715	inf
0.0207715	inf
0.0207715	inf
0.0207715	inf
0.0207715	inf
0.0207715	inf
0.0207715	inf
0.0207715	inf
0.0207715	inf
0.0207715	inf
0.0207715	inf
0.0207715	inf
0.0207715	inf
0.0207715	inf
0.0281899	inf
0.0281899	inf
0.0281899	inf
0.0281899	inf
0.0281899	inf
0.0281899	inf
0.0281899	inf
0.0281899	inf
0.0281899	inf
0.0281899	inf
1	inf
1	inf
1	inf
1	inf
1	inf
1	inf
1	inf
1	inf
1	inf
1	inf
1	inf
1	inf
1	inf
1	inf
1	inf
1	inf
1	inf
1	inf
1	inf
1	inf
1	inf
1	inf
1	inf
1	inf
1	inf
1	inf
1	inf
1	inf
1	inf
1	inf
1	inf
1	inf
1	inf
1	inf
1	inf
1	inf
1	inf
1	inf
1	inf
1	inf
1	inf
1	inf
1	inf
1	inf
1	inf
1	inf
1	inf
1	inf
1	inf
1	inf
1	inf
1	inf
1	inf
1	inf
1	inf
1	inf
1	inf
1	inf
1	inf
1	inf
1	inf
1	inf
1	inf
1	inf
1	inf
1	inf
1	inf
1	inf
1	inf
1	inf
1	inf
1	inf
1	inf
1	inf
1	inf
1	inf
1	inf
1	inf
1	inf
1	inf
1	inf
1	inf
1	inf
1	inf
1	inf
1	inf
1	inf
1	inf
1	inf
1	inf
1	inf
1	inf
1	inf
1	inf
1	inf
1	inf
1	inf
1	inf
1	inf
1	inf
1	inf
1	inf
1	inf
1	inf
1	inf
1	inf
1	inf
1	inf
1	inf
1	inf
