# Persistence diagram <GML/0591.gml>
#
# Dimension   : 1
# Entries     : 167
# Betti number: 167
0.0231214	inf
0.0346821	inf
0.0346821	inf
0.0404624	inf
0.0404624	inf
0.0404624	inf
0.0404624	inf
0.0404624	inf
0.0462428	inf
0.0462428	inf
0.0462428	inf
0.0462428	inf
0.0462428	inf
0.0462428	inf
0.0520231	inf
0.0520231	inf
0.0520231	inf
0.0520231	inf
0.0520231	inf
0.0578035	inf
0.0578035	inf
0.0578035	inf
0.0578035	inf
0.0578035	inf
0.0578035	inf
0.0578035	inf
0.0578035	inf
0.0635838	inf
0.0635838	inf
0.0693642	inf
0.0693642	inf
0.0693642	inf
0.0693642	inf
0.0693642	inf
0.0693642	inf
0.0751445	inf
0.0751445	inf
0.0751445	inf
0.0751445	inf
0.0751445	inf
0.0751445	inf
0.0751445	inf
0.0751445	inf
0.0751445	inf
0.0751445	inf
0.0751445	inf
0.0751445	inf
0.0751445	inf
0.0809249	inf
0.0809249	inf
0.0809249	inf
0.0809249	inf
0.0809249	inf
0.0924855	inf
0.0924855	inf
0.0924855	inf
0.0924855	inf
0.0924855	inf
0.0982659	inf
0.0982659	inf
0.0982659	inf
0.0982659	inf
0.0982659	inf
0.0982659	inf
0.0982659	inf
0.0982659	inf
0.0982659	inf
0.0982659	inf
0.115607	inf
0.115607	inf
0.115607	inf
0.115607	inf
0.115607	inf
0.115607	inf
0.115607	inf
0.115607	inf
0.132948	inf
0.132948	inf
0.132948	inf
0.132948	inf
0.132948	inf
0.132948	inf
0.132948	inf
0.144509	inf
0.144509	inf
0.144509	inf
0.144509	inf
0.144509	inf
0.144509	inf
0.144509	inf
0.144509	inf
0.144509	inf
0.150289	inf
0.150289	inf
0.150289	inf
0.150289	inf
0.150289	inf
0.150289	inf
0.150289	inf
0.150289	inf
0.150289	inf
0.150289	inf
0.150289	inf
0.16185	inf
0.16185	inf
0.16185	inf
0.16185	inf
0.16185	inf
0.16185	inf
0.16185	inf
0.16185	inf
0.16185	inf
0.16185	inf
0.16185	inf
0.16185	inf
1	inf
1	inf
1	inf
1	inf
1	inf
1	inf
1	inf
1	inf
1	inf
1	inf
1	inf
1	inf
1	inf
1	inf
1	inf
1	inf
1	inf
1	inf
1	inf
1	inf
1	inf
1	inf
1	inf
1	inf
1	inf
1	inf
1	inf
1	inf
1	inf
1	inf
1	inf
1	inf
1	inf
1	inf
1	inf
1	inf
1	inf
1	inf
1	inf
1	inf
1	inf
1	inf
1	inf
1	inf
1	inf
1	inf
1	inf
1	inf
1	inf
1	inf
1	inf
1	inf
