# Persistence diagram <GML/0591.gml>
#
# Dimension   : 0
# Entries     : 832
# Betti number: 3
0	inf
0	1
0	1
0	0.16185
0	0.0520231
0	0.115607
0	0.132948
0	1
0	0.115607
0	0.0520231
0	0.0751445
0	0.0462428
0	0.0751445
0	0.0751445
0	0.150289
0	0.0462428
0	0.0635838
0	0.0404624
0	0.0462428
0	0.0751445
0	0.0404624
0	0.0404624
0	0.0404624
0	0.144509
0	0.144509
0	1
0	0.0462428
0	1
0	0.0809249
0	0.115607
0	0.115607
0	0.0404624
0	0.0982659
0	0.0404624
0	0.0693642
0	0.0693642
0	0.0404624
0	1
0	0.0346821
0	0.0289017
0	1
0	1
0	0.0231214
0	0.150289
0	0.0346821
0	1
0	0.0231214
0	0.0578035
0	0.0520231
0	0.0809249
0	0.0231214
0	0.115607
0	0.115607
0	0.0231214
0	1
0	0.0289017
0	0.0231214
0	0.0346821
0	0.132948
0	0.16185
0	0.115607
0	0.0520231
0	0.0462428
0	0.0231214
0	0.0346821
0	0.0635838
0	0.0346821
0	0.0404624
0	0.0809249
0	0.0809249
0	0.0231214
0	0.0231214
0	0.017341
0	0.0289017
0	0.132948
0	0.0346821
0	1
0	1
0	0.017341
0	0.115607
0	0.0982659
0	0.0115607
0	1
0	0.0404624
0	0.0462428
0	0.0346821
0	0.0520231
0	0.0693642
0	0.0751445
0	0.115607
0	0.0346821
0	0.0289017
0	0.0462428
0	0.115607
0	0.0924855
0	0.0462428
0	0.150289
0	0.0751445
0	0.0751445
0	0.0346821
0	1
0	0.0520231
0	1
0	0.0635838
0	0.0346821
0	1
0	0.0346821
0	1
0	0.0289017
0	1
0	0.0404624
0	0.0520231
0	0.115607
0	0.132948
0	0.16185
0	0.0751445
0	0.0404624
0	0.0346821
0	0.115607
0	0.0346821
0	0.0346821
0	0.0462428
0	0.0289017
0	0.0520231
0	0.0231214
0	0.0693642
0	0.0751445
0	0.0346821
0	0.0346821
0	0.115607
0	0.0346821
0	0.0520231
0	0.0289017
0	0.0693642
0	0.0462428
0	0.150289
0	0.0520231
0	0.0462428
0	0.0289017
0	1
0	0.0231214
0	1
0	0.0751445
0	1
0	1
0	0.0404624
0	0.0346821
0	0.0924855
0	0.150289
0	0.115607
0	0.0462428
0	0.0346821
0	0.0404624
0	0.0462428
0	0.0520231
0	0.0404624
0	0.0231214
0	0.0578035
0	0.0231214
0	0.0231214
0	0.0346821
0	0.0462428
0	0.144509
0	0.0231214
0	0.0346821
0	1
0	0.0404624
0	1
0	0.0462428
0	0.0404624
0	0.144509
0	0.0751445
0	0.0982659
0	inf
0	0.0809249
0	0.0289017
0	0.0751445
0	0.0115607
0	1
0	0.0520231
0	0.144509
0	0.017341
0	0.0115607
0	0.0462428
0	0.0404624
0	1
0	0.16185
0	0.017341
0	1
0	0.0346821
0	1
0	0.0346821
0	0.0289017
0	0.0346821
0	0.0346821
0	0.115607
0	0.0751445
0	0.017341
0	1
0	0.017341
0	0.0346821
0	0.0289017
0	0.0982659
0	0.0693642
0	0.0404624
0	0.0231214
0	0.0115607
0	1
0	1
0	0.0462428
0	0.0231214
0	0.144509
0	0.0404624
0	1
0	0.0115607
0	0.0346821
0	0.132948
0	0.0346821
0	0.16185
0	0.017341
0	0.0289017
0	0.0462428
0	0.0520231
0	0.0982659
0	0.0462428
0	0.0115607
0	0.0231214
0	0.115607
0	0.0462428
0	0.0231214
0	0.0462428
0	1
0	0.0346821
0	0.0520231
0	0.0346821
0	0.0462428
0	0.0231214
0	0.132948
0	0.0693642
0	1
0	0.132948
0	0.0231214
0	0.0231214
0	0.0231214
0	0.017341
0	0.0115607
0	0.115607
0	0.0462428
0	0.0520231
0	0.150289
0	1
0	0.0982659
0	0.132948
0	0.0231214
0	0.144509
0	0.0346821
0	0.017341
0	0.132948
0	0.0289017
0	0.144509
0	0.0693642
0	0.0231214
0	0.017341
0	0.0924855
0	0.0115607
0	0.0115607
0	0.16185
0	0.0231214
0	0.0346821
0	0.0231214
0	0.0404624
0	0.0751445
0	0.0231214
0	1
0	0.0404624
0	0.0404624
0	0.0231214
0	0.144509
0	1
0	0.0751445
0	1
0	0.0231214
0	0.0289017
0	0.0404624
0	0.017341
0	0.0231214
0	0.0404624
0	0.0982659
0	0.150289
0	0.115607
0	1
0	0.0289017
0	1
0	0.017341
0	0.017341
0	0.0982659
0	1
0	0.0404624
0	0.0231214
0	0.0289017
0	1
0	0.017341
0	0.0404624
0	1
0	0.0404624
0	0.0231214
0	0.16185
0	1
0	0.017341
0	0.0231214
0	0.0520231
0	0.0289017
0	0.16185
0	0.16185
0	1
0	0.0115607
0	0.0346821
0	0.017341
0	1
0	0.0982659
0	0.0289017
0	1
0	1
0	0.0462428
0	0.0231214
0	0.017341
0	0.0462428
0	0.0462428
0	0.132948
0	0.0751445
0	0.0289017
0	0.0231214
0	0.0115607
0	1
0	0.16185
0	1
0	0.0462428
0	0.150289
0	0.0115607
0	0.0462428
0	0.0404624
0	0.0231214
0	1
0	0.0346821
0	0.0231214
0	1
0	0.0346821
0	0.0289017
0	0.0231214
0	0.017341
0	0.0520231
0	0.0346821
0	0.0289017
0	0.0520231
0	0.115607
0	0.0404624
0	0.017341
0	0.0289017
0	0.0462428
0	0.0462428
0	1
0	1
0	0.017341
0	0.115607
0	0.0231214
0	1
0	0.0462428
0	0.017341
0	0.0520231
0	0.0462428
0	0.0115607
0	0.0693642
0	1
0	0.132948
0	0.0346821
0	0.0462428
0	0.0462428
0	0.0115607
0	0.115607
0	0.150289
0	0.0462428
0	0.132948
0	0.0289017
0	0.0520231
0	0.0462428
0	0.017341
0	0.0346821
0	0.0115607
0	1
0	1
0	0.0578035
0	0.0231214
0	0.16185
0	1
0	0.0115607
0	0.017341
0	0.0520231
0	0.0404624
0	0.115607
0	0.0462428
0	1
0	0.0346821
0	0.0115607
0	0.0982659
0	0.0346821
0	1
0	1
0	1
0	1
0	0.0462428
0	0.0115607
0	0.0462428
0	0.0289017
0	0.0346821
0	0.0462428
0	0.0693642
0	0.017341
0	1
0	0.0693642
0	0.0404624
0	0.0635838
0	0.0809249
0	0.0404624
0	0.0404624
0	0.0520231
0	0.0115607
0	0.017341
0	0.0404624
0	0.0520231
0	0.0462428
0	0.0115607
0	1
0	0.0346821
0	0.0231214
0	1
0	1
0	0.017341
0	0.0289017
0	1
0	0.0404624
0	0.0115607
0	0.017341
0	0.0289017
0	0.0751445
0	inf
0	0.017341
0	0.0289017
0	0.0404624
0	0.017341
0	0.0231214
0	0.0231214
0	0.0289017
0	0.0462428
0	0.0231214
0	1
0	0.0346821
0	0.0115607
0	0.0751445
0	0.0289017
0	0.0231214
0	0.150289
0	0.0751445
0	0.0346821
0	0.017341
0	0.0231214
0	0.0520231
0	0.0635838
0	0.0289017
0	0.0231214
0	0.0231214
0	0.0751445
0	0.0115607
0	0.0404624
0	0.0924855
0	0.0346821
0	0.0115607
0	0.017341
0	0.0751445
0	0.017341
0	0.0115607
0	0.017341
0	0.0404624
0	0.0289017
0	0.0462428
0	0.0346821
0	0.0462428
0	0.0231214
0	0.017341
0	0.0231214
0	0.16185
0	0.0346821
0	0.150289
0	0.0462428
0	0.0115607
0	1
0	0.115607
0	0.0231214
0	0.0115607
0	0.0115607
0	0.0289017
0	0.017341
0	0.0231214
0	0.0289017
0	0.0346821
0	0.017341
0	0.0289017
0	0.0520231
0	0.017341
0	0.0346821
0	0.150289
0	0.0231214
0	0.0982659
0	0.144509
0	0.0115607
0	0.017341
0	1
0	0.0115607
0	0.0289017
0	0.0404624
0	0.0462428
0	1
0	0.0404624
0	0.0346821
0	0.0346821
0	1
0	0.0346821
0	0.0115607
0	0.0289017
0	0.0520231
0	0.144509
0	0.0751445
0	0.0231214
0	0.0924855
0	0.0115607
0	0.144509
0	0.0115607
0	0.132948
0	0.0231214
0	0.0346821
0	0.0115607
0	0.0751445
0	0.017341
0	0.0578035
0	0.0346821
0	0.0982659
0	0.0231214
0	0.0462428
0	0.0115607
0	0.0231214
0	0.0404624
0	0.0231214
0	0.144509
0	0.0462428
0	0.0346821
0	1
0	0.0231214
0	0.0231214
0	0.0231214
0	1
0	0.017341
0	1
0	0.0751445
0	0.0346821
0	0.0231214
0	0.0115607
0	0.0809249
0	0.0635838
0	0.0289017
0	0.017341
0	1
0	0.017341
0	0.0289017
0	1
0	0.017341
0	0.0520231
0	0.017341
0	0.017341
0	1
0	0.115607
0	0.0404624
0	0.017341
0	0.0289017
0	0.0289017
0	0.0231214
0	0.017341
0	0.00578035
0	1
0	0.00578035
0	0.0115607
0	1
0	0.0462428
0	0.0231214
0	0.0231214
0	0.017341
0	0.0346821
0	0.0924855
0	0.0924855
0	1
0	1
0	1
0	0.0346821
0	0.0346821
0	0.017341
0	0.017341
0	0.0289017
0	0.0289017
0	0.0462428
0	0.144509
0	0.017341
0	0.0520231
0	0.115607
0	0.017341
0	1
0	0.0751445
0	0.0231214
0	0.0693642
0	0.0635838
0	0.0751445
0	0.017341
0	0.0462428
0	0.0404624
0	0.0462428
0	1
0	0.017341
0	0.0115607
0	0.0115607
0	0.0289017
0	0.0520231
0	0.0462428
0	0.0231214
0	1
0	0.0635838
0	0.0289017
0	0.0520231
0	0.0346821
0	0.0231214
0	0.0404624
0	0.0115607
0	0.0404624
0	0.16185
0	0.150289
0	0.0115607
0	0.0751445
0	0.017341
0	0.0346821
0	0.0115607
0	0.017341
0	0.0462428
0	0.017341
0	0.0404624
0	0.0115607
0	0.0404624
0	1
0	0.017341
0	0.115607
0	0.0809249
0	0.0231214
0	0.017341
0	0.0982659
0	0.0115607
0	0.0520231
0	0.0231214
0	0.0231214
0	0.0115607
0	0.0115607
0	1
0	0.017341
0	0.0115607
0	0.0982659
0	0.017341
0	0.0982659
0	0.0115607
0	1
0	0.0115607
0	0.0231214
0	0.132948
0	0.017341
0	0.0115607
0	0.0404624
0	0.017341
0	0.0404624
0	0.0404624
0	0.0231214
0	0.0231214
0	0.017341
0	0.144509
0	0.0115607
0	0.0231214
0	0.115607
0	0.0346821
0	0.0924855
0	0.0115607
0	0.0982659
0	0.0635838
0	0.115607
0	1
0	0.0520231
0	0.0115607
0	0.017341
0	0.0462428
0	0.0115607
0	0.0289017
0	0.017341
0	1
0	0.0231214
0	0.0404624
0	0.0231214
0	0.0231214
0	0.16185
0	0.017341
0	1
0	1
0	0.0115607
0	1
0	1
0	0.017341
0	0.0982659
0	0.0751445
0	1
0	0.0115607
0	0.0115607
0	0.0231214
0	0.0520231
0	0.0231214
0	0.0693642
0	0.017341
0	0.0289017
0	0.0115607
0	0.0520231
0	1
0	0.0231214
0	0.0346821
0	0.132948
0	0.0751445
0	0.0231214
0	0.0404624
0	0.017341
0	0.0462428
0	0.0289017
0	0.017341
0	0.0346821
0	0.0231214
0	1
0	0.0289017
0	0.0289017
0	0.0115607
0	0.0982659
0	1
0	0.0693642
0	0.0924855
0	1
0	0.017341
0	0.017341
0	0.0982659
0	0.0520231
0	0.0231214
0	0.0115607
0	0.0693642
0	0.0404624
0	0.0231214
0	0.0346821
0	1
0	0.0115607
0	1
0	0.0115607
0	0.0115607
0	0.0289017
0	1
0	0.0289017
0	0.0115607
0	0.017341
0	0.0231214
0	0.0751445
0	1
0	0.0520231
0	0.0751445
0	0.017341
0	0.0115607
0	0.017341
0	0.0346821
0	0.017341
0	0.017341
0	0.0346821
0	0.017341
0	1
0	0.0346821
0	0.0462428
0	1
0	0.017341
0	0.017341
0	0.0462428
0	0.0115607
0	0.0462428
0	0.0346821
0	0.0462428
0	1
0	0.017341
0	0.0231214
0	0.0231214
0	0.017341
0	1
0	0.017341
0	0.0115607
0	0.0346821
0	1
0	0.0115607
0	0.0346821
0	1
0	0.0231214
0	0.0115607
0	0.115607
0	0.0115607
0	0.0751445
0	0.0231214
0	0.0346821
0	1
0	0.0289017
0	0.0289017
0	0.0231214
0	0.0462428
0	0.0578035
0	0.0115607
0	0.017341
0	0.0231214
0	0.0115607
0	1
0	0.017341
0	0.0231214
0	0.150289
0	1
0	0.0115607
0	0.0231214


