# Persistence diagram <GML/0596.gml>
#
# Dimension   : 0
# Entries     : 890
# Betti number: 2
0	inf
0	1
0	0.110169
0	0.0720339
0	0.0635593
0	1
0	0.0889831
0	1
0	1
0	1
0	0.110169
0	0.0635593
0	1
0	0.029661
0	0.0338983
0	0.114407
0	1
0	0.364407
0	1
0	0.0508475
0	1
0	0.0423729
0	0.029661
0	1
0	0.0932203
0	0.364407
0	0.101695
0	0.0635593
0	1
0	1
0	0.0889831
0	0.110169
0	1
0	0.00847458
0	1
0	0.0381356
0	0.110169
0	0.0889831
0	0.029661
0	1
0	0.0338983
0	0.0720339
0	0.364407
0	0.364407
0	0.0254237
0	0.0720339
0	0.110169
0	0.0635593
0	1
0	0.00847458
0	0.00847458
0	0.0254237
0	1
0	0.110169
0	0.0720339
0	1
0	1
0	0.0720339
0	1
0	0.110169
0	0.0466102
0	0.114407
0	1
0	0.0127119
0	1
0	0.0338983
0	1
0	0.0466102
0	0.0211864
0	0.110169
0	1
0	0.0550847
0	0.0550847
0	0.0423729
0	0.0720339
0	0.364407
0	0.0254237
0	1
0	1
0	0.110169
0	0.364407
0	0.0932203
0	0.00847458
0	0.0254237
0	0.101695
0	1
0	1
0	0.110169
0	0.0169492
0	0.0254237
0	0.0635593
0	0.101695
0	0.0381356
0	0.0211864
0	0.0254237
0	0.0932203
0	0.0423729
0	1
0	0.0211864
0	0.0381356
0	1
0	0.0211864
0	0.0635593
0	0.0889831
0	0.0889831
0	0.0466102
0	0.101695
0	0.0254237
0	0.0211864
0	0.110169
0	0.364407
0	0.0889831
0	0.114407
0	0.0254237
0	0.0889831
0	0.00847458
0	0.0466102
0	0.110169
0	0.0127119
0	1
0	0.101695
0	0.0254237
0	0.029661
0	1
0	0.0338983
0	0.0338983
0	0.0932203
0	0.0381356
0	1
0	0.0254237
0	0.0508475
0	0.101695
0	0.0932203
0	0.0889831
0	0.0211864
0	0.0211864
0	0.029661
0	0.114407
0	0.0635593
0	0.364407
0	1
0	0.110169
0	0.0423729
0	0.0254237
0	0.0169492
0	1
0	0.0720339
0	0.0466102
0	1
0	0.364407
0	0.0338983
0	1
0	0.364407
0	0.0508475
0	0.364407
0	0.364407
0	1
0	0.0169492
0	0.0254237
0	0.0932203
0	0.364407
0	0.0381356
0	0.0508475
0	0.110169
0	1
0	0.0169492
0	1
0	0.0720339
0	0.0423729
0	0.364407
0	0.364407
0	0.0254237
0	1
0	0.0338983
0	0.110169
0	0.0720339
0	0.364407
0	0.0466102
0	0.0466102
0	1
0	0.0211864
0	0.0169492
0	1
0	0.00847458
0	1
0	0.101695
0	0.0635593
0	1
0	0.0338983
0	0.0254237
0	0.0338983
0	1
0	0.110169
0	0.0720339
0	0.0338983
0	0.0635593
0	0.0127119
0	0.0127119
0	0.0635593
0	0.00847458
0	0.0127119
0	0.0466102
0	1
0	0.0508475
0	0.0338983
0	1
0	0.0635593
0	0.101695
0	0.00847458
0	0.029661
0	0.0423729
0	0.0508475
0	0.0211864
0	1
0	1
0	1
0	0.114407
0	0.0169492
0	0.0720339
0	0.0381356
0	0.0338983
0	0.0466102
0	0.0889831
0	0.0381356
0	0.114407
0	0.114407
0	0.110169
0	0.00847458
0	0.364407
0	1
0	0.0254237
0	0.0381356
0	1
0	0.0466102
0	0.0381356
0	0.0423729
0	0.0338983
0	1
0	0.110169
0	0.0889831
0	0.0889831
0	0.114407
0	0.0635593
0	0.0635593
0	1
0	1
0	0.364407
0	0.0381356
0	0.0720339
0	1
0	0.0423729
0	0.0466102
0	0.0338983
0	0.00847458
0	0.0466102
0	0.0508475
0	0.029661
0	0.0211864
0	1
0	0.364407
0	0.364407
0	0.110169
0	0.00847458
0	0.110169
0	0.110169
0	0.364407
0	0.110169
0	0.0381356
0	0.00847458
0	1
0	0.0889831
0	1
0	1
0	0.114407
0	1
0	0.00847458
0	0.0635593
0	0.0508475
0	0.0720339
0	0.0550847
0	0.0508475
0	0.0127119
0	0.0127119
0	0.0508475
0	0.00847458
0	0.364407
0	0.0127119
0	1
0	0.0127119
0	1
0	0.0127119
0	0.0169492
0	0.0466102
0	0.0720339
0	0.114407
0	0.0127119
0	0.0720339
0	0.029661
0	0.0381356
0	1
0	0.029661
0	0.0338983
0	0.0169492
0	0.0466102
0	1
0	0.364407
0	0.00847458
0	0.0254237
0	0.0338983
0	0.0254237
0	0.0466102
0	0.364407
0	0.0127119
0	0.0127119
0	0.0127119
0	0.0466102
0	0.029661
0	0.0932203
0	0.0466102
0	0.0127119
0	0.00847458
0	0.0127119
0	0.0127119
0	0.364407
0	1
0	0.0169492
0	0.0127119
0	0.0169492
0	0.0381356
0	0.364407
0	0.0381356
0	0.00847458
0	1
0	0.364407
0	1
0	0.0381356
0	0.00847458
0	0.0169492
0	0.0127119
0	1
0	0.0889831
0	0.364407
0	0.0127119
0	0.0169492
0	1
0	0.0508475
0	1
0	0.0127119
0	0.0127119
0	1
0	0.00847458
0	0.0932203
0	0.0254237
0	0.0127119
0	0.114407
0	0.0508475
0	0.0423729
0	1
0	0.0169492
0	0.364407
0	0.0127119
0	0.0466102
0	0.0127119
0	0.0338983
0	0.0635593
0	0.0381356
0	0.364407
0	0.0169492
0	0.0466102
0	0.110169
0	0.0550847
0	0.0127119
0	0.0127119
0	0.00847458
0	0.0127119
0	0.0169492
0	0.364407
0	0.0381356
0	0.0508475
0	0.0211864
0	0.0211864
0	0.364407
0	1
0	0.0508475
0	0.0932203
0	1
0	0.364407
0	0.0635593
0	0.0508475
0	0.0338983
0	0.0338983
0	0.0127119
0	0.0550847
0	1
0	0.0932203
0	1
0	0.0127119
0	0.364407
0	0.364407
0	0.364407
0	0.00847458
0	0.0127119
0	0.0423729
0	0.0381356
0	0.0169492
0	inf
0	1
0	0.00847458
0	0.0127119
0	0.0508475
0	0.029661
0	0.0381356
0	0.0508475
0	0.0254237
0	0.0423729
0	0.0423729
0	0.00847458
0	0.0127119
0	0.00847458
0	0.0169492
0	0.364407
0	0.00847458
0	0.0466102
0	1
0	0.0338983
0	0.0635593
0	1
0	0.114407
0	0.0932203
0	0.0720339
0	1
0	0.0169492
0	0.101695
0	0.0211864
0	0.0635593
0	1
0	0.364407
0	0.0550847
0	0.0423729
0	0.0211864
0	0.0508475
0	1
0	0.0211864
0	1
0	0.110169
0	0.0127119
0	0.0169492
0	0.101695
0	1
0	0.0169492
0	1
0	1
0	1
0	0.00847458
0	0.0211864
0	1
0	0.364407
0	0.0169492
0	0.00847458
0	1
0	0.0423729
0	0.0127119
0	0.110169
0	0.0254237
0	0.0466102
0	0.0889831
0	0.0508475
0	0.0127119
0	0.0889831
0	1
0	0.0720339
0	0.0254237
0	1
0	1
0	0.114407
0	0.0508475
0	0.0211864
0	0.0211864
0	1
0	0.0720339
0	0.0127119
0	0.114407
0	0.0508475
0	0.364407
0	0.0508475
0	0.0508475
0	0.364407
0	0.0381356
0	0.0889831
0	0.0254237
0	1
0	0.0932203
0	0.364407
0	0.0466102
0	0.0211864
0	1
0	0.0550847
0	1
0	1
0	0.0211864
0	0.00847458
0	0.0127119
0	0.110169
0	0.110169
0	0.0127119
0	0.00847458
0	0.029661
0	0.364407
0	0.0169492
0	0.0381356
0	0.00847458
0	0.0211864
0	0.00847458
0	1
0	0.110169
0	0.0169492
0	0.0211864
0	0.0127119
0	0.0423729
0	1
0	0.0127119
0	0.101695
0	0.029661
0	0.00847458
0	0.110169
0	0.0211864
0	0.0254237
0	0.0169492
0	0.00847458
0	0.0169492
0	0.0338983
0	0.0127119
0	0.0381356
0	0.0508475
0	1
0	0.364407
0	0.110169
0	0.0127119
0	0.0169492
0	0.114407
0	1
0	0.0720339
0	0.0254237
0	0.0508475
0	0.00847458
0	0.364407
0	0.110169
0	0.110169
0	0.0423729
0	0.0169492
0	0.0169492
0	0.114407
0	0.114407
0	0.364407
0	0.0635593
0	0.0127119
0	0.110169
0	0.00847458
0	0.00847458
0	0.364407
0	1
0	0.00423729
0	0.00847458
0	0.0381356
0	0.0211864
0	0.0127119
0	0.0169492
0	1
0	0.00847458
0	1
0	0.0720339
0	0.0254237
0	0.110169
0	0.364407
0	0.0127119
0	1
0	0.114407
0	0.0423729
0	1
0	0.00847458
0	0.00847458
0	0.0381356
0	0.0466102
0	1
0	0.0550847
0	1
0	0.0211864
0	0.0169492
0	0.0381356
0	1
0	1
0	0.364407
0	1
0	0.0254237
0	1
0	0.0932203
0	0.0550847
0	0.0381356
0	0.0169492
0	0.0254237
0	0.0169492
0	0.00847458
0	0.110169
0	0.00847458
0	1
0	0.0508475
0	0.0127119
0	1
0	0.0466102
0	0.0381356
0	0.0423729
0	0.0254237
0	0.00847458
0	0.0127119
0	0.0338983
0	0.0508475
0	0.0254237
0	1
0	0.110169
0	0.364407
0	0.00847458
0	0.0381356
0	0.110169
0	0.0127119
0	0.0127119
0	1
0	0.114407
0	0.110169
0	0.0127119
0	0.0550847
0	0.110169
0	0.0169492
0	1
0	1
0	0.0254237
0	0.0127119
0	0.0169492
0	0.0254237
0	0.0932203
0	0.00847458
0	0.029661
0	0.0720339
0	0.00847458
0	0.0466102
0	0.114407
0	0.0423729
0	0.0127119
0	0.0466102
0	1
0	0.364407
0	0.00847458
0	0.101695
0	0.00847458
0	1
0	0.0550847
0	1
0	0.0127119
0	0.00847458
0	0.0127119
0	0.0169492
0	0.0127119
0	0.0211864
0	0.110169
0	1
0	0.0127119
0	0.0508475
0	1
0	0.0211864
0	0.0720339
0	0.364407
0	0.0169492
0	0.0381356
0	0.0169492
0	0.0169492
0	0.110169
0	0.0381356
0	0.364407
0	0.0127119
0	0.00847458
0	0.00847458
0	0.00847458
0	0.00847458
0	0.0423729
0	0.0466102
0	1
0	1
0	0.0381356
0	0.0169492
0	1
0	0.0169492
0	0.364407
0	0.0932203
0	0.00847458
0	1
0	0.0423729
0	0.00847458
0	0.00847458
0	0.0127119
0	0.364407
0	0.110169
0	0.00847458
0	1
0	0.0169492
0	0.0211864
0	0.0466102
0	0.0211864
0	0.0466102
0	0.0211864
0	0.00847458
0	0.0169492
0	0.0127119
0	1
0	1
0	0.110169
0	0.0466102
0	0.101695
0	0.0254237
0	0.0466102
0	0.0932203
0	0.0169492
0	0.029661
0	0.0932203
0	0.0381356
0	1
0	0.00847458
0	0.0211864
0	0.0211864
0	0.00847458
0	0.0466102
0	0.0127119
0	1
0	0.0338983
0	0.0127119
0	0.0338983
0	0.0127119
0	0.0720339
0	0.0508475
0	0.00847458
0	0.0338983
0	0.364407
0	1
0	1
0	0.0127119
0	0.0127119
0	0.00847458
0	0.0127119
0	0.0254237
0	0.364407
0	0.110169
0	0.0127119
0	0.00847458
0	0.0381356
0	0.0169492
0	0.0720339
0	0.00847458
0	0.00847458
0	0.364407
0	1
0	0.101695
0	1
0	1
0	0.0127119
0	0.0423729
0	0.0381356
0	0.00847458
0	0.0127119
0	0.00847458
0	0.0211864
0	0.0466102
0	1
0	0.364407
0	0.0127119
0	0.110169
0	0.0127119
0	0.0466102
0	0.364407
0	0.0889831
0	0.0254237
0	0.0211864
0	0.0127119
0	1
0	0.364407
0	0.0466102
0	0.114407
0	0.101695
0	0.0381356
0	0.364407
0	0.0169492
0	0.0720339
0	0.00847458
0	1
0	0.0127119
0	0.0127119
0	0.0932203
0	0.0169492
0	0.0508475
0	0.0127119
0	0.110169
0	0.0127119
0	1
0	0.0423729
0	0.00847458
0	1
0	0.364407
0	0.00847458
0	0.00847458
0	1
0	0.0254237
0	0.0254237
0	0.0211864
0	0.0127119
0	0.114407
0	0.029661
0	0.0508475
0	0.00847458
0	0.0423729
0	0.0254237
0	0.00847458
0	0.0635593
0	1
0	1
0	0.0720339
0	0.0466102
0	0.0211864
0	0.0211864
0	1
0	0.0466102
0	0.0169492
0	0.0381356
0	0.0127119
0	0.0338983
0	0.0127119
0	1
0	0.0466102
0	0.0338983
0	0.0338983
0	1
0	0.0254237
0	0.029661
0	0.0127119
0	0.0169492
0	0.0635593
0	0.0169492
0	1
0	0.0338983
0	0.110169
0	1
0	0.029661
0	0.0508475
0	0.00847458
0	0.00847458
0	0.0211864
0	0.364407
0	0.0127119
0	1
0	0.00847458
0	0.0889831
0	0.0338983
0	0.00847458
0	0.0381356
0	1
0	1
0	0.0169492
0	0.0211864
0	0.0127119
0	0.0889831
0	0.0127119
0	0.364407
0	0.364407
0	0.0932203
0	0.0127119
0	0.0254237
0	0.0211864
0	1
0	1
0	0.0169492
0	0.0720339
0	1
0	0.0720339
0	0.00847458
0	0.00847458
0	0.0254237
0	1
0	0.029661
0	0.0508475
0	0.0169492
0	0.00847458
0	0.0254237
0	0.364407
0	1


