# Persistence diagram <GML/0606.gml>
#
# Dimension   : 0
# Entries     : 913
# Betti number: 4
0	inf
0	0.571429
0	0.457143
0	0.285714
0	inf
0	0.285714
0	0.257143
0	0.571429
0	0.314286
0	0.228571
0	0.257143
0	0.457143
0	0.457143
0	0.485714
0	0.314286
0	0.228571
0	0.285714
0	0.971429
0	0.542857
0	0.542857
0	0.257143
0	0.257143
0	0.542857
0	0.542857
0	0.628571
0	0.285714
0	0.2
0	0.457143
0	0.257143
0	0.285714
0	0.171429
0	0.171429
0	0.314286
0	0.171429
0	0.171429
0	0.314286
0	0.314286
0	0.142857
0	0.4
0	0.228571
0	0.571429
0	0.542857
0	0.428571
0	0.457143
0	0.314286
0	0.314286
0	0.257143
0	0.314286
0	0.514286
0	0.171429
0	0.457143
0	0.971429
0	0.4
0	0.285714
0	0.314286
0	0.257143
0	0.142857
0	0.114286
0	0.457143
0	0.457143
0	0.457143
0	0.342857
0	0.228571
0	0.0857143
0	0.285714
0	0.314286
0	0.457143
0	0.285714
0	0.371429
0	0.342857
0	0.971429
0	0.542857
0	0.314286
0	0.171429
0	0.4
0	0.228571
0	0.142857
0	0.342857
0	0.342857
0	0.971429
0	0.314286
0	0.0857143
0	0.571429
0	0.571429
0	0.171429
0	inf
0	0.142857
0	0.342857
0	0.457143
0	0.171429
0	0.314286
0	0.171429
0	0.285714
0	0.542857
0	0.2
0	0.485714
0	0.314286
0	0.285714
0	0.2
0	0.171429
0	0.2
0	0.428571
0	0.285714
0	0.542857
0	0.0857143
0	0.314286
0	0.457143
0	0.314286
0	0.514286
0	1
0	0.342857
0	0.457143
0	0.342857
0	0.342857
0	0.457143
0	0.142857
0	0.228571
0	0.228571
0	0.314286
0	0.257143
0	0.142857
0	0.371429
0	0.0857143
0	0.485714
0	0.571429
0	0.342857
0	0.171429
0	0.257143
0	0.428571
0	0.542857
0	0.142857
0	0.228571
0	0.142857
0	0.485714
0	0.257143
0	0.314286
0	0.314286
0	0.142857
0	0.285714
0	0.485714
0	0.285714
0	0.142857
0	0.142857
0	0.314286
0	0.485714
0	0.257143
0	0.171429
0	0.0857143
0	0.2
0	0.228571
0	0.257143
0	0.542857
0	0.2
0	0.171429
0	0.0857143
0	0.2
0	0.571429
0	0.228571
0	0.314286
0	0.285714
0	0.457143
0	0.171429
0	0.142857
0	0.171429
0	0.314286
0	0.485714
0	0.2
0	0.314286
0	0.171429
0	0.142857
0	0.2
0	1
0	0.485714
0	0.485714
0	0.228571
0	0.285714
0	0.2
0	0.0571429
0	0.142857
0	0.142857
0	0.171429
0	0.0857143
0	0.142857
0	0.257143
0	0.342857
0	0.571429
0	0.285714
0	0.257143
0	0.171429
0	0.114286
0	0.171429
0	0.2
0	0.485714
0	0.314286
0	0.171429
0	0.542857
0	0.0857143
0	0.2
0	0.542857
0	0.0571429
0	0.171429
0	0.485714
0	0.314286
0	0.485714
0	0.342857
0	0.4
0	0.142857
0	0.342857
0	0.285714
0	0.542857
0	0.257143
0	0.314286
0	0.0857143
0	0.142857
0	0.314286
0	0.342857
0	0.142857
0	0.628571
0	0.142857
0	0.171429
0	0.285714
0	0.171429
0	0.542857
0	0.371429
0	0.542857
0	0.171429
0	0.257143
0	0.457143
0	0.171429
0	0.257143
0	0.142857
0	0.314286
0	0.171429
0	0.342857
0	0.457143
0	0.285714
0	0.142857
0	0.342857
0	0.428571
0	0.257143
0	0.428571
0	0.342857
0	0.4
0	0.485714
0	0.2
0	0.114286
0	0.142857
0	0.628571
0	0.2
0	0.0571429
0	0.2
0	0.257143
0	0.0857143
0	0.285714
0	0.342857
0	0.114286
0	0.4
0	inf
0	0.142857
0	0.0857143
0	0.2
0	0.0857143
0	0.285714
0	0.971429
0	0.114286
0	1
0	0.0857143
0	0.542857
0	0.342857
0	0.114286
0	0.0857143
0	0.2
0	0.171429
0	0.0571429
0	0.285714
0	0.542857
0	0.257143
0	0.257143
0	0.314286
0	0.171429
0	0.314286
0	0.0857143
0	0.314286
0	0.285714
0	0.0857143
0	0.457143
0	0.142857
0	0.171429
0	0.142857
0	0.0857143
0	0.171429
0	0.457143
0	0.142857
0	0.171429
0	0.428571
0	0.0857143
0	0.114286
0	0.114286
0	0.285714
0	0.314286
0	0.485714
0	0.314286
0	0.485714
0	0.2
0	0.114286
0	0.114286
0	0.0857143
0	0.371429
0	0.0571429
0	0.142857
0	0.257143
0	0.2
0	0.257143
0	0.571429
0	0.2
0	0.142857
0	0.228571
0	0.485714
0	0.571429
0	0.142857
0	0.171429
0	0.257143
0	0.171429
0	0.285714
0	0.257143
0	0.114286
0	0.0571429
0	0.485714
0	0.314286
0	0.285714
0	0.342857
0	0.514286
0	0.142857
0	0.142857
0	0.314286
0	0.0857143
0	0.628571
0	0.285714
0	0.142857
0	0.285714
0	0.114286
0	0.457143
0	0.228571
0	0.0857143
0	0.314286
0	0.114286
0	0.0571429
0	0.0571429
0	0.285714
0	0.342857
0	0.342857
0	0.457143
0	0.171429
0	0.142857
0	0.314286
0	1
0	0.171429
0	0.342857
0	0.314286
0	0.171429
0	0.0571429
0	0.971429
0	0.314286
0	0.142857
0	0.428571
0	0.628571
0	0.171429
0	0.342857
0	0.971429
0	0.171429
0	0.2
0	0.285714
0	0.542857
0	0.314286
0	0.0857143
0	0.142857
0	0.142857
0	0.171429
0	0.142857
0	0.0571429
0	0.0857143
0	0.114286
0	0.2
0	0.171429
0	0.542857
0	0.0571429
0	0.142857
0	0.142857
0	0.142857
0	0.314286
0	0.285714
0	0.114286
0	0.0571429
0	0.485714
0	0.628571
0	0.285714
0	0.342857
0	0.228571
0	0.0571429
0	0.114286
0	0.542857
0	0.142857
0	0.2
0	0.171429
0	1
0	0.171429
0	0.971429
0	0.114286
0	0.342857
0	0.971429
0	0.571429
0	0.542857
0	0.228571
0	0.114286
0	0.142857
0	0.514286
0	0.171429
0	0.0571429
0	0.542857
0	0.485714
0	0.142857
0	0.171429
0	0.171429
0	1
0	0.314286
0	0.457143
0	0.457143
0	0.971429
0	0.314286
0	0.285714
0	0.542857
0	0.457143
0	0.171429
0	0.114286
0	0.485714
0	0.114286
0	0.171429
0	0.0285714
0	0.542857
0	0.485714
0	0.114286
0	0.257143
0	0.542857
0	0.171429
0	0.0857143
0	0.142857
0	0.314286
0	0.542857
0	0.171429
0	0.142857
0	0.542857
0	0.628571
0	0.514286
0	0.2
0	0.114286
0	0.314286
0	0.171429
0	0.171429
0	0.171429
0	0.285714
0	0.571429
0	0.342857
0	0.142857
0	0.0857143
0	0.0571429
0	0.571429
0	0.0857143
0	0.542857
0	0.0857143
0	0.142857
0	0.0571429
0	0.257143
0	0.142857
0	0.0857143
0	0.142857
0	0.314286
0	0.0571429
0	0.485714
0	0.142857
0	0.571429
0	0.228571
0	0.142857
0	0.342857
0	0.314286
0	0.171429
0	0.342857
0	0.0857143
0	0.314286
0	0.314286
0	0.971429
0	0.0857143
0	0.0857143
0	0.314286
0	0.342857
0	0.2
0	0.114286
0	0.0571429
0	0.257143
0	0.0857143
0	0.114286
0	0.142857
0	0.314286
0	0.342857
0	0.342857
0	0.2
0	0.171429
0	0.0571429
0	0.228571
0	0.457143
0	0.171429
0	0.0857143
0	0.0571429
0	0.114286
0	0.142857
0	0.342857
0	0.142857
0	0.0857143
0	0.542857
0	0.542857
0	0.542857
0	0.428571
0	0.514286
0	0.571429
0	0.0857143
0	0.314286
0	0.257143
0	0.314286
0	0.314286
0	0.485714
0	0.542857
0	0.0857143
0	0.2
0	0.542857
0	0.0571429
0	0.0571429
0	0.0857143
0	0.114286
0	0.285714
0	0.142857
0	0.114286
0	0.542857
0	1
0	0.257143
0	0.542857
0	0.171429
0	0.971429
0	0.457143
0	0.285714
0	0.114286
0	0.257143
0	0.485714
0	0.114286
0	1
0	0.0571429
0	0.428571
0	0.314286
0	0.285714
0	0.571429
0	0.2
0	0.0571429
0	0.142857
0	0.0571429
0	0.114286
0	0.428571
0	0.2
0	0.342857
0	0.0571429
0	0.257143
0	0.142857
0	0.971429
0	0.628571
0	0.142857
0	0.2
0	0.457143
0	0.0571429
0	0.142857
0	0.114286
0	0.314286
0	0.628571
0	0.0857143
0	0.342857
0	0.0857143
0	0.0571429
0	0.371429
0	0.0857143
0	0.2
0	0.142857
0	1
0	0.457143
0	0.4
0	0.142857
0	0.0571429
0	0.0571429
0	0.114286
0	0.314286
0	0.114286
0	0.171429
0	0.628571
0	0.571429
0	0.285714
0	0.257143
0	0.971429
0	0.0857143
0	0.0857143
0	0.457143
0	0.114286
0	0.485714
0	0.0857143
0	0.0571429
0	0.0571429
0	0.314286
0	0.428571
0	0.114286
0	0.257143
0	0.314286
0	0.2
0	0.314286
0	0.114286
0	0.142857
0	0.314286
0	0.0571429
0	0.542857
0	0.114286
0	0.628571
0	0.971429
0	0.514286
0	0.314286
0	0.0571429
0	0.142857
0	0.142857
0	0.142857
0	0.0571429
0	0.314286
0	0.0857143
0	0.971429
0	0.285714
0	0.0857143
0	0.257143
0	0.314286
0	0.457143
0	0.114286
0	0.114286
0	1
0	0.0857143
0	0.628571
0	0.314286
0	0.0857143
0	0.257143
0	0.171429
0	0.485714
0	0.0285714
0	0.142857
0	0.0571429
0	0.114286
0	0.0857143
0	0.0857143
0	0.0857143
0	0.0571429
0	0.142857
0	0.0857143
0	0.2
0	0.285714
0	0.542857
0	0.971429
0	0.142857
0	0.0571429
0	0.542857
0	0.142857
0	0.342857
0	0.485714
0	0.342857
0	0.0571429
0	0.457143
0	0.0571429
0	0.114286
0	0.0857143
0	0.0857143
0	0.4
0	0.142857
0	0.2
0	0.485714
0	0.171429
0	0.314286
0	0.114286
0	0.171429
0	0.971429
0	0.514286
0	0.171429
0	0.114286
0	0.114286
0	0.485714
0	0.314286
0	0.142857
0	0.371429
0	0.2
0	0.514286
0	0.0857143
0	0.342857
0	0.342857
0	0.142857
0	0.0857143
0	0.314286
0	0.342857
0	0.2
0	0.114286
0	0.0857143
0	0.0857143
0	0.0571429
0	0.314286
0	0.314286
0	0.0857143
0	0.0571429
0	0.0857143
0	0.485714
0	0.142857
0	0.0857143
0	0.114286
0	0.314286
0	0.142857
0	0.0857143
0	0.457143
0	0.114286
0	0.0857143
0	0.571429
0	0.314286
0	0.342857
0	0.485714
0	0.257143
0	0.171429
0	0.114286
0	0.0857143
0	0.342857
0	0.542857
0	0.314286
0	0.314286
0	0.485714
0	0.457143
0	0.628571
0	0.314286
0	0.285714
0	0.257143
0	0.314286
0	0.542857
0	0.0571429
0	0.0571429
0	0.542857
0	0.314286
0	0.0857143
0	0.0857143
0	0.2
0	0.542857
0	0.114286
0	0.971429
0	0.0571429
0	0.2
0	0.0857143
0	0.314286
0	0.457143
0	0.142857
0	0.0857143
0	0.342857
0	0.257143
0	0.171429
0	0.0857143
0	0.0571429
0	0.485714
0	0.0571429
0	0.542857
0	1
0	0.171429
0	0.0571429
0	0.142857
0	0.542857
0	0.171429
0	0.114286
0	0.0857143
0	0.0857143
0	0.342857
0	0.0571429
0	0.514286
0	0.285714
0	0.342857
0	0.457143
0	0.114286
0	0.0571429
0	0.171429
0	0.0857143
0	0.314286
0	0.542857
0	0.142857
0	0.171429
0	0.0571429
0	0.0571429
0	0.542857
0	0.485714
0	0.314286
0	0.0571429
0	0.171429
0	0.171429
0	0.114286
0	0.0857143
0	0.114286
0	0.142857
0	0.0857143
0	0.314286
0	0.0571429
0	0.257143
0	0.228571
0	0.0857143
0	0.0571429
0	0.257143
0	0.0857143
0	0.114286
0	0.457143
0	0.314286
0	0.485714
0	0.314286
0	0.314286
0	0.114286
0	0.342857
0	0.142857
0	0.171429
0	0.314286
0	0.257143
0	0.428571
0	0.257143
0	0.314286
0	0.571429
0	0.142857
0	0.171429
0	0.485714
0	0.314286
0	0.171429
0	0.142857
0	0.114286
0	0.0571429
0	0.314286
0	0.0571429
0	0.257143
0	0.542857
0	0.171429
0	1
0	0.0571429
0	0.2
0	0.342857
0	0.0857143
0	0.142857
0	0.0571429
0	0.228571
0	0.342857
0	0.485714
0	0.142857
0	0.114286
0	0.485714
0	0.342857
0	0.114286
0	0.171429
0	0.0857143
0	0.457143
0	0.485714
0	0.428571
0	0.314286
0	0.428571
0	0.142857
0	1
0	0.342857
0	0.314286
0	0.171429
0	0.457143
0	0.0571429
0	0.0571429
0	0.628571
0	0.485714
0	0.0857143
0	0.4
0	0.285714
0	0.0857143
0	0.0857143
0	0.542857
0	0.4
0	0.0857143
0	0.228571
0	0.0857143
0	0.142857
0	0.485714
0	0.171429
0	0.114286
0	0.171429
0	0.171429
0	0.114286
0	0.542857
0	0.0571429
0	0.171429
0	0.142857
0	0.171429
0	0.0857143
0	0.285714
0	0.114286
0	0.485714
0	0.628571
0	0.971429
0	0.485714
0	0.342857
0	0.628571
0	0.142857
0	0.142857
0	0.485714
0	0.0857143
0	0.0285714
0	0.314286
0	0.285714
0	0.342857
0	0.171429


