# Persistence diagram <GML/0607.gml>
#
# Dimension   : 0
# Entries     : 324
# Betti number: 12
0	inf
0	inf
0	0.0879121
0	1
0	0.494505
0	0.10989
0	0.043956
0	1
0	0.0769231
0	1
0	0.494505
0	0.0769231
0	1
0	1
0	0.142857
0	0.043956
0	0.0879121
0	inf
0	0.0769231
0	1
0	0.494505
0	1
0	0.494505
0	0.0769231
0	0.10989
0	0.0769231
0	0.0659341
0	0.0769231
0	0.494505
0	0.142857
0	0.043956
0	0.0769231
0	0.0879121
0	1
0	inf
0	0.494505
0	0.142857
0	0.0769231
0	0.0769231
0	0.043956
0	0.0769231
0	0.032967
0	0.0769231
0	0.494505
0	0.0659341
0	0.0549451
0	0.043956
0	inf
0	0.0659341
0	0.010989
0	0.0769231
0	1
0	0.043956
0	0.043956
0	0.032967
0	0.494505
0	0.043956
0	0.0659341
0	0.043956
0	0.043956
0	0.021978
0	0.0879121
0	0.043956
0	0.021978
0	0.0769231
0	0.0989011
0	0.043956
0	0.0879121
0	0.494505
0	0.043956
0	0.032967
0	1
0	0.043956
0	0.0769231
0	0.043956
0	0.032967
0	1
0	0.0769231
0	0.032967
0	1
0	0.0769231
0	1
0	0.032967
0	1
0	0.021978
0	0.032967
0	0.494505
0	1
0	0.494505
0	0.032967
0	1
0	0.021978
0	0.0769231
0	0.142857
0	1
0	0.0659341
0	0.032967
0	0.10989
0	0.142857
0	0.494505
0	0.043956
0	inf
0	inf
0	1
0	0.0659341
0	0.494505
0	1
0	1
0	0.032967
0	0.0549451
0	0.032967
0	0.043956
0	0.021978
0	0.021978
0	1
0	1
0	0.010989
0	0.0659341
0	0.043956
0	1
0	0.0769231
0	0.043956
0	0.0989011
0	0.0659341
0	1
0	0.043956
0	0.021978
0	0.032967
0	0.043956
0	1
0	0.0769231
0	0.0549451
0	0.10989
0	0.494505
0	0.043956
0	1
0	0.032967
0	0.0769231
0	0.0769231
0	1
0	1
0	0.142857
0	1
0	inf
0	0.0989011
0	0.0769231
0	0.032967
0	0.043956
0	0.043956
0	1
0	1
0	0.0769231
0	inf
0	0.0549451
0	0.043956
0	0.0769231
0	inf
0	0.494505
0	0.0879121
0	0.032967
0	0.021978
0	1
0	0.021978
0	0.494505
0	0.0549451
0	0.494505
0	0.494505
0	0.142857
0	1
0	1
0	0.0769231
0	0.032967
0	1
0	0.0879121
0	0.043956
0	0.032967
0	0.032967
0	0.032967
0	0.043956
0	0.043956
0	1
0	0.494505
0	1
0	1
0	0.010989
0	0.043956
0	1
0	1
0	1
0	0.494505
0	0.021978
0	0.021978
0	0.0769231
0	0.043956
0	0.0659341
0	0.032967
0	1
0	0.021978
0	0.0549451
0	0.043956
0	1
0	0.0879121
0	0.032967
0	0.021978
0	1
0	0.142857
0	0.0659341
0	0.494505
0	1
0	0.032967
0	0.494505
0	0.021978
0	1
0	1
0	0.032967
0	0.0549451
0	0.0549451
0	1
0	0.0769231
0	1
0	0.0769231
0	0.043956
0	1
0	1
0	0.494505
0	1
0	0.010989
0	0.021978
0	0.021978
0	1
0	1
0	1
0	0.021978
0	0.032967
0	0.043956
0	0.032967
0	0.043956
0	0.0659341
0	0.021978
0	1
0	1
0	0.494505
0	1
0	0.142857
0	0.043956
0	0.0769231
0	1
0	0.043956
0	1
0	0.0769231
0	0.032967
0	0.032967
0	0.0549451
0	0.0879121
0	inf
0	0.032967
0	0.032967
0	0.043956
0	0.032967
0	1
0	0.010989
0	0.0769231
0	0.032967
0	0.010989
0	0.0989011
0	inf
0	1
0	0.032967
0	0.043956
0	0.021978
0	0.021978
0	0.043956
0	0.021978
0	1
0	0.032967
0	0.043956
0	1
0	1
0	1
0	0.0549451
0	0.032967
0	0.021978
0	0.032967
0	0.0549451
0	0.10989
0	0.0989011
0	0.0989011
0	1
0	0.021978
0	0.494505
0	0.0659341
0	0.032967
0	0.043956
0	0.021978
0	0.494505
0	0.0659341
0	0.032967
0	0.0879121
0	0.021978
0	0.494505
0	1
0	1
0	0.032967
0	0.10989
0	0.021978
0	1
0	0.0659341
0	1
0	0.021978
0	0.0879121
0	1
0	0.021978
0	0.021978
0	0.010989
0	0.494505
0	0.494505
0	0.0549451
0	0.010989
0	0.0769231
0	0.142857
0	0.0659341
0	1
0	0.0989011
0	0.032967


