# Persistence diagram <GML/0608.gml>
#
# Dimension   : 1
# Entries     : 196
# Betti number: 196
0.0137255	inf
0.0137255	inf
0.0156863	inf
0.0156863	inf
0.0156863	inf
0.0156863	inf
0.0156863	inf
0.0156863	inf
0.0156863	inf
0.0156863	inf
0.0156863	inf
0.0156863	inf
0.0156863	inf
0.0156863	inf
0.0176471	inf
0.0176471	inf
0.0176471	inf
0.0176471	inf
0.0176471	inf
0.0196078	inf
0.0196078	inf
0.0196078	inf
0.0196078	inf
0.0196078	inf
0.0196078	inf
0.0196078	inf
0.0196078	inf
0.0196078	inf
0.0215686	inf
0.0235294	inf
0.0235294	inf
0.0235294	inf
0.0235294	inf
0.0235294	inf
0.0235294	inf
0.0235294	inf
0.0235294	inf
0.0235294	inf
0.0235294	inf
0.0235294	inf
0.0235294	inf
0.0235294	inf
0.0235294	inf
0.0235294	inf
0.0235294	inf
0.0235294	inf
0.0235294	inf
0.0235294	inf
0.0235294	inf
0.0254902	inf
0.0254902	inf
0.0254902	inf
0.0254902	inf
0.0254902	inf
0.0254902	inf
0.0254902	inf
0.0254902	inf
0.0254902	inf
0.0254902	inf
0.0254902	inf
0.0254902	inf
0.0254902	inf
0.0254902	inf
0.027451	inf
0.027451	inf
0.027451	inf
0.027451	inf
0.027451	inf
0.0294118	inf
0.0294118	inf
0.0294118	inf
0.0294118	inf
0.0294118	inf
0.0294118	inf
0.0313725	inf
0.0313725	inf
0.0313725	inf
0.0333333	inf
0.0333333	inf
0.0333333	inf
0.0333333	inf
0.0333333	inf
0.0333333	inf
0.0333333	inf
0.0333333	inf
0.0333333	inf
0.0333333	inf
0.0333333	inf
0.0333333	inf
0.0431373	inf
0.0431373	inf
0.0431373	inf
0.0431373	inf
0.0431373	inf
0.0431373	inf
0.0431373	inf
0.0431373	inf
0.0470588	inf
0.0470588	inf
0.0470588	inf
0.0470588	inf
0.0470588	inf
0.0470588	inf
0.0470588	inf
0.0470588	inf
0.0470588	inf
0.0470588	inf
0.0470588	inf
0.0568627	inf
0.0568627	inf
0.0568627	inf
0.0568627	inf
0.0568627	inf
0.0568627	inf
0.0568627	inf
0.0568627	inf
0.0568627	inf
0.0568627	inf
0.0568627	inf
0.0568627	inf
0.0568627	inf
0.0568627	inf
0.0568627	inf
0.0568627	inf
1	inf
1	inf
1	inf
1	inf
1	inf
1	inf
1	inf
1	inf
1	inf
1	inf
1	inf
1	inf
1	inf
1	inf
1	inf
1	inf
1	inf
1	inf
1	inf
1	inf
1	inf
1	inf
1	inf
1	inf
1	inf
1	inf
1	inf
1	inf
1	inf
1	inf
1	inf
1	inf
1	inf
1	inf
1	inf
1	inf
1	inf
1	inf
1	inf
1	inf
1	inf
1	inf
1	inf
1	inf
1	inf
1	inf
1	inf
1	inf
1	inf
1	inf
1	inf
1	inf
1	inf
1	inf
1	inf
1	inf
1	inf
1	inf
1	inf
1	inf
1	inf
1	inf
1	inf
1	inf
1	inf
1	inf
1	inf
1	inf
1	inf
1	inf
1	inf
1	inf
