# Persistence diagram <GML/0610.gml>
#
# Dimension   : 0
# Entries     : 897
# Betti number: 4
0	inf
0	1
0	1
0	1
0	inf
0	1
0	1
0	0.0212418
0	1
0	1
0	1
0	0.0163399
0	0.0212418
0	0.0114379
0	0.0114379
0	0.0343137
0	0.0326797
0	1
0	1
0	1
0	1
0	1
0	0.00653595
0	0.0343137
0	1
0	0.0343137
0	0.0294118
0	1
0	1
0	0.0343137
0	1
0	1
0	1
0	0.0163399
0	1
0	0.0130719
0	0.0147059
0	1
0	0.0212418
0	0.0114379
0	1
0	0.0130719
0	1
0	0.0392157
0	1
0	1
0	1
0	0.0147059
0	1
0	1
0	1
0	0.00980392
0	0.0294118
0	1
0	1
0	0.0147059
0	1
0	1
0	1
0	1
0	1
0	0.0130719
0	1
0	0.0130719
0	1
0	1
0	0.0130719
0	0.0147059
0	1
0	1
0	0.0147059
0	1
0	1
0	1
0	0.00980392
0	1
0	1
0	0.0130719
0	0.0392157
0	0.00980392
0	0.0735294
0	0.00816993
0	0.0114379
0	0.00326797
0	0.0343137
0	0.0212418
0	0.0147059
0	1
0	0.00653595
0	0.00980392
0	0.0392157
0	0.0392157
0	0.00980392
0	0.00326797
0	1
0	1
0	1
0	0.0294118
0	1
0	1
0	0.0359477
0	0.0359477
0	0.0130719
0	1
0	0.00653595
0	0.00980392
0	1
0	1
0	1
0	1
0	0.0735294
0	1
0	1
0	1
0	0.0130719
0	1
0	1
0	0.0359477
0	0.0130719
0	0.00490196
0	1
0	0.0147059
0	0.0261438
0	0.0212418
0	0.00980392
0	0.0261438
0	0.00326797
0	1
0	0.0588235
0	1
0	0.00653595
0	1
0	1
0	0.00653595
0	0.0359477
0	1
0	1
0	0.0179739
0	0.00980392
0	0.00980392
0	0.0114379
0	0.0261438
0	0.0147059
0	1
0	1
0	1
0	0.0359477
0	1
0	0.00980392
0	0.00490196
0	1
0	0.0114379
0	1
0	1
0	1
0	0.0637255
0	1
0	0.00653595
0	1
0	0.0637255
0	1
0	0.0637255
0	0.0261438
0	0.0212418
0	0.00653595
0	1
0	1
0	0.00653595
0	0.00816993
0	0.00653595
0	1
0	1
0	0.0359477
0	0.0114379
0	0.0179739
0	0.0539216
0	1
0	1
0	1
0	0.0343137
0	0.00653595
0	1
0	0.00980392
0	0.0130719
0	1
0	1
0	1
0	0.00653595
0	0.00653595
0	1
0	1
0	1
0	1
0	0.0359477
0	0.0147059
0	0.0114379
0	0.0212418
0	1
0	1
0	1
0	1
0	1
0	1
0	1
0	0.0114379
0	0.00980392
0	1
0	0.00980392
0	1
0	1
0	1
0	0.00653595
0	0.0147059
0	1
0	1
0	0.0130719
0	0.00816993
0	1
0	0.00490196
0	1
0	0.00980392
0	0.0637255
0	1
0	1
0	0.0392157
0	1
0	0.0114379
0	0.0179739
0	1
0	0.0343137
0	0.00490196
0	0.0130719
0	1
0	0.0147059
0	1
0	0.0179739
0	0.0637255
0	0.00980392
0	0.00980392
0	1
0	1
0	0.00653595
0	0.0735294
0	1
0	0.0114379
0	1
0	1
0	0.0212418
0	0.0326797
0	1
0	0.0114379
0	1
0	0.0343137
0	0.0343137
0	1
0	1
0	1
0	1
0	1
0	0.0130719
0	0.00326797
0	1
0	1
0	1
0	0.00653595
0	1
0	1
0	0.00653595
0	0.00653595
0	0.00653595
0	1
0	0.00816993
0	1
0	1
0	0.0114379
0	1
0	0.0212418
0	1
0	1
0	1
0	1
0	0.0539216
0	0.00816993
0	1
0	1
0	0.0343137
0	1
0	1
0	0.0343137
0	1
0	1
0	1
0	0.0359477
0	0.00653595
0	1
0	0.0163399
0	1
0	0.00653595
0	0.00980392
0	1
0	0.0130719
0	1
0	0.0343137
0	0.0343137
0	1
0	1
0	1
0	0.0588235
0	1
0	1
0	0.0212418
0	0.00980392
0	1
0	0.0343137
0	1
0	1
0	1
0	1
0	1
0	0.0130719
0	1
0	1
0	1
0	0.0163399
0	1
0	1
0	0.0392157
0	1
0	1
0	0.00980392
0	0.00980392
0	1
0	1
0	0.0130719
0	1
0	0.00326797
0	0.0212418
0	0.00980392
0	0.0539216
0	0.00816993
0	1
0	1
0	0.0163399
0	1
0	1
0	0.0637255
0	0.0147059
0	0.00326797
0	0.0212418
0	0.0392157
0	1
0	1
0	1
0	0.0539216
0	0.00490196
0	0.00490196
0	0.0359477
0	1
0	1
0	0.00653595
0	1
0	1
0	0.0637255
0	1
0	1
0	1
0	0.00326797
0	0.00980392
0	0.0392157
0	0.00490196
0	1
0	0.00816993
0	1
0	0.0114379
0	0.0147059
0	1
0	0.00653595
0	0.00816993
0	0.0163399
0	0.0196078
0	1
0	0.0343137
0	1
0	0.00653595
0	0.00653595
0	0.00980392
0	1
0	1
0	1
0	1
0	1
0	0.0147059
0	1
0	0.0735294
0	0.00653595
0	1
0	1
0	1
0	1
0	inf
0	0.0326797
0	1
0	0.00816993
0	1
0	0.0179739
0	0.0212418
0	0.00490196
0	1
0	0.0147059
0	0.00490196
0	1
0	0.0179739
0	1
0	1
0	1
0	1
0	1
0	0.00980392
0	1
0	1
0	1
0	0.0343137
0	1
0	0.00980392
0	1
0	0.0130719
0	0.0343137
0	1
0	1
0	1
0	1
0	1
0	1
0	0.00490196
0	1
0	1
0	1
0	0.00490196
0	1
0	0.0114379
0	1
0	0.00326797
0	0.0114379
0	0.0735294
0	1
0	1
0	0.00326797
0	0.0130719
0	0.00326797
0	0.0343137
0	1
0	0.00980392
0	0.00653595
0	1
0	0.00490196
0	0.00490196
0	0.0179739
0	0.0130719
0	0.0261438
0	1
0	1
0	1
0	0.0212418
0	1
0	1
0	0.00980392
0	0.00816993
0	0.00980392
0	1
0	0.00326797
0	0.00490196
0	0.00653595
0	1
0	1
0	inf
0	1
0	1
0	1
0	1
0	1
0	1
0	0.00980392
0	0.00816993
0	0.00980392
0	0.0343137
0	1
0	1
0	1
0	0.0163399
0	1
0	1
0	0.00653595
0	0.00816993
0	0.0588235
0	0.00816993
0	1
0	0.0114379
0	1
0	0.0130719
0	0.0114379
0	0.00653595
0	1
0	1
0	0.00653595
0	1
0	0.00816993
0	1
0	0.00326797
0	0.0114379
0	1
0	1
0	0.00490196
0	1
0	1
0	0.00326797
0	0.00980392
0	0.00816993
0	0.0163399
0	1
0	0.00326797
0	0.00326797
0	1
0	0.0261438
0	0.0147059
0	0.00326797
0	1
0	0.00653595
0	1
0	0.0114379
0	0.00326797
0	1
0	0.0392157
0	0.0735294
0	0.0130719
0	1
0	0.00490196
0	0.00653595
0	0.0163399
0	0.00490196
0	1
0	1
0	1
0	0.0392157
0	1
0	0.00490196
0	1
0	0.0343137
0	0.00490196
0	0.00653595
0	1
0	0.0359477
0	1
0	0.00816993
0	0.00326797
0	1
0	0.0326797
0	1
0	1
0	1
0	0.00326797
0	0.0179739
0	0.00326797
0	0.0114379
0	1
0	1
0	0.0359477
0	1
0	1
0	1
0	0.00816993
0	0.00653595
0	1
0	1
0	1
0	0.00980392
0	0.0343137
0	1
0	1
0	0.00653595
0	0.00653595
0	0.00653595
0	0.0637255
0	1
0	0.00980392
0	1
0	0.00326797
0	1
0	0.00326797
0	0.0114379
0	0.00816993
0	0.0114379
0	1
0	1
0	0.0735294
0	1
0	0.0130719
0	1
0	1
0	1
0	0.00653595
0	0.00816993
0	0.0179739
0	1
0	0.00816993
0	0.00490196
0	1
0	1
0	0.0588235
0	1
0	0.00490196
0	1
0	1
0	0.00490196
0	1
0	0.0539216
0	0.0261438
0	1
0	0.00653595
0	1
0	1
0	0.0114379
0	0.0147059
0	1
0	1
0	1
0	1
0	1
0	1
0	0.0179739
0	1
0	1
0	1
0	0.00326797
0	1
0	0.00816993
0	0.0147059
0	1
0	0.0179739
0	0.00653595
0	0.00490196
0	1
0	1
0	0.0294118
0	1
0	1
0	1
0	1
0	1
0	0.0163399
0	0.00326797
0	0.00490196
0	1
0	1
0	0.00326797
0	1
0	0.00816993
0	0.0179739
0	1
0	0.00980392
0	1
0	1
0	0.0114379
0	0.0163399
0	0.00653595
0	1
0	0.00980392
0	1
0	1
0	1
0	1
0	0.00490196
0	1
0	0.0179739
0	1
0	1
0	1
0	0.0212418
0	1
0	1
0	1
0	0.00653595
0	1
0	0.00653595
0	0.00490196
0	0.00326797
0	0.00980392
0	0.00326797
0	1
0	1
0	0.0343137
0	0.00980392
0	0.00816993
0	1
0	0.00326797
0	1
0	1
0	1
0	0.00653595
0	0.00326797
0	0.00326797
0	0.0392157
0	0.00326797
0	0.00326797
0	0.0130719
0	0.00653595
0	0.0147059
0	1
0	0.00326797
0	0.0130719
0	1
0	1
0	0.00653595
0	0.0588235
0	0.00653595
0	0.00326797
0	0.0212418
0	0.0261438
0	0.0637255
0	0.00653595
0	0.0114379
0	1
0	0.0539216
0	0.0359477
0	0.00980392
0	0.0359477
0	1
0	1
0	0.0212418
0	0.00326797
0	1
0	1
0	1
0	0.00816993
0	0.00326797
0	1
0	1
0	1
0	0.0539216
0	0.00980392
0	1
0	0.00980392
0	0.00326797
0	0.0212418
0	1
0	0.00490196
0	1
0	0.00653595
0	1
0	1
0	0.00326797
0	1
0	1
0	1
0	1
0	0.0130719
0	1
0	0.0179739
0	1
0	0.0179739
0	1
0	0.00490196
0	1
0	1
0	1
0	0.00490196
0	0.00490196
0	1
0	0.00816993
0	0.00816993
0	1
0	1
0	1
0	1
0	1
0	0.00490196
0	1
0	1
0	1
0	1
0	1
0	1
0	0.00326797
0	1
0	1
0	1
0	0.00816993
0	1
0	1
0	1
0	0.00326797
0	0.00326797
0	1
0	0.00163399
0	1
0	1
0	0.0163399
0	0.0735294
0	1
0	1
0	1
0	1
0	1
0	1
0	1
0	1
0	0.00490196
0	1
0	0.00490196
0	1
0	1
0	1
0	0.00326797
0	1
0	0.00490196
0	0.00653595
0	0.00490196
0	0.00653595
0	1
0	0.00326797
0	0.00490196
0	0.0212418
0	0.0588235
0	1
0	0.00980392
0	1
0	0.00490196
0	0.00980392
0	1
0	1
0	1
0	1
0	0.00980392
0	1
0	0.00490196
0	1
0	1
0	0.00653595
0	0.0163399
0	1
0	1
0	0.00980392
0	0.00326797
0	0.00653595
0	1
0	0.00163399
0	0.00653595
0	0.0163399
0	0.0114379
0	0.00653595
0	1
0	0.0212418
0	1
0	0.0196078
0	0.0326797
0	0.00326797
0	1
0	0.00653595
0	0.0588235
0	0.00816993
0	1
0	1
0	1
0	0.00490196
0	1
0	1
0	1
0	1
0	0.0261438
0	0.0179739
0	0.00326797
0	0.00816993
0	1
0	1
0	0.0147059
0	0.0343137
0	1
0	1
0	0.0130719
0	0.0261438
0	0.00653595
0	1
0	1
0	0.00490196
0	1
0	1
0	1
0	1
0	1
0	0.00653595
0	0.0212418
0	0.00980392
0	1
0	0.0343137
0	0.00326797
0	0.00816993
0	1
0	0.00653595


