# Persistence diagram <GML/0611.gml>
#
# Dimension   : 1
# Entries     : 197
# Betti number: 190
0.00892857	inf
0.00892857	inf
0.00892857	inf
0.0104167	inf
0.0119048	inf
0.0119048	inf
0.0119048	inf
0.0119048	inf
0.0119048	inf
0.0133929	inf
0.0133929	inf
0.0133929	inf
0.0133929	inf
0.0133929	inf
0.0133929	inf
0.0133929	inf
0.0133929	inf
0.0133929	inf
0.0133929	inf
0.0133929	inf
0.0133929	inf
0.0133929	inf
0.0133929	inf
0.014881	inf
0.014881	inf
0.014881	inf
0.014881	inf
0.014881	inf
0.014881	inf
0.014881	inf
0.014881	inf
0.014881	inf
0.014881	inf
0.014881	inf
0.014881	inf
0.014881	inf
0.016369	inf
0.016369	inf
0.016369	inf
0.016369	inf
0.016369	inf
0.016369	inf
0.016369	inf
0.016369	inf
0.016369	inf
0.016369	inf
0.016369	inf
0.016369	inf
0.016369	inf
0.016369	1
0.0178571	inf
0.0178571	inf
0.0178571	inf
0.0178571	inf
0.0178571	inf
0.0178571	inf
0.0178571	inf
0.0178571	inf
0.0178571	inf
0.0193452	inf
0.0193452	inf
0.0193452	inf
0.0193452	inf
0.0193452	inf
0.0193452	inf
0.0193452	inf
0.0193452	inf
0.0193452	inf
0.0193452	inf
0.0193452	inf
0.0193452	inf
0.0193452	inf
0.0193452	inf
0.0193452	inf
0.0193452	inf
0.0193452	inf
0.0193452	inf
0.0193452	inf
0.0193452	inf
0.0208333	inf
0.0208333	inf
0.0208333	inf
0.0208333	inf
0.0208333	inf
0.0208333	inf
0.0208333	inf
0.0208333	inf
0.0208333	inf
0.0208333	inf
0.0208333	inf
0.0208333	inf
0.0208333	inf
0.0208333	inf
0.0208333	1
0.0252976	inf
0.0252976	inf
0.0252976	inf
0.0252976	inf
0.0252976	inf
0.0252976	inf
0.0252976	inf
0.0252976	inf
0.0252976	inf
0.0252976	inf
0.0252976	inf
0.0252976	inf
0.0252976	inf
0.0252976	inf
0.0252976	inf
0.0252976	inf
0.0267857	inf
0.0267857	inf
0.0267857	inf
0.0267857	1
0.0267857	inf
0.0267857	inf
0.0267857	1
0.0267857	inf
0.0267857	inf
0.0267857	inf
0.0267857	inf
0.0267857	inf
0.0267857	inf
0.0267857	inf
0.0267857	1
0.0267857	inf
0.0267857	1
0.0267857	inf
0.0267857	inf
0.0267857	inf
0.0267857	inf
0.0267857	1
0.0327381	inf
0.0327381	inf
0.0327381	inf
0.0327381	inf
0.0327381	inf
0.0327381	inf
1	inf
1	inf
1	inf
1	inf
1	inf
1	inf
1	inf
1	inf
1	inf
1	inf
1	inf
1	inf
1	inf
1	inf
1	inf
1	inf
1	inf
1	inf
1	inf
1	inf
1	inf
1	inf
1	inf
1	inf
1	inf
1	inf
1	inf
1	inf
1	inf
1	inf
1	inf
1	inf
1	inf
1	inf
1	inf
1	inf
1	inf
1	inf
1	inf
1	inf
1	inf
1	inf
1	inf
1	inf
1	inf
1	inf
1	inf
1	inf
1	inf
1	inf
1	inf
1	inf
1	inf
1	inf
1	inf
1	inf
1	inf
1	inf
1	inf
