# Persistence diagram <GML/0612.gml>
#
# Dimension   : 1
# Entries     : 100
# Betti number: 100
0.0119048	inf
0.0138889	inf
0.0138889	inf
0.015873	inf
0.015873	inf
0.015873	inf
0.015873	inf
0.015873	inf
0.0178571	inf
0.0178571	inf
0.0198413	inf
0.0198413	inf
0.0198413	inf
0.0218254	inf
0.0218254	inf
0.0218254	inf
0.0218254	inf
0.0238095	inf
0.0238095	inf
0.0238095	inf
0.0238095	inf
0.0238095	inf
0.0238095	inf
0.0238095	inf
0.0238095	inf
0.0238095	inf
0.0238095	inf
0.0238095	inf
0.0257937	inf
0.0257937	inf
0.0257937	inf
0.0257937	inf
0.0257937	inf
0.0257937	inf
0.0257937	inf
0.0257937	inf
0.0257937	inf
0.0257937	inf
0.0257937	inf
0.0257937	inf
0.0257937	inf
0.0277778	inf
0.0277778	inf
0.0277778	inf
0.0277778	inf
0.0277778	inf
0.0277778	inf
0.0277778	inf
0.0277778	inf
0.0416667	inf
0.0416667	inf
0.0416667	inf
0.0416667	inf
0.0416667	inf
0.0416667	inf
0.0416667	inf
0.0416667	inf
0.0416667	inf
0.0416667	inf
0.0555556	inf
0.0555556	inf
0.0555556	inf
0.0555556	inf
0.0555556	inf
0.0555556	inf
0.0555556	inf
1	inf
1	inf
1	inf
1	inf
1	inf
1	inf
1	inf
1	inf
1	inf
1	inf
1	inf
1	inf
1	inf
1	inf
1	inf
1	inf
1	inf
1	inf
1	inf
1	inf
1	inf
1	inf
1	inf
1	inf
1	inf
1	inf
1	inf
1	inf
1	inf
1	inf
1	inf
1	inf
1	inf
1	inf
