# Persistence diagram <GML/0625.gml>
#
# Dimension   : 0
# Entries     : 333
# Betti number: 2
0	inf
0	inf
0	1
0	0.711111
0	1
0	0.711111
0	1
0	0.144444
0	0.144444
0	0.0777778
0	0.711111
0	1
0	0.711111
0	1
0	0.122222
0	0.711111
0	1
0	0.0111111
0	0.144444
0	1
0	1
0	1
0	0.711111
0	1
0	0.0222222
0	0.711111
0	0.711111
0	0.144444
0	0.122222
0	0.711111
0	0.711111
0	0.0888889
0	1
0	0.0888889
0	0.122222
0	1
0	0.0888889
0	1
0	0.0444444
0	0.0777778
0	0.0666667
0	1
0	0.711111
0	0.711111
0	1
0	1
0	0.711111
0	1
0	1
0	0.0666667
0	0.0333333
0	0.0777778
0	0.0888889
0	0.0888889
0	1
0	0.711111
0	0.0333333
0	1
0	0.711111
0	0.711111
0	1
0	0.0888889
0	0.0444444
0	0.711111
0	0.0555556
0	0.122222
0	1
0	0.0666667
0	1
0	0.711111
0	0.111111
0	0.0666667
0	1
0	0.0666667
0	0.711111
0	1
0	0.711111
0	0.711111
0	0.711111
0	1
0	0.711111
0	1
0	0.144444
0	0.0666667
0	0.711111
0	1
0	0.0333333
0	1
0	1
0	0.0444444
0	1
0	0.711111
0	0.0444444
0	1
0	0.0888889
0	1
0	0.0777778
0	0.0444444
0	0.144444
0	0.0666667
0	0.711111
0	0.0777778
0	1
0	0.711111
0	0.144444
0	0.0666667
0	0.122222
0	0.0666667
0	0.0888889
0	0.111111
0	0.0666667
0	1
0	0.144444
0	0.144444
0	1
0	0.0333333
0	0.0333333
0	1
0	0.0333333
0	0.122222
0	0.0777778
0	0.0333333
0	0.144444
0	0.0333333
0	0.711111
0	0.711111
0	0.0333333
0	0.711111
0	0.0666667
0	0.0333333
0	1
0	0.0222222
0	1
0	1
0	0.0666667
0	0.711111
0	1
0	0.711111
0	1
0	0.0666667
0	0.0222222
0	0.122222
0	0.0222222
0	0.711111
0	0.711111
0	1
0	0.0222222
0	0.711111
0	1
0	0.0222222
0	0.0222222
0	0.0222222
0	0.111111
0	0.0777778
0	1
0	0.0222222
0	0.0333333
0	0.0333333
0	0.0333333
0	0.0333333
0	1
0	0.711111
0	0.0333333
0	1
0	0.0222222
0	0.0666667
0	0.0444444
0	0.711111
0	0.144444
0	1
0	1
0	1
0	0.711111
0	0.0666667
0	0.0333333
0	0.0333333
0	0.0444444
0	0.0333333
0	0.711111
0	1
0	0.0222222
0	0.0444444
0	0.122222
0	0.711111
0	0.0888889
0	1
0	0.0666667
0	0.0333333
0	0.711111
0	0.0555556
0	0.0777778
0	0.0666667
0	1
0	1
0	1
0	0.711111
0	0.0777778
0	1
0	0.0777778
0	0.0222222
0	0.111111
0	0.0333333
0	0.0333333
0	0.0333333
0	0.0222222
0	0.0333333
0	0.711111
0	0.0666667
0	0.111111
0	1
0	0.0222222
0	0.0333333
0	1
0	0.111111
0	0.0666667
0	0.0222222
0	0.0555556
0	0.0333333
0	0.0222222
0	1
0	0.0222222
0	1
0	0.0888889
0	0.0222222
0	0.0222222
0	1
0	1
0	0.0666667
0	0.0333333
0	0.711111
0	1
0	0.0222222
0	0.0888889
0	0.711111
0	0.0666667
0	1
0	0.111111
0	0.0888889
0	0.0222222
0	0.711111
0	0.0666667
0	0.0333333
0	0.711111
0	0.711111
0	0.0444444
0	0.0333333
0	0.0333333
0	0.0333333
0	0.711111
0	0.0222222
0	0.0333333
0	0.0222222
0	1
0	1
0	1
0	0.0333333
0	0.0333333
0	0.0222222
0	0.711111
0	0.122222
0	1
0	0.0222222
0	0.0333333
0	1
0	1
0	1
0	0.0333333
0	0.0333333
0	0.0222222
0	0.144444
0	0.0222222
0	0.0444444
0	1
0	0.0333333
0	0.0222222
0	0.0666667
0	0.0666667
0	0.0333333
0	0.0222222
0	0.0222222
0	0.0666667
0	0.0222222
0	1
0	0.0222222
0	0.0222222
0	0.0222222
0	0.0444444
0	0.0333333
0	1
0	0.0333333
0	0.0222222
0	0.0222222
0	0.0888889
0	0.0444444
0	0.0444444
0	1
0	0.0333333
0	1
0	0.0333333
0	0.122222
0	0.0666667
0	1
0	0.0555556
0	0.0222222
0	0.0222222
0	0.0777778
0	0.0333333
0	1
0	0.711111
0	0.0666667
0	0.0222222
0	1
0	0.0333333
0	1
0	0.711111
0	0.0333333
0	0.0555556
0	0.0777778
0	0.0666667
0	0.711111
0	1
0	0.0666667
0	0.711111
0	0.0777778
0	1
0	0.0333333
0	1
0	0.0666667
0	0.0222222
0	0.0222222
0	0.0222222
0	0.0888889
0	0.0333333


