# Persistence diagram <GML/0629.gml>
#
# Dimension   : 0
# Entries     : 343
# Betti number: 4
0	inf
0	1
0	1
0	0.144737
0	0.144737
0	inf
0	0.0526316
0	0.157895
0	0.184211
0	1
0	0.105263
0	0.144737
0	1
0	0.118421
0	0.0526316
0	0.0394737
0	0.144737
0	0.118421
0	0.157895
0	0.0921053
0	0.0657895
0	0.0526316
0	0.144737
0	0.0789474
0	0.184211
0	0.0394737
0	0.0526316
0	0.157895
0	0.0789474
0	0.0921053
0	0.0526316
0	0.0394737
0	0.0657895
0	0.144737
0	0.0921053
0	0.0526316
0	1
0	0.0657895
0	0.184211
0	0.0394737
0	0.118421
0	0.105263
0	1
0	1
0	0.105263
0	0.0394737
0	1
0	0.0789474
0	1
0	0.0394737
0	0.0394737
0	1
0	0.0526316
0	0.144737
0	1
0	0.0526316
0	0.0394737
0	1
0	0.0526316
0	0.118421
0	1
0	0.0921053
0	0.0394737
0	0.144737
0	0.0394737
0	0.0263158
0	0.0394737
0	1
0	0.0263158
0	0.157895
0	1
0	0.0526316
0	0.144737
0	0.0921053
0	0.0394737
0	0.0526316
0	0.0526316
0	0.0789474
0	0.0921053
0	0.0526316
0	0.0394737
0	0.0657895
0	1
0	1
0	0.0394737
0	1
0	0.0394737
0	0.0526316
0	0.105263
0	0.0789474
0	0.0921053
0	0.0657895
0	1
0	0.0526316
0	1
0	1
0	0.0263158
0	0.0263158
0	0.0921053
0	0.0526316
0	0.0263158
0	0.157895
0	0.144737
0	0.144737
0	1
0	inf
0	0.0394737
0	0.0263158
0	0.0394737
0	0.0657895
0	0.0526316
0	0.0789474
0	0.0789474
0	0.184211
0	0.0526316
0	inf
0	0.0657895
0	0.0394737
0	0.184211
0	1
0	0.0263158
0	1
0	0.0526316
0	1
0	0.105263
0	0.0394737
0	1
0	0.0394737
0	0.184211
0	0.0526316
0	0.0657895
0	0.0526316
0	0.184211
0	0.0394737
0	0.0657895
0	0.0921053
0	0.0394737
0	0.0657895
0	0.0657895
0	0.0394737
0	0.0657895
0	0.144737
0	0.0657895
0	0.0657895
0	0.0263158
0	0.0263158
0	0.0394737
0	0.0526316
0	0.0263158
0	0.0789474
0	0.0263158
0	0.0921053
0	0.0394737
0	0.0394737
0	0.0263158
0	0.0657895
0	0.0394737
0	0.0526316
0	0.0394737
0	0.0263158
0	0.144737
0	0.0263158
0	0.0263158
0	0.0394737
0	0.144737
0	0.144737
0	0.0394737
0	0.0526316
0	0.0526316
0	0.0394737
0	1
0	0.0921053
0	1
0	0.0394737
0	1
0	0.0263158
0	0.0394737
0	0.0789474
0	0.0394737
0	0.0657895
0	0.0789474
0	1
0	0.0394737
0	0.0263158
0	0.0131579
0	1
0	0.0526316
0	0.0263158
0	0.0394737
0	0.0657895
0	0.157895
0	1
0	0.105263
0	0.0394737
0	1
0	1
0	0.144737
0	0.0526316
0	0.0394737
0	0.0526316
0	0.0526316
0	0.0921053
0	1
0	0.0789474
0	0.0394737
0	1
0	0.0263158
0	1
0	0.144737
0	0.0394737
0	1
0	0.0394737
0	1
0	0.0657895
0	0.0394737
0	0.0657895
0	1
0	0.0657895
0	1
0	0.0921053
0	0.0394737
0	0.0394737
0	1
0	0.0789474
0	0.0263158
0	0.0394737
0	0.157895
0	0.0526316
0	0.0394737
0	0.0263158
0	0.0657895
0	1
0	0.0526316
0	1
0	0.0526316
0	0.0657895
0	0.0526316
0	1
0	0.0789474
0	0.0657895
0	0.0263158
0	0.144737
0	0.0657895
0	0.0263158
0	0.0657895
0	0.0526316
0	0.0526316
0	0.0526316
0	0.0394737
0	0.0394737
0	0.0526316
0	0.0394737
0	0.0921053
0	0.0789474
0	0.0263158
0	0.0394737
0	0.0921053
0	0.0263158
0	1
0	0.0394737
0	0.0263158
0	0.0394737
0	0.157895
0	1
0	0.0263158
0	0.0263158
0	1
0	0.0526316
0	0.0394737
0	0.0394737
0	0.0789474
0	0.184211
0	0.0394737
0	1
0	0.118421
0	0.0921053
0	0.0657895
0	0.0263158
0	0.0921053
0	0.0394737
0	0.0263158
0	0.0657895
0	1
0	0.0789474
0	0.118421
0	1
0	0.144737
0	0.0131579
0	0.0921053
0	1
0	0.0263158
0	0.0394737
0	0.0526316
0	0.0263158
0	0.0394737
0	0.0394737
0	0.0394737
0	0.0526316
0	0.0394737
0	0.0263158
0	0.0526316
0	0.0526316
0	0.0263158
0	0.0789474
0	0.0657895
0	0.105263
0	0.0789474
0	0.0263158
0	0.0263158
0	0.0263158
0	1
0	0.0263158
0	0.0263158
0	0.0394737
0	0.0921053
0	1
0	0.118421
0	0.0263158
0	0.0526316
0	1
0	0.0263158
0	0.0263158
0	0.105263
0	0.0526316
0	0.0394737
0	0.0526316
0	0.0263158
0	0.0526316
0	0.0394737
0	0.0263158
0	0.0789474
0	0.0657895
0	0.0921053
0	0.0263158
0	0.0394737
0	0.0263158
0	0.0921053
0	0.0526316
0	0.0789474
0	0.0394737
0	1
0	0.0394737
0	0.0263158


