# Persistence diagram <GML/0631.gml>
#
# Dimension   : 0
# Entries     : 452
# Betti number: 1
0	inf
0	0.161765
0	0.161765
0	1
0	1
0	0.132353
0	0.0882353
0	0.102941
0	0.161765
0	0.161765
0	0.102941
0	0.0441176
0	0.0882353
0	0.132353
0	0.102941
0	1
0	1
0	0.0882353
0	1
0	1
0	0.0735294
0	0.132353
0	0.161765
0	0.0294118
0	0.0735294
0	0.0735294
0	0.0882353
0	0.0882353
0	0.0588235
0	1
0	1
0	0.0588235
0	0.0441176
0	1
0	0.0588235
0	1
0	0.0735294
0	1
0	0.0588235
0	0.0735294
0	0.0441176
0	0.0882353
0	0.0441176
0	0.132353
0	0.0588235
0	0.0588235
0	0.0735294
0	0.0588235
0	0.0882353
0	0.102941
0	0.0735294
0	0.0735294
0	0.0882353
0	0.0882353
0	0.102941
0	1
0	0.0882353
0	0.0588235
0	0.0882353
0	0.0882353
0	1
0	0.0588235
0	0.102941
0	0.0882353
0	0.0735294
0	0.0441176
0	0.161765
0	0.0588235
0	0.161765
0	0.0441176
0	0.0882353
0	0.0294118
0	0.0294118
0	0.0294118
0	0.0735294
0	0.0294118
0	0.0735294
0	0.0735294
0	0.0735294
0	1
0	0.0441176
0	0.0882353
0	0.161765
0	1
0	0.0294118
0	0.0882353
0	0.0441176
0	0.0588235
0	0.0588235
0	0.0588235
0	0.0588235
0	0.0882353
0	0.0735294
0	0.161765
0	0.0588235
0	0.0735294
0	0.0882353
0	0.0294118
0	0.0882353
0	0.0294118
0	0.0441176
0	0.0735294
0	1
0	0.0441176
0	0.0588235
0	0.0882353
0	1
0	0.0882353
0	0.0735294
0	0.0735294
0	0.0294118
0	0.0441176
0	0.0882353
0	0.0588235
0	0.0441176
0	0.102941
0	0.0735294
0	1
0	0.0588235
0	0.0588235
0	0.0441176
0	0.0588235
0	0.0441176
0	0.0735294
0	0.0294118
0	0.132353
0	0.0882353
0	1
0	1
0	0.161765
0	0.0735294
0	0.0294118
0	0.0441176
0	0.0735294
0	0.0588235
0	0.0588235
0	1
0	0.0294118
0	1
0	0.0588235
0	0.0588235
0	0.0588235
0	1
0	0.161765
0	0.0588235
0	0.0735294
0	0.0294118
0	0.0735294
0	0.0735294
0	0.0735294
0	0.0882353
0	0.0294118
0	0.0441176
0	0.102941
0	0.0735294
0	1
0	0.161765
0	0.0441176
0	0.0441176
0	0.0882353
0	0.0294118
0	0.0588235
0	0.0294118
0	0.0735294
0	0.161765
0	1
0	0.0441176
0	0.0735294
0	0.0294118
0	0.0441176
0	1
0	0.0294118
0	0.0294118
0	0.0441176
0	0.0294118
0	0.0294118
0	0.132353
0	0.0294118
0	0.0588235
0	0.0588235
0	0.0588235
0	0.0882353
0	0.0441176
0	0.0294118
0	0.0735294
0	0.0588235
0	0.0588235
0	0.0735294
0	0.0588235
0	0.0735294
0	0.0882353
0	0.0588235
0	0.0441176
0	1
0	0.0441176
0	0.132353
0	0.0441176
0	0.0735294
0	0.0441176
0	0.0441176
0	0.0588235
0	0.0294118
0	0.0294118
0	0.0294118
0	0.0441176
0	0.0441176
0	0.0294118
0	0.0441176
0	1
0	0.0441176
0	0.0588235
0	0.0882353
0	0.0294118
0	0.0294118
0	0.0882353
0	0.0441176
0	1
0	0.0441176
0	0.0588235
0	0.0294118
0	0.0735294
0	0.0441176
0	0.0294118
0	0.0294118
0	0.0294118
0	0.0294118
0	0.0294118
0	0.132353
0	1
0	0.0294118
0	0.0294118
0	0.0588235
0	0.0441176
0	0.0294118
0	0.0294118
0	0.0588235
0	0.0441176
0	0.0294118
0	0.0588235
0	0.0588235
0	0.0441176
0	0.0588235
0	0.0588235
0	0.0588235
0	0.0294118
0	0.0441176
0	0.0735294
0	1
0	0.0294118
0	0.0735294
0	0.0441176
0	0.0588235
0	1
0	0.0441176
0	0.0735294
0	0.0294118
0	0.0441176
0	0.0441176
0	0.0441176
0	0.102941
0	0.0735294
0	0.0588235
0	0.0441176
0	1
0	0.0441176
0	0.0294118
0	0.0882353
0	0.0441176
0	0.0441176
0	0.0735294
0	0.0588235
0	0.0441176
0	0.0588235
0	0.0588235
0	0.0441176
0	0.0588235
0	0.0294118
0	0.0294118
0	0.0441176
0	0.0294118
0	0.0294118
0	0.0735294
0	0.0441176
0	0.0735294
0	1
0	0.0441176
0	0.161765
0	0.0588235
0	0.0588235
0	0.0588235
0	0.0294118
0	1
0	0.0735294
0	0.0294118
0	0.0441176
0	0.0735294
0	0.0294118
0	0.0294118
0	0.0441176
0	0.0882353
0	0.0441176
0	0.0735294
0	0.0588235
0	0.0294118
0	0.0441176
0	0.0441176
0	0.0441176
0	0.0588235
0	0.0735294
0	1
0	0.0294118
0	0.0441176
0	0.0441176
0	0.0588235
0	0.0294118
0	0.0441176
0	0.0588235
0	0.0588235
0	0.0294118
0	1
0	0.0735294
0	0.0588235
0	0.0735294
0	0.0441176
0	0.102941
0	0.0735294
0	0.0588235
0	0.0294118
0	0.0441176
0	0.0294118
0	0.0588235
0	0.0441176
0	0.0294118
0	0.0441176
0	0.0294118
0	0.0294118
0	0.0882353
0	0.0441176
0	1
0	0.0294118
0	0.0294118
0	0.0441176
0	0.0735294
0	0.102941
0	0.0294118
0	0.0588235
0	0.0735294
0	1
0	0.161765
0	0.0441176
0	0.0882353
0	0.0441176
0	0.0441176
0	0.0294118
0	0.0882353
0	0.0588235
0	0.0294118
0	0.0294118
0	0.0294118
0	0.102941
0	0.0294118
0	0.0735294
0	0.0588235
0	0.0588235
0	0.0735294
0	0.0441176
0	0.0588235
0	0.0588235
0	0.0882353
0	0.0735294
0	0.0441176
0	0.0882353
0	0.0735294
0	1
0	0.0441176
0	0.0294118
0	0.0294118
0	0.0735294
0	0.0294118
0	0.0441176
0	0.0441176
0	0.0441176
0	0.0882353
0	0.0294118
0	0.0588235
0	1
0	0.0294118
0	0.0735294
0	0.0441176
0	0.0294118
0	0.0588235
0	1
0	0.0588235
0	0.0588235
0	1
0	0.0882353
0	1
0	0.0588235
0	0.0735294
0	0.0441176
0	0.0294118
0	0.0588235
0	0.0588235
0	0.0588235
0	0.0588235
0	0.0882353
0	0.0294118
0	0.0588235
0	1
0	0.0882353
0	0.0588235
0	1
0	0.0588235
0	0.0588235
0	0.0735294
0	0.0735294
0	0.0441176
0	0.0441176
0	0.0588235
0	0.0294118
0	0.0294118
0	0.0882353
0	0.0294118
0	0.0294118
0	0.0441176
0	0.0294118
0	0.0882353
0	0.0441176
0	0.0441176
0	0.0294118
0	0.0588235
0	0.161765
0	0.0588235
0	0.0882353
0	0.0735294
0	0.0588235
0	0.0588235
0	0.0294118
0	0.0294118
0	0.0441176
0	0.0294118
0	0.0294118
0	0.0294118
0	0.0294118
0	1
0	0.0294118
0	0.0294118
0	0.0294118
0	0.0294118
0	0.0294118
0	0.0441176
0	0.0588235


