# Persistence diagram <GML/0639.gml>
#
# Dimension   : 0
# Entries     : 422
# Betti number: 1
0	inf
0	1
0	0.0387931
0	1
0	0.0905172
0	0.0344828
0	0.0301724
0	1
0	0.0215517
0	1
0	0.0344828
0	1
0	0.0905172
0	1
0	1
0	0.0258621
0	1
0	1
0	1
0	1
0	0.0172414
0	1
0	1
0	1
0	0.0344828
0	1
0	1
0	0.0344828
0	0.0387931
0	1
0	1
0	1
0	0.012931
0	0.012931
0	1
0	0.0905172
0	1
0	1
0	1
0	1
0	0.0301724
0	1
0	1
0	0.0905172
0	0.0258621
0	1
0	0.0215517
0	1
0	0.0344828
0	0.0258621
0	1
0	0.0258621
0	1
0	0.0172414
0	0.0215517
0	1
0	1
0	1
0	1
0	1
0	0.0215517
0	1
0	0.0215517
0	0.0215517
0	1
0	1
0	0.0301724
0	1
0	0.0258621
0	1
0	0.0215517
0	1
0	0.012931
0	0.0215517
0	0.0905172
0	1
0	0.0301724
0	1
0	1
0	1
0	1
0	1
0	1
0	1
0	0.0172414
0	0.0258621
0	0.0344828
0	0.0258621
0	0.0258621
0	1
0	0.0344828
0	0.0215517
0	0.0258621
0	0.0258621
0	1
0	0.0344828
0	1
0	0.0301724
0	0.0301724
0	0.0301724
0	1
0	0.012931
0	1
0	0.0215517
0	1
0	1
0	1
0	1
0	1
0	1
0	0.00862069
0	0.00862069
0	0.0905172
0	1
0	0.012931
0	0.0301724
0	0.0258621
0	1
0	0.0344828
0	1
0	1
0	1
0	1
0	1
0	1
0	0.0172414
0	1
0	1
0	0.0258621
0	0.0258621
0	0.012931
0	0.0905172
0	0.0301724
0	0.00862069
0	0.0258621
0	1
0	1
0	0.0172414
0	0.0905172
0	1
0	0.0387931
0	1
0	1
0	1
0	0.0387931
0	1
0	1
0	1
0	1
0	0.012931
0	1
0	1
0	0.012931
0	1
0	0.0905172
0	1
0	1
0	0.0344828
0	1
0	1
0	1
0	0.012931
0	0.0215517
0	1
0	0.0172414
0	0.0258621
0	1
0	0.0172414
0	0.0258621
0	0.0172414
0	0.012931
0	1
0	1
0	0.00862069
0	0.00862069
0	0.012931
0	1
0	0.0172414
0	0.0344828
0	0.00862069
0	1
0	1
0	1
0	0.0344828
0	1
0	0.0301724
0	0.012931
0	0.0258621
0	0.0172414
0	0.012931
0	1
0	0.012931
0	1
0	0.0905172
0	1
0	1
0	0.00862069
0	1
0	0.0344828
0	1
0	0.012931
0	0.0172414
0	1
0	0.00862069
0	0.0172414
0	0.0215517
0	0.0344828
0	0.0258621
0	1
0	0.012931
0	1
0	1
0	1
0	0.0301724
0	1
0	0.00862069
0	0.0215517
0	0.0215517
0	0.0172414
0	0.0172414
0	0.012931
0	0.012931
0	0.0905172
0	1
0	0.0172414
0	1
0	0.0258621
0	0.0387931
0	1
0	1
0	1
0	0.00862069
0	0.0905172
0	0.0172414
0	1
0	0.0301724
0	0.012931
0	0.0301724
0	0.00862069
0	0.012931
0	1
0	0.012931
0	1
0	0.0172414
0	1
0	0.00862069
0	1
0	1
0	1
0	0.0172414
0	0.0905172
0	0.0301724
0	0.00862069
0	0.0905172
0	1
0	0.0258621
0	1
0	0.0172414
0	1
0	0.0344828
0	1
0	1
0	0.0387931
0	1
0	1
0	0.0301724
0	1
0	0.0905172
0	1
0	1
0	1
0	1
0	0.00862069
0	0.012931
0	1
0	1
0	0.00862069
0	0.0215517
0	1
0	0.012931
0	1
0	1
0	0.012931
0	1
0	0.0172414
0	1
0	1
0	1
0	1
0	1
0	1
0	0.0215517
0	0.0215517
0	1
0	1
0	1
0	0.0344828
0	0.012931
0	0.0258621
0	0.00862069
0	0.00862069
0	1
0	0.0215517
0	1
0	0.0301724
0	0.0258621
0	0.0301724
0	0.012931
0	0.0905172
0	0.0172414
0	1
0	0.0215517
0	0.0172414
0	0.0258621
0	1
0	1
0	1
0	1
0	1
0	0.00862069
0	0.00862069
0	0.0215517
0	0.012931
0	0.0172414
0	0.012931
0	1
0	1
0	0.012931
0	0.00862069
0	0.012931
0	0.0258621
0	0.012931
0	0.0172414
0	1
0	0.0172414
0	0.0258621
0	1
0	1
0	0.0258621
0	0.012931
0	1
0	1
0	0.012931
0	1
0	0.0258621
0	1
0	1
0	1
0	0.0301724
0	1
0	0.0258621
0	0.0301724
0	1
0	1
0	0.0344828
0	1
0	1
0	0.0258621
0	1
0	0.0258621
0	0.012931
0	0.0301724
0	0.0172414
0	0.00862069
0	0.00862069
0	0.00862069
0	0.0172414
0	0.0172414
0	0.0258621
0	0.012931
0	0.00862069
0	0.0258621
0	0.0258621
0	0.00862069
0	1
0	1
0	1
0	0.012931
0	1
0	0.0905172
0	0.0172414
0	0.0258621
0	0.0172414
0	1
0	1
0	0.0215517
0	0.00862069
0	1
0	0.0172414
0	1
0	0.012931
0	1
0	0.00862069
0	1
0	1
0	0.0215517
0	0.0258621
0	0.0301724
0	1
0	0.00862069
0	1
0	1
0	1
0	0.0258621
0	0.012931
0	0.0301724
0	1
0	1
0	0.0301724
0	1
0	0.012931
0	0.012931
0	1
0	1
0	1
0	0.00862069
0	1
0	1
0	0.00862069
0	1
0	1
0	1


