# Persistence diagram <GML/0642.gml>
#
# Dimension   : 0
# Entries     : 443
# Betti number: 1
0	inf
0	1
0	1
0	1
0	1
0	1
0	0.0299728
0	1
0	1
0	1
0	1
0	1
0	1
0	1
0	1
0	0.0245232
0	1
0	1
0	1
0	0.0190736
0	1
0	1
0	0.0190736
0	1
0	0.0245232
0	1
0	1
0	1
0	1
0	1
0	1
0	0.0217984
0	0.0217984
0	1
0	1
0	1
0	1
0	1
0	1
0	1
0	1
0	1
0	1
0	1
0	1
0	1
0	1
0	1
0	0.013624
0	1
0	1
0	1
0	1
0	1
0	1
0	1
0	1
0	1
0	0.0299728
0	1
0	1
0	1
0	0.0245232
0	1
0	1
0	1
0	0.0217984
0	0.0299728
0	1
0	0.0299728
0	1
0	1
0	1
0	1
0	1
0	1
0	1
0	1
0	0.0108992
0	0.0217984
0	0.0217984
0	1
0	1
0	1
0	1
0	1
0	1
0	0.013624
0	1
0	0.0245232
0	1
0	1
0	1
0	1
0	1
0	1
0	1
0	1
0	0.0163488
0	1
0	1
0	0.0190736
0	1
0	1
0	1
0	1
0	1
0	1
0	1
0	1
0	0.0245232
0	1
0	1
0	1
0	0.00544959
0	1
0	0.0108992
0	1
0	1
0	1
0	0.0245232
0	1
0	1
0	0.0190736
0	1
0	1
0	1
0	1
0	0.0217984
0	1
0	1
0	1
0	1
0	1
0	0.0108992
0	1
0	1
0	1
0	1
0	1
0	1
0	1
0	1
0	1
0	1
0	1
0	0.0190736
0	1
0	1
0	1
0	1
0	1
0	1
0	1
0	1
0	1
0	1
0	1
0	1
0	1
0	1
0	1
0	1
0	1
0	0.0163488
0	1
0	1
0	0.013624
0	0.013624
0	1
0	1
0	1
0	1
0	0.0108992
0	1
0	0.0217984
0	1
0	1
0	1
0	0.00544959
0	1
0	0.0163488
0	1
0	0.0245232
0	1
0	1
0	0.0163488
0	0.0108992
0	0.0108992
0	1
0	1
0	1
0	1
0	1
0	0.0163488
0	1
0	1
0	1
0	0.0108992
0	0.0245232
0	0.0163488
0	1
0	1
0	1
0	1
0	1
0	0.0163488
0	1
0	1
0	0.00817439
0	0.00817439
0	1
0	1
0	1
0	1
0	1
0	0.0108992
0	1
0	1
0	1
0	1
0	1
0	0.0299728
0	0.00544959
0	1
0	1
0	1
0	1
0	0.00544959
0	1
0	1
0	1
0	1
0	0.0245232
0	1
0	1
0	0.0163488
0	1
0	1
0	1
0	0.0299728
0	0.0299728
0	1
0	1
0	1
0	1
0	1
0	1
0	0.0299728
0	1
0	0.0163488
0	1
0	1
0	1
0	1
0	0.0163488
0	1
0	1
0	1
0	1
0	1
0	0.0245232
0	1
0	1
0	0.0245232
0	1
0	1
0	1
0	0.0217984
0	1
0	1
0	1
0	1
0	1
0	1
0	1
0	1
0	1
0	0.0108992
0	1
0	1
0	0.00544959
0	1
0	0.0108992
0	0.0190736
0	0.0245232
0	0.0299728
0	1
0	0.0245232
0	1
0	1
0	1
0	0.00544959
0	1
0	1
0	1
0	1
0	1
0	1
0	1
0	1
0	1
0	1
0	1
0	1
0	1
0	1
0	0.0190736
0	1
0	1
0	1
0	1
0	1
0	1
0	0.00817439
0	1
0	1
0	1
0	1
0	1
0	1
0	1
0	1
0	1
0	0.00817439
0	1
0	1
0	1
0	0.0108992
0	1
0	1
0	0.00817439
0	1
0	0.0190736
0	1
0	1
0	1
0	1
0	1
0	1
0	1
0	1
0	0.00817439
0	1
0	1
0	1
0	0.00544959
0	1
0	1
0	1
0	1
0	1
0	1
0	1
0	1
0	1
0	0.00544959
0	1
0	1
0	0.0190736
0	1
0	1
0	1
0	1
0	1
0	0.00544959
0	0.0245232
0	1
0	0.0190736
0	1
0	1
0	1
0	0.0163488
0	1
0	0.0299728
0	1
0	1
0	1
0	1
0	1
0	1
0	1
0	1
0	1
0	0.0299728
0	1
0	0.00817439
0	0.0163488
0	1
0	1
0	1
0	1
0	1
0	1
0	1
0	1
0	1
0	1
0	1
0	1
0	1
0	1
0	1
0	1
0	0.00817439
0	1
0	1
0	0.00544959
0	1
0	0.00817439
0	1
0	1
0	1
0	1
0	1
0	1
0	1
0	0.00544959
0	1
0	0.0108992
0	0.0190736
0	0.0108992
0	1
0	1
0	1
0	1
0	1
0	1
0	1
0	1
0	1
0	1
0	1
0	1
0	1
0	1
0	1
0	1
0	1
0	1
0	1
0	1
0	1


