# Persistence diagram <GML/0657.gml>
#
# Dimension   : 0
# Entries     : 75
# Betti number: 1
0	inf
0	1
0	1
0	0.0769231
0	1
0	0.0576923
0	0.115385
0	1
0	1
0	1
0	1
0	1
0	1
0	1
0	0.0769231
0	1
0	1
0	0.0769231
0	1
0	1
0	0.0769231
0	1
0	0.115385
0	0.0769231
0	0.0384615
0	1
0	0.0576923
0	1
0	0.0384615
0	1
0	0.0384615
0	0.115385
0	1
0	0.115385
0	1
0	0.0769231
0	1
0	1
0	1
0	1
0	0.0769231
0	1
0	0.0769231
0	1
0	1
0	1
0	0.0769231
0	0.0576923
0	1
0	1
0	1
0	1
0	0.0384615
0	0.0769231
0	0.0384615
0	1
0	1
0	1
0	0.0384615
0	0.0769231
0	0.0576923
0	1
0	0.0769231
0	1
0	1
0	0.0576923
0	0.0576923
0	1
0	0.115385
0	0.0576923
0	1
0	1
0	1
0	0.0384615
0	0.0576923


