# Persistence diagram <GML/0661.gml>
#
# Dimension   : 0
# Entries     : 120
# Betti number: 1
0	inf
0	1
0	1
0	0.108434
0	0.108434
0	1
0	1
0	0.060241
0	1
0	0.060241
0	0.108434
0	1
0	1
0	0.0843373
0	0.0361446
0	1
0	0.0843373
0	1
0	1
0	1
0	1
0	0.0481928
0	1
0	0.0240964
0	0.108434
0	1
0	1
0	1
0	1
0	0.108434
0	1
0	1
0	0.108434
0	0.0843373
0	0.0361446
0	1
0	1
0	1
0	1
0	1
0	1
0	1
0	0.0481928
0	1
0	1
0	1
0	0.108434
0	0.060241
0	0.0361446
0	1
0	1
0	0.0240964
0	1
0	1
0	0.0240964
0	0.0481928
0	1
0	1
0	1
0	0.0481928
0	1
0	0.060241
0	0.108434
0	0.0240964
0	1
0	0.0240964
0	0.0361446
0	1
0	0.0481928
0	0.0361446
0	1
0	0.0481928
0	0.0240964
0	1
0	0.0481928
0	1
0	0.0361446
0	0.0240964
0	0.0240964
0	1
0	1
0	0.0240964
0	1
0	1
0	0.0240964
0	1
0	1
0	1
0	1
0	1
0	0.060241
0	0.0361446
0	0.0843373
0	1
0	1
0	0.108434
0	0.0481928
0	1
0	0.0240964
0	1
0	1
0	0.0240964
0	1
0	1
0	0.0240964
0	0.0240964
0	1
0	0.0843373
0	1
0	1
0	1
0	0.0843373
0	1
0	0.0361446
0	0.0361446
0	0.0843373
0	1
0	1
0	1
0	1


