# Persistence diagram <GML/0665.gml>
#
# Dimension   : 0
# Entries     : 238
# Betti number: 1
0	inf
0	0.493506
0	1
0	0.0779221
0	0.168831
0	0.194805
0	0.116883
0	1
0	0.0779221
0	0.0779221
0	0.0909091
0	0.0909091
0	0.0779221
0	0.0779221
0	0.0779221
0	0.0779221
0	1
0	0.0519481
0	0.194805
0	0.0649351
0	0.493506
0	0.0779221
0	0.0649351
0	0.0649351
0	0.0779221
0	1
0	0.493506
0	0.0779221
0	0.0649351
0	0.0779221
0	0.168831
0	0.0649351
0	0.0909091
0	1
0	0.0779221
0	0.0909091
0	0.194805
0	0.116883
0	0.116883
0	0.0649351
0	1
0	0.168831
0	0.0779221
0	1
0	0.493506
0	0.0649351
0	1
0	0.168831
0	0.0649351
0	0.493506
0	0.493506
0	0.0909091
0	0.0649351
0	0.0649351
0	0.116883
0	0.103896
0	0.0649351
0	1
0	1
0	0.0649351
0	0.0649351
0	1
0	0.0779221
0	0.0779221
0	0.038961
0	0.0649351
0	0.0519481
0	0.0519481
0	0.0649351
0	0.0909091
0	0.0779221
0	0.0909091
0	0.0779221
0	0.0519481
0	1
0	0.0649351
0	0.493506
0	0.0519481
0	0.0909091
0	0.168831
0	0.0649351
0	1
0	0.194805
0	0.103896
0	0.0779221
0	1
0	0.194805
0	0.0649351
0	0.038961
0	0.0649351
0	0.0649351
0	0.0519481
0	0.0649351
0	1
0	0.0909091
0	0.0649351
0	0.0909091
0	0.0909091
0	0.038961
0	0.0519481
0	0.0779221
0	0.493506
0	0.0649351
0	0.038961
0	0.0909091
0	0.0649351
0	0.025974
0	0.0779221
0	0.0649351
0	0.0649351
0	0.0649351
0	1
0	0.0779221
0	0.0519481
0	0.038961
0	0.0779221
0	0.025974
0	0.0519481
0	0.493506
0	1
0	1
0	0.493506
0	0.025974
0	1
0	0.0779221
0	0.038961
0	0.0519481
0	0.493506
0	1
0	0.038961
0	0.025974
0	0.0519481
0	0.025974
0	0.168831
0	0.038961
0	0.038961
0	0.0909091
0	0.025974
0	0.0649351
0	1
0	1
0	0.0519481
0	0.0519481
0	0.0779221
0	0.0649351
0	0.168831
0	0.0519481
0	0.0909091
0	0.0649351
0	1
0	0.0519481
0	0.0649351
0	1
0	1
0	0.0779221
0	0.0649351
0	0.0519481
0	0.038961
0	1
0	1
0	0.038961
0	0.038961
0	0.025974
0	0.038961
0	0.0519481
0	0.0779221
0	1
0	1
0	0.038961
0	0.194805
0	0.038961
0	0.038961
0	0.0909091
0	0.0779221
0	0.0779221
0	0.0649351
0	0.0909091
0	0.116883
0	1
0	0.0909091
0	1
0	0.0519481
0	0.025974
0	0.038961
0	0.025974
0	0.0649351
0	0.038961
0	0.0519481
0	0.025974
0	1
0	0.0649351
0	0.493506
0	0.0649351
0	0.0649351
0	0.493506
0	0.038961
0	0.038961
0	0.025974
0	0.0779221
0	0.038961
0	0.0909091
0	1
0	0.025974
0	0.194805
0	0.038961
0	0.0649351
0	0.025974
0	0.025974
0	0.025974
0	0.0649351
0	0.0779221
0	0.0909091
0	0.0519481
0	0.038961
0	0.0649351
0	0.038961
0	0.0519481
0	0.0779221
0	0.0909091
0	0.493506
0	0.0519481
0	0.025974
0	0.168831
0	0.038961
0	0.0909091
0	0.116883
0	0.025974
0	0.168831
0	0.038961
0	0.0779221
0	0.103896
0	0.038961
0	0.038961
0	0.0649351
0	0.0649351
0	0.0519481
0	0.0649351
0	0.0519481


