# Persistence diagram <GML/0667.gml>
#
# Dimension   : 0
# Entries     : 350
# Betti number: 8
0	inf
0	1
0	1
0	0.104651
0	1
0	1
0	0.162791
0	1
0	1
0	0.104651
0	0.104651
0	0.0813953
0	0.0348837
0	1
0	1
0	1
0	1
0	1
0	1
0	0.0697674
0	1
0	0.0697674
0	0.104651
0	0.0813953
0	1
0	0.0232558
0	0.0813953
0	0.104651
0	1
0	1
0	0.0581395
0	1
0	0.0348837
0	1
0	1
0	0.104651
0	inf
0	0.0930233
0	0.0697674
0	0.0813953
0	1
0	1
0	0.0697674
0	0.0348837
0	0.0232558
0	0.0930233
0	0.0348837
0	0.0348837
0	1
0	1
0	0.0465116
0	0.0232558
0	0.0348837
0	1
0	0.0581395
0	0.0697674
0	0.0348837
0	1
0	0.0697674
0	1
0	1
0	0.0697674
0	0.0813953
0	0.0697674
0	1
0	0.0930233
0	inf
0	1
0	0.0232558
0	0.0813953
0	0.0697674
0	0.0465116
0	0.0813953
0	0.0232558
0	0.0581395
0	0.162791
0	0.0813953
0	0.0348837
0	0.0465116
0	0.0348837
0	0.0930233
0	0.0465116
0	0.0697674
0	0.0232558
0	0.0348837
0	0.104651
0	inf
0	1
0	inf
0	1
0	0.0465116
0	0.0581395
0	inf
0	inf
0	1
0	0.0232558
0	0.0813953
0	0.0813953
0	0.0813953
0	0.0348837
0	0.0813953
0	0.0697674
0	1
0	0.0697674
0	0.0348837
0	0.0697674
0	0.0232558
0	0.0348837
0	0.0348837
0	1
0	0.0348837
0	0.0813953
0	0.0348837
0	0.0465116
0	0.104651
0	1
0	0.0813953
0	0.0465116
0	0.0348837
0	0.0581395
0	0.0697674
0	0.0697674
0	1
0	0.0232558
0	0.0813953
0	0.0348837
0	0.0348837
0	0.0348837
0	0.0232558
0	0.0232558
0	0.0348837
0	0.0697674
0	0.104651
0	0.0348837
0	0.0697674
0	0.0232558
0	0.0348837
0	0.0813953
0	0.0348837
0	1
0	1
0	0.104651
0	0.0232558
0	0.162791
0	0.0232558
0	0.104651
0	0.0232558
0	0.0232558
0	1
0	0.0581395
0	0.0348837
0	0.0348837
0	0.0348837
0	0.0813953
0	1
0	1
0	0.0813953
0	0.0232558
0	0.104651
0	0.0813953
0	0.0232558
0	0.0232558
0	1
0	0.0348837
0	0.162791
0	0.0232558
0	0.0348837
0	0.0232558
0	0.0232558
0	0.0813953
0	0.162791
0	0.0232558
0	0.0697674
0	0.0348837
0	0.0697674
0	0.0348837
0	0.0813953
0	0.0232558
0	0.0348837
0	1
0	1
0	0.0232558
0	0.0232558
0	0.0697674
0	0.0813953
0	0.0813953
0	0.0232558
0	0.162791
0	1
0	0.0697674
0	0.0348837
0	0.0116279
0	1
0	1
0	0.0813953
0	1
0	0.0348837
0	0.0232558
0	0.0348837
0	0.0697674
0	0.162791
0	0.0232558
0	0.0348837
0	0.0813953
0	0.0465116
0	0.0232558
0	0.0348837
0	0.0232558
0	0.0232558
0	1
0	0.0232558
0	0.0813953
0	0.0232558
0	0.0116279
0	0.0813953
0	0.0348837
0	0.0348837
0	0.0697674
0	0.0697674
0	0.0232558
0	0.0232558
0	0.0348837
0	0.0232558
0	0.0232558
0	1
0	0.0581395
0	0.0348837
0	0.0348837
0	0.0697674
0	0.0697674
0	0.0813953
0	0.0232558
0	1
0	1
0	0.0348837
0	0.0348837
0	0.0581395
0	0.0930233
0	0.0232558
0	0.104651
0	0.0813953
0	0.0348837
0	0.0232558
0	0.0813953
0	0.0232558
0	0.0232558
0	0.104651
0	0.0116279
0	0.0232558
0	0.0232558
0	0.0232558
0	1
0	0.0348837
0	0.0581395
0	0.0697674
0	0.0348837
0	0.0813953
0	0.0232558
0	0.0465116
0	0.0232558
0	0.0697674
0	1
0	0.0697674
0	0.0813953
0	0.0465116
0	0.0930233
0	0.162791
0	1
0	0.0465116
0	0.0813953
0	0.0813953
0	0.0232558
0	0.0232558
0	0.0348837
0	0.0581395
0	0.0813953
0	0.0348837
0	0.0232558
0	0.0697674
0	0.0348837
0	1
0	0.0465116
0	0.0348837
0	0.0581395
0	0.0581395
0	0.0813953
0	0.0348837
0	0.0348837
0	0.0348837
0	0.0697674
0	0.0232558
0	1
0	0.0348837
0	0.0813953
0	1
0	1
0	0.0581395
0	0.0465116
0	0.0232558
0	1
0	0.0232558
0	0.0348837
0	0.104651
0	1
0	0.0348837
0	0.0348837
0	0.0348837
0	0.0348837
0	inf
0	0.0581395
0	0.0581395
0	0.0813953
0	0.0348837
0	0.0232558
0	0.0348837
0	0.0465116
0	0.0581395
0	0.0348837
0	0.0813953
0	0.0697674
0	0.0348837
0	0.0581395
0	0.0465116
0	0.0232558
0	0.162791
0	0.0232558
0	0.0232558
0	0.0581395
0	1
0	0.0348837
0	0.0232558
0	0.0348837
0	0.0348837
0	1
0	0.0232558
0	0.0232558
0	0.0813953
0	0.0116279
0	1
0	0.0581395
0	1
0	0.0232558
0	1
0	0.0813953
0	0.0697674
0	1
0	0.0348837
0	0.0581395
0	0.0348837
0	0.0930233


