# Persistence diagram <GML/0669.gml>
#
# Dimension   : 0
# Entries     : 421
# Betti number: 6
0	inf
0	1
0	1
0	1
0	0.173913
0	0.23913
0	0.173913
0	0.0869565
0	0.108696
0	0.0652174
0	inf
0	0.0869565
0	0.0869565
0	inf
0	0.217391
0	0.173913
0	0.130435
0	0.173913
0	1
0	0.0869565
0	0.0652174
0	1
0	0.108696
0	1
0	1
0	0.108696
0	0.0652174
0	1
0	0.0869565
0	0.0652174
0	1
0	0.0652174
0	1
0	0.108696
0	0.152174
0	1
0	0.0869565
0	0.130435
0	0.0869565
0	0.108696
0	0.0652174
0	0.0652174
0	0.217391
0	0.0869565
0	0.0869565
0	0.0869565
0	1
0	0.0652174
0	inf
0	0.0652174
0	0.108696
0	0.0652174
0	0.0652174
0	0.108696
0	0.108696
0	0.0652174
0	0.108696
0	0.0869565
0	1
0	0.0869565
0	0.108696
0	0.0434783
0	0.0869565
0	0.0652174
0	0.108696
0	0.0652174
0	0.0434783
0	0.0652174
0	0.108696
0	0.152174
0	0.108696
0	0.0869565
0	0.108696
0	0.152174
0	0.0869565
0	0.0869565
0	0.130435
0	1
0	0.0652174
0	0.0869565
0	0.0869565
0	0.0652174
0	0.0869565
0	0.0652174
0	0.0869565
0	0.0652174
0	0.152174
0	0.130435
0	0.0434783
0	0.0652174
0	0.0652174
0	0.0652174
0	0.108696
0	0.0652174
0	0.0869565
0	0.0869565
0	0.173913
0	0.0869565
0	0.0434783
0	0.173913
0	0.0869565
0	0.108696
0	0.0652174
0	0.130435
0	0.0434783
0	0.0652174
0	0.0652174
0	0.108696
0	0.0652174
0	0.130435
0	0.0652174
0	0.130435
0	0.0869565
0	0.108696
0	0.0869565
0	0.0869565
0	0.0652174
0	0.0869565
0	0.0869565
0	0.130435
0	0.0434783
0	0.152174
0	0.0869565
0	0.0652174
0	1
0	0.108696
0	0.0434783
0	0.0869565
0	0.0652174
0	0.0652174
0	0.23913
0	0.130435
0	0.0869565
0	0.0434783
0	0.0434783
0	0.0434783
0	0.0652174
0	0.0652174
0	0.0869565
0	0.0652174
0	0.130435
0	0.0869565
0	0.0652174
0	0.0652174
0	0.0434783
0	0.23913
0	0.0652174
0	0.130435
0	0.108696
0	0.0652174
0	0.152174
0	inf
0	0.0869565
0	0.0869565
0	0.0869565
0	0.217391
0	0.0652174
0	0.0869565
0	0.0434783
0	0.0652174
0	0.0652174
0	0.23913
0	0.0434783
0	0.0434783
0	0.0434783
0	0.152174
0	1
0	0.0869565
0	0.0434783
0	0.0652174
0	0.0869565
0	inf
0	0.0434783
0	0.130435
0	0.0434783
0	0.0434783
0	0.0434783
0	0.173913
0	0.0869565
0	0.0434783
0	0.130435
0	0.23913
0	0.0869565
0	0.0652174
0	0.23913
0	0.23913
0	0.0652174
0	0.0652174
0	0.0652174
0	0.0869565
0	0.108696
0	0.173913
0	0.0434783
0	0.0652174
0	0.0869565
0	0.0869565
0	1
0	0.0652174
0	1
0	0.130435
0	0.152174
0	0.173913
0	0.0652174
0	0.0652174
0	0.0652174
0	0.108696
0	0.0434783
0	0.0434783
0	0.217391
0	0.0652174
0	0.0434783
0	0.0869565
0	0.0869565
0	0.0869565
0	0.0434783
0	0.0434783
0	0.152174
0	0.0869565
0	0.0652174
0	0.0869565
0	0.0869565
0	0.217391
0	0.0869565
0	1
0	0.108696
0	0.0869565
0	0.217391
0	0.0652174
0	0.0434783
0	0.0434783
0	0.0652174
0	0.0869565
0	0.0869565
0	0.0869565
0	0.108696
0	0.0434783
0	0.0652174
0	0.108696
0	0.0869565
0	0.0869565
0	1
0	0.0869565
0	0.0434783
0	0.0869565
0	0.0652174
0	0.108696
0	0.0434783
0	0.0434783
0	0.0434783
0	0.0434783
0	0.0434783
0	1
0	0.0652174
0	0.108696
0	0.0652174
0	0.0434783
0	0.0869565
0	0.0652174
0	0.173913
0	0.0434783
0	0.0434783
0	0.0434783
0	0.0652174
0	0.0869565
0	0.108696
0	0.0434783
0	0.0434783
0	0.0434783
0	0.152174
0	0.0652174
0	0.0434783
0	0.0652174
0	0.0869565
0	0.130435
0	0.0652174
0	0.0434783
0	0.173913
0	0.0652174
0	0.0434783
0	0.0434783
0	0.0434783
0	0.0434783
0	0.0652174
0	0.0434783
0	0.0434783
0	0.0652174
0	0.108696
0	0.0652174
0	0.0652174
0	0.0652174
0	0.0434783
0	0.130435
0	0.0869565
0	0.0869565
0	0.0869565
0	0.0869565
0	0.0652174
0	0.0434783
0	0.0652174
0	0.0434783
0	0.0652174
0	0.0652174
0	0.0217391
0	0.0652174
0	0.0652174
0	0.0652174
0	0.108696
0	0.0434783
0	1
0	0.0434783
0	0.0434783
0	0.0652174
0	0.0869565
0	0.0434783
0	0.0434783
0	0.0434783
0	0.0869565
0	0.0652174
0	0.0652174
0	0.0869565
0	0.217391
0	0.0652174
0	0.0434783
0	0.0434783
0	0.0434783
0	0.0434783
0	0.0434783
0	0.0434783
0	0.0434783
0	0.0434783
0	0.108696
0	0.0434783
0	0.0434783
0	0.0652174
0	0.0434783
0	0.0652174
0	0.0434783
0	0.0434783
0	0.0652174
0	0.0434783
0	0.0434783
0	0.0869565
0	0.108696
0	0.0652174
0	1
0	0.0869565
0	0.0652174
0	0.0652174
0	0.0434783
0	0.0652174
0	0.0652174
0	0.0652174
0	0.0434783
0	0.0434783
0	0.0217391
0	0.0652174
0	1
0	0.0869565
0	0.0652174
0	1
0	0.0869565
0	0.108696
0	0.173913
0	0.152174
0	0.0869565
0	0.0434783
0	0.0869565
0	0.0217391
0	0.0434783
0	0.0434783
0	0.0869565
0	0.0869565
0	0.0434783
0	0.108696
0	0.0652174
0	0.0869565
0	0.0434783
0	0.0869565
0	0.0652174
0	0.0652174
0	0.0434783
0	0.0652174
0	0.0869565
0	0.0652174
0	0.0434783
0	0.0434783
0	0.108696
0	0.0869565
0	0.0652174
0	0.0434783
0	1
0	0.130435
0	0.0434783
0	0.0869565
0	0.23913
0	0.0652174
0	0.0434783
0	0.108696
0	0.0869565
0	0.0434783
0	0.0652174
0	0.0434783
0	0.173913
0	0.0652174
0	0.0652174
0	0.0652174
0	0.0869565
0	0.0434783
0	0.0869565
0	0.130435
0	0.0869565
0	0.0434783
0	0.0434783
0	0.0434783
0	0.130435
0	0.130435
0	0.217391
0	1
0	0.0434783
0	0.0434783
0	0.0869565


