# Persistence diagram <GML/0678.gml>
#
# Dimension   : 0
# Entries     : 460
# Betti number: 1
0	inf
0	1
0	1
0	1
0	1
0	1
0	1
0	1
0	1
0	1
0	1
0	1
0	1
0	1
0	1
0	1
0	1
0	1
0	0.00493827
0	1
0	1
0	1
0	1
0	1
0	1
0	1
0	1
0	1
0	1
0	0.0197531
0	1
0	1
0	1
0	1
0	0.0197531
0	1
0	1
0	1
0	0.0148148
0	1
0	1
0	1
0	1
0	1
0	0.0123457
0	1
0	1
0	1
0	1
0	1
0	1
0	1
0	1
0	1
0	1
0	1
0	1
0	1
0	1
0	1
0	1
0	0.00987654
0	1
0	1
0	1
0	0.0123457
0	1
0	0.0123457
0	1
0	1
0	1
0	1
0	1
0	1
0	1
0	1
0	0.00740741
0	1
0	1
0	1
0	1
0	1
0	1
0	1
0	0.0123457
0	1
0	1
0	1
0	1
0	1
0	1
0	1
0	1
0	1
0	1
0	1
0	1
0	1
0	1
0	1
0	1
0	1
0	1
0	1
0	1
0	1
0	0.00987654
0	1
0	1
0	1
0	1
0	1
0	1
0	1
0	1
0	1
0	1
0	1
0	0.0197531
0	1
0	1
0	1
0	1
0	0.00740741
0	1
0	1
0	1
0	1
0	0.0123457
0	1
0	0.0123457
0	0.0123457
0	1
0	1
0	1
0	1
0	1
0	0.00740741
0	1
0	1
0	0.0197531
0	1
0	1
0	1
0	0.00987654
0	1
0	0.0123457
0	1
0	1
0	1
0	1
0	1
0	0.0123457
0	1
0	1
0	1
0	0.0148148
0	1
0	1
0	1
0	1
0	1
0	1
0	1
0	1
0	0.0123457
0	0.00740741
0	1
0	1
0	1
0	1
0	1
0	1
0	1
0	1
0	1
0	0.00987654
0	1
0	1
0	1
0	1
0	1
0	1
0	0.0123457
0	1
0	1
0	1
0	1
0	1
0	0.00740741
0	1
0	1
0	1
0	1
0	1
0	1
0	0.0148148
0	1
0	1
0	1
0	1
0	1
0	1
0	1
0	0.00987654
0	1
0	1
0	1
0	1
0	1
0	1
0	1
0	1
0	1
0	1
0	1
0	0.00740741
0	1
0	1
0	0.0123457
0	0.0123457
0	1
0	1
0	0.0123457
0	1
0	1
0	1
0	1
0	1
0	1
0	0.00740741
0	1
0	1
0	1
0	1
0	1
0	1
0	1
0	1
0	1
0	1
0	1
0	0.00740741
0	1
0	1
0	1
0	1
0	1
0	1
0	1
0	1
0	1
0	0.00740741
0	1
0	0.00740741
0	0.0123457
0	1
0	1
0	1
0	1
0	1
0	1
0	1
0	0.00740741
0	1
0	1
0	1
0	1
0	1
0	1
0	1
0	1
0	1
0	1
0	1
0	1
0	0.00493827
0	1
0	1
0	1
0	1
0	1
0	0.00987654
0	1
0	1
0	1
0	1
0	1
0	1
0	0.00740741
0	1
0	1
0	1
0	1
0	1
0	1
0	0.00493827
0	1
0	1
0	1
0	1
0	1
0	1
0	1
0	1
0	1
0	0.00493827
0	1
0	1
0	1
0	1
0	1
0	1
0	1
0	1
0	1
0	1
0	1
0	0.0148148
0	1
0	1
0	0.0197531
0	1
0	0.00493827
0	1
0	0.00493827
0	0.00740741
0	1
0	1
0	1
0	1
0	1
0	1
0	1
0	1
0	1
0	1
0	1
0	1
0	1
0	1
0	1
0	1
0	1
0	0.00740741
0	1
0	0.00740741
0	1
0	1
0	1
0	1
0	1
0	1
0	1
0	1
0	0.00987654
0	0.0123457
0	1
0	1
0	1
0	1
0	1
0	1
0	1
0	1
0	1
0	0.00493827
0	0.00493827
0	1
0	0.0123457
0	0.00987654
0	1
0	1
0	1
0	0.00987654
0	1
0	1
0	1
0	1
0	1
0	1
0	1
0	1
0	1
0	1
0	1
0	1
0	1
0	0.00493827
0	0.0197531
0	1
0	0.0123457
0	1
0	0.0123457
0	1
0	1
0	0.00493827
0	1
0	0.00493827
0	1
0	1
0	0.00493827
0	1
0	1
0	1
0	1
0	1
0	1
0	1
0	1
0	1
0	1
0	1
0	1
0	1
0	1
0	0.00740741
0	1
0	0.00493827
0	0.00740741
0	1
0	1
0	1
0	1
0	0.00740741
0	1
0	1
0	1
0	1
0	1
0	1
0	1
0	1
0	1
0	1
0	1
0	1
0	0.00493827
0	1
0	1
0	1
0	1
0	1
0	1
0	0.0123457
0	1
0	1
0	1
0	0.00493827
0	1
0	0.0123457
0	1
0	1
0	1
0	1
0	0.0148148
0	1
0	1
0	1
0	1


