# Persistence diagram <GML/0685.gml>
#
# Dimension   : 0
# Entries     : 453
# Betti number: 3
0	inf
0	1
0	1
0	0.05
0	1
0	0.04
0	1
0	1
0	1
0	0.05
0	0.04
0	0.05
0	0.035
0	1
0	0.035
0	1
0	1
0	1
0	0.015
0	0.035
0	0.035
0	1
0	1
0	1
0	1
0	1
0	1
0	0.025
0	1
0	1
0	0.035
0	0.02
0	0.03
0	0.03
0	1
0	1
0	0.025
0	1
0	0.015
0	1
0	0.025
0	1
0	0.03
0	0.01
0	1
0	1
0	1
0	1
0	0.015
0	0.04
0	0.025
0	1
0	1
0	1
0	0.04
0	1
0	1
0	1
0	0.025
0	1
0	0.05
0	1
0	1
0	1
0	1
0	0.015
0	0.035
0	0.05
0	0.025
0	0.025
0	0.015
0	1
0	1
0	1
0	1
0	1
0	1
0	1
0	1
0	0.035
0	0.02
0	0.025
0	1
0	0.015
0	1
0	1
0	1
0	1
0	1
0	1
0	1
0	1
0	1
0	1
0	0.03
0	1
0	1
0	0.02
0	0.015
0	1
0	1
0	0.035
0	0.01
0	0.015
0	0.015
0	0.015
0	1
0	0.04
0	1
0	1
0	0.015
0	1
0	0.025
0	0.01
0	0.02
0	0.025
0	0.02
0	0.03
0	0.035
0	0.025
0	0.03
0	1
0	1
0	0.02
0	1
0	1
0	0.04
0	0.04
0	0.015
0	0.015
0	1
0	0.015
0	1
0	1
0	0.015
0	1
0	1
0	0.03
0	1
0	1
0	1
0	1
0	0.02
0	0.015
0	0.015
0	0.035
0	0.015
0	1
0	0.015
0	0.035
0	0.015
0	1
0	0.015
0	1
0	0.03
0	1
0	1
0	0.025
0	1
0	0.035
0	1
0	0.015
0	1
0	1
0	1
0	1
0	0.025
0	0.015
0	0.015
0	0.01
0	0.015
0	0.03
0	inf
0	0.015
0	1
0	0.025
0	1
0	0.025
0	1
0	0.025
0	1
0	0.005
0	0.025
0	1
0	0.02
0	0.015
0	0.025
0	0.03
0	0.025
0	1
0	1
0	0.025
0	0.01
0	0.02
0	0.05
0	0.01
0	1
0	0.025
0	0.01
0	1
0	0.015
0	0.015
0	0.015
0	1
0	1
0	0.035
0	0.01
0	1
0	1
0	1
0	inf
0	1
0	1
0	0.02
0	1
0	0.01
0	0.015
0	0.015
0	0.01
0	1
0	1
0	1
0	1
0	1
0	0.015
0	0.01
0	0.025
0	0.04
0	0.025
0	1
0	0.01
0	0.015
0	1
0	0.025
0	0.01
0	0.015
0	0.015
0	0.015
0	0.02
0	1
0	0.04
0	1
0	0.015
0	0.015
0	0.02
0	0.025
0	1
0	0.025
0	0.015
0	1
0	1
0	1
0	1
0	0.025
0	1
0	1
0	0.01
0	0.025
0	0.05
0	0.015
0	1
0	1
0	0.01
0	0.025
0	0.01
0	0.015
0	0.02
0	0.035
0	0.01
0	1
0	0.01
0	1
0	0.035
0	1
0	0.01
0	1
0	0.01
0	0.015
0	0.025
0	0.015
0	1
0	1
0	0.015
0	1
0	0.02
0	0.015
0	0.05
0	1
0	0.01
0	0.015
0	0.015
0	1
0	1
0	0.02
0	1
0	1
0	0.015
0	0.025
0	0.015
0	1
0	0.025
0	1
0	0.015
0	0.02
0	0.05
0	0.01
0	0.02
0	1
0	0.025
0	1
0	0.025
0	0.01
0	0.03
0	0.015
0	0.05
0	1
0	1
0	0.05
0	0.01
0	1
0	1
0	0.01
0	0.04
0	0.01
0	1
0	0.015
0	0.025
0	0.05
0	1
0	0.05
0	0.015
0	1
0	1
0	1
0	0.015
0	0.015
0	1
0	1
0	0.03
0	0.015
0	0.015
0	0.04
0	0.015
0	0.05
0	0.035
0	1
0	1
0	0.02
0	0.01
0	0.01
0	0.01
0	0.04
0	1
0	0.015
0	1
0	0.01
0	0.01
0	0.03
0	0.015
0	0.015
0	1
0	1
0	0.015
0	0.015
0	1
0	1
0	1
0	0.025
0	0.01
0	0.02
0	1
0	0.01
0	1
0	0.015
0	0.015
0	0.015
0	0.035
0	0.02
0	0.04
0	0.01
0	0.01
0	0.015
0	0.015
0	1
0	1
0	0.02
0	0.01
0	0.015
0	0.02
0	1
0	0.015
0	1
0	0.01
0	0.01
0	0.02
0	0.025
0	1
0	0.01
0	0.015
0	1
0	0.025
0	1
0	1
0	0.01
0	0.035
0	0.035
0	0.015
0	0.015
0	0.015
0	0.025
0	0.015
0	0.01
0	0.015
0	0.01
0	0.015
0	0.035
0	1
0	1
0	0.015
0	0.015
0	0.01
0	1
0	0.015
0	0.02
0	1
0	0.015
0	0.01
0	0.03
0	0.025
0	0.03
0	0.01
0	0.025
0	0.015
0	0.05
0	0.015
0	0.025
0	0.025
0	0.05
0	0.015
0	0.015
0	0.02
0	0.015
0	1
0	0.02
0	1
0	1
0	0.01
0	1
0	0.02
0	1
0	0.025
0	0.01
0	0.01


