# Persistence diagram <GML/0687.gml>
#
# Dimension   : 0
# Entries     : 99
# Betti number: 1
0	inf
0	1
0	1
0	1
0	0.137255
0	0.137255
0	0.0980392
0	0.137255
0	1
0	1
0	0.137255
0	0.137255
0	1
0	0.0980392
0	0.137255
0	1
0	1
0	0.0784314
0	0.0980392
0	0.0784314
0	0.0980392
0	0.137255
0	0.0588235
0	1
0	0.0588235
0	0.0980392
0	0.117647
0	0.0588235
0	1
0	1
0	0.0588235
0	0.0588235
0	1
0	0.176471
0	0.0588235
0	0.0784314
0	0.0588235
0	1
0	0.0588235
0	1
0	1
0	0.117647
0	0.0588235
0	0.0588235
0	0.117647
0	0.137255
0	1
0	0.0980392
0	0.137255
0	0.0588235
0	0.0980392
0	0.0392157
0	1
0	0.0392157
0	0.0392157
0	0.0980392
0	0.0980392
0	0.0784314
0	0.0392157
0	0.0588235
0	0.0980392
0	0.0980392
0	1
0	0.117647
0	0.117647
0	0.176471
0	0.0588235
0	0.0588235
0	0.0784314
0	0.0392157
0	0.0392157
0	0.0588235
0	0.0980392
0	0.176471
0	0.176471
0	0.117647
0	1
0	1
0	0.0784314
0	1
0	1
0	0.137255
0	1
0	0.0980392
0	0.0392157
0	0.0784314
0	0.117647
0	0.0392157
0	0.0980392
0	1
0	1
0	0.117647
0	0.0588235
0	1
0	0.0588235
0	0.0588235
0	0.0980392
0	0.0588235
0	0.117647


