# Persistence diagram <GML/0702.gml>
#
# Dimension   : 0
# Entries     : 410
# Betti number: 1
0	inf
0	1
0	1
0	1
0	1
0	1
0	1
0	0.159574
0	0.0531915
0	1
0	0.159574
0	1
0	0.106383
0	1
0	1
0	0.0319149
0	1
0	0.106383
0	0.0319149
0	0.0531915
0	0.0638298
0	1
0	0.159574
0	1
0	0.0531915
0	0.0957447
0	0.159574
0	1
0	0.106383
0	0.0425532
0	0.0319149
0	1
0	0.0531915
0	0.0638298
0	0.0638298
0	0.0425532
0	0.0744681
0	0.0744681
0	1
0	1
0	0.106383
0	0.0425532
0	0.0744681
0	0.0319149
0	0.0957447
0	0.0425532
0	0.0638298
0	0.0744681
0	1
0	0.106383
0	1
0	0.0425532
0	0.0957447
0	0.0212766
0	0.0425532
0	0.0319149
0	1
0	0.0319149
0	0.0638298
0	0.106383
0	0.0531915
0	0.0319149
0	0.0638298
0	0.0638298
0	1
0	0.0744681
0	1
0	0.0425532
0	0.0531915
0	0.0212766
0	0.0425532
0	0.106383
0	0.0957447
0	0.0957447
0	0.0212766
0	0.0319149
0	1
0	0.0425532
0	1
0	0.0425532
0	0.0425532
0	0.106383
0	1
0	0.0957447
0	0.0212766
0	0.0319149
0	0.0425532
0	1
0	0.0212766
0	0.0957447
0	0.159574
0	0.0638298
0	1
0	1
0	1
0	0.0425532
0	0.0425532
0	0.0425532
0	0.0531915
0	1
0	0.0212766
0	0.0531915
0	1
0	0.0744681
0	0.0319149
0	1
0	0.0425532
0	0.0212766
0	0.0425532
0	0.0212766
0	0.0319149
0	0.0425532
0	0.0212766
0	1
0	0.0319149
0	0.0319149
0	1
0	0.0957447
0	0.0638298
0	1
0	0.0638298
0	0.0425532
0	0.0212766
0	0.0425532
0	1
0	0.0319149
0	0.0531915
0	0.0638298
0	0.0212766
0	0.0957447
0	0.0638298
0	0.0638298
0	0.0425532
0	1
0	0.0531915
0	0.0212766
0	0.0212766
0	0.0425532
0	0.0425532
0	0.0531915
0	0.0212766
0	0.0638298
0	0.0212766
0	0.0319149
0	1
0	0.0531915
0	0.0212766
0	0.0425532
0	0.0425532
0	0.0212766
0	0.0319149
0	0.0319149
0	0.0425532
0	1
0	1
0	1
0	0.0319149
0	0.0319149
0	0.106383
0	0.0744681
0	0.0638298
0	0.0425532
0	1
0	0.0212766
0	0.0638298
0	0.0319149
0	0.0744681
0	0.0319149
0	0.0531915
0	0.0638298
0	0.0319149
0	0.0319149
0	0.159574
0	0.0319149
0	0.0319149
0	1
0	0.0319149
0	0.0319149
0	0.0957447
0	0.0638298
0	0.0319149
0	1
0	0.0319149
0	0.0531915
0	0.0531915
0	0.0957447
0	0.0319149
0	0.0638298
0	0.0425532
0	1
0	0.0744681
0	0.0212766
0	0.0319149
0	0.0425532
0	1
0	0.0319149
0	0.106383
0	0.0425532
0	0.0319149
0	0.0425532
0	0.0425532
0	0.0531915
0	0.159574
0	1
0	0.0212766
0	0.0425532
0	0.0531915
0	0.0531915
0	0.0425532
0	0.0531915
0	0.0531915
0	0.0425532
0	0.106383
0	0.0425532
0	0.0212766
0	1
0	1
0	0.0212766
0	0.0531915
0	0.0212766
0	0.0319149
0	0.0744681
0	1
0	0.0957447
0	0.0212766
0	0.0957447
0	0.0638298
0	0.0319149
0	0.0531915
0	0.0425532
0	0.0531915
0	0.0319149
0	0.0531915
0	0.0212766
0	0.0212766
0	0.0212766
0	0.0531915
0	0.0319149
0	0.0531915
0	0.106383
0	0.0212766
0	0.0319149
0	0.0744681
0	0.0531915
0	0.0212766
0	0.106383
0	0.0319149
0	0.0212766
0	0.0319149
0	0.106383
0	0.0212766
0	0.0212766
0	1
0	0.0425532
0	0.0212766
0	0.0212766
0	0.0212766
0	0.0212766
0	0.0212766
0	0.0319149
0	0.0957447
0	0.0319149
0	0.0319149
0	0.0212766
0	0.106383
0	0.0425532
0	1
0	0.0531915
0	1
0	0.0425532
0	1
0	0.0319149
0	0.0212766
0	0.0212766
0	0.0531915
0	0.0212766
0	1
0	0.159574
0	0.0212766
0	0.0425532
0	0.0425532
0	0.0319149
0	0.0531915
0	0.0212766
0	1
0	0.0744681
0	0.0638298
0	0.0744681
0	0.0425532
0	0.106383
0	1
0	0.0212766
0	0.0212766
0	0.0319149
0	0.0319149
0	0.159574
0	1
0	0.0319149
0	0.0425532
0	0.0319149
0	0.0425532
0	1
0	0.0212766
0	0.0319149
0	1
0	0.0319149
0	0.0638298
0	0.0638298
0	0.0212766
0	0.0212766
0	0.0212766
0	0.0319149
0	1
0	0.0212766
0	0.0425532
0	0.0212766
0	0.0638298
0	0.0212766
0	0.0212766
0	0.0212766
0	0.0638298
0	0.0212766
0	0.0212766
0	0.0425532
0	0.0212766
0	0.0744681
0	0.0744681
0	0.0212766
0	0.0319149
0	0.0531915
0	0.0425532
0	0.106383
0	1
0	0.0212766
0	0.0744681
0	0.0425532
0	0.159574
0	0.0319149
0	0.0425532
0	0.0212766
0	0.0212766
0	0.0425532
0	0.0212766
0	0.0212766
0	0.0531915
0	1
0	0.0425532
0	0.0212766
0	0.0319149
0	0.0744681
0	0.0638298
0	0.0319149
0	0.0531915
0	0.0212766
0	0.0319149
0	0.0531915
0	1
0	0.0425532
0	0.0638298
0	0.0212766
0	0.0212766
0	0.0212766
0	0.0212766
0	0.0212766
0	0.0531915
0	0.0319149
0	0.0212766
0	0.159574
0	0.0319149
0	0.0425532
0	0.0212766
0	0.0319149
0	0.0212766
0	0.0957447
0	0.0212766
0	0.106383
0	1
0	0.0957447
0	0.0212766
0	1
0	0.0531915
0	0.0319149
0	1
0	0.0957447
0	0.0425532
0	0.0319149
0	0.0212766
0	0.0638298
0	0.0212766
0	0.0212766
0	0.0212766
0	0.0425532
0	0.0531915
0	0.0319149
0	0.0425532
0	0.159574
0	0.0212766
0	0.0319149
0	0.0212766
0	0.0212766
0	0.159574
0	0.0212766
0	0.0425532
0	0.0744681
0	0.0212766
0	0.0531915
0	0.0319149
0	0.0212766
0	0.0319149
0	0.0212766


