# Persistence diagram <GML/0705.gml>
#
# Dimension   : 0
# Entries     : 396
# Betti number: 4
0	inf
0	1
0	0.128205
0	0.128205
0	0.153846
0	0.0384615
0	0.320513
0	0.115385
0	0.0769231
0	0.128205
0	0.128205
0	1
0	1
0	0.0384615
0	0.102564
0	0.0897436
0	0.0769231
0	0.153846
0	0.320513
0	0.0384615
0	inf
0	0.166667
0	0.128205
0	0.025641
0	0.0641026
0	0.0769231
0	0.0897436
0	0.0641026
0	1
0	0.102564
0	0.128205
0	0.102564
0	0.0641026
0	0.128205
0	0.0512821
0	0.0384615
0	1
0	0.128205
0	0.0769231
0	1
0	0.0512821
0	0.0769231
0	0.0512821
0	0.128205
0	0.0769231
0	0.0769231
0	0.115385
0	0.205128
0	0.0641026
0	0.128205
0	inf
0	1
0	0.205128
0	0.166667
0	0.320513
0	0.0769231
0	0.128205
0	0.0512821
0	0.0641026
0	0.0769231
0	0.320513
0	0.0769231
0	0.166667
0	1
0	0.0512821
0	1
0	0.0897436
0	0.115385
0	0.0512821
0	0.0384615
0	0.025641
0	0.0641026
0	0.128205
0	0.205128
0	1
0	0.0897436
0	0.0384615
0	0.0512821
0	0.128205
0	0.320513
0	0.0897436
0	0.0641026
0	0.0641026
0	0.0384615
0	0.0512821
0	0.0384615
0	0.0769231
0	0.0897436
0	0.320513
0	0.205128
0	1
0	0.166667
0	inf
0	1
0	0.0641026
0	0.0641026
0	0.0384615
0	0.0641026
0	0.0769231
0	0.102564
0	1
0	0.025641
0	0.128205
0	0.0384615
0	0.128205
0	0.0641026
0	0.0384615
0	0.025641
0	0.0512821
0	0.0384615
0	0.0384615
0	0.128205
0	0.0897436
0	0.115385
0	0.025641
0	0.0769231
0	0.0512821
0	0.128205
0	0.320513
0	1
0	0.0512821
0	0.0641026
0	0.0384615
0	0.0769231
0	0.166667
0	0.0384615
0	1
0	0.320513
0	1
0	0.0384615
0	0.153846
0	0.0641026
0	1
0	0.0512821
0	0.0512821
0	0.128205
0	1
0	0.320513
0	0.0384615
0	0.0769231
0	0.128205
0	1
0	0.0641026
0	0.102564
0	0.115385
0	0.0384615
0	0.0512821
0	0.0769231
0	0.320513
0	0.0769231
0	0.0512821
0	1
0	0.115385
0	0.153846
0	0.0512821
0	1
0	0.128205
0	0.025641
0	0.0769231
0	1
0	0.0384615
0	0.153846
0	0.0384615
0	0.205128
0	1
0	0.0641026
0	0.0384615
0	0.205128
0	0.0769231
0	0.0769231
0	0.0641026
0	0.320513
0	0.025641
0	0.128205
0	1
0	1
0	0.0769231
0	0.025641
0	0.0512821
0	0.320513
0	0.320513
0	0.0641026
0	0.025641
0	0.166667
0	0.128205
0	0.025641
0	0.0769231
0	0.025641
0	0.0384615
0	0.0641026
0	1
0	0.025641
0	0.0769231
0	0.0384615
0	0.0384615
0	0.0384615
0	0.0384615
0	0.025641
0	0.0641026
0	0.0512821
0	0.0512821
0	0.0769231
0	0.0512821
0	0.0512821
0	0.0769231
0	0.0641026
0	0.115385
0	0.025641
0	0.115385
0	0.0512821
0	0.025641
0	0.025641
0	0.025641
0	0.025641
0	0.205128
0	0.0641026
0	0.025641
0	0.025641
0	0.0384615
0	0.025641
0	0.102564
0	0.0641026
0	0.320513
0	0.0512821
0	1
0	0.025641
0	0.0512821
0	1
0	0.0897436
0	0.0384615
0	0.025641
0	0.0512821
0	0.166667
0	0.0641026
0	0.0384615
0	0.0512821
0	1
0	0.320513
0	0.205128
0	1
0	1
0	0.025641
0	1
0	0.166667
0	1
0	0.0769231
0	0.0512821
0	0.0512821
0	1
0	1
0	0.0384615
0	0.0641026
0	0.025641
0	0.0384615
0	0.0769231
0	0.025641
0	1
0	0.0512821
0	0.128205
0	0.0512821
0	0.0384615
0	0.0512821
0	0.128205
0	0.025641
0	0.0769231
0	0.0512821
0	0.0641026
0	0.0641026
0	0.025641
0	0.153846
0	0.0641026
0	0.0512821
0	0.0641026
0	0.0769231
0	1
0	1
0	0.0641026
0	0.025641
0	0.0512821
0	0.128205
0	0.025641
0	0.128205
0	0.0384615
0	1
0	0.0384615
0	0.0641026
0	1
0	0.0512821
0	0.025641
0	0.0384615
0	0.025641
0	0.128205
0	1
0	1
0	0.128205
0	1
0	0.0384615
0	0.320513
0	0.320513
0	0.025641
0	0.025641
0	0.0512821
0	0.205128
0	0.0384615
0	0.0512821
0	1
0	0.025641
0	0.0769231
0	0.166667
0	0.025641
0	0.025641
0	0.0384615
0	1
0	0.025641
0	0.025641
0	0.0641026
0	0.0384615
0	0.0128205
0	0.025641
0	0.0512821
0	0.0512821
0	0.0384615
0	0.0641026
0	0.0769231
0	0.0384615
0	0.025641
0	0.0384615
0	1
0	0.0769231
0	0.0384615
0	1
0	0.0384615
0	0.205128
0	0.0512821
0	0.0384615
0	0.0897436
0	0.205128
0	0.0641026
0	0.128205
0	0.0641026
0	0.0512821
0	0.0769231
0	0.0641026
0	0.0512821
0	0.0384615
0	0.0512821
0	0.025641
0	0.0384615
0	0.0641026
0	1
0	0.025641
0	0.0769231
0	0.0512821
0	0.025641
0	0.0384615
0	0.0384615
0	0.320513
0	0.0769231
0	0.025641
0	0.025641
0	1
0	0.0384615
0	0.0512821
0	0.115385
0	0.0641026
0	0.205128
0	1
0	0.205128
0	0.0384615
0	0.0384615
0	0.320513
0	0.0512821
0	0.0384615
0	0.025641
0	0.128205
0	0.025641
0	0.0384615
0	0.0512821
0	0.0512821
0	1
0	1
0	0.320513
0	0.0512821
0	0.025641
0	0.0384615
0	0.0512821
0	1
0	0.320513
0	0.0512821
0	0.0512821
0	0.0641026
0	0.025641
0	0.0512821
0	0.0512821
0	0.0512821
0	0.0769231


