# Persistence diagram <GML/0708.gml>
#
# Dimension   : 0
# Entries     : 384
# Betti number: 5
0	inf
0	0.1
0	0.0777778
0	0.0444444
0	0.0888889
0	0.0888889
0	0.122222
0	0.0888889
0	1
0	0.0888889
0	1
0	0.211111
0	0.0333333
0	0.0888889
0	1
0	1
0	1
0	0.0444444
0	0.0888889
0	0.0555556
0	1
0	0.0888889
0	0.0333333
0	0.0555556
0	0.2
0	0.0444444
0	0.1
0	1
0	0.0555556
0	1
0	1
0	0.0666667
0	0.111111
0	1
0	0.111111
0	0.0333333
0	0.0333333
0	0.0666667
0	0.0666667
0	1
0	0.0777778
0	0.0666667
0	1
0	0.0666667
0	0.0555556
0	0.0555556
0	0.133333
0	0.0888889
0	0.1
0	0.0444444
0	0.0666667
0	0.0222222
0	0.0777778
0	0.0333333
0	1
0	0.0333333
0	0.0666667
0	0.2
0	0.0333333
0	0.0888889
0	0.211111
0	0.0888889
0	0.211111
0	0.0444444
0	0.0888889
0	0.0333333
0	0.0666667
0	0.0666667
0	0.0777778
0	0.0666667
0	0.111111
0	0.0666667
0	0.0666667
0	0.0222222
0	0.0555556
0	0.0666667
0	0.2
0	1
0	0.0555556
0	0.0333333
0	0.0333333
0	0.0444444
0	0.0222222
0	0.0444444
0	0.0444444
0	0.0888889
0	0.0555556
0	0.0444444
0	1
0	1
0	0.0777778
0	0.0444444
0	0.0777778
0	0.2
0	0.0555556
0	0.0444444
0	1
0	0.0444444
0	0.0555556
0	0.0666667
0	0.211111
0	0.111111
0	0.0555556
0	0.0555556
0	0.0666667
0	0.0333333
0	0.0222222
0	0.1
0	0.0888889
0	0.0777778
0	0.0555556
0	0.133333
0	1
0	0.0666667
0	0.0666667
0	0.1
0	0.0777778
0	0.0444444
0	1
0	0.0444444
0	0.0555556
0	0.0444444
0	0.0444444
0	0.0333333
0	0.0333333
0	0.0444444
0	0.0333333
0	0.0333333
0	1
0	0.0444444
0	0.0777778
0	0.0555556
0	0.0444444
0	1
0	1
0	0.0444444
0	1
0	0.0444444
0	0.122222
0	0.1
0	0.0444444
0	0.0444444
0	0.0444444
0	0.0333333
0	0.211111
0	0.0444444
0	0.0222222
0	0.0555556
0	0.111111
0	1
0	1
0	0.0444444
0	0.111111
0	1
0	0.0888889
0	0.0555556
0	1
0	0.1
0	0.0555556
0	0.0333333
0	0.0222222
0	0.2
0	0.0222222
0	0.0222222
0	0.0666667
0	0.122222
0	1
0	0.0444444
0	0.0555556
0	0.0444444
0	inf
0	0.0666667
0	0.0333333
0	0.0333333
0	0.0333333
0	0.122222
0	0.0111111
0	0.0333333
0	0.0222222
0	0.0222222
0	0.0666667
0	0.0444444
0	0.0555556
0	0.0333333
0	0.0666667
0	inf
0	0.0555556
0	0.0333333
0	0.0444444
0	0.0444444
0	0.2
0	0.0444444
0	1
0	1
0	0.0222222
0	0.0222222
0	0.211111
0	0.0555556
0	0.0888889
0	0.0333333
0	0.122222
0	0.0333333
0	inf
0	0.0444444
0	0.0444444
0	0.0444444
0	0.0777778
0	0.211111
0	1
0	0.0333333
0	0.0333333
0	0.0222222
0	0.0444444
0	0.0333333
0	0.0666667
0	0.0222222
0	0.0333333
0	0.0444444
0	0.2
0	0.1
0	1
0	0.0444444
0	0.0888889
0	0.0222222
0	0.0333333
0	0.0222222
0	0.0333333
0	0.0666667
0	0.0666667
0	0.111111
0	0.0222222
0	0.111111
0	0.0333333
0	0.0222222
0	0.0444444
0	0.0222222
0	0.1
0	0.0444444
0	0.0333333
0	0.0555556
0	1
0	0.0333333
0	0.0333333
0	0.0666667
0	0.0444444
0	0.0666667
0	0.0222222
0	0.0333333
0	0.0333333
0	0.0333333
0	0.0555556
0	0.0222222
0	0.0222222
0	0.0444444
0	0.0333333
0	0.0222222
0	0.0333333
0	0.0555556
0	0.0222222
0	0.0888889
0	0.0555556
0	1
0	0.0444444
0	0.0111111
0	0.0333333
0	1
0	0.0222222
0	0.0333333
0	0.0444444
0	0.0222222
0	0.0222222
0	1
0	0.0777778
0	0.0222222
0	0.0222222
0	0.0777778
0	0.0444444
0	0.0555556
0	0.0555556
0	0.0666667
0	0.0222222
0	0.0666667
0	0.0333333
0	0.133333
0	0.0222222
0	0.111111
0	0.0222222
0	0.0444444
0	0.0555556
0	0.0444444
0	1
0	1
0	1
0	0.1
0	0.0444444
0	0.122222
0	0.1
0	0.0333333
0	0.0555556
0	0.1
0	0.0222222
0	0.0333333
0	1
0	1
0	0.0555556
0	0.0333333
0	0.0333333
0	0.0333333
0	0.0666667
0	0.0333333
0	0.1
0	0.0555556
0	0.0555556
0	0.0333333
0	0.0444444
0	0.0333333
0	1
0	0.0555556
0	0.0222222
0	0.0444444
0	0.0777778
0	0.0222222
0	1
0	0.0888889
0	0.211111
0	0.0222222
0	0.0777778
0	0.0666667
0	0.0333333
0	0.0555556
0	1
0	0.0222222
0	0.0555556
0	0.0222222
0	0.0444444
0	0.0444444
0	inf
0	0.0555556
0	0.0222222
0	0.122222
0	0.0666667
0	0.2
0	0.0222222
0	0.122222
0	0.0111111
0	0.0222222
0	0.0222222
0	0.2
0	0.0555556
0	0.0444444
0	0.0333333
0	0.0444444
0	0.0333333
0	0.0444444
0	0.0333333
0	0.0222222
0	1
0	0.0555556
0	0.0777778
0	0.0888889
0	0.0444444
0	0.0222222
0	0.0555556
0	0.0444444
0	0.133333
0	0.0222222
0	0.0333333
0	0.0222222
0	0.0222222
0	0.0111111
0	0.0222222
0	0.0555556
0	0.0444444
0	0.0222222
0	0.0333333
0	0.0222222
0	1
0	0.0444444
0	0.0333333
0	1
0	0.0555556
0	0.0222222
0	0.0666667
0	0.0333333


