# Persistence diagram <GML/0711.gml>
#
# Dimension   : 0
# Entries     : 377
# Betti number: 1
0	inf
0	1
0	1
0	1
0	1
0	0.0346535
0	0.0346535
0	0.0346535
0	1
0	0.0346535
0	1
0	0.029703
0	0.0148515
0	0.019802
0	0.0445545
0	0.0346535
0	0.039604
0	1
0	0.0346535
0	1
0	0.0247525
0	0.049505
0	1
0	1
0	0.039604
0	1
0	1
0	0.0346535
0	1
0	0.049505
0	0.0247525
0	0.029703
0	0.049505
0	1
0	1
0	0.039604
0	1
0	1
0	1
0	1
0	1
0	1
0	1
0	0.029703
0	1
0	1
0	0.049505
0	0.029703
0	0.0346535
0	0.0544554
0	1
0	0.029703
0	1
0	1
0	1
0	0.00990099
0	1
0	0.039604
0	1
0	0.00990099
0	0.029703
0	0.0346535
0	1
0	0.0346535
0	0.0247525
0	0.019802
0	0.0445545
0	0.039604
0	1
0	0.0148515
0	1
0	1
0	0.0346535
0	1
0	0.039604
0	0.019802
0	1
0	0.039604
0	0.019802
0	0.00990099
0	1
0	0.039604
0	1
0	0.039604
0	0.00990099
0	1
0	0.0247525
0	1
0	0.0148515
0	0.029703
0	0.0346535
0	1
0	0.039604
0	0.0346535
0	0.0346535
0	1
0	1
0	1
0	0.019802
0	1
0	0.0346535
0	0.0346535
0	0.0346535
0	0.00990099
0	1
0	1
0	0.0148515
0	1
0	1
0	0.0247525
0	0.029703
0	0.0148515
0	0.039604
0	1
0	0.0346535
0	1
0	0.0346535
0	1
0	0.029703
0	1
0	1
0	1
0	0.00990099
0	0.0346535
0	0.019802
0	0.0148515
0	0.00990099
0	0.0346535
0	1
0	0.0346535
0	0.0148515
0	0.0445545
0	0.0247525
0	1
0	0.029703
0	0.049505
0	1
0	0.029703
0	0.039604
0	1
0	1
0	1
0	0.0445545
0	0.0247525
0	0.0247525
0	0.0148515
0	0.029703
0	0.00990099
0	0.029703
0	1
0	1
0	0.0247525
0	0.019802
0	0.0148515
0	0.029703
0	0.0247525
0	0.0445545
0	1
0	0.0247525
0	1
0	1
0	1
0	1
0	0.029703
0	1
0	0.019802
0	1
0	0.029703
0	1
0	1
0	0.0346535
0	1
0	1
0	1
0	1
0	0.029703
0	1
0	0.0148515
0	0.049505
0	0.029703
0	0.0148515
0	1
0	1
0	1
0	0.0643564
0	0.0247525
0	0.029703
0	1
0	1
0	0.00990099
0	0.00990099
0	0.00990099
0	0.0346535
0	1
0	0.0247525
0	1
0	1
0	1
0	0.029703
0	1
0	1
0	1
0	0.019802
0	1
0	0.0445545
0	0.019802
0	0.029703
0	0.00990099
0	0.0445545
0	1
0	0.019802
0	0.0346535
0	1
0	1
0	0.0148515
0	0.019802
0	0.0247525
0	0.019802
0	0.0346535
0	1
0	1
0	0.0148515
0	1
0	0.0148515
0	0.0346535
0	1
0	0.029703
0	1
0	1
0	1
0	0.0445545
0	0.039604
0	1
0	0.039604
0	1
0	0.029703
0	0.0247525
0	0.0247525
0	0.039604
0	0.0148515
0	1
0	0.0346535
0	1
0	0.0247525
0	0.029703
0	0.0247525
0	0.0247525
0	0.0148515
0	1
0	0.0643564
0	0.0247525
0	0.0247525
0	1
0	1
0	0.039604
0	0.019802
0	1
0	1
0	1
0	0.0148515
0	0.019802
0	1
0	0.0148515
0	0.0148515
0	1
0	1
0	0.029703
0	0.0148515
0	0.0148515
0	0.0148515
0	1
0	1
0	0.0544554
0	1
0	0.0148515
0	1
0	0.0247525
0	1
0	1
0	0.0148515
0	1
0	1
0	1
0	0.0346535
0	0.0544554
0	0.039604
0	0.039604
0	0.039604
0	0.0544554
0	0.029703
0	0.00990099
0	0.00990099
0	1
0	0.00990099
0	1
0	1
0	0.00990099
0	0.00990099
0	0.00990099
0	0.0148515
0	1
0	1
0	1
0	0.00990099
0	1
0	1
0	0.0148515
0	1
0	0.0247525
0	1
0	0.0247525
0	0.019802
0	0.0247525
0	1
0	0.0544554
0	0.0148515
0	0.0346535
0	0.039604
0	1
0	0.039604
0	0.019802
0	0.0148515
0	0.0148515
0	0.0148515
0	1
0	1
0	0.019802
0	1
0	1
0	0.0247525
0	1
0	0.0247525
0	1
0	1
0	0.0247525
0	1
0	0.00990099
0	0.00990099
0	1
0	0.019802
0	1
0	1
0	1
0	1
0	0.0148515
0	1
0	0.0148515
0	0.0643564
0	0.00990099
0	0.00990099
0	0.0346535
0	0.0148515
0	1
0	0.0148515
0	0.029703
0	1
0	0.039604
0	1
0	0.029703
0	1
0	0.0148515
0	0.0346535
0	0.019802
0	0.0247525
0	0.029703
0	1
0	0.00990099
0	0.029703
0	1
0	1
0	1
0	1
0	0.029703
0	0.0148515
0	0.00990099
0	0.029703
0	1


