# Persistence diagram <GML/0716.gml>
#
# Dimension   : 0
# Entries     : 411
# Betti number: 3
0	inf
0	1
0	1
0	0.150538
0	0.150538
0	1
0	0.172043
0	0.0752688
0	0.150538
0	0.0860215
0	1
0	0.11828
0	0.0752688
0	0.0752688
0	0.0752688
0	0.0537634
0	0.0645161
0	0.0860215
0	0.0215054
0	0.0430108
0	1
0	0.0645161
0	0.0752688
0	0.172043
0	0.139785
0	0.0752688
0	0.139785
0	0.0430108
0	0.0860215
0	1
0	1
0	1
0	0.129032
0	0.0860215
0	0.0322581
0	1
0	0.0215054
0	0.0537634
0	0.0430108
0	0.0645161
0	0.0752688
0	0.0860215
0	0.0322581
0	0.0537634
0	1
0	0.0322581
0	0.11828
0	0.0537634
0	0.0430108
0	1
0	0.0860215
0	inf
0	1
0	0.0430108
0	0.0537634
0	1
0	0.0322581
0	0.0645161
0	0.0645161
0	0.172043
0	1
0	0.0430108
0	1
0	0.0645161
0	1
0	0.0430108
0	0.0322581
0	0.0752688
0	0.0322581
0	0.0752688
0	0.0537634
0	0.0322581
0	0.0752688
0	1
0	0.0322581
0	0.0645161
0	0.0537634
0	1
0	0.129032
0	0.0215054
0	0.0322581
0	0.0322581
0	0.0645161
0	0.0537634
0	0.0322581
0	0.139785
0	0.0645161
0	1
0	0.0645161
0	0.0645161
0	0.139785
0	0.129032
0	0.0215054
0	0.0537634
0	0.0752688
0	0.150538
0	1
0	1
0	0.0430108
0	1
0	0.0322581
0	0.11828
0	1
0	0.0322581
0	1
0	0.0645161
0	0.11828
0	0.0752688
0	1
0	0.0430108
0	1
0	0.0322581
0	0.0322581
0	0.172043
0	0.0645161
0	0.139785
0	0.0860215
0	0.0322581
0	0.0537634
0	0.0537634
0	0.0537634
0	1
0	0.0645161
0	0.0215054
0	0.0430108
0	0.0215054
0	0.0322581
0	0.150538
0	0.0322581
0	0.0430108
0	0.0860215
0	0.0215054
0	0.0645161
0	0.0430108
0	0.0645161
0	0.11828
0	0.129032
0	0.0430108
0	0.0752688
0	1
0	0.0752688
0	0.0645161
0	0.150538
0	0.129032
0	0.0752688
0	0.0215054
0	0.0430108
0	0.139785
0	0.0537634
0	0.0537634
0	0.0215054
0	0.0322581
0	0.0752688
0	0.0322581
0	0.129032
0	1
0	0.11828
0	0.0537634
0	0.0752688
0	0.0860215
0	1
0	0.0322581
0	0.0322581
0	inf
0	0.0860215
0	0.0752688
0	1
0	0.0322581
0	1
0	0.0752688
0	0.0322581
0	0.0215054
0	0.0215054
0	0.0645161
0	0.172043
0	0.0537634
0	0.0322581
0	0.0430108
0	0.0537634
0	0.0430108
0	0.0645161
0	0.0322581
0	0.0537634
0	0.0537634
0	1
0	0.129032
0	0.0322581
0	0.0430108
0	0.0215054
0	0.0752688
0	0.0537634
0	0.0322581
0	0.0215054
0	0.0215054
0	0.0645161
0	1
0	0.0537634
0	0.0537634
0	1
0	1
0	1
0	0.0645161
0	0.0215054
0	0.0645161
0	0.0322581
0	0.0322581
0	0.0645161
0	0.129032
0	0.0322581
0	0.0322581
0	0.0215054
0	0.0537634
0	1
0	1
0	0.139785
0	0.0430108
0	0.0215054
0	0.0645161
0	1
0	0.0430108
0	0.0860215
0	0.0752688
0	0.172043
0	0.0215054
0	0.0430108
0	0.0322581
0	0.0430108
0	1
0	0.0322581
0	0.0430108
0	0.0322581
0	0.0322581
0	0.0537634
0	0.0430108
0	0.0860215
0	0.129032
0	0.0645161
0	0.0322581
0	0.0322581
0	0.172043
0	1
0	0.172043
0	1
0	0.0430108
0	0.0537634
0	0.0537634
0	0.11828
0	0.0322581
0	0.0322581
0	0.0215054
0	1
0	0.0215054
0	0.0645161
0	0.0645161
0	0.0215054
0	0.0215054
0	0.129032
0	0.0430108
0	0.0537634
0	0.0322581
0	0.0215054
0	1
0	0.0537634
0	0.129032
0	0.0430108
0	0.0215054
0	0.0537634
0	0.0215054
0	0.0322581
0	0.0322581
0	0.0215054
0	0.0430108
0	1
0	0.0322581
0	0.0645161
0	0.0537634
0	0.0215054
0	1
0	1
0	0.0322581
0	0.0215054
0	0.0322581
0	0.0430108
0	0.0537634
0	0.0107527
0	0.0537634
0	0.0215054
0	1
0	0.0752688
0	0.0537634
0	0.0430108
0	0.0215054
0	0.139785
0	0.0215054
0	0.0215054
0	0.0752688
0	0.0215054
0	0.0537634
0	1
0	0.0430108
0	0.0322581
0	1
0	1
0	1
0	0.0430108
0	0.11828
0	0.0430108
0	0.0215054
0	0.0322581
0	0.0430108
0	0.0215054
0	0.0322581
0	0.0322581
0	0.0322581
0	0.0645161
0	0.0645161
0	0.0322581
0	0.0322581
0	1
0	0.0430108
0	1
0	0.0537634
0	0.0322581
0	0.0322581
0	0.0215054
0	0.0645161
0	0.139785
0	0.11828
0	1
0	0.0322581
0	0.0215054
0	0.0215054
0	1
0	0.150538
0	0.0537634
0	0.0107527
0	0.0215054
0	1
0	0.0537634
0	0.0215054
0	0.0215054
0	0.0430108
0	0.0322581
0	0.0752688
0	0.0215054
0	0.150538
0	1
0	0.150538
0	0.0322581
0	0.0537634
0	1
0	0.0215054
0	0.0215054
0	0.0215054
0	0.0645161
0	0.0322581
0	0.0215054
0	1
0	1
0	0.0215054
0	1
0	1
0	0.0645161
0	0.0430108
0	0.0752688
0	0.172043
0	0.0322581
0	0.0430108
0	0.0215054
0	0.0215054
0	0.0322581
0	0.0537634
0	0.11828
0	0.0430108
0	0.0215054
0	0.0430108
0	0.150538
0	0.0537634
0	0.0322581
0	0.0215054
0	0.0430108
0	0.0645161
0	0.0215054
0	0.0322581
0	0.0430108
0	0.0215054
0	0.0322581
0	0.0215054
0	0.0430108
0	0.0322581
0	0.0537634
0	0.172043
0	0.0215054
0	0.0645161
0	0.150538
0	1
0	0.0215054
0	0.0215054
0	0.0752688
0	1
0	0.0322581
0	0.0537634
0	0.0322581
0	0.0752688
0	1
0	0.0322581
0	0.0215054
0	1
0	0.0537634
0	0.0215054
0	0.0430108


