# Persistence diagram <GML/0717.gml>
#
# Dimension   : 0
# Entries     : 370
# Betti number: 1
0	inf
0	1
0	0.144928
0	0.115942
0	0.0724638
0	0.130435
0	0.188406
0	0.101449
0	1
0	0.144928
0	0.0869565
0	0.333333
0	0.144928
0	0.0869565
0	0.0434783
0	0.15942
0	1
0	0.173913
0	0.115942
0	1
0	0.115942
0	1
0	0.101449
0	0.0869565
0	0.144928
0	0.0869565
0	0.0289855
0	1
0	1
0	0.15942
0	0.0869565
0	0.0434783
0	1
0	0.0869565
0	0.101449
0	0.0724638
0	0.275362
0	0.188406
0	0.0289855
0	1
0	1
0	0.101449
0	0.333333
0	0.246377
0	0.0434783
0	0.333333
0	0.0289855
0	0.144928
0	0.101449
0	1
0	0.333333
0	0.0434783
0	0.173913
0	0.246377
0	0.0434783
0	0.0434783
0	0.0289855
0	0.275362
0	0.0434783
0	0.333333
0	0.188406
0	0.0869565
0	0.0289855
0	0.101449
0	0.0869565
0	0.115942
0	0.0724638
0	0.144928
0	0.173913
0	1
0	1
0	0.15942
0	0.130435
0	0.15942
0	0.0869565
0	0.144928
0	1
0	1
0	1
0	1
0	1
0	0.101449
0	0.333333
0	0.144928
0	0.101449
0	0.057971
0	0.0724638
0	0.0434783
0	0.144928
0	0.0724638
0	0.173913
0	0.057971
0	0.0434783
0	1
0	0.115942
0	0.173913
0	0.0724638
0	0.144928
0	0.333333
0	0.188406
0	1
0	0.0289855
0	0.0434783
0	0.0724638
0	0.0724638
0	0.0289855
0	0.0289855
0	0.0434783
0	1
0	0.0434783
0	0.173913
0	0.0869565
0	0.130435
0	0.101449
0	0.101449
0	1
0	0.0434783
0	0.246377
0	0.101449
0	0.057971
0	0.188406
0	0.0289855
0	0.130435
0	0.057971
0	0.057971
0	0.115942
0	0.057971
0	1
0	0.0869565
0	0.0289855
0	0.0869565
0	0.246377
0	1
0	0.0869565
0	0.246377
0	0.0869565
0	0.057971
0	0.101449
0	0.0869565
0	1
0	0.0724638
0	0.333333
0	0.101449
0	0.188406
0	0.0724638
0	0.115942
0	0.0724638
0	1
0	0.0869565
0	0.0434783
0	1
0	0.0869565
0	0.057971
0	0.0869565
0	0.15942
0	0.0869565
0	0.188406
0	0.188406
0	0.246377
0	0.275362
0	0.0869565
0	0.0434783
0	0.0434783
0	0.057971
0	1
0	0.0434783
0	0.173913
0	0.0434783
0	0.246377
0	0.333333
0	0.0869565
0	0.057971
0	1
0	0.188406
0	0.188406
0	0.101449
0	0.333333
0	1
0	0.144928
0	0.0724638
0	0.333333
0	0.0869565
0	0.0724638
0	0.0724638
0	0.0289855
0	0.057971
0	0.0434783
0	0.275362
0	0.15942
0	0.0434783
0	0.188406
0	0.0869565
0	0.130435
0	0.0434783
0	1
0	0.057971
0	0.0289855
0	0.246377
0	0.246377
0	1
0	0.0869565
0	0.057971
0	0.057971
0	0.0434783
0	1
0	1
0	1
0	0.0869565
0	0.057971
0	0.333333
0	0.0869565
0	0.15942
0	0.246377
0	0.0434783
0	0.275362
0	0.0869565
0	0.0289855
0	0.15942
0	0.0289855
0	0.0434783
0	0.057971
0	0.0869565
0	0.275362
0	0.0869565
0	0.0289855
0	0.0869565
0	0.144928
0	0.144928
0	0.0869565
0	0.0434783
0	0.144928
0	0.333333
0	0.188406
0	0.0724638
0	0.333333
0	0.0724638
0	0.0724638
0	0.333333
0	0.0724638
0	0.101449
0	0.275362
0	0.0434783
0	0.275362
0	1
0	0.0289855
0	0.0289855
0	0.333333
0	0.0724638
0	0.0434783
0	0.0289855
0	0.275362
0	0.246377
0	0.057971
0	0.0289855
0	0.101449
0	0.0869565
0	0.0434783
0	0.188406
0	0.0289855
0	0.0869565
0	0.0434783
0	0.0434783
0	0.15942
0	0.15942
0	0.0724638
0	0.057971
0	0.0434783
0	0.0434783
0	0.15942
0	0.0724638
0	0.188406
0	0.188406
0	0.0869565
0	0.0434783
0	0.057971
0	0.144928
0	0.0289855
0	0.0869565
0	0.130435
0	1
0	1
0	0.0434783
0	0.0869565
0	0.101449
0	0.0724638
0	0.144928
0	0.144928
0	0.0724638
0	1
0	0.0724638
0	0.0289855
0	1
0	0.15942
0	0.0434783
0	0.0289855
0	0.246377
0	0.0434783
0	0.0289855
0	0.0289855
0	0.188406
0	0.057971
0	0.15942
0	0.0724638
0	0.144928
0	0.0434783
0	0.0434783
0	0.0869565
0	0.15942
0	0.0724638
0	1
0	0.275362
0	1
0	0.246377
0	0.0289855
0	0.057971
0	0.0724638
0	1
0	0.0289855
0	0.0434783
0	0.0289855
0	0.275362
0	0.0289855
0	0.101449
0	0.057971
0	0.0289855
0	0.275362
0	0.0434783
0	0.0434783
0	0.246377
0	1
0	0.0289855
0	0.057971
0	0.057971
0	0.0869565
0	0.275362
0	0.0434783
0	1
0	0.0434783
0	0.0434783
0	0.0289855
0	0.130435
0	0.15942
0	0.0869565
0	0.144928
0	0.15942
0	0.0724638
0	0.188406
0	0.173913
0	0.101449
0	0.0289855
0	0.333333
0	0.0289855
0	0.057971
0	0.0724638
0	0.0869565
0	0.15942
0	0.0434783
0	0.057971
0	0.0434783
0	0.0869565
0	0.0289855
0	0.0434783
0	0.057971
0	1
0	0.0869565
0	0.0434783
0	0.0434783
0	0.0434783
0	0.188406
0	0.188406


