# Persistence diagram <GML/0718.gml>
#
# Dimension   : 0
# Entries     : 412
# Betti number: 3
0	inf
0	1
0	0.0671141
0	1
0	0.0268456
0	1
0	0.0805369
0	1
0	0.0671141
0	0.0604027
0	1
0	0.0671141
0	0.0604027
0	0.0671141
0	0.0604027
0	0.0604027
0	0.0268456
0	1
0	0.0268456
0	0.0402685
0	0.0469799
0	1
0	0.0402685
0	0.0671141
0	0.033557
0	1
0	0.0201342
0	1
0	0.033557
0	0.0604027
0	0.0201342
0	1
0	0.0805369
0	0.0604027
0	0.0671141
0	1
0	inf
0	0.0402685
0	0.0201342
0	1
0	1
0	0.0268456
0	0.033557
0	0.0268456
0	0.0402685
0	1
0	0.033557
0	0.0805369
0	0.0604027
0	0.0469799
0	1
0	1
0	0.0671141
0	0.0604027
0	0.033557
0	1
0	1
0	0.033557
0	1
0	1
0	1
0	0.0469799
0	0.0671141
0	1
0	0.0201342
0	0.0469799
0	0.0201342
0	0.033557
0	1
0	1
0	0.0671141
0	0.0469799
0	1
0	0.0268456
0	1
0	0.0402685
0	0.0134228
0	0.0671141
0	0.0604027
0	0.0201342
0	1
0	1
0	0.0268456
0	1
0	0.0268456
0	0.0268456
0	0.0805369
0	1
0	0.0134228
0	1
0	0.0201342
0	1
0	0.0134228
0	0.0201342
0	1
0	0.0201342
0	0.033557
0	0.0671141
0	0.0268456
0	0.0536913
0	0.0201342
0	1
0	1
0	0.033557
0	0.0671141
0	0.0402685
0	0.033557
0	0.0268456
0	0.0469799
0	0.0268456
0	0.0201342
0	0.0268456
0	0.0201342
0	0.0268456
0	0.0201342
0	1
0	0.0268456
0	0.0201342
0	0.0201342
0	0.0671141
0	0.0134228
0	1
0	0.0805369
0	0.0402685
0	1
0	1
0	0.0536913
0	0.0268456
0	1
0	0.0201342
0	1
0	0.0134228
0	0.0201342
0	0.0201342
0	0.0268456
0	0.0469799
0	0.0268456
0	1
0	0.0268456
0	0.0134228
0	0.0268456
0	0.0134228
0	1
0	1
0	0.0469799
0	0.0201342
0	0.0268456
0	0.033557
0	0.0536913
0	0.0268456
0	1
0	0.033557
0	0.0402685
0	1
0	1
0	1
0	0.0201342
0	1
0	0.0201342
0	1
0	1
0	0.0134228
0	0.0201342
0	0.033557
0	1
0	1
0	0.0805369
0	0.0201342
0	0.0469799
0	0.0604027
0	1
0	0.0134228
0	1
0	0.0201342
0	0.033557
0	0.0268456
0	1
0	1
0	0.033557
0	1
0	0.0604027
0	0.0402685
0	1
0	0.0402685
0	0.0805369
0	0.0402685
0	1
0	1
0	0.0268456
0	0.0201342
0	0.0134228
0	1
0	1
0	0.0201342
0	0.0805369
0	1
0	1
0	0.033557
0	0.0134228
0	0.033557
0	0.0201342
0	1
0	1
0	0.0402685
0	0.0402685
0	0.0536913
0	0.0469799
0	0.0201342
0	0.0134228
0	0.033557
0	1
0	0.0201342
0	0.0536913
0	0.0134228
0	0.0134228
0	0.0201342
0	0.0469799
0	0.0201342
0	1
0	inf
0	0.0134228
0	0.0134228
0	0.0402685
0	0.0201342
0	0.0201342
0	0.0201342
0	0.0469799
0	0.0268456
0	0.0671141
0	0.0134228
0	0.0134228
0	1
0	0.0268456
0	0.0134228
0	0.0201342
0	0.0201342
0	0.033557
0	0.033557
0	1
0	0.0201342
0	1
0	1
0	0.0469799
0	0.0268456
0	1
0	0.0671141
0	1
0	0.0201342
0	0.0402685
0	0.0201342
0	0.0805369
0	1
0	0.0201342
0	1
0	1
0	0.0604027
0	0.0604027
0	1
0	0.0201342
0	0.0805369
0	1
0	0.0201342
0	1
0	0.0201342
0	0.0469799
0	1
0	1
0	0.0604027
0	1
0	1
0	0.0268456
0	0.0201342
0	0.0134228
0	1
0	0.0268456
0	1
0	0.0268456
0	0.0134228
0	0.0134228
0	0.033557
0	0.0671141
0	0.0134228
0	0.0402685
0	0.0134228
0	0.0201342
0	0.0469799
0	1
0	0.0134228
0	0.0268456
0	0.0201342
0	0.0134228
0	0.0134228
0	0.0268456
0	0.0201342
0	1
0	0.0201342
0	0.033557
0	1
0	0.033557
0	1
0	1
0	0.0134228
0	0.0402685
0	0.0201342
0	0.0134228
0	1
0	1
0	0.0536913
0	0.0201342
0	0.0402685
0	0.0268456
0	1
0	1
0	0.0134228
0	0.0201342
0	0.0268456
0	0.0134228
0	0.0268456
0	0.0201342
0	0.0201342
0	0.033557
0	0.0201342
0	0.0134228
0	1
0	0.0268456
0	1
0	1
0	1
0	0.0201342
0	0.0201342
0	0.0469799
0	0.033557
0	0.0201342
0	1
0	1
0	0.033557
0	0.0201342
0	0.0469799
0	0.0201342
0	1
0	0.0134228
0	0.0268456
0	0.0805369
0	0.0201342
0	0.0671141
0	0.0268456
0	0.0268456
0	0.0134228
0	0.0134228
0	1
0	0.0268456
0	0.0268456
0	0.0201342
0	1
0	0.0134228
0	0.0134228
0	0.0268456
0	0.0134228
0	0.0134228
0	0.0201342
0	0.0201342
0	0.0201342
0	0.00671141
0	0.0201342
0	0.0134228
0	0.033557
0	0.0201342
0	0.0134228
0	0.033557
0	0.0805369
0	0.0134228
0	0.0201342
0	0.0134228
0	1
0	0.0604027
0	0.033557
0	0.0402685
0	0.0671141
0	0.0469799
0	1
0	0.0134228
0	0.0268456
0	0.0268456
0	0.0134228
0	0.0268456
0	0.0134228
0	0.0201342
0	0.033557
0	0.0134228
0	0.0134228
0	0.0201342
0	1
0	0.0134228
0	0.033557
0	1
0	0.0134228
0	0.0134228
0	0.0469799
0	1
0	0.0134228
0	0.0536913
0	0.0201342
0	0.0134228
0	0.0201342
0	1
0	0.0201342
0	0.0134228
0	1
0	0.0469799
0	0.0469799
0	1
0	0.0134228


