# Persistence diagram <GML/0722.gml>
#
# Dimension   : 0
# Entries     : 418
# Betti number: 1
0	inf
0	1
0	0.151163
0	0.0930233
0	1
0	1
0	0.0581395
0	1
0	0.104651
0	1
0	0.151163
0	0.104651
0	0.0581395
0	1
0	0.151163
0	0.0465116
0	0.0697674
0	1
0	0.0581395
0	0.0697674
0	1
0	0.0813953
0	1
0	0.151163
0	1
0	0.0697674
0	0.151163
0	0.0581395
0	0.0465116
0	0.0697674
0	0.151163
0	1
0	1
0	0.0813953
0	0.0697674
0	0.0697674
0	1
0	0.0930233
0	0.0348837
0	0.0697674
0	1
0	1
0	0.0930233
0	0.0581395
0	0.0930233
0	0.0348837
0	0.0581395
0	0.0697674
0	0.0232558
0	0.151163
0	1
0	0.0348837
0	0.0232558
0	0.0348837
0	1
0	0.0581395
0	1
0	0.104651
0	1
0	0.0581395
0	0.0930233
0	0.0348837
0	1
0	0.0465116
0	1
0	1
0	0.0581395
0	0.0930233
0	0.0348837
0	0.0697674
0	0.0581395
0	0.0581395
0	0.0348837
0	0.0232558
0	0.0465116
0	0.0697674
0	1
0	1
0	0.0465116
0	0.0581395
0	0.0813953
0	0.0232558
0	0.0232558
0	1
0	0.0348837
0	0.0697674
0	0.0465116
0	0.0581395
0	1
0	0.0813953
0	1
0	0.0581395
0	0.0465116
0	0.0697674
0	0.0581395
0	1
0	0.0465116
0	0.0697674
0	0.0232558
0	1
0	0.151163
0	0.0232558
0	0.0232558
0	0.151163
0	1
0	0.104651
0	0.0465116
0	0.0581395
0	1
0	0.151163
0	0.0232558
0	0.0930233
0	0.0581395
0	0.0581395
0	0.0348837
0	1
0	0.0232558
0	0.0465116
0	0.0348837
0	0.0232558
0	0.0465116
0	0.0232558
0	0.0348837
0	0.0581395
0	0.0581395
0	0.0465116
0	0.0465116
0	0.0232558
0	0.0581395
0	1
0	0.0581395
0	0.0348837
0	0.0465116
0	0.0348837
0	1
0	0.0232558
0	0.0232558
0	0.0232558
0	0.0348837
0	0.0465116
0	0.0813953
0	0.104651
0	0.151163
0	1
0	1
0	0.0232558
0	1
0	0.0581395
0	0.151163
0	0.0465116
0	1
0	0.0465116
0	0.0465116
0	0.0232558
0	1
0	0.0581395
0	0.0232558
0	1
0	1
0	0.0465116
0	0.0465116
0	0.0348837
0	0.0465116
0	0.151163
0	0.0348837
0	0.0465116
0	0.0348837
0	0.0581395
0	0.0465116
0	0.0348837
0	0.0348837
0	0.0813953
0	0.0697674
0	0.0930233
0	0.0348837
0	0.0348837
0	0.0465116
0	1
0	0.0465116
0	0.0813953
0	0.0465116
0	0.0465116
0	0.0348837
0	0.0348837
0	0.0697674
0	0.0465116
0	0.0581395
0	0.0697674
0	1
0	0.0465116
0	0.0813953
0	0.0813953
0	0.0232558
0	0.0348837
0	1
0	0.0813953
0	0.0348837
0	1
0	0.151163
0	0.104651
0	0.0232558
0	0.0348837
0	0.0232558
0	0.0348837
0	0.0697674
0	0.0232558
0	0.0697674
0	0.0930233
0	0.0348837
0	0.0348837
0	0.0813953
0	0.0581395
0	0.0232558
0	0.151163
0	0.0465116
0	1
0	0.0348837
0	0.0465116
0	0.0581395
0	0.0232558
0	0.0232558
0	0.0348837
0	0.0813953
0	0.0348837
0	1
0	0.0348837
0	0.0348837
0	0.0232558
0	0.0348837
0	0.0232558
0	0.0232558
0	0.0465116
0	0.0465116
0	0.0697674
0	0.0581395
0	0.0697674
0	1
0	0.0465116
0	0.0697674
0	0.0232558
0	0.0348837
0	0.0581395
0	0.0232558
0	0.0697674
0	0.0930233
0	0.0348837
0	0.0232558
0	0.0232558
0	0.0348837
0	0.0465116
0	0.0465116
0	0.0465116
0	0.0348837
0	0.0348837
0	0.0581395
0	0.0348837
0	0.0232558
0	1
0	0.0348837
0	0.0581395
0	0.0348837
0	0.0465116
0	0.0465116
0	0.0581395
0	0.0581395
0	1
0	0.0348837
0	0.0465116
0	1
0	0.0232558
0	0.0348837
0	0.0813953
0	0.0232558
0	0.0465116
0	0.0697674
0	0.0581395
0	0.0232558
0	0.151163
0	0.0465116
0	0.0581395
0	0.0232558
0	0.0348837
0	0.0697674
0	0.0232558
0	0.0232558
0	0.0581395
0	0.0232558
0	0.0348837
0	0.151163
0	0.0348837
0	0.0348837
0	0.0697674
0	0.0697674
0	0.0813953
0	0.151163
0	1
0	1
0	0.0813953
0	1
0	1
0	0.0232558
0	0.0348837
0	0.0581395
0	1
0	0.0465116
0	0.0581395
0	0.0348837
0	0.0465116
0	0.0581395
0	0.0348837
0	0.0697674
0	0.0232558
0	0.0232558
0	0.0232558
0	0.0232558
0	1
0	0.0697674
0	0.0930233
0	0.0232558
0	0.0232558
0	0.0232558
0	0.0581395
0	0.151163
0	0.0232558
0	0.0232558
0	0.0465116
0	0.0581395
0	1
0	0.0232558
0	1
0	0.0348837
0	0.0232558
0	0.0813953
0	0.0581395
0	0.0465116
0	0.0232558
0	0.0348837
0	0.0232558
0	0.0348837
0	0.0465116
0	0.0232558
0	1
0	0.0348837
0	0.0581395
0	0.0232558
0	0.0348837
0	0.0465116
0	0.0348837
0	0.0465116
0	0.0232558
0	0.0232558
0	0.0465116
0	1
0	0.0348837
0	0.0348837
0	0.0232558
0	0.0348837
0	0.0232558
0	0.0465116
0	0.0348837
0	1
0	0.0930233
0	0.0581395
0	0.0232558
0	0.0465116
0	0.0581395
0	0.0348837
0	0.0465116
0	0.0697674
0	1
0	0.0232558
0	0.0581395
0	0.0232558
0	0.0348837
0	0.0348837
0	0.0232558
0	0.0348837
0	0.0465116
0	0.0232558
0	0.0465116
0	0.0465116
0	1
0	0.0465116
0	0.0232558
0	0.0232558
0	0.0232558
0	0.0232558
0	0.0232558
0	0.0465116
0	0.0232558
0	0.0232558
0	0.0581395
0	0.0348837
0	0.0465116
0	0.0581395
0	0.0232558
0	0.0232558
0	0.0348837
0	0.0348837
0	0.0930233
0	0.0232558
0	0.0232558
0	0.0465116
0	0.0232558
0	0.0232558
0	0.0348837
0	0.0232558
0	0.0465116
0	0.0465116
0	0.0348837
0	0.0232558
0	1
0	0.0348837
0	0.151163
0	0.0232558
0	0.0348837
0	0.0581395
0	0.0348837


