# Persistence diagram <GML/0734.gml>
#
# Dimension   : 0
# Entries     : 292
# Betti number: 1
0	inf
0	0.15
0	0.133333
0	0.183333
0	1
0	0.0833333
0	0.1
0	0.55
0	0.0833333
0	0.316667
0	0.0833333
0	0.0833333
0	0.0333333
0	0.133333
0	0.316667
0	0.1
0	0.216667
0	0.1
0	0.0833333
0	0.0833333
0	0.216667
0	0.316667
0	0.216667
0	0.15
0	0.55
0	0.0833333
0	0.1
0	0.183333
0	0.166667
0	1
0	0.15
0	0.0833333
0	0.183333
0	0.183333
0	0.0666667
0	0.1
0	0.1
0	0.05
0	0.0666667
0	0.116667
0	1
0	0.0833333
0	0.55
0	0.15
0	0.166667
0	0.1
0	0.55
0	0.133333
0	1
0	0.316667
0	0.133333
0	0.216667
0	1
0	0.15
0	0.0833333
0	0.0666667
0	0.0666667
0	0.05
0	0.15
0	0.183333
0	1
0	0.0666667
0	0.116667
0	0.116667
0	0.0833333
0	1
0	0.05
0	0.183333
0	0.0833333
0	0.1
0	0.55
0	0.183333
0	1
0	1
0	0.05
0	0.0666667
0	0.166667
0	0.15
0	0.55
0	0.0666667
0	0.316667
0	0.0833333
0	0.15
0	0.05
0	0.05
0	0.0333333
0	0.0833333
0	0.55
0	0.05
0	0.216667
0	0.05
0	0.0666667
0	0.05
0	0.183333
0	0.0666667
0	0.05
0	0.55
0	1
0	0.216667
0	0.0833333
0	0.0666667
0	0.0833333
0	0.0333333
0	0.0833333
0	0.0833333
0	0.0666667
0	0.0666667
0	0.05
0	0.05
0	0.55
0	0.1
0	0.216667
0	0.0333333
0	0.0333333
0	0.116667
0	0.316667
0	0.55
0	1
0	0.05
0	0.1
0	0.116667
0	0.183333
0	0.15
0	0.0833333
0	0.0666667
0	1
0	0.133333
0	1
0	0.0833333
0	0.05
0	0.0333333
0	0.1
0	0.316667
0	0.05
0	0.05
0	0.0333333
0	0.0333333
0	0.316667
0	0.0833333
0	1
0	0.0666667
0	0.216667
0	1
0	0.05
0	0.1
0	0.05
0	0.05
0	0.05
0	0.216667
0	0.0666667
0	0.0666667
0	0.0833333
0	0.05
0	0.216667
0	0.1
0	0.05
0	0.05
0	0.0833333
0	0.216667
0	0.116667
0	0.0666667
0	0.0333333
0	0.0666667
0	1
0	0.0333333
0	0.0666667
0	0.55
0	0.0333333
0	0.1
0	0.55
0	0.0833333
0	0.116667
0	0.05
0	1
0	0.55
0	0.216667
0	0.0666667
0	0.0333333
0	0.0333333
0	0.183333
0	1
0	1
0	0.55
0	0.0333333
0	0.15
0	0.05
0	0.0333333
0	0.0833333
0	0.05
0	0.05
0	0.05
0	0.216667
0	0.05
0	0.05
0	0.0833333
0	0.0833333
0	0.0666667
0	0.55
0	1
0	0.55
0	0.166667
0	0.0333333
0	0.216667
0	0.0333333
0	0.316667
0	0.0333333
0	0.0333333
0	0.05
0	0.0666667
0	0.55
0	0.216667
0	0.0833333
0	1
0	0.0833333
0	0.05
0	0.0666667
0	1
0	0.05
0	0.133333
0	0.55
0	1
0	0.05
0	0.0833333
0	0.0833333
0	1
0	0.0333333
0	1
0	0.05
0	0.0333333
0	0.0833333
0	0.15
0	0.05
0	0.05
0	0.0833333
0	0.0333333
0	1
0	1
0	1
0	0.183333
0	0.0333333
0	0.0333333
0	0.0833333
0	0.0333333
0	0.0666667
0	0.05
0	1
0	0.116667
0	0.05
0	0.05
0	0.0666667
0	0.05
0	0.183333
0	0.0333333
0	0.1
0	0.0333333
0	0.216667
0	0.0333333
0	0.0333333
0	0.55
0	0.55
0	0.0333333
0	0.316667
0	0.183333
0	0.05
0	0.05
0	0.0833333
0	0.216667
0	0.05
0	0.0666667
0	0.183333
0	0.0666667
0	0.0333333
0	0.0833333
0	0.05
0	0.316667
0	0.0333333
0	1
0	0.0333333
0	0.0333333
0	0.0666667
0	0.0333333
0	0.0666667
0	0.05
0	0.15
0	1
0	0.116667
0	0.0333333
0	0.05
0	0.05
0	0.216667
0	0.05
0	0.0333333


