# Persistence diagram <GML/0737.gml>
#
# Dimension   : 0
# Entries     : 314
# Betti number: 1
0	inf
0	1
0	1
0	1
0	1
0	1
0	1
0	1
0	0.037037
0	0.037037
0	0.0329218
0	0.0329218
0	1
0	1
0	0.0123457
0	1
0	0.0246914
0	1
0	0.00823045
0	1
0	0.0123457
0	0.0329218
0	1
0	1
0	0.0288066
0	1
0	1
0	0.0288066
0	1
0	1
0	1
0	1
0	0.0123457
0	0.0123457
0	1
0	1
0	1
0	0.0123457
0	1
0	1
0	1
0	1
0	1
0	1
0	1
0	0.0123457
0	0.0164609
0	1
0	0.0246914
0	0.0288066
0	0.0164609
0	1
0	0.0205761
0	0.0164609
0	1
0	1
0	1
0	1
0	1
0	1
0	1
0	1
0	0.00823045
0	0.0123457
0	0.0205761
0	1
0	1
0	0.0164609
0	0.0246914
0	1
0	0.0288066
0	1
0	1
0	1
0	1
0	0.0164609
0	1
0	1
0	0.0329218
0	0.00823045
0	1
0	0.0164609
0	1
0	1
0	1
0	1
0	1
0	0.0164609
0	0.0205761
0	1
0	1
0	0.0164609
0	1
0	0.0246914
0	1
0	1
0	0.0205761
0	1
0	1
0	1
0	0.00823045
0	1
0	0.0288066
0	1
0	1
0	1
0	0.0164609
0	1
0	1
0	1
0	1
0	1
0	1
0	1
0	0.0123457
0	1
0	1
0	1
0	0.0246914
0	1
0	0.0246914
0	0.0205761
0	0.0123457
0	1
0	1
0	1
0	1
0	0.0329218
0	1
0	0.00823045
0	0.0123457
0	1
0	0.0123457
0	1
0	1
0	1
0	1
0	1
0	0.0246914
0	1
0	1
0	0.0123457
0	1
0	1
0	1
0	1
0	1
0	0.00823045
0	1
0	1
0	1
0	1
0	0.037037
0	0.00823045
0	0.0123457
0	1
0	1
0	1
0	1
0	1
0	1
0	1
0	0.0123457
0	1
0	0.00823045
0	1
0	1
0	0.037037
0	1
0	1
0	1
0	0.037037
0	1
0	1
0	0.0123457
0	0.0329218
0	1
0	1
0	1
0	1
0	0.0123457
0	1
0	0.0205761
0	1
0	1
0	0.00823045
0	1
0	0.00823045
0	1
0	1
0	0.0246914
0	0.0329218
0	0.0123457
0	1
0	1
0	1
0	1
0	0.0123457
0	1
0	1
0	1
0	0.0123457
0	1
0	1
0	1
0	0.0288066
0	1
0	1
0	1
0	1
0	1
0	1
0	1
0	0.0123457
0	1
0	0.0246914
0	1
0	1
0	1
0	1
0	1
0	0.0123457
0	1
0	1
0	0.00823045
0	1
0	1
0	1
0	1
0	1
0	1
0	1
0	1
0	1
0	0.0205761
0	1
0	0.0123457
0	1
0	0.00823045
0	0.00823045
0	0.0205761
0	0.00823045
0	1
0	1
0	0.0123457
0	1
0	1
0	0.0123457
0	1
0	1
0	0.0205761
0	1
0	1
0	1
0	1
0	1
0	0.0164609
0	1
0	1
0	1
0	1
0	1
0	1
0	1
0	1
0	1
0	1
0	1
0	1
0	0.0123457
0	0.00823045
0	1
0	1
0	1
0	0.00823045
0	1
0	1
0	1
0	1
0	1
0	0.00823045
0	1
0	0.00823045
0	1
0	0.0164609
0	1
0	1
0	0.0123457
0	1
0	0.0123457
0	0.00823045
0	1
0	1
0	0.0123457
0	1
0	1
0	1
0	0.00823045
0	1
0	1
0	0.00823045
0	1
0	1
0	0.0123457
0	1
0	1
0	1
0	1
0	1
0	1
0	1
0	0.0246914
0	0.0123457
0	1


