# Persistence diagram <GML/0739.gml>
#
# Dimension   : 0
# Entries     : 392
# Betti number: 1
0	inf
0	1
0	0.329268
0	0.0487805
0	0.329268
0	0.0853659
0	1
0	0.097561
0	1
0	0.329268
0	0.121951
0	1
0	1
0	0.0487805
0	0.0609756
0	0.0731707
0	0.329268
0	0.329268
0	0.195122
0	0.121951
0	0.0365854
0	1
0	1
0	0.121951
0	0.195122
0	0.195122
0	0.0609756
0	0.097561
0	0.097561
0	0.0487805
0	1
0	0.0853659
0	0.0853659
0	0.0487805
0	1
0	1
0	0.0853659
0	1
0	0.195122
0	1
0	0.0243902
0	0.0731707
0	1
0	0.195122
0	0.0731707
0	0.121951
0	0.0487805
0	0.0365854
0	1
0	0.121951
0	0.0731707
0	0.121951
0	0.0731707
0	0.0731707
0	1
0	0.0731707
0	0.0365854
0	1
0	0.0731707
0	0.0731707
0	0.097561
0	0.109756
0	0.0365854
0	1
0	1
0	0.329268
0	1
0	0.0609756
0	1
0	0.0731707
0	0.0365854
0	0.0731707
0	0.097561
0	0.0853659
0	0.0609756
0	0.329268
0	0.0487805
0	0.0853659
0	0.195122
0	0.0243902
0	1
0	0.0365854
0	0.0609756
0	0.0487805
0	1
0	0.0487805
0	0.097561
0	0.0853659
0	0.329268
0	0.0365854
0	0.329268
0	0.109756
0	0.329268
0	0.329268
0	1
0	0.329268
0	0.0731707
0	0.0365854
0	0.109756
0	0.134146
0	0.0365854
0	0.121951
0	0.0365854
0	0.195122
0	0.097561
0	0.0365854
0	1
0	1
0	1
0	0.0731707
0	0.0487805
0	1
0	0.0731707
0	0.0609756
0	0.0853659
0	0.0243902
0	0.329268
0	0.0243902
0	0.0609756
0	0.0487805
0	0.0243902
0	1
0	0.0609756
0	0.0731707
0	0.0731707
0	1
0	0.0487805
0	0.0365854
0	0.0365854
0	0.0243902
0	0.0853659
0	0.097561
0	0.329268
0	1
0	0.121951
0	0.0487805
0	1
0	1
0	1
0	0.134146
0	0.134146
0	0.329268
0	0.121951
0	0.0243902
0	0.109756
0	0.329268
0	0.097561
0	0.097561
0	0.0731707
0	0.0731707
0	0.097561
0	0.0243902
0	0.121951
0	0.0731707
0	0.0853659
0	0.0487805
0	0.0243902
0	0.0365854
0	0.0853659
0	0.097561
0	1
0	0.0609756
0	0.0853659
0	0.0243902
0	0.0365854
0	0.0731707
0	0.0243902
0	0.097561
0	0.0853659
0	0.0609756
0	0.0365854
0	0.0487805
0	0.0365854
0	0.0365854
0	0.0487805
0	0.0243902
0	0.0243902
0	0.0487805
0	0.0609756
0	0.0731707
0	0.109756
0	0.0487805
0	0.0609756
0	0.329268
0	0.0609756
0	0.097561
0	0.0243902
0	0.097561
0	0.0243902
0	0.0365854
0	0.0487805
0	1
0	0.0365854
0	0.134146
0	0.0853659
0	0.0243902
0	1
0	0.329268
0	0.0243902
0	0.0487805
0	0.195122
0	0.0609756
0	0.0609756
0	0.0609756
0	0.0853659
0	0.0731707
0	0.0609756
0	0.0365854
0	1
0	0.0243902
0	1
0	0.0365854
0	0.0853659
0	0.0487805
0	1
0	0.195122
0	0.0853659
0	0.0365854
0	0.0365854
0	0.0487805
0	0.134146
0	0.0243902
0	0.0609756
0	0.109756
0	0.0365854
0	0.121951
0	0.0365854
0	0.0365854
0	1
0	0.0243902
0	0.0609756
0	1
0	0.0365854
0	0.0487805
0	0.121951
0	0.0487805
0	0.0609756
0	0.0365854
0	0.195122
0	0.0243902
0	0.0365854
0	1
0	0.0365854
0	0.0243902
0	0.0365854
0	0.0365854
0	0.0853659
0	0.329268
0	0.0365854
0	0.0853659
0	0.0243902
0	0.195122
0	0.0365854
0	0.195122
0	0.0487805
0	0.0487805
0	1
0	0.0609756
0	0.0365854
0	0.0365854
0	0.097561
0	1
0	0.0365854
0	0.134146
0	0.0243902
0	0.0365854
0	0.109756
0	0.0243902
0	0.0609756
0	0.0243902
0	1
0	0.329268
0	0.134146
0	0.0243902
0	0.0731707
0	0.0487805
0	0.134146
0	0.0243902
0	0.0365854
0	0.0243902
0	0.0243902
0	0.0243902
0	0.0243902
0	1
0	0.0365854
0	0.0487805
0	0.0243902
0	0.329268
0	0.0243902
0	0.195122
0	0.134146
0	0.0731707
0	0.0365854
0	0.0365854
0	0.0853659
0	0.0243902
0	0.0243902
0	0.121951
0	0.097561
0	0.0365854
0	0.0731707
0	0.0487805
0	0.097561
0	0.0365854
0	0.0731707
0	0.0609756
0	0.0243902
0	0.0365854
0	0.0365854
0	0.0365854
0	0.0487805
0	0.0243902
0	0.0731707
0	1
0	0.0487805
0	1
0	0.0243902
0	0.329268
0	0.0731707
0	0.121951
0	0.0609756
0	0.0243902
0	0.0365854
0	0.0243902
0	0.0365854
0	0.097561
0	0.0243902
0	0.0243902
0	0.0487805
0	0.0853659
0	0.0365854
0	0.0243902
0	0.0365854
0	0.0243902
0	0.0243902
0	0.0731707
0	0.0487805
0	0.0731707
0	0.0365854
0	0.0365854
0	0.0243902
0	0.0487805
0	0.0853659
0	0.0243902
0	0.0487805
0	0.0365854
0	0.097561
0	0.0365854
0	0.121951
0	0.0243902
0	0.0365854
0	0.0365854
0	1
0	0.0365854
0	0.0243902
0	0.0731707
0	0.0243902
0	0.0365854
0	0.0243902
0	0.0243902
0	0.0243902
0	0.0243902
0	0.0243902
0	1
0	0.0243902
0	0.0243902
0	0.109756
0	0.0731707
0	0.0487805
0	0.0365854
0	0.0365854
0	1
0	0.0243902
0	1
0	0.0365854
0	1
0	0.0853659
0	0.0243902
0	0.0243902
0	0.0487805
0	0.121951
0	0.134146
0	1
0	0.329268
0	0.0365854
0	0.0487805
0	0.0243902
0	0.329268
0	1
0	0.0365854
0	0.0365854
0	0.0731707


