# Persistence diagram <GML/0741.gml>
#
# Dimension   : 0
# Entries     : 431
# Betti number: 1
0	inf
0	1
0	1
0	1
0	1
0	1
0	1
0	0.0769231
0	0.0961538
0	1
0	0.0769231
0	0.0769231
0	0.0961538
0	1
0	1
0	1
0	0.182692
0	1
0	1
0	0.125
0	0.0769231
0	0.0480769
0	1
0	0.0480769
0	0.0769231
0	0.0576923
0	0.125
0	1
0	0.0769231
0	1
0	1
0	0.0384615
0	1
0	0.0673077
0	0.0769231
0	0.182692
0	0.0961538
0	1
0	1
0	1
0	0.182692
0	1
0	0.0769231
0	1
0	0.0576923
0	1
0	1
0	0.0384615
0	0.0480769
0	1
0	0.0480769
0	1
0	0.182692
0	0.0576923
0	0.182692
0	0.0288462
0	0.0576923
0	0.0192308
0	0.0769231
0	0.0769231
0	1
0	1
0	0.0576923
0	1
0	0.0769231
0	0.0384615
0	0.0192308
0	0.0384615
0	1
0	0.0288462
0	0.0480769
0	0.0288462
0	0.125
0	1
0	0.125
0	0.0192308
0	0.0769231
0	0.0192308
0	0.0480769
0	0.0192308
0	1
0	0.0961538
0	0.0480769
0	0.0769231
0	1
0	0.0192308
0	0.0961538
0	0.0192308
0	0.0192308
0	0.0192308
0	0.0576923
0	0.0384615
0	1
0	1
0	1
0	1
0	0.0384615
0	0.0480769
0	0.0384615
0	0.0288462
0	0.0288462
0	1
0	0.125
0	1
0	0.0576923
0	0.0480769
0	0.0673077
0	0.0288462
0	0.0673077
0	0.182692
0	0.0192308
0	0.0192308
0	1
0	0.182692
0	0.0384615
0	1
0	1
0	0.0288462
0	0.0480769
0	0.0192308
0	0.0384615
0	1
0	0.0769231
0	0.0961538
0	0.0769231
0	1
0	0.0576923
0	0.0576923
0	0.0192308
0	0.0576923
0	0.0384615
0	0.0192308
0	0.0480769
0	0.182692
0	0.0384615
0	0.0384615
0	1
0	0.0384615
0	0.0576923
0	0.0769231
0	0.0769231
0	0.0769231
0	0.0288462
0	1
0	1
0	0.0384615
0	0.0576923
0	0.0480769
0	0.0480769
0	0.0480769
0	0.125
0	0.0480769
0	0.0384615
0	0.0576923
0	0.0192308
0	1
0	0.0288462
0	0.0288462
0	0.0288462
0	0.0384615
0	0.0384615
0	0.0288462
0	0.0576923
0	0.0192308
0	0.0961538
0	0.0769231
0	0.0576923
0	1
0	0.0384615
0	0.0480769
0	0.0288462
0	0.0288462
0	0.0192308
0	0.0288462
0	0.0576923
0	1
0	0.0384615
0	0.0192308
0	0.0288462
0	0.0192308
0	0.0480769
0	0.0769231
0	0.0480769
0	1
0	0.0192308
0	1
0	0.0288462
0	1
0	0.0288462
0	0.0576923
0	1
0	0.0192308
0	0.0192308
0	0.0576923
0	0.0384615
0	0.0288462
0	0.0769231
0	0.0192308
0	0.0480769
0	1
0	0.125
0	1
0	0.0769231
0	0.125
0	0.0288462
0	0.0384615
0	0.0192308
0	0.0480769
0	1
0	0.0480769
0	0.0769231
0	0.0576923
0	0.0769231
0	0.0288462
0	0.0384615
0	0.182692
0	0.0288462
0	1
0	0.0192308
0	0.0673077
0	0.0288462
0	0.0480769
0	0.0192308
0	0.0288462
0	0.0673077
0	1
0	0.0576923
0	0.0576923
0	0.0576923
0	0.0576923
0	0.0480769
0	0.0384615
0	0.0192308
0	0.0192308
0	0.0769231
0	0.0480769
0	0.0288462
0	0.0480769
0	1
0	0.0769231
0	0.0673077
0	0.0769231
0	0.0192308
0	1
0	0.0384615
0	0.0288462
0	0.0192308
0	0.0384615
0	0.0288462
0	0.0480769
0	0.0192308
0	0.0288462
0	0.0288462
0	0.0769231
0	0.0673077
0	0.0192308
0	0.0192308
0	0.0480769
0	0.0192308
0	1
0	0.0192308
0	0.0192308
0	0.0288462
0	0.0192308
0	0.0288462
0	1
0	0.0384615
0	0.0192308
0	0.0576923
0	0.0192308
0	0.0192308
0	0.0576923
0	0.0769231
0	0.0961538
0	0.0192308
0	0.0576923
0	1
0	0.0288462
0	0.0192308
0	0.0480769
0	0.0192308
0	0.0480769
0	0.0480769
0	0.0673077
0	1
0	0.0192308
0	0.0576923
0	0.0192308
0	0.0288462
0	0.0192308
0	0.0288462
0	0.0384615
0	0.0576923
0	0.0192308
0	0.0576923
0	0.0384615
0	0.0576923
0	0.0769231
0	0.0576923
0	0.0192308
0	0.0384615
0	0.0384615
0	0.0192308
0	0.0288462
0	0.0192308
0	0.0384615
0	0.0384615
0	0.0673077
0	0.0288462
0	1
0	0.0288462
0	0.0288462
0	0.0480769
0	0.0288462
0	0.0576923
0	0.0192308
0	0.125
0	0.0480769
0	0.0288462
0	0.0192308
0	0.0288462
0	0.0480769
0	0.0192308
0	0.0192308
0	0.0192308
0	0.182692
0	0.0192308
0	0.0384615
0	0.0769231
0	0.0288462
0	0.0769231
0	0.0384615
0	0.0288462
0	0.0480769
0	0.0192308
0	0.0480769
0	0.0384615
0	0.0192308
0	0.0288462
0	0.0288462
0	0.0192308
0	1
0	0.0384615
0	0.0288462
0	0.182692
0	0.0384615
0	0.0288462
0	0.0480769
0	0.0192308
0	0.125
0	0.0192308
0	0.0192308
0	0.0288462
0	0.0288462
0	0.0769231
0	0.0480769
0	1
0	0.0192308
0	0.0384615
0	0.0288462
0	0.0192308
0	0.0192308
0	0.0576923
0	0.0769231
0	0.0769231
0	0.182692
0	0.0576923
0	0.0288462
0	1
0	0.0288462
0	0.0384615
0	0.0769231
0	0.0480769
0	0.0192308
0	1
0	0.0192308
0	0.0480769
0	0.182692
0	0.0192308
0	0.0673077
0	1
0	0.0192308
0	0.0288462
0	0.0192308
0	0.182692
0	0.0480769
0	0.0192308
0	1
0	0.0192308
0	0.0480769
0	0.125
0	0.0769231
0	0.0961538
0	0.0192308
0	0.0192308
0	0.0576923
0	0.0192308
0	0.0576923
0	0.0384615
0	0.0480769
0	1
0	0.0288462
0	0.0480769
0	0.0769231
0	0.0769231
0	0.0384615
0	0.0288462
0	0.0288462
0	0.0384615
0	0.0480769
0	0.0192308
0	0.0384615
0	0.0192308
0	1
0	0.0288462
0	0.0576923
0	1
0	1
0	0.0288462
0	0.0769231
0	0.0192308
0	0.0192308
0	0.0192308
0	0.0192308
0	0.0384615
0	0.0288462
0	0.0384615
0	0.0288462
0	0.0192308
0	0.0192308
0	0.0673077


