# Persistence diagram <GML/0773.gml>
#
# Dimension   : 0
# Entries     : 76
# Betti number: 1
0	inf
0	1
0	1
0	1
0	1
0	1
0	1
0	0.137931
0	1
0	1
0	1
0	0.137931
0	0.0517241
0	1
0	1
0	1
0	0.137931
0	1
0	1
0	1
0	1
0	1
0	1
0	1
0	1
0	0.137931
0	1
0	1
0	1
0	1
0	0.0517241
0	0.0689655
0	0.0517241
0	1
0	0.0344828
0	1
0	1
0	1
0	1
0	0.137931
0	1
0	1
0	1
0	1
0	1
0	1
0	0.0517241
0	0.0517241
0	1
0	0.137931
0	0.0689655
0	1
0	1
0	0.0517241
0	1
0	0.0344828
0	0.0517241
0	0.0344828
0	1
0	0.0689655
0	1
0	1
0	0.0517241
0	1
0	0.0517241
0	0.0344828
0	1
0	0.0344828
0	1
0	1
0	0.137931
0	1
0	0.0344828
0	1
0	0.0344828
0	1


