# Persistence diagram <GML/0776.gml>
#
# Dimension   : 0
# Entries     : 412
# Betti number: 2
0	inf
0	1
0	1
0	0.0564516
0	0.0483871
0	0.0725806
0	0.0564516
0	0.0564516
0	0.0564516
0	0.129032
0	1
0	0.0564516
0	0.0564516
0	0.0403226
0	1
0	1
0	1
0	1
0	0.0725806
0	0.0403226
0	0.0403226
0	0.0725806
0	0.0483871
0	0.0725806
0	0.0564516
0	0.0725806
0	0.0725806
0	0.0403226
0	0.0725806
0	0.0403226
0	0.016129
0	1
0	0.0483871
0	0.0725806
0	1
0	0.0564516
0	1
0	1
0	0.0725806
0	0.0725806
0	0.0322581
0	0.0403226
0	0.0322581
0	0.0483871
0	0.0403226
0	0.0403226
0	0.0806452
0	0.0241935
0	0.0241935
0	0.129032
0	1
0	1
0	0.0322581
0	0.0564516
0	0.0564516
0	0.0322581
0	1
0	0.0725806
0	0.0483871
0	1
0	0.0403226
0	0.016129
0	0.0806452
0	1
0	0.0725806
0	0.0483871
0	0.0322581
0	0.0483871
0	0.0403226
0	0.0725806
0	1
0	0.0241935
0	1
0	0.0564516
0	0.0564516
0	0.0564516
0	0.0241935
0	0.0483871
0	0.0564516
0	1
0	0.0322581
0	0.0564516
0	0.0483871
0	0.0725806
0	1
0	1
0	0.0564516
0	1
0	1
0	0.0322581
0	0.0403226
0	0.0483871
0	1
0	0.0403226
0	0.0806452
0	0.0725806
0	1
0	0.0403226
0	0.0483871
0	1
0	0.0403226
0	0.0564516
0	0.0322581
0	0.0483871
0	1
0	0.0322581
0	0.0806452
0	0.0241935
0	0.0322581
0	0.129032
0	0.0725806
0	0.0322581
0	0.0564516
0	0.0241935
0	1
0	0.0322581
0	0.0241935
0	0.129032
0	0.0483871
0	0.0887097
0	0.0564516
0	0.0564516
0	1
0	0.0241935
0	0.0241935
0	0.0564516
0	0.0322581
0	0.0241935
0	0.016129
0	0.0322581
0	0.0241935
0	0.0483871
0	0.129032
0	0.0403226
0	1
0	0.0403226
0	1
0	1
0	0.0403226
0	0.0564516
0	0.016129
0	0.0403226
0	0.016129
0	1
0	1
0	0.0725806
0	1
0	0.0564516
0	0.0725806
0	0.129032
0	0.016129
0	0.016129
0	0.0403226
0	0.0725806
0	0.0725806
0	0.0403226
0	0.016129
0	0.0322581
0	1
0	1
0	0.0241935
0	1
0	0.0322581
0	0.0322581
0	0.0241935
0	0.0725806
0	1
0	0.0403226
0	0.0483871
0	1
0	1
0	0.0403226
0	0.0403226
0	0.0403226
0	0.129032
0	0.0483871
0	1
0	0.0241935
0	0.0564516
0	0.0322581
0	0.0403226
0	0.016129
0	0.016129
0	0.0322581
0	0.0564516
0	1
0	0.0322581
0	1
0	1
0	0.0241935
0	0.0241935
0	0.0483871
0	0.0403226
0	0.016129
0	0.0725806
0	0.0322581
0	0.0564516
0	1
0	0.0322581
0	0.0322581
0	1
0	0.0241935
0	0.0483871
0	0.0483871
0	0.0483871
0	1
0	0.129032
0	1
0	0.0564516
0	0.0725806
0	0.0725806
0	0.0725806
0	0.0483871
0	0.0241935
0	0.0403226
0	0.0322581
0	0.0241935
0	0.0806452
0	0.0322581
0	0.0322581
0	0.0241935
0	0.0322581
0	0.0483871
0	0.0483871
0	0.0403226
0	0.0725806
0	0.0322581
0	1
0	1
0	1
0	0.0403226
0	1
0	1
0	0.0322581
0	0.0483871
0	0.016129
0	0.0241935
0	0.129032
0	1
0	0.016129
0	1
0	1
0	0.0322581
0	1
0	0.0403226
0	0.0806452
0	0.0564516
0	1
0	0.0241935
0	0.0403226
0	0.0483871
0	0.016129
0	0.0241935
0	0.016129
0	inf
0	1
0	1
0	0.0322581
0	0.0483871
0	0.0887097
0	0.0806452
0	1
0	0.016129
0	0.016129
0	0.0241935
0	0.0322581
0	0.0725806
0	0.0483871
0	1
0	1
0	0.0322581
0	0.0887097
0	0.0403226
0	0.0322581
0	0.0564516
0	0.0322581
0	0.016129
0	0.0241935
0	1
0	1
0	1
0	0.0403226
0	0.016129
0	1
0	0.0403226
0	0.016129
0	1
0	0.0322581
0	0.0403226
0	0.0241935
0	0.0322581
0	0.0564516
0	0.0322581
0	0.0241935
0	0.0241935
0	0.0483871
0	0.016129
0	0.0887097
0	1
0	0.0887097
0	0.0322581
0	0.016129
0	0.0483871
0	0.0241935
0	0.0241935
0	1
0	0.0322581
0	0.0725806
0	0.0887097
0	0.0241935
0	0.0564516
0	0.129032
0	0.016129
0	1
0	0.0564516
0	0.016129
0	1
0	0.0725806
0	0.0725806
0	0.0564516
0	0.0322581
0	0.0322581
0	0.0806452
0	0.0806452
0	0.0725806
0	0.0241935
0	0.016129
0	0.0322581
0	0.129032
0	0.0483871
0	0.0241935
0	0.0322581
0	0.0241935
0	1
0	1
0	1
0	0.0322581
0	0.0403226
0	0.0403226
0	1
0	0.0403226
0	0.0241935
0	0.016129
0	0.0241935
0	0.0241935
0	1
0	0.00806452
0	1
0	0.0483871
0	0.0483871
0	0.0725806
0	1
0	1
0	0.0725806
0	1
0	0.0887097
0	0.0725806
0	0.0322581
0	0.0403226
0	0.0322581
0	0.0564516
0	0.0806452
0	0.0322581
0	0.0403226
0	0.0322581
0	0.0322581
0	1
0	1
0	0.0403226
0	0.0241935
0	0.0725806
0	0.0241935
0	0.016129
0	0.0564516
0	0.0403226
0	0.0564516
0	0.0322581
0	0.0241935
0	1
0	1
0	0.0725806
0	0.0564516
0	0.0403226
0	0.0322581
0	0.0403226
0	0.016129
0	0.0564516
0	0.0403226
0	0.0564516
0	0.016129
0	0.0241935
0	0.0322581
0	0.016129
0	0.0322581
0	0.0403226
0	0.0806452
0	0.016129
0	1
0	0.0322581
0	0.0322581
0	0.0241935
0	0.016129
0	0.0322581
0	0.016129
0	0.0483871
0	1
0	0.0322581
0	0.016129
0	0.0725806
0	0.0564516
0	0.129032
0	0.0403226


