# Persistence diagram <GML/0780.gml>
#
# Dimension   : 0
# Entries     : 446
# Betti number: 1
0	inf
0	1
0	1
0	1
0	1
0	1
0	1
0	1
0	1
0	0.0615385
0	0.0410256
0	0.025641
0	0.025641
0	1
0	0.0615385
0	1
0	0.0461538
0	1
0	0.0102564
0	1
0	0.0615385
0	0.0102564
0	1
0	1
0	1
0	0.025641
0	1
0	1
0	1
0	0.0153846
0	0.0102564
0	0.0461538
0	0.0512821
0	0.0205128
0	1
0	1
0	1
0	1
0	0.0615385
0	1
0	1
0	1
0	0.0358974
0	0.0358974
0	1
0	0.0205128
0	0.025641
0	1
0	0.0205128
0	0.0307692
0	0.025641
0	0.0153846
0	0.0205128
0	0.0512821
0	0.0153846
0	0.0512821
0	0.0102564
0	1
0	0.0153846
0	0.0512821
0	0.025641
0	0.0153846
0	1
0	1
0	0.0205128
0	1
0	0.0102564
0	0.0205128
0	0.0358974
0	1
0	0.0410256
0	1
0	0.0205128
0	0.025641
0	1
0	0.0205128
0	1
0	0.0205128
0	0.0205128
0	1
0	1
0	1
0	0.0205128
0	0.0512821
0	0.0512821
0	0.0153846
0	1
0	0.0358974
0	1
0	1
0	1
0	0.0461538
0	1
0	1
0	0.0358974
0	0.0358974
0	0.0153846
0	0.0461538
0	0.0358974
0	0.0153846
0	1
0	0.0205128
0	1
0	0.0205128
0	0.025641
0	1
0	0.0461538
0	1
0	0.0153846
0	0.0153846
0	0.0205128
0	0.0307692
0	1
0	1
0	0.0615385
0	0.0205128
0	1
0	0.0153846
0	0.025641
0	0.0153846
0	0.0205128
0	0.0205128
0	0.0153846
0	1
0	0.0153846
0	0.0153846
0	1
0	1
0	1
0	0.0205128
0	1
0	0.0205128
0	0.0410256
0	0.0153846
0	1
0	1
0	1
0	0.0153846
0	0.0153846
0	0.0410256
0	1
0	0.0307692
0	0.0461538
0	0.0102564
0	1
0	0.0307692
0	0.0205128
0	0.0102564
0	0.0358974
0	1
0	0.0153846
0	0.025641
0	1
0	1
0	0.0153846
0	1
0	0.0307692
0	0.025641
0	0.0153846
0	0.0153846
0	0.0102564
0	0.0205128
0	0.0307692
0	1
0	1
0	0.0358974
0	0.025641
0	1
0	0.0512821
0	0.0153846
0	0.0205128
0	0.0461538
0	0.0205128
0	0.0153846
0	0.0205128
0	0.0205128
0	1
0	1
0	0.0153846
0	1
0	0.0153846
0	1
0	0.0153846
0	0.0205128
0	1
0	1
0	0.0153846
0	1
0	0.0153846
0	1
0	0.0307692
0	1
0	1
0	0.0153846
0	0.0205128
0	0.0358974
0	1
0	0.0153846
0	0.0102564
0	0.025641
0	0.0461538
0	0.0153846
0	1
0	1
0	1
0	1
0	0.025641
0	0.0153846
0	0.0102564
0	0.0205128
0	1
0	0.0153846
0	1
0	1
0	0.0461538
0	1
0	0.0153846
0	0.0102564
0	0.025641
0	0.0153846
0	0.0307692
0	0.0307692
0	1
0	0.0153846
0	0.0205128
0	0.0153846
0	1
0	0.0205128
0	0.025641
0	0.025641
0	0.0205128
0	1
0	1
0	1
0	1
0	0.0102564
0	0.0102564
0	0.0358974
0	0.0205128
0	0.0615385
0	0.0205128
0	0.0615385
0	0.0102564
0	1
0	1
0	0.0205128
0	1
0	0.0153846
0	1
0	1
0	0.025641
0	1
0	1
0	0.0205128
0	1
0	1
0	0.0205128
0	0.0307692
0	0.0358974
0	0.0102564
0	1
0	0.025641
0	1
0	0.025641
0	0.0153846
0	1
0	0.0205128
0	0.0205128
0	1
0	1
0	0.0512821
0	0.0153846
0	0.0102564
0	0.0205128
0	1
0	0.0307692
0	0.0461538
0	1
0	0.0153846
0	1
0	0.0153846
0	0.0205128
0	0.0153846
0	0.0102564
0	0.0102564
0	1
0	0.0102564
0	1
0	0.0461538
0	1
0	0.0102564
0	1
0	1
0	0.0205128
0	0.0461538
0	0.0205128
0	0.0153846
0	1
0	0.0153846
0	1
0	1
0	1
0	0.0102564
0	0.0153846
0	1
0	1
0	1
0	1
0	1
0	1
0	0.025641
0	0.0358974
0	0.0153846
0	0.0205128
0	0.0307692
0	0.0205128
0	0.0153846
0	0.0153846
0	0.0615385
0	0.025641
0	1
0	0.0102564
0	0.0205128
0	1
0	1
0	1
0	0.0102564
0	1
0	1
0	0.0102564
0	0.025641
0	1
0	0.025641
0	0.0512821
0	0.0102564
0	0.0205128
0	0.0205128
0	0.0153846
0	0.0410256
0	0.0461538
0	1
0	1
0	0.0307692
0	1
0	0.0153846
0	0.0102564
0	1
0	0.0615385
0	1
0	0.0205128
0	0.0102564
0	1
0	0.0205128
0	1
0	0.0153846
0	0.025641
0	0.0153846
0	1
0	0.0153846
0	0.0102564
0	0.0153846
0	0.0102564
0	1
0	1
0	0.0102564
0	0.0102564
0	0.0307692
0	0.0102564
0	1
0	0.0205128
0	1
0	0.0153846
0	1
0	0.0102564
0	0.025641
0	0.0153846
0	0.0102564
0	0.0358974
0	0.0512821
0	1
0	0.0205128
0	0.0153846
0	0.0102564
0	1
0	1
0	1
0	0.025641
0	0.0153846
0	1
0	0.0307692
0	0.0410256
0	0.0153846
0	0.0358974
0	1
0	0.0102564
0	1
0	0.0102564
0	0.0307692
0	0.0153846
0	0.0307692
0	0.0153846
0	0.025641
0	0.0307692
0	0.025641
0	1
0	0.0307692
0	0.0410256
0	0.0153846
0	0.0153846
0	0.0358974
0	0.0205128
0	1
0	1
0	0.0205128
0	0.0102564
0	0.025641
0	1
0	0.0205128
0	0.0102564
0	0.0102564
0	0.0102564
0	0.0615385
0	1
0	1
0	1
0	0.0205128
0	0.0153846
0	0.025641
0	0.0153846
0	0.0205128
0	1
0	0.0461538
0	0.0102564
0	1
0	1
0	1
0	0.0102564
0	1
0	1
0	0.0461538
0	0.0205128
0	0.0102564
0	1
0	0.0461538
0	1
0	1


