# Persistence diagram <GML/0781.gml>
#
# Dimension   : 0
# Entries     : 438
# Betti number: 1
0	inf
0	0.0842105
0	0.105263
0	0.0736842
0	0.126316
0	1
0	0.0842105
0	1
0	0.105263
0	0.0842105
0	0.105263
0	0.0631579
0	0.0526316
0	0.0421053
0	0.0842105
0	0.178947
0	1
0	0.0421053
0	0.0526316
0	0.0631579
0	1
0	1
0	0.0421053
0	1
0	1
0	0.0842105
0	0.0631579
0	1
0	0.0631579
0	0.0842105
0	0.105263
0	0.0631579
0	1
0	1
0	0.0526316
0	0.0315789
0	0.0842105
0	1
0	0.178947
0	0.0421053
0	0.0315789
0	0.0315789
0	1
0	0.0631579
0	1
0	0.0210526
0	0.0421053
0	0.0631579
0	0.105263
0	1
0	0.0842105
0	0.0842105
0	0.0631579
0	0.0210526
0	1
0	1
0	0.0842105
0	0.0421053
0	0.0210526
0	1
0	0.0421053
0	0.0315789
0	0.0736842
0	1
0	0.126316
0	0.0315789
0	0.126316
0	0.0210526
0	1
0	0.178947
0	0.0315789
0	0.0210526
0	0.0315789
0	0.0315789
0	0.0631579
0	0.0842105
0	1
0	0.0210526
0	0.105263
0	1
0	0.0315789
0	0.0315789
0	0.105263
0	0.0631579
0	1
0	0.0210526
0	1
0	1
0	0.0421053
0	0.0631579
0	0.0736842
0	0.0421053
0	1
0	0.178947
0	0.105263
0	0.0631579
0	1
0	1
0	0.0421053
0	0.0210526
0	1
0	0.105263
0	1
0	1
0	0.0315789
0	0.0421053
0	0.0315789
0	0.0210526
0	0.0315789
0	0.0526316
0	0.0210526
0	0.0526316
0	0.0421053
0	0.0210526
0	0.0315789
0	0.0736842
0	0.0421053
0	1
0	1
0	0.0421053
0	0.0315789
0	0.0842105
0	0.0631579
0	0.0631579
0	0.0210526
0	0.0526316
0	0.0842105
0	0.0315789
0	0.0631579
0	0.0315789
0	1
0	0.0631579
0	0.0421053
0	0.0315789
0	0.0631579
0	1
0	1
0	0.0210526
0	0.178947
0	0.0210526
0	0.0421053
0	0.0526316
0	0.0210526
0	1
0	1
0	0.0315789
0	0.0315789
0	1
0	1
0	0.0210526
0	0.0315789
0	0.105263
0	0.0421053
0	0.0631579
0	0.0210526
0	0.0631579
0	0.0631579
0	0.0210526
0	0.0421053
0	0.0315789
0	0.0315789
0	1
0	0.0421053
0	0.0315789
0	0.0421053
0	0.0315789
0	0.0421053
0	0.0631579
0	1
0	0.0421053
0	0.0421053
0	0.0315789
0	1
0	0.0842105
0	0.0315789
0	0.0315789
0	0.0421053
0	0.0526316
0	0.0210526
0	0.0736842
0	0.178947
0	1
0	0.0526316
0	0.0315789
0	0.0421053
0	1
0	0.0736842
0	0.0421053
0	0.0210526
0	0.0631579
0	0.0315789
0	0.0631579
0	0.0736842
0	0.0315789
0	0.0421053
0	0.0421053
0	0.0526316
0	0.0736842
0	0.0210526
0	0.0631579
0	0.0631579
0	0.0315789
0	0.0421053
0	0.126316
0	0.0210526
0	0.178947
0	0.0421053
0	0.126316
0	1
0	0.0210526
0	0.0736842
0	0.105263
0	0.105263
0	0.0526316
0	1
0	0.0631579
0	1
0	0.178947
0	0.0631579
0	0.0315789
0	0.0526316
0	0.0210526
0	0.0315789
0	0.126316
0	0.0421053
0	0.0842105
0	0.0631579
0	0.0421053
0	0.0631579
0	0.0631579
0	0.0421053
0	0.0210526
0	0.0315789
0	0.0736842
0	0.0315789
0	1
0	0.0421053
0	0.0315789
0	0.0315789
0	1
0	0.0526316
0	0.0210526
0	0.0421053
0	0.0315789
0	0.0842105
0	0.0315789
0	0.0421053
0	0.0210526
0	1
0	0.0210526
0	0.105263
0	0.0631579
0	0.105263
0	0.105263
0	1
0	1
0	0.0315789
0	0.0631579
0	0.0315789
0	0.0631579
0	1
0	0.0842105
0	1
0	0.0210526
0	0.0210526
0	0.0842105
0	1
0	0.105263
0	0.0421053
0	1
0	0.0842105
0	0.0315789
0	0.0631579
0	0.0315789
0	0.0315789
0	1
0	0.126316
0	0.0421053
0	0.0315789
0	0.0210526
0	0.0631579
0	0.0315789
0	1
0	0.126316
0	0.0421053
0	0.0315789
0	0.0210526
0	0.0315789
0	0.0421053
0	0.0210526
0	0.0315789
0	0.105263
0	0.178947
0	0.126316
0	0.0421053
0	0.0315789
0	1
0	0.0315789
0	0.0315789
0	0.0210526
0	0.0842105
0	0.0526316
0	1
0	0.0421053
0	0.0210526
0	0.0210526
0	0.0315789
0	0.0631579
0	0.0421053
0	0.0421053
0	0.0736842
0	0.0315789
0	0.0842105
0	0.0631579
0	0.0315789
0	0.0421053
0	0.0421053
0	0.178947
0	0.0315789
0	0.0210526
0	0.105263
0	0.0526316
0	0.0210526
0	0.0210526
0	0.0631579
0	0.0421053
0	0.0842105
0	0.178947
0	0.0210526
0	0.0631579
0	1
0	0.0315789
0	0.0315789
0	0.0315789
0	0.0315789
0	0.0842105
0	0.0210526
0	0.0526316
0	0.0421053
0	0.0421053
0	0.0631579
0	0.0210526
0	0.0315789
0	0.0631579
0	0.105263
0	0.0210526
0	0.0210526
0	1
0	0.0210526
0	0.105263
0	0.0421053
0	0.0210526
0	0.0210526
0	1
0	0.0210526
0	0.0842105
0	0.105263
0	0.0421053
0	0.0526316
0	0.0315789
0	0.0315789
0	0.0421053
0	0.126316
0	0.0210526
0	0.105263
0	0.0315789
0	0.105263
0	0.0421053
0	0.0631579
0	0.0421053
0	0.0421053
0	0.0210526
0	0.0631579
0	0.0842105
0	0.0526316
0	0.0210526
0	0.0631579
0	0.0526316
0	0.0210526
0	0.0315789
0	0.0421053
0	0.105263
0	0.0210526
0	0.0210526
0	0.0210526
0	0.0210526
0	0.0315789
0	0.0315789
0	0.0315789
0	0.0315789
0	0.0315789
0	0.0210526
0	0.0315789
0	0.0526316
0	0.105263
0	0.0736842
0	1
0	0.0842105
0	0.0210526
0	0.0421053
0	0.0315789
0	0.0421053
0	0.178947
0	0.0421053
0	0.0210526
0	0.0315789
0	0.0421053
0	1
0	0.0210526
0	0.0315789
0	0.178947
0	0.0210526
0	0.0210526
0	0.0210526
0	0.0210526
0	1
0	0.0210526
0	0.0315789
0	0.0210526
0	0.0210526
0	0.0631579
0	1
0	0.0210526
0	0.0210526
0	0.0421053
0	0.0736842
0	0.0210526
0	0.0210526
0	0.0210526
0	0.0421053
0	0.0210526
0	0.0526316
0	0.0631579
0	0.0210526
0	0.0210526
0	0.0315789
0	0.0210526
0	0.0315789


