# Persistence diagram <GML/0782.gml>
#
# Dimension   : 0
# Entries     : 422
# Betti number: 1
0	inf
0	1
0	0.295181
0	1
0	1
0	0.295181
0	0.295181
0	0.0481928
0	0.295181
0	0.295181
0	0.0421687
0	0.0481928
0	1
0	0.0481928
0	0.0301205
0	1
0	1
0	0.0481928
0	0.0421687
0	1
0	0.0301205
0	0.295181
0	1
0	0.0301205
0	0.295181
0	1
0	0.0421687
0	0.0421687
0	1
0	1
0	0.295181
0	0.295181
0	1
0	1
0	0.0240964
0	1
0	1
0	0.0301205
0	0.0120482
0	1
0	0.0180723
0	1
0	1
0	1
0	0.0301205
0	0.0301205
0	0.0361446
0	0.295181
0	0.295181
0	0.060241
0	1
0	0.295181
0	0.295181
0	1
0	1
0	1
0	1
0	1
0	0.295181
0	0.0361446
0	0.0361446
0	0.295181
0	0.060241
0	1
0	1
0	1
0	0.060241
0	1
0	0.0361446
0	1
0	1
0	1
0	0.0421687
0	0.0361446
0	0.0180723
0	1
0	0.295181
0	0.0180723
0	0.0240964
0	1
0	0.295181
0	0.295181
0	1
0	0.0240964
0	1
0	1
0	0.0361446
0	0.0240964
0	0.0180723
0	1
0	0.0180723
0	0.0120482
0	0.0180723
0	0.0481928
0	0.0481928
0	0.0361446
0	1
0	0.060241
0	0.0361446
0	1
0	0.0240964
0	1
0	0.0301205
0	0.0361446
0	0.0361446
0	1
0	0.0240964
0	0.0180723
0	0.0301205
0	0.295181
0	0.0481928
0	0.0240964
0	1
0	0.060241
0	0.0180723
0	0.0301205
0	1
0	0.0120482
0	0.0240964
0	0.295181
0	0.0361446
0	0.0240964
0	0.295181
0	0.0240964
0	1
0	1
0	0.0120482
0	1
0	0.295181
0	0.0180723
0	0.0180723
0	1
0	1
0	0.0180723
0	0.0180723
0	0.0240964
0	0.0120482
0	1
0	1
0	0.0240964
0	1
0	1
0	0.0301205
0	1
0	1
0	0.0180723
0	1
0	1
0	0.0361446
0	1
0	0.0120482
0	1
0	1
0	0.0240964
0	0.0240964
0	0.0481928
0	0.0240964
0	0.0120482
0	0.0180723
0	1
0	1
0	0.0180723
0	0.0481928
0	0.0180723
0	0.0361446
0	1
0	0.0180723
0	1
0	0.0180723
0	1
0	0.0301205
0	0.0180723
0	0.0180723
0	1
0	1
0	1
0	0.0361446
0	1
0	0.0120482
0	1
0	0.0361446
0	1
0	0.295181
0	0.0240964
0	0.295181
0	1
0	0.0180723
0	0.0481928
0	0.0180723
0	1
0	0.0240964
0	0.0180723
0	0.0180723
0	0.0240964
0	1
0	1
0	1
0	0.0481928
0	1
0	0.0120482
0	1
0	1
0	0.0361446
0	0.060241
0	1
0	0.0180723
0	0.0361446
0	0.0361446
0	0.0120482
0	1
0	0.0240964
0	0.0240964
0	1
0	1
0	0.0120482
0	0.0301205
0	0.0120482
0	0.0421687
0	0.0361446
0	0.0240964
0	0.0301205
0	0.0481928
0	0.0361446
0	1
0	1
0	1
0	0.0120482
0	0.0120482
0	0.0120482
0	1
0	1
0	0.0361446
0	0.0240964
0	1
0	0.0180723
0	0.0481928
0	0.0120482
0	0.0180723
0	0.0421687
0	0.0361446
0	1
0	1
0	0.0180723
0	0.0180723
0	1
0	1
0	0.0120482
0	0.0361446
0	0.0240964
0	0.0421687
0	0.0120482
0	1
0	1
0	1
0	0.0180723
0	0.0180723
0	0.0180723
0	0.0120482
0	0.295181
0	0.0120482
0	0.295181
0	0.0361446
0	0.0361446
0	0.295181
0	1
0	0.0180723
0	0.0120482
0	0.0180723
0	0.0120482
0	1
0	0.0180723
0	1
0	0.0301205
0	0.0240964
0	0.0180723
0	0.0240964
0	0.0361446
0	0.0240964
0	0.0120482
0	0.0361446
0	1
0	0.0120482
0	0.0180723
0	1
0	0.0180723
0	0.0481928
0	0.0301205
0	0.0120482
0	0.0240964
0	0.295181
0	0.295181
0	0.0120482
0	0.0240964
0	0.0120482
0	0.295181
0	0.0361446
0	0.0180723
0	0.0361446
0	0.0180723
0	0.0240964
0	0.0120482
0	0.0421687
0	1
0	1
0	0.0481928
0	0.0361446
0	0.0120482
0	1
0	0.0180723
0	0.0240964
0	0.060241
0	0.0421687
0	0.0120482
0	0.0481928
0	0.0240964
0	0.0120482
0	0.060241
0	1
0	0.295181
0	0.0180723
0	0.0180723
0	1
0	0.0120482
0	1
0	0.0180723
0	0.0240964
0	0.0120482
0	0.0481928
0	0.060241
0	1
0	0.0240964
0	0.0180723
0	0.0180723
0	1
0	0.0361446
0	0.0120482
0	0.295181
0	1
0	0.0120482
0	0.0361446
0	0.0180723
0	0.295181
0	0.0120482
0	0.0180723
0	0.0180723
0	1
0	0.0180723
0	0.0180723
0	0.0120482
0	1
0	1
0	0.0240964
0	0.0240964
0	0.0240964
0	1
0	1
0	1
0	0.0361446
0	0.0120482
0	1
0	1
0	0.0180723
0	0.295181
0	1
0	0.0120482
0	0.0240964
0	1
0	0.0180723
0	1
0	1
0	0.0120482
0	1
0	0.295181
0	0.0180723
0	0.0180723
0	0.295181
0	0.0180723
0	0.0120482
0	1
0	0.0180723
0	0.0120482
0	0.0180723
0	0.0180723
0	1
0	0.0120482
0	0.0301205
0	1
0	0.0481928
0	1
0	1
0	0.0120482
0	0.0120482
0	1
0	1
0	0.0301205
0	0.0180723
0	1
0	0.0240964
0	0.0120482
0	1
0	1
0	0.0120482
0	0.0180723
0	0.0180723
0	0.0120482
0	0.0481928
0	1
0	0.0120482
0	0.0240964
0	0.0180723
0	0.0120482
0	0.0481928
0	0.0120482
0	0.0120482
0	0.0180723
0	0.0180723
0	1
0	0.0240964
0	1
0	1
0	1
0	0.0301205


