# Persistence diagram <GML/0785.gml>
#
# Dimension   : 0
# Entries     : 385
# Betti number: 1
0	inf
0	0.0507246
0	0.057971
0	1
0	0.0217391
0	0.0507246
0	0.0144928
0	1
0	0.0507246
0	0.0434783
0	1
0	1
0	0.0217391
0	0.057971
0	0.0507246
0	1
0	0.0507246
0	1
0	0.0434783
0	0.0289855
0	1
0	0.0724638
0	0.0434783
0	0.0362319
0	0.0362319
0	0.0362319
0	0.0652174
0	0.0434783
0	0.0507246
0	0.0434783
0	0.0652174
0	1
0	1
0	0.0507246
0	1
0	0.0869565
0	0.101449
0	0.0652174
0	0.0652174
0	1
0	1
0	0.0434783
0	1
0	0.0434783
0	0.0362319
0	0.0217391
0	0.0362319
0	0.0652174
0	0.0652174
0	0.0434783
0	1
0	0.0434783
0	0.0434783
0	1
0	1
0	0.0652174
0	1
0	1
0	0.0217391
0	0.0362319
0	0.0217391
0	0.0289855
0	0.0507246
0	1
0	0.0217391
0	0.101449
0	1
0	0.0434783
0	0.0362319
0	0.0652174
0	1
0	0.0217391
0	1
0	0.0434783
0	1
0	0.0362319
0	0.0434783
0	0.0289855
0	0.0217391
0	1
0	1
0	0.0869565
0	0.0362319
0	0.0217391
0	0.0652174
0	0.0289855
0	0.0362319
0	0.0652174
0	1
0	0.0724638
0	0.0362319
0	0.0362319
0	0.0362319
0	0.0362319
0	1
0	0.0434783
0	0.0869565
0	0.0289855
0	0.0507246
0	0.0289855
0	0.0362319
0	0.0362319
0	0.0869565
0	0.0289855
0	1
0	0.0869565
0	0.0362319
0	1
0	0.0652174
0	1
0	1
0	0.0217391
0	1
0	1
0	0.0289855
0	0.0362319
0	0.0289855
0	0.0362319
0	1
0	0.0434783
0	0.0362319
0	0.0507246
0	0.0507246
0	0.0362319
0	0.0362319
0	1
0	1
0	1
0	0.057971
0	0.0217391
0	0.0289855
0	0.0217391
0	0.0362319
0	0.0217391
0	0.0724638
0	0.0724638
0	0.0869565
0	1
0	0.0289855
0	1
0	1
0	0.0652174
0	0.0362319
0	0.057971
0	0.0362319
0	0.0362319
0	1
0	1
0	0.0362319
0	1
0	1
0	0.0362319
0	0.0869565
0	0.0217391
0	0.0289855
0	0.0289855
0	0.0507246
0	1
0	0.0724638
0	0.0217391
0	0.101449
0	0.0144928
0	0.0362319
0	0.0652174
0	0.0289855
0	0.0362319
0	0.0434783
0	0.0362319
0	0.0217391
0	1
0	0.0652174
0	1
0	0.0434783
0	1
0	0.0362319
0	1
0	0.0217391
0	0.0434783
0	0.0144928
0	0.0724638
0	0.0652174
0	0.101449
0	0.0217391
0	0.0434783
0	0.057971
0	0.0434783
0	0.0362319
0	1
0	0.0144928
0	0.0217391
0	1
0	0.0144928
0	0.0434783
0	0.101449
0	0.0652174
0	0.0289855
0	0.0217391
0	0.0217391
0	1
0	0.0434783
0	1
0	0.0144928
0	1
0	0.0434783
0	0.0652174
0	0.0362319
0	0.0144928
0	0.0144928
0	0.0144928
0	1
0	0.0362319
0	0.0289855
0	0.0869565
0	0.0507246
0	0.0434783
0	0.0289855
0	1
0	0.0362319
0	0.0217391
0	0.0144928
0	0.0289855
0	0.0434783
0	0.0362319
0	0.101449
0	0.0434783
0	1
0	1
0	0.0217391
0	0.0289855
0	1
0	0.0217391
0	0.0144928
0	0.0434783
0	0.0217391
0	0.0144928
0	0.0217391
0	0.0217391
0	0.0217391
0	1
0	0.0507246
0	0.0217391
0	0.0144928
0	0.101449
0	0.0144928
0	0.0144928
0	0.0144928
0	1
0	1
0	0.0507246
0	0.0434783
0	0.0434783
0	0.0289855
0	1
0	0.0289855
0	0.0652174
0	0.0217391
0	0.0507246
0	0.0434783
0	0.0362319
0	1
0	0.0289855
0	0.0144928
0	1
0	0.0724638
0	1
0	0.0217391
0	0.0652174
0	0.0217391
0	0.0217391
0	0.0144928
0	0.0434783
0	0.0289855
0	0.0362319
0	0.057971
0	0.0362319
0	0.0289855
0	0.0217391
0	0.0289855
0	0.0652174
0	0.0144928
0	1
0	0.0217391
0	0.0652174
0	0.0507246
0	0.0652174
0	0.0144928
0	0.0144928
0	1
0	0.0289855
0	0.0144928
0	1
0	0.0289855
0	0.0434783
0	0.0434783
0	0.0434783
0	0.0144928
0	0.0217391
0	0.0144928
0	0.0289855
0	0.0289855
0	0.0144928
0	1
0	0.0144928
0	0.0289855
0	1
0	0.0144928
0	0.0724638
0	0.0362319
0	0.0144928
0	1
0	1
0	0.0144928
0	1
0	0.0217391
0	1
0	0.0362319
0	0.0144928
0	1
0	0.0362319
0	1
0	0.0434783
0	0.0434783
0	1
0	1
0	0.0289855
0	0.0362319
0	0.0217391
0	0.0652174
0	1
0	0.0217391
0	0.0144928
0	0.0724638
0	0.0217391
0	0.0144928
0	0.0144928
0	1
0	0.0217391
0	0.0144928
0	1
0	0.0434783
0	1
0	0.0144928
0	0.0217391
0	1
0	0.0434783
0	0.0362319
0	1
0	0.0362319
0	1
0	1
0	1
0	0.0434783
0	0.0362319
0	1
0	0.0144928
0	0.0217391
0	0.0217391
0	0.0144928
0	0.0434783
0	0.101449
0	0.0362319
0	0.0144928
0	0.0144928
0	1
0	1
0	0.0144928
0	0.0217391
0	0.0362319
0	0.0217391
0	0.0652174
0	1
0	0.0217391
0	0.0652174
0	0.0434783
0	0.0362319
0	0.0144928
0	1
0	0.0217391
0	0.0507246
0	0.0362319
0	1
0	0.0362319
0	0.0289855
0	1
0	0.0217391


