# Persistence diagram <GML/0789.gml>
#
# Dimension   : 0
# Entries     : 400
# Betti number: 2
0	inf
0	1
0	0.03125
0	1
0	1
0	1
0	1
0	0.03125
0	0.0273438
0	1
0	1
0	0.0859375
0	1
0	1
0	inf
0	0.0390625
0	1
0	1
0	0.0351562
0	0.0390625
0	1
0	0.0390625
0	0.0429688
0	1
0	0.03125
0	1
0	1
0	1
0	0.015625
0	1
0	1
0	1
0	1
0	1
0	0.0234375
0	0.015625
0	0.0859375
0	1
0	1
0	0.0117188
0	1
0	1
0	0.0390625
0	1
0	1
0	1
0	0.015625
0	1
0	0.03125
0	1
0	0.0390625
0	0.015625
0	0.0429688
0	0.0859375
0	1
0	1
0	0.03125
0	0.0859375
0	1
0	0.0234375
0	0.0195312
0	1
0	0.03125
0	0.0351562
0	1
0	1
0	0.015625
0	1
0	0.0429688
0	1
0	1
0	0.0429688
0	1
0	1
0	0.0195312
0	1
0	1
0	1
0	1
0	1
0	0.0234375
0	1
0	1
0	1
0	1
0	1
0	0.0117188
0	0.0859375
0	0.0390625
0	1
0	0.0429688
0	1
0	1
0	0.015625
0	0.0078125
0	0.0234375
0	1
0	1
0	0.0429688
0	1
0	1
0	1
0	1
0	0.0117188
0	1
0	1
0	0.0859375
0	1
0	1
0	1
0	1
0	0.0117188
0	1
0	1
0	0.0390625
0	0.0078125
0	0.0273438
0	1
0	0.0390625
0	0.0117188
0	0.0273438
0	0.0234375
0	0.0429688
0	1
0	0.0117188
0	1
0	1
0	1
0	1
0	0.0351562
0	1
0	0.0390625
0	1
0	0.03125
0	0.0273438
0	1
0	1
0	1
0	0.0117188
0	0.015625
0	1
0	1
0	1
0	0.0390625
0	0.0859375
0	1
0	0.0195312
0	1
0	1
0	0.03125
0	1
0	1
0	0.0117188
0	1
0	1
0	0.0117188
0	1
0	0.0078125
0	1
0	0.0390625
0	1
0	1
0	1
0	0.0273438
0	0.015625
0	1
0	0.0429688
0	1
0	0.0859375
0	1
0	1
0	1
0	1
0	0.015625
0	1
0	1
0	0.0429688
0	1
0	1
0	0.0351562
0	1
0	1
0	1
0	1
0	1
0	0.0390625
0	1
0	0.0117188
0	1
0	0.015625
0	0.0078125
0	0.0078125
0	0.0078125
0	1
0	1
0	1
0	1
0	0.0859375
0	1
0	1
0	0.0117188
0	0.0859375
0	0.0859375
0	1
0	1
0	0.0117188
0	0.0078125
0	1
0	1
0	1
0	0.0390625
0	1
0	1
0	0.03125
0	0.0117188
0	1
0	1
0	0.0234375
0	0.0859375
0	1
0	1
0	1
0	1
0	1
0	1
0	0.0117188
0	0.015625
0	0.0078125
0	1
0	0.015625
0	1
0	0.0117188
0	0.0390625
0	1
0	1
0	0.0234375
0	0.015625
0	1
0	1
0	0.0117188
0	1
0	0.03125
0	0.0117188
0	0.0390625
0	1
0	0.0117188
0	1
0	0.0390625
0	1
0	1
0	0.0117188
0	0.0117188
0	0.0429688
0	0.0078125
0	1
0	0.0390625
0	0.0273438
0	0.0117188
0	1
0	0.0390625
0	1
0	0.0390625
0	1
0	1
0	1
0	0.0351562
0	0.0390625
0	0.0859375
0	1
0	1
0	1
0	0.0117188
0	1
0	1
0	1
0	1
0	0.0117188
0	0.0390625
0	1
0	0.015625
0	0.0117188
0	1
0	0.0390625
0	0.0234375
0	1
0	1
0	1
0	1
0	1
0	0.0273438
0	0.0273438
0	1
0	1
0	1
0	1
0	0.0273438
0	1
0	1
0	1
0	1
0	1
0	0.0234375
0	1
0	0.0117188
0	1
0	1
0	1
0	0.0234375
0	0.0273438
0	1
0	0.0351562
0	0.0117188
0	0.015625
0	0.0078125
0	1
0	0.0429688
0	1
0	1
0	0.0117188
0	0.0859375
0	1
0	1
0	1
0	0.0078125
0	0.0117188
0	1
0	0.0429688
0	1
0	1
0	0.0390625
0	1
0	1
0	0.0390625
0	0.0390625
0	0.015625
0	0.0273438
0	0.0117188
0	1
0	1
0	1
0	1
0	0.0117188
0	0.015625
0	0.0390625
0	0.0351562
0	0.03125
0	0.0078125
0	0.0078125
0	0.0078125
0	1
0	0.015625
0	0.0273438
0	1
0	0.0234375
0	1
0	1
0	1
0	1
0	0.0117188
0	1
0	1
0	0.0117188
0	0.0234375
0	1
0	1
0	1
0	1
0	1
0	0.015625
0	1
0	1
0	1
0	1
0	0.0273438
0	1
0	0.0117188
0	0.0117188
0	1
0	0.03125
0	0.0390625
0	0.0117188
0	1
0	0.0078125
0	1
0	0.0273438
0	1
0	0.015625
0	1
0	0.0078125
0	1
0	1
0	0.0390625
0	0.015625
0	1
0	1
0	1
0	1
0	1
0	1
0	0.0390625


