# Persistence diagram <GML/0791.gml>
#
# Dimension   : 0
# Entries     : 358
# Betti number: 1
0	inf
0	0.0990991
0	0.0990991
0	0.108108
0	0.0900901
0	0.0990991
0	0.0900901
0	0.0900901
0	0.0720721
0	0.0900901
0	0.108108
0	0.18018
0	1
0	1
0	0.234234
0	1
0	0.045045
0	1
0	0.0720721
0	0.0990991
0	0.0630631
0	0.0540541
0	0.234234
0	1
0	1
0	0.036036
0	0.0900901
0	0.018018
0	1
0	1
0	1
0	1
0	0.027027
0	0.0720721
0	0.027027
0	1
0	0.0720721
0	0.0630631
0	0.045045
0	0.0900901
0	1
0	1
0	0.0630631
0	0.036036
0	0.0990991
0	0.0990991
0	0.036036
0	0.036036
0	0.234234
0	0.027027
0	1
0	0.0720721
0	1
0	0.027027
0	0.108108
0	0.0540541
0	0.234234
0	0.036036
0	0.0720721
0	0.027027
0	0.036036
0	1
0	1
0	0.0720721
0	1
0	1
0	1
0	0.18018
0	1
0	1
0	0.0720721
0	0.0630631
0	0.18018
0	0.0720721
0	0.0720721
0	0.153153
0	0.153153
0	0.027027
0	0.18018
0	1
0	0.036036
0	0.018018
0	0.036036
0	0.0720721
0	0.153153
0	0.045045
0	0.027027
0	0.027027
0	0.036036
0	0.153153
0	0.234234
0	0.036036
0	0.018018
0	0.0900901
0	0.018018
0	1
0	0.027027
0	0.0720721
0	0.027027
0	0.0720721
0	0.0540541
0	0.027027
0	1
0	0.027027
0	1
0	1
0	0.027027
0	1
0	0.153153
0	1
0	0.036036
0	0.153153
0	1
0	0.027027
0	1
0	0.234234
0	0.045045
0	0.036036
0	0.027027
0	1
0	0.036036
0	1
0	0.036036
0	1
0	0.027027
0	0.018018
0	0.027027
0	0.0720721
0	0.036036
0	0.027027
0	0.0540541
0	0.036036
0	0.18018
0	0.027027
0	1
0	0.0540541
0	0.0540541
0	1
0	0.0990991
0	0.108108
0	0.027027
0	0.036036
0	0.027027
0	0.18018
0	1
0	0.036036
0	0.0540541
0	1
0	0.045045
0	0.0720721
0	0.027027
0	0.018018
0	1
0	0.045045
0	0.018018
0	0.045045
0	0.036036
0	1
0	0.027027
0	0.0540541
0	0.153153
0	1
0	0.0720721
0	0.0540541
0	0.045045
0	0.18018
0	0.027027
0	1
0	0.027027
0	0.036036
0	0.0630631
0	0.0990991
0	0.0720721
0	1
0	0.018018
0	0.027027
0	1
0	1
0	1
0	0.027027
0	1
0	0.018018
0	0.234234
0	0.0630631
0	0.18018
0	1
0	0.036036
0	0.036036
0	0.0900901
0	0.0540541
0	0.027027
0	1
0	0.036036
0	0.018018
0	0.027027
0	0.045045
0	0.036036
0	0.0720721
0	0.027027
0	0.027027
0	0.027027
0	0.0720721
0	0.036036
0	0.036036
0	1
0	0.045045
0	0.0540541
0	0.036036
0	1
0	0.0540541
0	0.027027
0	1
0	0.027027
0	0.0630631
0	0.0540541
0	0.0630631
0	0.036036
0	1
0	0.027027
0	0.045045
0	0.027027
0	0.108108
0	0.0900901
0	1
0	0.045045
0	0.234234
0	0.045045
0	0.018018
0	0.018018
0	0.018018
0	0.018018
0	1
0	0.018018
0	0.018018
0	0.0630631
0	0.036036
0	0.027027
0	0.027027
0	0.0900901
0	0.0540541
0	0.234234
0	0.027027
0	0.18018
0	0.027027
0	0.036036
0	1
0	0.018018
0	0.0990991
0	0.027027
0	0.018018
0	0.036036
0	0.18018
0	0.027027
0	0.027027
0	0.108108
0	0.027027
0	0.027027
0	0.018018
0	0.036036
0	0.027027
0	0.108108
0	0.036036
0	0.018018
0	0.0720721
0	0.027027
0	0.0630631
0	0.0720721
0	0.045045
0	0.234234
0	0.027027
0	0.027027
0	0.036036
0	0.153153
0	0.018018
0	0.036036
0	0.18018
0	0.018018
0	0.0990991
0	0.0990991
0	0.018018
0	1
0	0.018018
0	0.018018
0	1
0	0.018018
0	0.0900901
0	0.018018
0	0.045045
0	0.018018
0	0.045045
0	0.0990991
0	0.036036
0	1
0	0.0720721
0	0.018018
0	0.036036
0	0.027027
0	0.018018
0	1
0	1
0	0.036036
0	0.018018
0	0.036036
0	0.045045
0	0.0540541
0	0.027027
0	0.0540541
0	1
0	0.0630631
0	0.018018
0	0.045045
0	0.018018
0	0.036036
0	0.108108
0	1
0	0.027027
0	1
0	0.045045
0	0.045045
0	0.027027
0	1
0	0.045045
0	0.036036
0	0.108108
0	0.0540541
0	0.045045
0	0.0990991
0	1
0	1
0	1
0	0.0630631
0	0.0540541
0	1
0	0.036036
0	1
0	1
0	1
0	0.036036
0	0.036036
0	0.045045
0	0.027027
0	1
0	0.0540541
0	0.0540541
0	0.0990991
0	0.018018
0	0.027027
0	0.018018
0	1
0	0.0990991
0	0.018018
0	1
0	0.018018
0	0.153153
0	0.036036
0	1
0	0.018018
0	0.0990991


