# Persistence diagram <GML/0793.gml>
#
# Dimension   : 0
# Entries     : 368
# Betti number: 2
0	inf
0	1
0	1
0	0.0482759
0	0.0482759
0	1
0	1
0	0.117241
0	1
0	1
0	0.0413793
0	1
0	0.0482759
0	1
0	1
0	0.0482759
0	0.117241
0	1
0	1
0	0.117241
0	1
0	0.0482759
0	0.0344828
0	0.062069
0	0.0413793
0	0.062069
0	0.0344828
0	0.062069
0	0.0275862
0	0.0551724
0	0.0344828
0	0.0344828
0	0.0206897
0	0.0413793
0	1
0	0.0413793
0	0.0275862
0	1
0	1
0	0.0344828
0	0.0689655
0	0.0413793
0	1
0	0.0413793
0	0.0482759
0	0.062069
0	0.0482759
0	0.0275862
0	1
0	0.0551724
0	0.0275862
0	1
0	1
0	0.0482759
0	0.0482759
0	0.0344828
0	0.0344828
0	0.0275862
0	0.0344828
0	0.062069
0	1
0	0.0482759
0	0.0344828
0	0.0206897
0	0.0206897
0	0.0206897
0	0.0551724
0	1
0	1
0	0.0137931
0	1
0	0.0344828
0	0.062069
0	0.117241
0	1
0	0.0344828
0	0.0275862
0	0.0275862
0	0.0482759
0	0.0206897
0	0.0206897
0	0.062069
0	0.0344828
0	0.0137931
0	0.0275862
0	0.0344828
0	0.0344828
0	1
0	1
0	0.0344828
0	0.0344828
0	0.0206897
0	0.0482759
0	0.0413793
0	0.0275862
0	1
0	0.0551724
0	0.0344828
0	0.117241
0	0.0275862
0	1
0	inf
0	1
0	1
0	0.0551724
0	1
0	0.062069
0	1
0	0.0413793
0	0.0137931
0	0.0344828
0	0.0275862
0	1
0	0.0206897
0	1
0	0.0482759
0	0.0482759
0	0.117241
0	0.0413793
0	0.062069
0	0.0758621
0	0.0275862
0	0.0137931
0	0.0344828
0	0.0275862
0	0.0344828
0	0.0206897
0	0.0275862
0	0.0275862
0	0.0137931
0	0.0758621
0	0.0275862
0	1
0	0.0275862
0	0.0206897
0	1
0	0.0758621
0	0.0206897
0	0.0275862
0	0.0344828
0	0.0344828
0	1
0	0.0413793
0	1
0	0.0551724
0	0.0137931
0	0.0275862
0	0.062069
0	0.0275862
0	0.0482759
0	0.0206897
0	0.00689655
0	0.0206897
0	1
0	1
0	0.0206897
0	0.0275862
0	1
0	0.0344828
0	0.0344828
0	0.0482759
0	0.062069
0	0.0413793
0	0.0206897
0	1
0	1
0	0.0137931
0	0.0137931
0	0.0344828
0	0.0413793
0	0.0137931
0	0.0344828
0	0.0275862
0	0.0482759
0	0.0206897
0	0.062069
0	0.0275862
0	0.0206897
0	1
0	0.0689655
0	0.0137931
0	0.117241
0	0.0275862
0	0.0275862
0	1
0	1
0	1
0	0.0413793
0	1
0	0.0413793
0	0.0206897
0	0.0275862
0	0.0137931
0	0.0206897
0	0.0413793
0	0.117241
0	0.117241
0	0.0206897
0	0.0137931
0	0.0275862
0	0.0275862
0	0.0206897
0	0.0344828
0	0.062069
0	1
0	0.0206897
0	0.0482759
0	1
0	0.0137931
0	0.0206897
0	0.0275862
0	1
0	1
0	0.117241
0	0.0137931
0	0.0275862
0	0.0758621
0	0.0413793
0	0.0206897
0	0.0344828
0	1
0	1
0	1
0	0.0413793
0	0.0482759
0	1
0	0.0137931
0	1
0	0.0551724
0	0.0413793
0	1
0	0.0206897
0	0.0137931
0	0.0413793
0	0.0275862
0	0.0275862
0	0.0344828
0	1
0	1
0	0.117241
0	0.0689655
0	1
0	0.0413793
0	0.0344828
0	0.062069
0	0.0206897
0	0.0206897
0	0.0413793
0	0.0137931
0	0.0206897
0	1
0	0.0482759
0	0.0137931
0	1
0	0.0206897
0	1
0	0.0275862
0	0.0206897
0	1
0	1
0	0.0275862
0	0.0275862
0	0.0137931
0	0.0482759
0	1
0	1
0	1
0	1
0	1
0	0.0482759
0	1
0	0.0137931
0	0.0344828
0	0.0344828
0	0.0275862
0	0.0413793
0	1
0	0.0206897
0	0.0137931
0	0.0137931
0	0.0275862
0	0.0137931
0	0.0206897
0	0.0344828
0	1
0	0.0206897
0	1
0	0.0275862
0	0.0413793
0	1
0	1
0	0.0137931
0	0.0275862
0	0.0137931
0	0.0206897
0	0.0275862
0	1
0	1
0	0.0344828
0	1
0	1
0	0.0137931
0	0.0551724
0	0.0344828
0	0.0137931
0	0.0344828
0	1
0	0.0275862
0	0.0482759
0	0.0413793
0	0.0275862
0	0.0137931
0	0.0413793
0	0.0689655
0	1
0	1
0	0.0137931
0	1
0	1
0	1
0	0.0206897
0	0.0137931
0	0.0206897
0	1
0	0.0482759
0	1
0	1
0	0.0275862
0	0.0689655
0	1
0	0.0206897
0	1
0	0.0344828
0	0.0206897
0	0.0275862
0	0.0275862
0	1
0	1
0	1
0	0.0344828
0	0.0275862
0	1
0	0.0206897
0	0.0551724
0	0.0344828
0	0.117241
0	1
0	0.062069
0	1
0	0.0275862
0	0.0482759
0	0.0758621
0	0.0206897
0	1
0	1
0	0.0344828
0	0.0275862
0	0.0206897
0	0.0137931
0	0.0137931
0	0.0413793
0	0.0206897
0	0.0206897
0	0.117241
0	1
0	1
0	0.0275862
0	0.0206897


