# Persistence diagram <GML/0800.gml>
#
# Dimension   : 0
# Entries     : 155
# Betti number: 2
0	inf
0	1
0	1
0	1
0	inf
0	1
0	1
0	0.0549451
0	0.032967
0	1
0	1
0	1
0	1
0	0.032967
0	1
0	0.0769231
0	0.142857
0	1
0	0.0549451
0	1
0	1
0	0.032967
0	1
0	0.032967
0	0.021978
0	1
0	0.0659341
0	0.0659341
0	0.032967
0	0.0769231
0	0.142857
0	1
0	0.0769231
0	0.0549451
0	0.0659341
0	1
0	1
0	0.032967
0	1
0	1
0	0.0659341
0	1
0	0.0659341
0	1
0	0.021978
0	1
0	1
0	0.0659341
0	0.0549451
0	1
0	0.0549451
0	0.021978
0	1
0	0.021978
0	1
0	0.021978
0	0.043956
0	0.021978
0	1
0	0.0659341
0	0.0659341
0	0.043956
0	1
0	0.032967
0	1
0	0.021978
0	0.032967
0	1
0	0.0549451
0	1
0	1
0	0.0659341
0	1
0	1
0	1
0	0.0659341
0	0.021978
0	0.0659341
0	0.0549451
0	0.032967
0	0.0549451
0	0.043956
0	0.0659341
0	0.0549451
0	0.032967
0	0.021978
0	0.043956
0	1
0	0.043956
0	1
0	1
0	1
0	0.0549451
0	0.0549451
0	0.021978
0	0.142857
0	0.032967
0	0.0659341
0	0.0659341
0	0.043956
0	0.043956
0	0.032967
0	0.142857
0	1
0	0.142857
0	0.032967
0	0.0659341
0	1
0	0.032967
0	0.0549451
0	0.0549451
0	0.043956
0	1
0	0.032967
0	0.0549451
0	0.0549451
0	1
0	1
0	0.032967
0	0.021978
0	1
0	1
0	1
0	0.021978
0	0.032967
0	1
0	1
0	0.021978
0	1
0	0.021978
0	0.0769231
0	1
0	0.0659341
0	1
0	1
0	0.032967
0	0.0769231
0	1
0	0.0769231
0	0.142857
0	0.0659341
0	0.021978
0	0.043956
0	1
0	0.142857
0	0.021978
0	0.0659341
0	0.0549451
0	1
0	0.032967
0	0.0659341
0	0.032967
0	1
0	0.0769231
0	0.032967


