# Persistence diagram <GML/0801.gml>
#
# Dimension   : 0
# Entries     : 424
# Betti number: 3
0	inf
0	0.142857
0	0.142857
0	1
0	1
0	0.142857
0	0.0769231
0	1
0	0.0879121
0	0.0659341
0	0.043956
0	1
0	0.0549451
0	1
0	0.0769231
0	1
0	1
0	0.10989
0	1
0	0.043956
0	0.043956
0	0.0769231
0	0.0879121
0	0.10989
0	0.0659341
0	0.032967
0	0.043956
0	0.043956
0	1
0	1
0	0.0549451
0	0.032967
0	0.10989
0	1
0	0.0549451
0	0.0659341
0	0.021978
0	0.032967
0	0.0549451
0	0.043956
0	0.0659341
0	1
0	1
0	1
0	inf
0	1
0	0.043956
0	0.0879121
0	0.043956
0	0.10989
0	0.021978
0	0.043956
0	1
0	1
0	0.043956
0	1
0	1
0	0.043956
0	inf
0	0.032967
0	0.0549451
0	0.021978
0	0.0549451
0	0.10989
0	1
0	1
0	0.043956
0	0.043956
0	0.043956
0	0.0549451
0	0.043956
0	0.0549451
0	0.032967
0	0.0769231
0	0.043956
0	0.043956
0	0.032967
0	0.032967
0	0.0549451
0	0.043956
0	0.10989
0	1
0	0.0879121
0	1
0	0.032967
0	1
0	1
0	0.021978
0	1
0	0.043956
0	0.0879121
0	0.043956
0	0.0879121
0	0.043956
0	0.10989
0	0.0879121
0	0.0549451
0	0.142857
0	0.021978
0	1
0	1
0	0.0659341
0	0.10989
0	0.0549451
0	1
0	0.043956
0	0.10989
0	0.0659341
0	0.0549451
0	0.043956
0	0.0879121
0	0.032967
0	0.043956
0	1
0	0.0549451
0	0.021978
0	0.032967
0	1
0	0.0769231
0	0.021978
0	1
0	0.043956
0	0.032967
0	1
0	0.043956
0	0.0549451
0	0.043956
0	1
0	0.043956
0	0.021978
0	0.032967
0	0.043956
0	0.0659341
0	0.10989
0	0.043956
0	0.021978
0	0.043956
0	0.043956
0	0.0769231
0	0.043956
0	0.032967
0	0.043956
0	0.043956
0	0.043956
0	0.0769231
0	0.043956
0	1
0	0.043956
0	0.032967
0	0.043956
0	0.032967
0	0.043956
0	0.021978
0	0.021978
0	0.032967
0	0.0549451
0	0.0659341
0	0.0769231
0	0.021978
0	0.021978
0	0.032967
0	0.043956
0	0.0549451
0	0.0879121
0	0.043956
0	0.0769231
0	0.032967
0	0.021978
0	0.032967
0	0.043956
0	0.0549451
0	0.021978
0	1
0	0.0659341
0	0.0659341
0	0.043956
0	1
0	0.043956
0	0.043956
0	0.0879121
0	0.043956
0	0.0769231
0	1
0	0.032967
0	0.0549451
0	1
0	0.142857
0	0.021978
0	0.021978
0	0.0769231
0	0.032967
0	0.0769231
0	0.043956
0	1
0	0.032967
0	0.043956
0	0.043956
0	0.0659341
0	0.043956
0	0.10989
0	0.021978
0	0.0659341
0	0.021978
0	0.0659341
0	0.043956
0	0.021978
0	0.032967
0	0.043956
0	0.043956
0	0.043956
0	0.043956
0	0.032967
0	0.021978
0	0.0659341
0	0.0549451
0	1
0	0.043956
0	0.021978
0	0.043956
0	1
0	0.032967
0	0.0879121
0	0.021978
0	0.032967
0	0.043956
0	1
0	0.021978
0	0.043956
0	0.032967
0	0.021978
0	1
0	0.021978
0	0.0549451
0	0.0769231
0	0.142857
0	0.021978
0	0.0659341
0	1
0	1
0	0.021978
0	0.021978
0	0.021978
0	0.021978
0	0.0549451
0	0.021978
0	1
0	0.032967
0	0.0769231
0	0.021978
0	0.032967
0	0.032967
0	0.043956
0	0.032967
0	0.032967
0	0.032967
0	0.0549451
0	0.0659341
0	1
0	1
0	0.032967
0	0.021978
0	0.0549451
0	0.021978
0	0.043956
0	0.032967
0	0.0659341
0	0.032967
0	0.021978
0	0.032967
0	0.043956
0	0.0769231
0	1
0	0.032967
0	0.043956
0	0.032967
0	0.021978
0	0.032967
0	0.043956
0	1
0	0.043956
0	0.0549451
0	1
0	0.043956
0	0.032967
0	0.043956
0	0.0549451
0	0.032967
0	0.021978
0	0.032967
0	0.043956
0	0.0879121
0	0.043956
0	0.043956
0	0.10989
0	0.021978
0	0.021978
0	0.021978
0	0.043956
0	0.032967
0	0.0549451
0	0.043956
0	0.0659341
0	0.043956
0	1
0	0.032967
0	1
0	0.0769231
0	0.032967
0	0.0549451
0	0.043956
0	0.043956
0	0.010989
0	0.0769231
0	0.0659341
0	0.032967
0	0.032967
0	0.0549451
0	0.032967
0	0.043956
0	0.043956
0	0.043956
0	1
0	1
0	0.043956
0	0.032967
0	0.032967
0	0.10989
0	0.0549451
0	0.043956
0	0.021978
0	0.021978
0	0.0769231
0	0.032967
0	0.021978
0	0.021978
0	0.043956
0	1
0	1
0	0.032967
0	0.021978
0	0.021978
0	0.0769231
0	0.032967
0	0.021978
0	0.0769231
0	0.032967
0	0.0879121
0	0.142857
0	0.021978
0	0.043956
0	0.021978
0	0.032967
0	0.021978
0	1
0	0.032967
0	1
0	0.021978
0	0.032967
0	0.021978
0	0.021978
0	0.021978
0	1
0	0.021978
0	0.0659341
0	0.043956
0	0.032967
0	0.0549451
0	0.021978
0	0.0549451
0	0.032967
0	1
0	0.0659341
0	0.0659341
0	0.0879121
0	0.032967
0	1
0	0.043956
0	0.021978
0	0.021978
0	0.142857
0	0.021978
0	0.0879121
0	0.021978
0	1
0	0.032967
0	0.032967
0	0.021978
0	0.043956
0	0.021978
0	0.021978
0	0.032967
0	0.043956
0	0.032967
0	0.032967
0	0.032967
0	0.032967
0	0.032967
0	0.043956
0	0.032967
0	0.10989
0	0.021978
0	0.043956
0	0.032967
0	0.043956
0	0.032967
0	0.032967
0	0.032967
0	0.032967
0	0.032967
0	0.021978
0	0.043956
0	0.032967
0	0.0659341
0	0.032967
0	0.142857
0	0.0549451
0	0.10989
0	0.0549451
0	0.032967
0	0.021978
0	0.032967
0	1
0	0.032967
0	0.021978


