# Persistence diagram <GML/0821.gml>
#
# Dimension   : 0
# Entries     : 445
# Betti number: 3
0	inf
0	1
0	1
0	1
0	1
0	1
0	0.027907
0	1
0	1
0	0.0325581
0	inf
0	0.0325581
0	1
0	0.027907
0	0.027907
0	0.0232558
0	1
0	1
0	1
0	1
0	0.0186047
0	1
0	0.0232558
0	0.0232558
0	1
0	1
0	1
0	1
0	0.0372093
0	1
0	1
0	0.027907
0	0.0232558
0	1
0	1
0	0.0232558
0	1
0	0.00465116
0	1
0	1
0	0.00930233
0	0.027907
0	0.0325581
0	0.027907
0	0.0186047
0	0.0186047
0	1
0	1
0	0.0186047
0	0.0232558
0	1
0	1
0	1
0	1
0	1
0	1
0	0.0139535
0	0.0325581
0	0.0186047
0	1
0	0.0139535
0	0.0651163
0	1
0	1
0	0.0325581
0	0.0232558
0	0.0186047
0	0.027907
0	0.0139535
0	1
0	1
0	0.0232558
0	0.0186047
0	1
0	0.027907
0	0.0232558
0	1
0	1
0	0.0139535
0	0.027907
0	1
0	1
0	1
0	0.027907
0	1
0	1
0	1
0	1
0	0.027907
0	1
0	1
0	1
0	1
0	0.027907
0	1
0	0.027907
0	0.027907
0	0.0651163
0	1
0	1
0	0.0186047
0	0.0186047
0	1
0	0.0139535
0	1
0	1
0	0.0325581
0	0.0139535
0	1
0	0.0186047
0	0.0186047
0	1
0	1
0	1
0	1
0	1
0	0.0186047
0	0.0186047
0	0.00930233
0	1
0	1
0	1
0	1
0	1
0	1
0	0.0186047
0	0.0139535
0	0.0186047
0	0.0139535
0	1
0	1
0	1
0	0.00930233
0	0.0139535
0	1
0	1
0	0.0186047
0	1
0	0.0139535
0	1
0	1
0	1
0	0.0651163
0	0.0186047
0	1
0	0.0186047
0	1
0	1
0	0.00930233
0	0.027907
0	1
0	1
0	1
0	0.0186047
0	0.0325581
0	1
0	0.0186047
0	0.027907
0	0.0651163
0	0.0372093
0	1
0	0.0651163
0	1
0	0.0186047
0	0.0232558
0	0.0232558
0	0.0186047
0	0.0186047
0	0.027907
0	0.027907
0	0.0186047
0	0.0232558
0	0.0651163
0	1
0	0.0232558
0	1
0	1
0	1
0	1
0	0.00930233
0	1
0	0.0139535
0	0.00930233
0	1
0	1
0	0.0139535
0	0.0186047
0	0.0139535
0	0.0232558
0	1
0	0.0325581
0	0.00930233
0	1
0	1
0	0.027907
0	1
0	0.0186047
0	0.0232558
0	0.00930233
0	1
0	0.00930233
0	0.0372093
0	1
0	1
0	1
0	1
0	0.00930233
0	1
0	0.027907
0	1
0	1
0	1
0	1
0	0.0186047
0	1
0	0.0232558
0	0.00930233
0	0.0186047
0	1
0	0.0139535
0	1
0	0.0232558
0	0.0186047
0	1
0	0.0372093
0	0.00930233
0	1
0	0.00930233
0	0.0186047
0	1
0	0.0186047
0	0.00930233
0	1
0	0.0232558
0	0.0139535
0	0.00930233
0	0.0325581
0	0.00930233
0	1
0	0.00930233
0	0.00930233
0	0.00930233
0	0.0372093
0	0.0139535
0	1
0	1
0	0.00930233
0	0.0139535
0	0.0186047
0	0.00930233
0	0.0186047
0	1
0	0.0139535
0	0.027907
0	1
0	0.00930233
0	1
0	0.00930233
0	1
0	0.0232558
0	0.00930233
0	1
0	0.00930233
0	0.0139535
0	1
0	1
0	0.0139535
0	0.00930233
0	1
0	0.0139535
0	0.0139535
0	0.0139535
0	0.027907
0	0.0139535
0	0.00930233
0	1
0	0.0372093
0	0.0325581
0	0.0232558
0	0.027907
0	0.0139535
0	0.0139535
0	0.0186047
0	0.0186047
0	1
0	0.00930233
0	0.00930233
0	1
0	0.0651163
0	1
0	1
0	0.0372093
0	0.0139535
0	0.0232558
0	0.027907
0	1
0	0.0139535
0	1
0	0.0232558
0	1
0	0.0139535
0	1
0	0.00930233
0	1
0	1
0	0.0651163
0	0.00930233
0	0.0651163
0	0.027907
0	1
0	1
0	1
0	0.0232558
0	0.0186047
0	0.027907
0	1
0	inf
0	0.0325581
0	0.027907
0	0.0232558
0	0.0232558
0	1
0	0.0139535
0	0.0186047
0	1
0	1
0	0.00930233
0	0.0139535
0	0.00930233
0	0.00930233
0	0.0232558
0	0.00930233
0	0.027907
0	0.0232558
0	0.0139535
0	1
0	0.027907
0	1
0	1
0	1
0	0.0232558
0	1
0	0.00930233
0	1
0	1
0	1
0	0.0139535
0	1
0	0.027907
0	0.00930233
0	1
0	0.00930233
0	0.0651163
0	0.0186047
0	0.0651163
0	0.00930233
0	0.0139535
0	0.00930233
0	0.0139535
0	0.0186047
0	1
0	1
0	0.0325581
0	0.00930233
0	1
0	0.00930233
0	1
0	0.0139535
0	0.0186047
0	1
0	1
0	1
0	1
0	0.0186047
0	0.0186047
0	0.0651163
0	0.0139535
0	0.0232558
0	0.00930233
0	0.027907
0	0.00930233
0	1
0	0.0139535
0	0.0139535
0	0.00930233
0	0.0139535
0	0.0232558
0	1
0	0.027907
0	1
0	0.0139535
0	0.0139535
0	1
0	0.0186047
0	1
0	1
0	0.0232558
0	0.0139535
0	0.00930233
0	0.0651163
0	1
0	0.00930233
0	1
0	1
0	1
0	1
0	1
0	0.00930233
0	1
0	0.0139535
0	1
0	1
0	1
0	0.0139535
0	0.0139535
0	1
0	1
0	0.0232558
0	1
0	0.0186047
0	0.0186047
0	0.0186047
0	0.0186047
0	0.00930233
0	1
0	1
0	0.00930233
0	1
0	1
0	0.0232558
0	1
0	0.0232558
0	1
0	0.0139535
0	0.0186047
0	0.0186047
0	0.00930233
0	0.0139535
0	1
0	1
0	0.027907
0	0.00465116
0	0.00930233
0	0.0186047
0	1


