# Persistence diagram <GML/0824.gml>
#
# Dimension   : 0
# Entries     : 435
# Betti number: 2
0	inf
0	1
0	1
0	1
0	1
0	1
0	0.0146341
0	1
0	1
0	0.0536585
0	1
0	1
0	1
0	0.0439024
0	1
0	1
0	0.0439024
0	1
0	1
0	1
0	1
0	1
0	0.0146341
0	0.0536585
0	1
0	0.0487805
0	1
0	0.0292683
0	0.0634146
0	0.0536585
0	0.0341463
0	0.0146341
0	0.0243902
0	0.0487805
0	1
0	0.0390244
0	0.0536585
0	0.0390244
0	0.0536585
0	0.0536585
0	1
0	1
0	1
0	0.0634146
0	0.0341463
0	1
0	1
0	0.0487805
0	0.0487805
0	0.0487805
0	0.0390244
0	0.0146341
0	0.0390244
0	0.0146341
0	0.0390244
0	0.0536585
0	1
0	0.0634146
0	1
0	0.0292683
0	1
0	0.0292683
0	0.0146341
0	0.0634146
0	0.0536585
0	0.0536585
0	1
0	0.0341463
0	1
0	0.0341463
0	0.0292683
0	0.0487805
0	1
0	0.0439024
0	1
0	1
0	1
0	1
0	1
0	0.0439024
0	0.0146341
0	0.0390244
0	1
0	1
0	1
0	inf
0	0.0341463
0	1
0	1
0	0.0341463
0	0.0292683
0	1
0	0.0146341
0	1
0	1
0	1
0	0.0243902
0	0.0487805
0	0.0439024
0	0.0243902
0	0.0097561
0	0.0536585
0	0.0243902
0	1
0	0.0390244
0	0.0195122
0	0.0243902
0	0.0097561
0	1
0	1
0	1
0	0.0634146
0	0.0341463
0	1
0	0.0292683
0	0.0536585
0	0.0487805
0	1
0	1
0	1
0	0.0292683
0	0.0341463
0	1
0	1
0	1
0	0.0146341
0	0.0146341
0	0.0390244
0	1
0	0.0146341
0	1
0	1
0	0.0097561
0	1
0	1
0	0.0195122
0	0.0292683
0	0.0097561
0	0.0243902
0	0.0341463
0	1
0	1
0	0.0146341
0	0.0146341
0	1
0	1
0	0.0341463
0	0.0146341
0	0.0146341
0	1
0	1
0	1
0	0.0292683
0	1
0	1
0	1
0	0.0243902
0	0.0292683
0	0.0195122
0	1
0	1
0	0.0341463
0	0.0195122
0	0.0146341
0	0.0195122
0	1
0	1
0	1
0	0.0097561
0	1
0	0.0341463
0	1
0	0.0243902
0	0.0292683
0	0.0146341
0	0.0341463
0	0.0341463
0	0.0195122
0	1
0	0.0243902
0	1
0	0.0341463
0	0.0146341
0	0.0097561
0	0.0243902
0	1
0	0.0243902
0	0.0097561
0	1
0	1
0	0.0097561
0	0.0341463
0	1
0	1
0	1
0	0.0341463
0	1
0	0.0195122
0	0.0195122
0	1
0	0.0146341
0	0.0097561
0	1
0	0.0243902
0	0.0390244
0	0.0536585
0	0.0097561
0	0.0146341
0	0.0146341
0	0.0097561
0	1
0	0.0634146
0	0.0341463
0	0.0146341
0	0.0146341
0	0.0292683
0	1
0	1
0	1
0	0.0341463
0	0.0146341
0	1
0	1
0	0.0097561
0	0.0341463
0	0.0390244
0	1
0	1
0	1
0	1
0	1
0	0.0634146
0	1
0	0.0097561
0	1
0	1
0	1
0	1
0	1
0	1
0	1
0	0.0097561
0	0.0195122
0	1
0	0.0097561
0	0.0341463
0	0.0243902
0	1
0	0.0341463
0	1
0	0.0195122
0	0.0487805
0	0.0536585
0	0.0292683
0	0.0097561
0	1
0	1
0	0.0146341
0	0.0097561
0	0.0243902
0	0.0195122
0	1
0	0.0341463
0	0.0097561
0	0.0487805
0	0.0243902
0	0.0390244
0	0.0097561
0	1
0	0.0536585
0	0.0243902
0	0.0097561
0	0.0195122
0	1
0	0.0146341
0	0.0146341
0	1
0	1
0	0.0195122
0	1
0	0.0146341
0	0.0243902
0	0.0146341
0	1
0	0.0097561
0	0.0634146
0	1
0	0.0146341
0	0.0195122
0	0.0341463
0	0.0243902
0	0.0146341
0	0.0243902
0	1
0	0.0634146
0	1
0	1
0	1
0	0.0195122
0	0.0195122
0	0.0292683
0	1
0	1
0	1
0	0.0195122
0	0.0341463
0	0.0146341
0	1
0	1
0	0.0341463
0	0.0487805
0	1
0	0.0195122
0	0.0634146
0	1
0	0.0634146
0	1
0	1
0	0.0341463
0	1
0	1
0	1
0	0.0146341
0	0.0146341
0	1
0	1
0	0.0097561
0	0.0341463
0	0.0439024
0	0.0292683
0	0.0146341
0	1
0	0.0195122
0	1
0	1
0	0.0097561
0	1
0	0.0146341
0	0.0097561
0	0.0536585
0	0.0146341
0	1
0	1
0	0.0097561
0	1
0	1
0	1
0	1
0	0.0341463
0	1
0	0.0536585
0	1
0	0.0146341
0	0.0195122
0	1
0	0.0146341
0	0.0536585
0	0.0146341
0	0.0439024
0	0.0292683
0	1
0	0.0146341
0	1
0	1
0	1
0	1
0	1
0	1
0	0.0292683
0	0.0536585
0	0.0292683
0	1
0	0.0195122
0	0.0097561
0	0.0341463
0	1
0	0.0536585
0	0.0097561
0	0.0634146
0	0.0390244
0	1
0	0.0341463
0	0.0341463
0	0.0097561
0	0.0195122
0	0.0487805
0	0.0097561
0	0.0390244
0	0.0195122
0	1
0	1
0	0.0097561
0	1
0	1
0	0.0195122
0	1
0	1
0	1
0	0.0097561
0	0.0146341
0	1
0	1
0	0.0097561
0	0.0146341
0	0.0097561
0	1
0	0.0439024
0	0.0243902
0	0.0292683
0	1
0	1
0	0.0487805
0	1
0	0.0536585
0	0.0097561
0	1
0	1
0	0.0146341
0	0.0097561
0	0.0487805
0	0.0341463
0	0.0097561
0	0.0097561
0	0.0097561
0	1
0	0.0097561
0	0.0195122
0	0.0146341
0	1
0	0.0487805
0	0.0146341
0	0.0146341
0	0.0146341
0	0.0146341
0	0.0487805


