# Persistence diagram <GML/0825.gml>
#
# Dimension   : 0
# Entries     : 88
# Betti number: 1
0	inf
0	1
0	1
0	1
0	1
0	1
0	1
0	1
0	1
0	1
0	1
0	1
0	0.0833333
0	1
0	0.116667
0	0.0666667
0	1
0	0.116667
0	1
0	0.0666667
0	0.0333333
0	1
0	0.0333333
0	0.116667
0	1
0	1
0	0.116667
0	1
0	0.0666667
0	1
0	0.0666667
0	0.0333333
0	1
0	1
0	0.0666667
0	0.0333333
0	0.0833333
0	0.0833333
0	0.05
0	0.0666667
0	1
0	0.05
0	1
0	1
0	1
0	1
0	0.0666667
0	1
0	0.05
0	1
0	0.0833333
0	1
0	0.0333333
0	1
0	0.0333333
0	0.0333333
0	0.0666667
0	0.0666667
0	1
0	1
0	0.0333333
0	1
0	1
0	0.05
0	1
0	1
0	1
0	0.0833333
0	0.05
0	0.05
0	0.0833333
0	1
0	0.116667
0	1
0	0.0333333
0	1
0	1
0	1
0	0.0833333
0	1
0	0.05
0	1
0	0.0333333
0	0.05
0	0.0833333
0	1
0	1
0	0.0333333


