# Persistence diagram <GML/0826.gml>
#
# Dimension   : 0
# Entries     : 427
# Betti number: 1
0	inf
0	1
0	1
0	1
0	1
0	1
0	1
0	1
0	1
0	1
0	1
0	1
0	1
0	1
0	1
0	1
0	1
0	1
0	1
0	1
0	1
0	1
0	1
0	1
0	1
0	1
0	0.0115942
0	1
0	1
0	1
0	1
0	1
0	1
0	1
0	1
0	1
0	1
0	1
0	1
0	1
0	1
0	0.0115942
0	0.0115942
0	1
0	0.0115942
0	1
0	1
0	1
0	1
0	1
0	1
0	0.0057971
0	1
0	1
0	0.0115942
0	1
0	1
0	1
0	1
0	1
0	1
0	1
0	1
0	1
0	1
0	1
0	1
0	1
0	1
0	1
0	0.0057971
0	1
0	1
0	1
0	1
0	1
0	1
0	1
0	1
0	0.00869565
0	0.0173913
0	1
0	1
0	1
0	1
0	1
0	0.0231884
0	1
0	1
0	1
0	1
0	1
0	0.0202899
0	1
0	0.0144928
0	1
0	1
0	0.00869565
0	0.0173913
0	1
0	1
0	1
0	1
0	1
0	1
0	1
0	1
0	1
0	1
0	1
0	1
0	1
0	1
0	1
0	1
0	1
0	0.0231884
0	0.00869565
0	1
0	1
0	1
0	1
0	1
0	1
0	1
0	1
0	1
0	1
0	1
0	1
0	1
0	0.0173913
0	1
0	1
0	1
0	0.0057971
0	0.0144928
0	1
0	0.0231884
0	0.0115942
0	0.0231884
0	1
0	1
0	1
0	1
0	1
0	0.0115942
0	1
0	1
0	0.0057971
0	1
0	0.0115942
0	0.0202899
0	1
0	1
0	0.00869565
0	1
0	1
0	0.0057971
0	0.0057971
0	1
0	1
0	1
0	1
0	1
0	1
0	1
0	0.026087
0	1
0	0.00869565
0	1
0	1
0	0.00869565
0	1
0	0.0144928
0	1
0	1
0	0.0115942
0	0.0115942
0	1
0	1
0	0.026087
0	0.0115942
0	1
0	1
0	1
0	0.0115942
0	1
0	1
0	1
0	1
0	1
0	1
0	0.00869565
0	0.0057971
0	1
0	1
0	1
0	1
0	1
0	1
0	0.00869565
0	1
0	0.0173913
0	1
0	0.0231884
0	1
0	1
0	1
0	0.0057971
0	1
0	1
0	0.026087
0	1
0	0.026087
0	1
0	1
0	1
0	1
0	1
0	1
0	1
0	1
0	1
0	1
0	1
0	1
0	1
0	0.0202899
0	0.026087
0	1
0	1
0	1
0	1
0	0.0115942
0	1
0	1
0	0.00869565
0	0.0057971
0	1
0	1
0	1
0	1
0	0.0057971
0	1
0	1
0	0.0231884
0	0.026087
0	0.0173913
0	1
0	1
0	1
0	1
0	1
0	1
0	1
0	1
0	1
0	1
0	1
0	1
0	1
0	1
0	0.00869565
0	1
0	1
0	0.00869565
0	1
0	1
0	1
0	1
0	1
0	1
0	1
0	1
0	0.0057971
0	0.00869565
0	1
0	1
0	1
0	1
0	1
0	1
0	0.0057971
0	1
0	1
0	0.0173913
0	1
0	1
0	0.0115942
0	1
0	1
0	1
0	1
0	0.0202899
0	1
0	1
0	1
0	1
0	1
0	0.0173913
0	1
0	1
0	1
0	1
0	1
0	0.0202899
0	1
0	0.0231884
0	1
0	1
0	1
0	1
0	1
0	0.0057971
0	1
0	1
0	1
0	0.0057971
0	0.0173913
0	1
0	1
0	1
0	0.0115942
0	1
0	1
0	1
0	1
0	0.00869565
0	1
0	1
0	1
0	1
0	1
0	1
0	1
0	1
0	1
0	1
0	1
0	1
0	1
0	1
0	1
0	1
0	1
0	1
0	1
0	0.0115942
0	1
0	1
0	1
0	1
0	1
0	0.026087
0	0.0115942
0	1
0	1
0	1
0	1
0	1
0	1
0	0.0057971
0	0.00869565
0	1
0	0.0115942
0	0.0057971
0	1
0	1
0	1
0	1
0	1
0	1
0	0.00869565
0	1
0	1
0	0.00869565
0	1
0	1
0	1
0	1
0	1
0	1
0	1
0	1
0	1
0	1
0	0.00869565
0	1
0	1
0	0.0057971
0	1
0	1
0	1
0	1
0	1
0	0.026087
0	1
0	1
0	1
0	1
0	1
0	1
0	1
0	1
0	1
0	0.00869565
0	0.0115942
0	1
0	0.00869565
0	0.0173913
0	0.0057971
0	1
0	1
0	0.00869565
0	1
0	1
0	1
0	1
0	1
0	0.0202899
0	1
0	1
0	1
0	1
0	1
0	1


