# Persistence diagram <GML/0831.gml>
#
# Dimension   : 0
# Entries     : 265
# Betti number: 1
0	inf
0	1
0	0.119718
0	1
0	0.0422535
0	1
0	0.0492958
0	1
0	0.0352113
0	0.0492958
0	0.0422535
0	0.0492958
0	1
0	0.084507
0	0.0492958
0	0.0422535
0	0.0422535
0	0.028169
0	1
0	0.0492958
0	0.0352113
0	1
0	1
0	1
0	0.056338
0	1
0	0.0352113
0	0.119718
0	1
0	0.0492958
0	0.028169
0	0.0492958
0	1
0	0.0352113
0	0.0422535
0	1
0	1
0	0.119718
0	0.0352113
0	0.028169
0	1
0	0.0352113
0	0.0633803
0	1
0	0.0422535
0	1
0	0.0140845
0	1
0	1
0	0.028169
0	0.084507
0	0.028169
0	1
0	0.0422535
0	0.0633803
0	1
0	0.0352113
0	1
0	1
0	0.028169
0	1
0	1
0	0.0140845
0	0.0140845
0	1
0	0.119718
0	0.0352113
0	1
0	1
0	0.0140845
0	0.0211268
0	1
0	0.0633803
0	0.0211268
0	0.0352113
0	0.119718
0	1
0	0.0352113
0	0.0352113
0	1
0	0.0211268
0	0.0211268
0	0.0492958
0	0.0422535
0	0.0211268
0	0.028169
0	1
0	0.0352113
0	0.028169
0	1
0	1
0	1
0	0.0352113
0	0.0492958
0	0.0140845
0	1
0	0.028169
0	1
0	0.0211268
0	0.0492958
0	1
0	0.0211268
0	0.0211268
0	0.084507
0	0.028169
0	0.084507
0	0.028169
0	1
0	0.028169
0	1
0	1
0	1
0	0.0211268
0	0.0211268
0	0.0211268
0	0.028169
0	0.0140845
0	0.0633803
0	1
0	0.028169
0	0.119718
0	1
0	1
0	0.028169
0	1
0	0.0633803
0	1
0	0.0492958
0	0.028169
0	1
0	0.0352113
0	0.028169
0	1
0	1
0	1
0	0.0140845
0	0.0633803
0	0.0352113
0	1
0	0.084507
0	0.0211268
0	1
0	1
0	0.028169
0	1
0	0.0211268
0	0.056338
0	0.0211268
0	0.0422535
0	1
0	0.0211268
0	1
0	0.0422535
0	0.0211268
0	0.0211268
0	1
0	1
0	1
0	0.0140845
0	1
0	0.0422535
0	0.084507
0	0.0140845
0	0.0211268
0	0.0140845
0	1
0	1
0	0.0211268
0	1
0	1
0	0.0352113
0	1
0	0.084507
0	0.0422535
0	1
0	1
0	0.0633803
0	1
0	0.0140845
0	1
0	0.0633803
0	1
0	1
0	1
0	1
0	1
0	1
0	1
0	0.0422535
0	0.0211268
0	1
0	0.0140845
0	1
0	1
0	1
0	1
0	0.028169
0	0.0492958
0	0.028169
0	0.0352113
0	0.0140845
0	0.0633803
0	1
0	1
0	1
0	0.0352113
0	0.0211268
0	1
0	0.0140845
0	0.0422535
0	1
0	0.0140845
0	0.028169
0	0.084507
0	1
0	0.028169
0	0.028169
0	0.0211268
0	0.0140845
0	1
0	0.028169
0	0.0422535
0	0.0140845
0	0.119718
0	0.0211268
0	1
0	0.0140845
0	0.0140845
0	0.028169
0	0.119718
0	0.0140845
0	0.0211268
0	1
0	1
0	1
0	0.0140845
0	1
0	1
0	0.0211268
0	1
0	0.0211268
0	0.0140845
0	1
0	0.0211268
0	0.0211268
0	0.0211268
0	1
0	0.0352113
0	0.0492958
0	1
0	0.0211268
0	0.119718
0	0.028169
0	1
0	1
0	1
0	1
0	1
0	0.0492958
0	0.0211268
0	0.0140845
0	0.0211268
0	1
0	0.0352113
0	1


