# Persistence diagram <GML/0840.gml>
#
# Dimension   : 0
# Entries     : 409
# Betti number: 1
0	inf
0	1
0	0.0401786
0	0.0357143
0	0.0446429
0	0.0267857
0	0.0267857
0	1
0	1
0	0.0223214
0	0.00892857
0	1
0	1
0	0.0267857
0	0.0267857
0	1
0	1
0	1
0	1
0	1
0	0.0357143
0	0.0267857
0	1
0	1
0	0.03125
0	0.0223214
0	0.03125
0	1
0	0.0535714
0	1
0	1
0	1
0	1
0	0.0223214
0	0.03125
0	0.0535714
0	0.0267857
0	1
0	1
0	0.0535714
0	1
0	1
0	0.0223214
0	1
0	0.0267857
0	1
0	1
0	0.0535714
0	1
0	0.0223214
0	0.00892857
0	0.0223214
0	0.0223214
0	0.0223214
0	1
0	1
0	1
0	1
0	0.0267857
0	0.0446429
0	1
0	1
0	0.03125
0	0.0223214
0	1
0	0.0223214
0	1
0	1
0	0.0133929
0	1
0	1
0	0.0223214
0	1
0	1
0	0.03125
0	0.0535714
0	0.0446429
0	1
0	0.03125
0	1
0	0.03125
0	0.0223214
0	1
0	0.0535714
0	0.0267857
0	0.03125
0	0.0223214
0	0.0535714
0	0.0267857
0	1
0	0.0133929
0	1
0	0.0267857
0	0.0178571
0	1
0	0.0133929
0	1
0	1
0	0.0535714
0	0.0223214
0	0.0178571
0	1
0	0.0223214
0	0.0223214
0	1
0	0.0133929
0	1
0	1
0	1
0	1
0	1
0	0.0133929
0	1
0	0.0401786
0	0.03125
0	1
0	1
0	0.0223214
0	1
0	0.0267857
0	0.0267857
0	1
0	1
0	0.03125
0	1
0	0.0133929
0	0.0178571
0	1
0	1
0	0.0133929
0	1
0	0.0178571
0	0.0223214
0	1
0	1
0	1
0	1
0	0.0178571
0	1
0	0.00892857
0	1
0	0.03125
0	0.0223214
0	0.0357143
0	1
0	1
0	1
0	1
0	0.0178571
0	0.0267857
0	0.00892857
0	0.00892857
0	1
0	0.00892857
0	1
0	0.0223214
0	0.03125
0	0.00892857
0	0.0267857
0	0.0133929
0	0.00892857
0	1
0	0.0267857
0	0.00892857
0	0.0133929
0	0.0178571
0	1
0	0.0133929
0	1
0	1
0	1
0	1
0	0.0357143
0	0.0133929
0	1
0	0.0267857
0	0.0223214
0	0.0267857
0	1
0	1
0	1
0	0.0267857
0	0.0178571
0	0.0223214
0	1
0	0.03125
0	1
0	0.0223214
0	0.0223214
0	0.0133929
0	0.0133929
0	0.0178571
0	1
0	0.0178571
0	1
0	0.0178571
0	0.00892857
0	0.0446429
0	0.0223214
0	1
0	1
0	0.0267857
0	0.0357143
0	0.0223214
0	0.0133929
0	0.0178571
0	1
0	1
0	1
0	0.0223214
0	1
0	1
0	1
0	0.0267857
0	0.0223214
0	0.0178571
0	0.0446429
0	0.00892857
0	0.0357143
0	1
0	0.0178571
0	0.0223214
0	0.0178571
0	1
0	0.03125
0	0.0223214
0	0.0133929
0	1
0	0.0178571
0	0.0535714
0	0.0133929
0	1
0	1
0	1
0	0.0178571
0	0.0133929
0	1
0	0.0357143
0	0.0178571
0	0.0223214
0	1
0	0.0178571
0	0.0223214
0	0.0223214
0	0.0133929
0	1
0	0.00892857
0	1
0	0.0223214
0	0.0133929
0	0.0535714
0	1
0	1
0	1
0	1
0	1
0	1
0	0.00892857
0	0.00892857
0	0.03125
0	1
0	0.0223214
0	0.0133929
0	0.00892857
0	1
0	1
0	0.0133929
0	1
0	0.0267857
0	0.0267857
0	1
0	1
0	0.00892857
0	1
0	0.0267857
0	0.0267857
0	1
0	1
0	0.0133929
0	0.00892857
0	1
0	1
0	0.00892857
0	0.0535714
0	0.0223214
0	1
0	0.0178571
0	0.0178571
0	1
0	1
0	1
0	1
0	1
0	0.0267857
0	1
0	0.0267857
0	1
0	1
0	1
0	0.0223214
0	0.0267857
0	0.0223214
0	0.0223214
0	0.0133929
0	0.00892857
0	0.00892857
0	0.0446429
0	0.0223214
0	0.00892857
0	0.00892857
0	1
0	0.0267857
0	1
0	0.0178571
0	1
0	1
0	1
0	0.0401786
0	0.03125
0	0.0178571
0	1
0	0.0133929
0	0.0267857
0	1
0	1
0	1
0	0.0133929
0	0.0178571
0	1
0	0.0178571
0	0.00892857
0	1
0	0.03125
0	0.0223214
0	0.0178571
0	0.00892857
0	0.00892857
0	0.0178571
0	0.0446429
0	1
0	0.0267857
0	1
0	0.0267857
0	0.00892857
0	0.00892857
0	0.0133929
0	1
0	0.0133929
0	0.0178571
0	1
0	0.0267857
0	1
0	0.0267857
0	0.0133929
0	0.00892857
0	1
0	0.0223214
0	0.0178571
0	1
0	1
0	0.0267857
0	0.0133929
0	1
0	0.0223214
0	1
0	1
0	0.00892857
0	0.0133929
0	1
0	1
0	0.0223214
0	0.00892857
0	0.0133929
0	0.00892857
0	0.03125
0	0.0133929
0	1
0	0.0133929
0	0.0223214
0	0.0267857
0	0.0223214
0	0.00892857
0	1
0	1
0	0.0267857
0	0.0267857
0	0.0178571
0	1
0	0.0133929
0	0.0267857
0	0.0267857
0	0.00892857
0	1
0	1
0	1
0	0.0401786
0	0.0223214
0	1
0	1
0	0.0178571
0	0.00892857
0	1
0	0.0133929
0	0.03125
0	1
0	1
0	0.00892857
0	0.0178571
0	0.0178571


