# Persistence diagram <GML/0845.gml>
#
# Dimension   : 0
# Entries     : 190
# Betti number: 1
0	inf
0	1
0	0.0508475
0	0.0508475
0	0.0508475
0	1
0	1
0	1
0	1
0	1
0	0.0508475
0	0.0932203
0	1
0	0.0508475
0	0.0508475
0	1
0	0.0423729
0	0.0423729
0	0.0338983
0	1
0	0.0508475
0	0.0423729
0	0.0254237
0	0.0423729
0	0.0254237
0	0.0338983
0	1
0	1
0	0.0254237
0	0.0254237
0	1
0	0.0254237
0	0.0338983
0	0.0338983
0	0.0508475
0	0.0254237
0	0.0254237
0	1
0	1
0	1
0	1
0	1
0	0.0169492
0	1
0	0.0508475
0	0.0508475
0	0.0338983
0	0.0254237
0	0.0423729
0	0.0254237
0	1
0	1
0	0.0338983
0	1
0	0.0254237
0	0.0338983
0	0.0423729
0	0.0338983
0	1
0	0.0338983
0	1
0	0.0338983
0	1
0	1
0	1
0	1
0	0.0254237
0	0.0423729
0	1
0	0.0254237
0	0.0338983
0	0.0508475
0	0.0254237
0	1
0	0.0338983
0	1
0	1
0	0.0423729
0	0.0338983
0	1
0	0.0338983
0	0.0338983
0	1
0	0.0254237
0	0.0338983
0	0.0508475
0	0.0508475
0	0.0932203
0	1
0	1
0	1
0	0.0338983
0	1
0	1
0	0.0423729
0	1
0	1
0	0.0423729
0	1
0	0.0254237
0	0.0423729
0	0.0169492
0	0.0169492
0	1
0	0.0338983
0	0.0508475
0	1
0	1
0	1
0	0.0169492
0	1
0	1
0	0.0338983
0	1
0	0.0423729
0	1
0	0.0338983
0	0.0254237
0	0.0338983
0	0.0169492
0	0.0423729
0	1
0	0.0338983
0	0.0932203
0	0.0169492
0	1
0	0.0169492
0	0.0508475
0	1
0	0.0254237
0	0.0254237
0	1
0	0.0508475
0	0.0338983
0	0.0932203
0	0.0932203
0	0.0508475
0	1
0	1
0	0.0254237
0	0.0338983
0	1
0	0.0169492
0	1
0	0.0169492
0	0.0254237
0	0.0169492
0	0.0254237
0	1
0	1
0	1
0	0.0338983
0	1
0	1
0	0.0254237
0	0.0338983
0	1
0	1
0	1
0	0.0169492
0	0.0254237
0	1
0	0.0423729
0	0.0169492
0	1
0	1
0	0.0338983
0	0.0169492
0	1
0	1
0	0.0338983
0	0.0508475
0	0.0254237
0	0.0338983
0	0.0169492
0	0.0508475
0	1
0	1
0	0.0169492
0	0.0254237
0	1
0	0.0338983
0	1
0	1
0	0.0169492
0	1
0	0.0169492
0	0.0338983
0	0.0169492
0	0.0254237


