# Persistence diagram <GML/0851.gml>
#
# Dimension   : 0
# Entries     : 389
# Betti number: 2
0	inf
0	1
0	1
0	1
0	0.0714286
0	0.0714286
0	0.0555556
0	0.0634921
0	0.0634921
0	0.0396825
0	1
0	inf
0	0.0714286
0	0.0634921
0	0.047619
0	0.0555556
0	0.0555556
0	0.0634921
0	0.0714286
0	1
0	0.031746
0	0.0714286
0	1
0	1
0	0.0714286
0	1
0	0.031746
0	1
0	0.0555556
0	0.031746
0	0.0634921
0	0.031746
0	0.0555556
0	1
0	0.0714286
0	0.031746
0	0.0555556
0	1
0	1
0	1
0	0.0555556
0	0.0634921
0	0.031746
0	0.047619
0	0.0238095
0	0.0238095
0	0.0396825
0	0.0714286
0	0.0634921
0	0.0396825
0	1
0	0.0238095
0	0.047619
0	1
0	0.0396825
0	0.0555556
0	0.0634921
0	0.031746
0	0.031746
0	0.047619
0	0.0555556
0	0.0396825
0	0.0793651
0	1
0	0.0555556
0	0.0238095
0	1
0	0.0555556
0	0.031746
0	1
0	1
0	0.0396825
0	0.0396825
0	0.0555556
0	0.031746
0	1
0	0.031746
0	1
0	0.0555556
0	0.0952381
0	0.0714286
0	0.0238095
0	1
0	1
0	0.0714286
0	0.047619
0	1
0	0.0714286
0	0.0714286
0	0.0555556
0	1
0	0.031746
0	1
0	0.015873
0	0.0396825
0	0.047619
0	1
0	1
0	0.031746
0	0.0238095
0	0.0714286
0	0.0238095
0	0.0238095
0	0.031746
0	0.0238095
0	0.0555556
0	1
0	0.0238095
0	0.0634921
0	0.0793651
0	0.015873
0	0.031746
0	0.0714286
0	0.0714286
0	0.031746
0	1
0	0.0634921
0	1
0	1
0	1
0	0.031746
0	0.047619
0	1
0	0.0238095
0	0.0238095
0	0.0396825
0	0.0555556
0	0.031746
0	0.031746
0	0.0555556
0	0.0555556
0	1
0	0.0714286
0	0.031746
0	0.0714286
0	0.031746
0	0.0238095
0	0.0238095
0	1
0	0.0634921
0	0.047619
0	0.0238095
0	0.031746
0	0.015873
0	0.0396825
0	0.0396825
0	0.0238095
0	0.0793651
0	0.0714286
0	0.031746
0	0.015873
0	0.015873
0	0.00793651
0	0.0634921
0	0.015873
0	0.0238095
0	0.015873
0	0.015873
0	1
0	0.031746
0	0.015873
0	1
0	1
0	0.0634921
0	0.031746
0	0.047619
0	1
0	1
0	0.0714286
0	0.0238095
0	0.0714286
0	0.0555556
0	0.0396825
0	1
0	0.0238095
0	1
0	0.015873
0	0.0238095
0	1
0	1
0	0.0793651
0	0.0714286
0	0.031746
0	1
0	0.015873
0	0.031746
0	0.031746
0	0.015873
0	1
0	0.031746
0	0.0238095
0	0.031746
0	0.031746
0	0.0396825
0	0.0714286
0	0.031746
0	0.0714286
0	1
0	0.031746
0	0.015873
0	0.047619
0	0.0793651
0	1
0	1
0	0.0238095
0	0.015873
0	0.0238095
0	0.0714286
0	0.047619
0	0.031746
0	0.0555556
0	0.015873
0	0.031746
0	0.015873
0	1
0	0.0238095
0	1
0	0.0555556
0	0.0396825
0	0.0793651
0	0.0238095
0	0.0396825
0	0.0793651
0	0.0238095
0	0.0238095
0	0.031746
0	0.0714286
0	0.0634921
0	0.015873
0	0.047619
0	0.0555556
0	0.0714286
0	0.031746
0	0.0396825
0	0.0555556
0	0.031746
0	0.015873
0	0.0952381
0	0.0238095
0	0.0555556
0	0.047619
0	0.015873
0	0.0396825
0	0.0238095
0	0.031746
0	0.0555556
0	0.031746
0	1
0	1
0	0.0634921
0	0.031746
0	0.015873
0	0.0238095
0	0.0238095
0	0.0555556
0	0.0238095
0	0.031746
0	0.015873
0	0.0952381
0	0.031746
0	0.0634921
0	0.031746
0	0.0634921
0	0.031746
0	0.0634921
0	0.015873
0	0.0634921
0	0.047619
0	0.047619
0	0.031746
0	0.031746
0	0.015873
0	0.0634921
0	0.015873
0	0.015873
0	1
0	0.0238095
0	0.0238095
0	0.0238095
0	0.0238095
0	0.0952381
0	0.0238095
0	0.015873
0	0.0714286
0	0.0238095
0	1
0	0.0238095
0	0.015873
0	0.031746
0	0.047619
0	0.0396825
0	0.031746
0	0.015873
0	0.0238095
0	0.0952381
0	0.031746
0	0.015873
0	0.0555556
0	0.015873
0	1
0	0.0714286
0	0.031746
0	0.015873
0	0.0634921
0	0.0555556
0	0.015873
0	0.015873
0	0.0238095
0	0.015873
0	1
0	1
0	0.047619
0	1
0	0.031746
0	0.0396825
0	0.031746
0	0.0555556
0	0.015873
0	0.0396825
0	0.0555556
0	1
0	1
0	0.0238095
0	1
0	1
0	0.031746
0	0.015873
0	0.031746
0	0.0238095
0	0.0634921
0	0.0555556
0	0.015873
0	0.0238095
0	0.0396825
0	0.015873
0	0.047619
0	0.0555556
0	0.0396825
0	0.0555556
0	0.0238095
0	0.0952381
0	0.0238095
0	0.015873
0	0.0952381
0	0.015873
0	0.0634921
0	0.0634921
0	0.0238095
0	0.047619
0	1
0	0.0555556
0	1
0	0.0238095
0	1
0	0.0238095
0	0.015873
0	0.031746
0	0.0555556
0	0.015873
0	0.0555556
0	1
0	0.0238095
0	0.031746
0	0.015873
0	1
0	0.0793651
0	1
0	1
0	0.0396825
0	0.0238095
0	0.0555556
0	0.047619
0	0.0238095
0	0.0238095
0	1
0	1
0	0.031746
0	0.015873
0	1
0	0.0238095
0	0.0238095
0	1
0	0.0634921
0	0.0555556
0	0.0714286
0	0.047619
0	0.0555556
0	0.031746
0	0.047619


