# Persistence diagram <GML/0852.gml>
#
# Dimension   : 0
# Entries     : 343
# Betti number: 1
0	inf
0	0.0495495
0	0.0495495
0	0.0495495
0	1
0	1
0	0.036036
0	1
0	0.0225225
0	1
0	0.0225225
0	1
0	1
0	1
0	1
0	0.0225225
0	1
0	0.036036
0	0.0225225
0	0.036036
0	0.0225225
0	1
0	1
0	1
0	1
0	1
0	1
0	1
0	0.045045
0	1
0	1
0	0.0315315
0	1
0	1
0	0.0225225
0	1
0	1
0	0.0315315
0	1
0	0.045045
0	1
0	1
0	0.0315315
0	1
0	0.0135135
0	1
0	0.027027
0	1
0	0.0225225
0	0.0315315
0	1
0	1
0	1
0	0.027027
0	0.0225225
0	0.0315315
0	1
0	0.00900901
0	1
0	1
0	1
0	1
0	0.036036
0	1
0	1
0	0.027027
0	1
0	0.0315315
0	1
0	0.0315315
0	0.036036
0	1
0	0.0225225
0	0.0225225
0	1
0	1
0	0.045045
0	0.027027
0	0.027027
0	0.0225225
0	0.036036
0	1
0	0.027027
0	0.0225225
0	1
0	1
0	1
0	1
0	0.0315315
0	0.0225225
0	0.036036
0	0.045045
0	1
0	0.018018
0	1
0	0.0135135
0	0.0135135
0	0.0135135
0	0.0225225
0	0.018018
0	0.0315315
0	1
0	0.0225225
0	0.0225225
0	0.036036
0	1
0	0.018018
0	0.0225225
0	1
0	1
0	1
0	1
0	1
0	1
0	0.0225225
0	1
0	0.0315315
0	1
0	0.018018
0	1
0	1
0	0.018018
0	1
0	1
0	0.018018
0	1
0	1
0	1
0	0.0225225
0	0.027027
0	0.0315315
0	1
0	1
0	0.027027
0	0.0315315
0	0.018018
0	1
0	0.00900901
0	0.00900901
0	0.0225225
0	0.0225225
0	1
0	1
0	0.0315315
0	1
0	0.036036
0	0.027027
0	1
0	1
0	1
0	0.0315315
0	1
0	1
0	1
0	0.027027
0	0.0225225
0	1
0	0.0225225
0	0.0315315
0	0.00900901
0	0.0225225
0	0.0225225
0	0.0315315
0	0.00900901
0	0.036036
0	0.0225225
0	1
0	1
0	0.00900901
0	1
0	1
0	0.027027
0	0.0135135
0	1
0	1
0	1
0	0.018018
0	0.0495495
0	1
0	1
0	0.018018
0	0.0225225
0	1
0	0.036036
0	1
0	0.0495495
0	1
0	1
0	1
0	0.0315315
0	0.036036
0	1
0	1
0	1
0	1
0	1
0	1
0	0.0315315
0	0.0225225
0	0.00900901
0	0.0135135
0	0.027027
0	0.018018
0	1
0	0.0135135
0	0.0225225
0	1
0	0.036036
0	1
0	1
0	0.027027
0	0.027027
0	0.027027
0	0.00900901
0	1
0	1
0	1
0	1
0	1
0	0.00900901
0	1
0	0.0225225
0	0.0225225
0	0.0225225
0	0.018018
0	0.018018
0	0.00900901
0	1
0	0.027027
0	1
0	1
0	0.0135135
0	0.018018
0	1
0	1
0	1
0	0.045045
0	0.00900901
0	0.0135135
0	0.0225225
0	0.018018
0	1
0	1
0	0.0225225
0	0.0315315
0	1
0	1
0	1
0	0.0225225
0	1
0	1
0	0.018018
0	0.0135135
0	0.0225225
0	0.0225225
0	0.0135135
0	1
0	0.018018
0	1
0	0.027027
0	0.0135135
0	0.0135135
0	0.0135135
0	0.0315315
0	0.0225225
0	1
0	0.036036
0	1
0	1
0	1
0	0.027027
0	1
0	0.045045
0	0.0225225
0	0.018018
0	1
0	0.0135135
0	0.018018
0	1
0	0.0495495
0	0.0225225
0	0.0135135
0	1
0	0.0225225
0	0.0495495
0	1
0	1
0	0.0225225
0	1
0	0.0225225
0	0.0315315
0	0.0135135
0	1
0	0.0135135
0	1
0	0.036036
0	0.0135135
0	1
0	1
0	0.0315315
0	1
0	0.0315315
0	1
0	0.0495495
0	0.0135135
0	1
0	0.00900901
0	0.0135135
0	0.0135135
0	0.018018
0	0.045045
0	0.0495495
0	0.045045
0	1
0	1
0	1
0	1
0	0.018018
0	0.00900901
0	1
0	1
0	0.027027
0	0.0135135
0	0.0315315
0	0.00900901
0	1
0	1
0	0.0135135
0	1
0	0.0135135
0	1
0	1
0	1
0	0.036036
0	0.0135135
0	0.018018
0	0.0225225
0	1
0	0.00900901
0	0.0225225
0	0.0135135
0	0.045045
0	0.00900901


