# Persistence diagram <GML/0853.gml>
#
# Dimension   : 0
# Entries     : 236
# Betti number: 1
0	inf
0	1
0	0.0641026
0	0.0448718
0	1
0	0.0448718
0	0.025641
0	1
0	1
0	1
0	0.0705128
0	1
0	1
0	0.0384615
0	1
0	1
0	0.0641026
0	1
0	0.0128205
0	1
0	1
0	1
0	1
0	1
0	0.0320513
0	1
0	0.0320513
0	0.0641026
0	1
0	1
0	0.0512821
0	0.0320513
0	0.0192308
0	1
0	1
0	1
0	1
0	1
0	0.0448718
0	0.0384615
0	0.025641
0	0.025641
0	0.0384615
0	1
0	1
0	0.0641026
0	1
0	1
0	0.0320513
0	0.0448718
0	0.0448718
0	0.0641026
0	0.0705128
0	1
0	0.0512821
0	1
0	0.025641
0	1
0	1
0	0.0512821
0	0.0192308
0	1
0	0.025641
0	0.0384615
0	0.0705128
0	0.0320513
0	1
0	0.0192308
0	0.0384615
0	0.0512821
0	1
0	1
0	1
0	0.0320513
0	0.0384615
0	0.025641
0	0.0128205
0	0.025641
0	1
0	0.025641
0	0.0128205
0	1
0	0.0320513
0	0.0320513
0	0.0128205
0	1
0	1
0	1
0	1
0	1
0	1
0	1
0	0.0705128
0	0.0320513
0	1
0	1
0	0.0320513
0	0.0512821
0	1
0	0.0320513
0	0.025641
0	1
0	1
0	0.0448718
0	1
0	1
0	0.0384615
0	1
0	0.0512821
0	1
0	0.0192308
0	0.0320513
0	1
0	0.0128205
0	0.0320513
0	0.025641
0	1
0	1
0	1
0	1
0	0.0320513
0	0.0320513
0	0.0512821
0	0.0320513
0	0.025641
0	0.0192308
0	1
0	0.0192308
0	1
0	1
0	0.0192308
0	0.0320513
0	0.0128205
0	0.0192308
0	1
0	0.0384615
0	1
0	1
0	0.0128205
0	1
0	0.0192308
0	1
0	1
0	0.025641
0	0.0192308
0	0.0192308
0	1
0	1
0	0.0320513
0	0.0128205
0	1
0	0.0512821
0	1
0	0.0128205
0	1
0	0.025641
0	0.0192308
0	0.0384615
0	0.0448718
0	1
0	1
0	1
0	1
0	0.0384615
0	1
0	1
0	1
0	0.025641
0	1
0	1
0	0.0705128
0	0.0192308
0	1
0	0.0192308
0	0.0320513
0	0.0128205
0	0.0384615
0	1
0	0.0384615
0	0.0320513
0	0.025641
0	0.0448718
0	0.0320513
0	1
0	0.0320513
0	0.0128205
0	0.0320513
0	0.0128205
0	1
0	0.025641
0	0.0320513
0	0.0705128
0	1
0	0.0320513
0	0.0192308
0	0.025641
0	0.0384615
0	0.0128205
0	1
0	1
0	0.0128205
0	0.025641
0	0.025641
0	0.0128205
0	1
0	0.025641
0	0.025641
0	1
0	0.0320513
0	0.025641
0	1
0	1
0	0.0128205
0	1
0	0.0192308
0	0.0128205
0	1
0	0.0448718
0	0.0512821
0	1
0	0.0320513
0	0.0192308
0	1
0	0.0320513
0	0.0448718
0	0.0192308
0	1
0	0.025641
0	0.0448718
0	0.0128205
0	0.0192308
0	0.0128205
0	1
0	0.0320513
0	0.0128205
0	1


