# Persistence diagram <GML/0866.gml>
#
# Dimension   : 0
# Entries     : 399
# Betti number: 2
0	inf
0	1
0	1
0	0.194444
0	0.0833333
0	0.180556
0	0.0833333
0	1
0	1
0	0.194444
0	0.111111
0	1
0	1
0	0.180556
0	0.0972222
0	0.0833333
0	0.111111
0	0.111111
0	1
0	0.111111
0	0.111111
0	0.111111
0	0.0416667
0	0.0833333
0	0.111111
0	0.0972222
0	0.0833333
0	1
0	0.0694444
0	0.125
0	0.0694444
0	0.111111
0	0.111111
0	0.0694444
0	0.180556
0	0.0416667
0	0.0555556
0	1
0	0.180556
0	0.0416667
0	0.0833333
0	1
0	0.0555556
0	0.0555556
0	0.0277778
0	inf
0	0.194444
0	0.0694444
0	0.0416667
0	0.0416667
0	0.111111
0	0.111111
0	0.0555556
0	1
0	0.125
0	0.0972222
0	0.0416667
0	0.0416667
0	0.0694444
0	0.0555556
0	0.0972222
0	1
0	0.0833333
0	1
0	0.0694444
0	0.0694444
0	1
0	0.111111
0	0.111111
0	0.111111
0	0.0555556
0	0.0555556
0	0.0694444
0	0.0416667
0	0.0555556
0	0.0694444
0	1
0	0.0833333
0	1
0	1
0	0.0416667
0	0.0416667
0	0.0555556
0	0.0277778
0	0.0277778
0	0.0555556
0	0.0416667
0	0.0972222
0	0.0277778
0	0.111111
0	0.0694444
0	0.0416667
0	0.0555556
0	0.0694444
0	0.111111
0	1
0	0.180556
0	0.0555556
0	0.0555556
0	0.0555556
0	0.0416667
0	0.0555556
0	0.0416667
0	1
0	0.0416667
0	0.0277778
0	1
0	0.0694444
0	0.0833333
0	0.0416667
0	0.0694444
0	0.0694444
0	1
0	1
0	0.0416667
0	0.0277778
0	0.0416667
0	1
0	0.111111
0	0.0416667
0	0.0833333
0	0.0555556
0	0.0416667
0	0.0694444
0	0.0555556
0	0.0555556
0	0.0416667
0	1
0	0.0416667
0	0.0416667
0	0.0416667
0	0.111111
0	0.0555556
0	0.0555556
0	0.0277778
0	0.0694444
0	0.0833333
0	0.0416667
0	0.0416667
0	0.0555556
0	0.0416667
0	0.0694444
0	0.0416667
0	0.0277778
0	0.0416667
0	0.0833333
0	0.0277778
0	0.0416667
0	0.0277778
0	0.0555556
0	0.0416667
0	1
0	0.0555556
0	0.0555556
0	0.0972222
0	0.0555556
0	0.0555556
0	0.0277778
0	0.0416667
0	0.111111
0	0.0555556
0	0.0277778
0	0.111111
0	0.0555556
0	0.0277778
0	0.0555556
0	0.0416667
0	0.0416667
0	0.0416667
0	1
0	0.0416667
0	0.125
0	0.0416667
0	1
0	0.0555556
0	1
0	0.0416667
0	0.111111
0	0.0694444
0	0.0694444
0	0.0277778
0	0.111111
0	0.0277778
0	0.0555556
0	0.0555556
0	0.0555556
0	0.0555556
0	0.0555556
0	0.0416667
0	0.0416667
0	0.0416667
0	0.0694444
0	0.0277778
0	1
0	0.111111
0	0.0416667
0	0.0555556
0	0.0694444
0	0.0416667
0	0.0277778
0	0.0694444
0	0.0555556
0	0.180556
0	0.194444
0	0.0555556
0	0.111111
0	0.0416667
0	0.0555556
0	0.0416667
0	0.0694444
0	1
0	0.111111
0	1
0	0.0555556
0	0.0694444
0	0.0416667
0	0.0416667
0	0.0416667
0	0.0277778
0	0.0416667
0	0.0416667
0	1
0	0.0277778
0	0.111111
0	0.0277778
0	1
0	0.0416667
0	0.0416667
0	0.111111
0	0.0416667
0	1
0	0.0277778
0	0.0416667
0	0.0277778
0	1
0	0.0972222
0	0.0416667
0	0.0277778
0	0.0277778
0	0.0694444
0	0.0277778
0	0.0416667
0	0.125
0	0.0277778
0	0.0416667
0	0.0416667
0	0.0416667
0	0.111111
0	0.0416667
0	0.0416667
0	0.0277778
0	0.0555556
0	0.194444
0	0.0833333
0	0.0277778
0	0.0277778
0	0.0277778
0	0.0972222
0	0.0555556
0	0.0416667
0	0.0694444
0	0.0277778
0	0.0416667
0	0.0277778
0	0.0694444
0	0.0277778
0	0.0555556
0	0.111111
0	0.0833333
0	0.0694444
0	1
0	0.0277778
0	0.0277778
0	0.0416667
0	0.0416667
0	0.125
0	0.0277778
0	0.0277778
0	0.0416667
0	0.0833333
0	0.0555556
0	0.0277778
0	0.0555556
0	0.194444
0	0.111111
0	0.0277778
0	0.0555556
0	0.0555556
0	0.0416667
0	0.0555556
0	0.0277778
0	0.0416667
0	0.0694444
0	0.0555556
0	0.0833333
0	0.0416667
0	0.0555556
0	0.111111
0	0.0416667
0	0.0277778
0	0.0277778
0	0.0416667
0	0.0277778
0	0.0416667
0	0.0416667
0	0.0972222
0	0.0555556
0	0.0277778
0	0.0277778
0	0.0694444
0	0.0694444
0	0.0416667
0	0.0416667
0	0.0416667
0	0.0555556
0	0.0555556
0	0.0277778
0	0.0416667
0	0.0694444
0	0.0416667
0	0.0555556
0	0.0277778
0	0.0277778
0	1
0	0.0555556
0	0.180556
0	0.0277778
0	1
0	0.0694444
0	0.111111
0	0.194444
0	0.0416667
0	0.0277778
0	0.0277778
0	0.0416667
0	0.0416667
0	0.0416667
0	0.0277778
0	0.0416667
0	0.0555556
0	0.111111
0	0.0694444
0	0.0416667
0	0.0416667
0	0.0833333
0	0.0833333
0	0.0694444
0	0.0277778
0	0.111111
0	0.0277778
0	0.0416667
0	0.0277778
0	0.0277778
0	0.0555556
0	0.0416667
0	0.0277778
0	0.0416667
0	0.0972222
0	0.0277778
0	0.0416667
0	0.0277778
0	0.0277778
0	0.0277778
0	0.125
0	0.0555556
0	0.0416667
0	0.0694444
0	0.0416667
0	0.0416667
0	0.0416667
0	0.0416667
0	0.0416667
0	0.0555556
0	0.0277778
0	0.0416667
0	1
0	0.0416667
0	0.0416667
0	0.0277778
0	0.0972222
0	0.0416667
0	0.180556
0	0.0277778
0	0.0277778
0	0.0416667
0	0.0555556
0	0.0277778
0	0.0555556
0	0.0277778
0	1
0	0.0555556
0	0.0277778
0	0.0277778
0	1
0	0.0277778
0	0.0416667
0	0.0277778
0	0.0416667
0	0.0277778


