# Persistence diagram <GML/0871.gml>
#
# Dimension   : 0
# Entries     : 401
# Betti number: 1
0	inf
0	1
0	0.057377
0	1
0	1
0	1
0	1
0	0.0491803
0	0.0409836
0	1
0	0.0901639
0	0.0655738
0	0.0491803
0	0.0819672
0	1
0	0.0819672
0	1
0	1
0	1
0	0.0409836
0	0.0327869
0	0.057377
0	0.0327869
0	1
0	0.0491803
0	0.0409836
0	0.0737705
0	0.0901639
0	0.057377
0	0.131148
0	1
0	0.0409836
0	0.131148
0	1
0	0.0327869
0	0.0737705
0	0.0163934
0	0.0901639
0	0.0245902
0	0.0901639
0	1
0	1
0	0.0163934
0	0.0491803
0	0.057377
0	0.0491803
0	1
0	0.0409836
0	0.0409836
0	1
0	0.0491803
0	0.0901639
0	0.057377
0	0.0737705
0	0.0737705
0	0.0163934
0	0.0655738
0	0.0327869
0	0.0655738
0	1
0	0.0327869
0	1
0	0.0327869
0	0.0327869
0	0.0819672
0	0.0655738
0	1
0	0.0819672
0	0.057377
0	0.0163934
0	1
0	1
0	1
0	1
0	1
0	0.0327869
0	1
0	1
0	1
0	0.0655738
0	0.0901639
0	0.0491803
0	0.0819672
0	0.0655738
0	0.057377
0	1
0	0.057377
0	0.0901639
0	0.0163934
0	0.057377
0	0.0163934
0	0.0163934
0	0.0327869
0	0.0327869
0	1
0	0.131148
0	1
0	0.0655738
0	0.0409836
0	1
0	0.0819672
0	1
0	1
0	0.0491803
0	0.0245902
0	0.0327869
0	0.0327869
0	1
0	0.0655738
0	1
0	0.0245902
0	0.057377
0	0.0655738
0	0.057377
0	0.0819672
0	1
0	1
0	0.0245902
0	1
0	0.131148
0	0.0327869
0	0.057377
0	0.0737705
0	0.057377
0	0.131148
0	0.131148
0	0.057377
0	0.057377
0	0.0327869
0	0.0737705
0	0.0655738
0	0.131148
0	0.0409836
0	0.0491803
0	1
0	0.0491803
0	0.131148
0	0.0327869
0	0.0655738
0	0.057377
0	0.0327869
0	0.0245902
0	0.0327869
0	0.0491803
0	0.0491803
0	0.0245902
0	0.0327869
0	0.0327869
0	0.0163934
0	0.0655738
0	1
0	0.0245902
0	1
0	1
0	0.0819672
0	0.131148
0	0.0655738
0	0.0901639
0	0.0655738
0	0.0245902
0	0.0737705
0	0.0327869
0	0.0327869
0	0.131148
0	0.0327869
0	0.0245902
0	1
0	0.0819672
0	0.0245902
0	0.0327869
0	0.0819672
0	0.0245902
0	0.0327869
0	0.0491803
0	0.0245902
0	0.0245902
0	1
0	0.0737705
0	0.0491803
0	1
0	0.0245902
0	0.0491803
0	1
0	0.0163934
0	1
0	0.0655738
0	0.0327869
0	0.0245902
0	0.0409836
0	0.0327869
0	0.0491803
0	0.0245902
0	0.0163934
0	0.0655738
0	1
0	0.0409836
0	0.0163934
0	0.0327869
0	0.0655738
0	0.0409836
0	0.0245902
0	1
0	1
0	0.0327869
0	0.0327869
0	0.0901639
0	0.0409836
0	0.0655738
0	0.0409836
0	0.0737705
0	0.0245902
0	0.0491803
0	1
0	0.0163934
0	0.0163934
0	0.0163934
0	0.0245902
0	0.0819672
0	0.0409836
0	0.0901639
0	0.0163934
0	0.0245902
0	0.0163934
0	1
0	0.0409836
0	0.057377
0	1
0	0.0245902
0	1
0	0.0245902
0	1
0	0.057377
0	0.0327869
0	1
0	0.0245902
0	1
0	0.0819672
0	0.0327869
0	0.0245902
0	0.0245902
0	0.0327869
0	0.0819672
0	0.0491803
0	0.057377
0	0.0737705
0	0.0819672
0	0.0163934
0	0.0409836
0	0.0327869
0	0.0245902
0	0.0327869
0	0.0245902
0	0.0245902
0	0.0327869
0	0.0163934
0	0.0327869
0	1
0	1
0	0.0163934
0	0.0245902
0	1
0	0.0327869
0	0.0327869
0	0.131148
0	0.0245902
0	1
0	0.0327869
0	1
0	0.0163934
0	1
0	0.0245902
0	0.057377
0	0.0327869
0	0.0163934
0	0.0327869
0	0.0163934
0	0.0901639
0	0.0409836
0	1
0	0.0163934
0	0.0819672
0	0.0327869
0	0.0327869
0	0.0327869
0	1
0	0.0409836
0	1
0	0.0163934
0	0.0819672
0	0.0409836
0	0.0409836
0	0.0327869
0	1
0	1
0	0.0163934
0	0.0327869
0	0.0163934
0	0.0327869
0	1
0	0.0901639
0	0.0163934
0	0.0409836
0	0.0163934
0	1
0	0.0163934
0	1
0	1
0	0.0491803
0	0.0245902
0	0.0163934
0	1
0	0.0245902
0	0.0163934
0	0.0163934
0	0.0163934
0	0.0163934
0	0.0163934
0	1
0	0.057377
0	1
0	0.0163934
0	0.0327869
0	1
0	0.0327869
0	0.0327869
0	0.131148
0	0.0163934
0	0.0409836
0	0.0245902
0	0.0163934
0	0.0245902
0	1
0	0.0819672
0	0.057377
0	0.0327869
0	1
0	0.0409836
0	0.057377
0	1
0	0.057377
0	1
0	1
0	0.0491803
0	0.0737705
0	0.0163934
0	0.057377
0	0.0245902
0	0.0327869
0	1
0	0.0409836
0	0.0327869
0	0.0327869
0	0.0327869
0	1
0	1
0	0.0245902
0	0.0163934
0	1
0	0.0245902
0	0.0163934
0	0.0245902
0	0.0245902
0	0.0737705
0	0.057377
0	0.0327869
0	0.057377
0	0.0245902
0	0.0819672
0	0.057377
0	0.0245902
0	0.0327869
0	0.0737705
0	1
0	0.0327869
0	0.0327869
0	0.0491803
0	0.131148
0	0.0163934
0	0.0163934
0	1
0	0.0163934
0	0.0163934
0	0.0163934
0	0.0245902
0	0.0655738
0	0.0327869
0	0.0163934
0	1
0	0.0163934
0	0.0245902
0	0.057377
0	0.0655738
0	0.0163934
0	0.0655738
0	0.0737705
0	0.0327869
0	0.0163934
0	0.0245902
0	0.0163934
0	0.0655738
0	0.057377


