# Persistence diagram <GML/0878.gml>
#
# Dimension   : 0
# Entries     : 379
# Betti number: 2
0	inf
0	1
0	1
0	1
0	1
0	1
0	0.0339806
0	1
0	0.038835
0	1
0	0.0631068
0	0.0825243
0	1
0	0.038835
0	1
0	1
0	0.0631068
0	0.0339806
0	0.0339806
0	1
0	0.0339806
0	1
0	1
0	1
0	0.0825243
0	0.0339806
0	0.0339806
0	0.0291262
0	0.0485437
0	0.0194175
0	0.0339806
0	1
0	1
0	0.0339806
0	0.038835
0	1
0	1
0	0.0631068
0	0.0291262
0	1
0	1
0	0.038835
0	inf
0	0.0291262
0	0.0485437
0	1
0	0.00970874
0	0.00970874
0	1
0	0.0145631
0	0.0339806
0	0.0631068
0	0.0242718
0	0.0242718
0	1
0	1
0	0.0145631
0	0.0485437
0	1
0	1
0	1
0	0.0291262
0	1
0	1
0	0.0291262
0	0.0339806
0	0.0339806
0	0.0194175
0	1
0	0.038835
0	0.0339806
0	0.0242718
0	1
0	1
0	1
0	0.0291262
0	0.0194175
0	1
0	1
0	1
0	0.0485437
0	1
0	0.0242718
0	0.0485437
0	1
0	0.0194175
0	1
0	0.0242718
0	0.038835
0	0.0291262
0	1
0	0.038835
0	0.0339806
0	0.00970874
0	0.00970874
0	0.0339806
0	1
0	0.0291262
0	0.0291262
0	0.0825243
0	0.0339806
0	0.038835
0	0.0242718
0	1
0	1
0	1
0	1
0	0.0485437
0	1
0	0.0194175
0	1
0	0.0242718
0	1
0	1
0	0.0485437
0	0.00970874
0	1
0	1
0	1
0	1
0	1
0	0.00970874
0	1
0	0.0631068
0	1
0	0.0631068
0	1
0	1
0	1
0	1
0	0.0194175
0	1
0	1
0	0.0825243
0	0.0242718
0	1
0	0.0194175
0	0.0194175
0	1
0	1
0	0.00970874
0	1
0	0.00970874
0	1
0	0.00970874
0	0.0631068
0	0.0194175
0	1
0	0.0194175
0	1
0	1
0	0.0291262
0	1
0	0.0194175
0	1
0	0.0339806
0	0.0339806
0	1
0	0.0194175
0	0.0194175
0	0.00970874
0	0.038835
0	0.0145631
0	0.0194175
0	0.0825243
0	1
0	0.0291262
0	0.0194175
0	1
0	0.0194175
0	0.0339806
0	1
0	0.0194175
0	0.00970874
0	1
0	1
0	0.0339806
0	1
0	0.0242718
0	0.038835
0	1
0	1
0	0.0631068
0	0.0631068
0	1
0	1
0	1
0	1
0	1
0	0.0145631
0	1
0	1
0	0.0145631
0	0.0291262
0	1
0	0.0291262
0	0.038835
0	1
0	1
0	0.0194175
0	0.00970874
0	1
0	1
0	0.038835
0	0.0825243
0	1
0	0.0194175
0	0.0339806
0	0.0339806
0	0.0631068
0	0.0291262
0	1
0	1
0	1
0	1
0	0.0339806
0	0.0194175
0	1
0	1
0	1
0	1
0	1
0	0.0194175
0	1
0	1
0	1
0	0.0145631
0	1
0	0.0291262
0	1
0	1
0	0.0194175
0	0.0291262
0	0.0145631
0	0.0145631
0	1
0	1
0	1
0	1
0	1
0	1
0	1
0	0.00970874
0	0.0291262
0	1
0	1
0	1
0	0.0339806
0	1
0	1
0	0.0242718
0	1
0	0.00970874
0	0.00970874
0	0.0145631
0	0.00970874
0	0.00970874
0	1
0	0.0825243
0	1
0	1
0	0.0145631
0	0.0631068
0	0.00970874
0	1
0	0.0145631
0	0.0485437
0	1
0	0.0291262
0	0.0194175
0	1
0	1
0	1
0	0.0194175
0	1
0	1
0	1
0	0.0339806
0	0.0194175
0	0.0485437
0	0.0631068
0	1
0	0.0194175
0	0.0194175
0	0.00970874
0	1
0	1
0	0.0291262
0	1
0	0.0825243
0	1
0	1
0	1
0	0.0145631
0	0.0825243
0	0.0145631
0	0.0825243
0	0.0485437
0	0.00970874
0	1
0	0.0194175
0	0.0242718
0	0.0145631
0	0.0194175
0	0.00970874
0	0.0339806
0	1
0	0.00970874
0	1
0	0.0825243
0	0.0145631
0	0.0145631
0	0.0291262
0	1
0	1
0	1
0	1
0	0.0145631
0	0.038835
0	0.0145631
0	0.038835
0	1
0	0.0194175
0	1
0	0.0194175
0	1
0	0.00485437
0	1
0	0.0145631
0	1
0	1
0	0.0242718
0	1
0	1
0	1
0	0.0291262
0	0.00970874
0	1
0	1
0	1
0	0.0825243
0	0.0194175
0	1
0	0.00970874
0	0.0242718
0	1
0	0.0194175
0	0.0485437
0	0.0194175
0	1
0	0.0145631
0	0.0291262
0	0.0291262
0	0.00970874
0	1
0	1
0	0.0485437
0	1
0	0.0194175
0	0.0242718
0	0.0291262
0	0.0291262
0	1
0	0.00970874
0	0.0339806
0	1
0	0.0242718
0	0.0194175
0	0.00970874
0	0.0242718
0	0.0145631
0	0.0145631
0	1
0	1
0	0.0291262
0	1
0	0.0291262
0	1
0	0.0291262


