# Persistence diagram <GML/0886.gml>
#
# Dimension   : 0
# Entries     : 406
# Betti number: 1
0	inf
0	1
0	0.201754
0	0.201754
0	0.0877193
0	0.0877193
0	1
0	0.0789474
0	0.0789474
0	0.0614035
0	0.0438596
0	1
0	0.0789474
0	0.201754
0	0.201754
0	1
0	0.105263
0	0.0701754
0	0.0614035
0	0.175439
0	1
0	0.0701754
0	0.0701754
0	1
0	0.0701754
0	0.175439
0	0.0614035
0	0.0614035
0	0.0701754
0	0.0350877
0	0.105263
0	0.0701754
0	0.0350877
0	0.0877193
0	0.0526316
0	1
0	0.114035
0	0.0701754
0	0.0438596
0	1
0	0.0526316
0	0.0438596
0	0.0263158
0	1
0	0.0438596
0	0.0526316
0	0.0526316
0	1
0	0.0438596
0	0.0438596
0	1
0	0.0526316
0	0.0614035
0	1
0	0.175439
0	0.0701754
0	1
0	1
0	0.105263
0	0.0701754
0	0.0877193
0	0.0438596
0	0.0526316
0	0.0350877
0	0.0175439
0	0.0263158
0	0.0350877
0	0.0526316
0	0.0701754
0	1
0	1
0	0.201754
0	0.0877193
0	0.201754
0	0.0526316
0	0.0438596
0	0.0614035
0	0.114035
0	0.0526316
0	0.0350877
0	1
0	0.175439
0	1
0	1
0	0.0350877
0	0.0526316
0	0.105263
0	0.0350877
0	0.0350877
0	1
0	0.0263158
0	0.0438596
0	0.0701754
0	0.0701754
0	0.0438596
0	0.0526316
0	0.0438596
0	0.0701754
0	0.0526316
0	0.0614035
0	0.0438596
0	1
0	1
0	0.175439
0	0.0263158
0	0.0263158
0	0.0526316
0	0.0350877
0	0.0175439
0	0.0438596
0	0.0350877
0	0.0526316
0	0.0701754
0	0.0526316
0	1
0	1
0	0.0526316
0	0.0263158
0	0.0877193
0	0.114035
0	0.114035
0	0.0263158
0	0.0877193
0	1
0	1
0	0.0438596
0	0.0350877
0	0.114035
0	0.0789474
0	0.0350877
0	0.0877193
0	0.0263158
0	0.0438596
0	0.0175439
0	0.0263158
0	1
0	0.0175439
0	0.105263
0	0.0350877
0	0.0526316
0	0.0526316
0	0.0175439
0	1
0	0.0526316
0	1
0	0.0350877
0	1
0	0.0438596
0	1
0	0.0175439
0	0.0438596
0	0.0350877
0	0.0526316
0	0.0614035
0	0.0526316
0	1
0	0.0438596
0	0.0350877
0	0.0175439
0	1
0	0.0263158
0	0.175439
0	0.0263158
0	1
0	0.0438596
0	1
0	0.0526316
0	0.0614035
0	1
0	0.0614035
0	0.0438596
0	0.0263158
0	1
0	1
0	0.0175439
0	0.0175439
0	0.0175439
0	0.0526316
0	0.0175439
0	0.0438596
0	0.0350877
0	0.0877193
0	0.0175439
0	1
0	0.0526316
0	0.0350877
0	1
0	1
0	0.0614035
0	0.0350877
0	0.0877193
0	0.175439
0	0.0263158
0	0.0263158
0	1
0	0.0614035
0	0.0263158
0	1
0	0.0438596
0	0.0526316
0	0.0175439
0	0.0526316
0	1
0	0.0350877
0	0.0526316
0	0.0701754
0	0.0614035
0	1
0	0.0789474
0	0.0263158
0	1
0	0.0175439
0	0.114035
0	0.0701754
0	0.0526316
0	1
0	0.0263158
0	0.0701754
0	0.0175439
0	1
0	0.0438596
0	0.0614035
0	0.0526316
0	0.0350877
0	0.0175439
0	1
0	1
0	0.0175439
0	0.0175439
0	0.201754
0	0.0614035
0	1
0	1
0	0.0877193
0	0.0438596
0	0.0701754
0	0.0438596
0	0.0350877
0	0.201754
0	0.0175439
0	0.0701754
0	0.0263158
0	0.0263158
0	0.105263
0	0.114035
0	0.0175439
0	0.201754
0	0.0438596
0	1
0	1
0	0.0438596
0	0.0789474
0	0.0526316
0	0.0614035
0	0.0350877
0	0.0614035
0	0.0350877
0	1
0	0.0175439
0	0.0263158
0	0.0438596
0	0.0438596
0	0.0350877
0	0.0614035
0	0.175439
0	1
0	0.0701754
0	0.0350877
0	0.201754
0	0.0877193
0	0.0877193
0	0.105263
0	1
0	0.0701754
0	1
0	0.114035
0	0.201754
0	1
0	0.0263158
0	0.0175439
0	0.0263158
0	0.0263158
0	0.0877193
0	0.0438596
0	0.0175439
0	1
0	0.0526316
0	0.201754
0	0.0526316
0	0.0263158
0	0.0175439
0	0.0614035
0	0.0175439
0	0.0350877
0	0.0263158
0	1
0	0.0263158
0	1
0	0.0175439
0	0.0263158
0	0.0526316
0	0.175439
0	0.0877193
0	0.0614035
0	0.0263158
0	0.0701754
0	1
0	0.105263
0	0.0175439
0	1
0	0.0877193
0	0.0350877
0	0.0263158
0	1
0	0.0263158
0	0.0175439
0	0.0175439
0	1
0	0.0526316
0	0.0438596
0	0.0438596
0	0.0263158
0	0.0526316
0	0.0175439
0	0.0526316
0	0.0263158
0	0.0263158
0	0.0263158
0	1
0	1
0	0.0526316
0	0.0526316
0	0.0438596
0	0.0438596
0	0.0350877
0	0.0175439
0	0.0175439
0	0.0438596
0	0.114035
0	0.0263158
0	0.201754
0	0.0175439
0	1
0	0.0877193
0	0.0701754
0	0.175439
0	1
0	0.0438596
0	0.0350877
0	0.0175439
0	0.0614035
0	0.0350877
0	0.0263158
0	0.0175439
0	1
0	1
0	0.0350877
0	0.0526316
0	0.0175439
0	1
0	1
0	0.0350877
0	0.105263
0	0.0263158
0	0.0263158
0	1
0	0.114035
0	0.175439
0	0.0175439
0	0.0614035
0	0.0263158
0	0.0175439
0	0.175439
0	0.0175439
0	0.201754
0	0.0263158
0	0.0175439
0	0.0175439
0	0.0175439
0	1
0	0.0175439
0	0.0175439
0	1
0	0.0526316
0	0.0263158
0	0.0350877
0	0.0263158
0	0.0438596
0	0.0701754
0	0.0263158
0	0.0438596
0	0.0263158
0	0.0789474
0	0.0175439
0	1
0	1
0	0.0438596
0	0.0263158
0	0.0175439
0	0.0789474
0	1
0	0.0175439
0	1
0	0.0175439
0	0.0263158
0	0.0350877


