# Persistence diagram <GML/0890.gml>
#
# Dimension   : 0
# Entries     : 426
# Betti number: 1
0	inf
0	1
0	1
0	1
0	0.215385
0	1
0	0.215385
0	0.215385
0	0.215385
0	1
0	0.0461538
0	0.0615385
0	0.0461538
0	0.215385
0	1
0	0.215385
0	0.0230769
0	0.0307692
0	1
0	0.215385
0	0.0384615
0	0.0230769
0	0.0384615
0	1
0	1
0	0.215385
0	0.0461538
0	1
0	1
0	0.0461538
0	0.0384615
0	1
0	1
0	0.0230769
0	0.0461538
0	1
0	0.0307692
0	0.0307692
0	0.215385
0	0.0461538
0	1
0	0.0307692
0	0.107692
0	0.0384615
0	0.0461538
0	0.0384615
0	0.0307692
0	0.0769231
0	0.0307692
0	0.0384615
0	1
0	0.0230769
0	0.0307692
0	1
0	1
0	1
0	0.0461538
0	0.0307692
0	1
0	0.107692
0	0.215385
0	0.0615385
0	0.215385
0	0.0230769
0	1
0	0.0307692
0	0.0307692
0	0.0307692
0	0.0307692
0	0.0307692
0	0.0307692
0	0.0615385
0	0.0307692
0	0.0384615
0	1
0	0.215385
0	0.0769231
0	1
0	0.215385
0	1
0	1
0	1
0	0.0307692
0	0.0307692
0	0.0307692
0	1
0	0.0461538
0	0.0153846
0	1
0	0.0461538
0	0.0230769
0	1
0	0.0307692
0	0.0307692
0	0.0230769
0	0.0307692
0	0.107692
0	0.0153846
0	0.0307692
0	0.0230769
0	0.0230769
0	1
0	0.0230769
0	0.0153846
0	0.0307692
0	0.107692
0	0.0307692
0	0.0307692
0	0.107692
0	1
0	1
0	1
0	0.0384615
0	0.0307692
0	0.0307692
0	0.0384615
0	0.0307692
0	0.0461538
0	1
0	0.0153846
0	1
0	0.0307692
0	0.0461538
0	1
0	0.0384615
0	0.215385
0	1
0	0.0307692
0	1
0	0.0384615
0	0.0153846
0	0.0461538
0	0.0384615
0	0.0461538
0	0.0307692
0	0.0307692
0	0.0307692
0	1
0	0.0153846
0	0.0461538
0	1
0	0.0307692
0	1
0	0.0230769
0	0.0307692
0	0.0461538
0	0.0307692
0	0.107692
0	0.0230769
0	0.0307692
0	0.0461538
0	1
0	1
0	0.0230769
0	0.0230769
0	0.215385
0	0.0461538
0	0.107692
0	0.0461538
0	0.0307692
0	0.0153846
0	0.0230769
0	0.0307692
0	1
0	0.0230769
0	0.0153846
0	0.0307692
0	0.0230769
0	0.0384615
0	0.0461538
0	0.0307692
0	0.0307692
0	0.0384615
0	1
0	0.0307692
0	0.0461538
0	0.0307692
0	0.0307692
0	1
0	0.0769231
0	1
0	0.0384615
0	0.0307692
0	1
0	0.0307692
0	0.0461538
0	0.0153846
0	0.0307692
0	0.0307692
0	0.0153846
0	0.0384615
0	0.0230769
0	1
0	1
0	0.0384615
0	0.0384615
0	0.0307692
0	1
0	1
0	0.0307692
0	0.107692
0	0.0384615
0	0.0230769
0	1
0	0.0307692
0	1
0	0.0153846
0	0.0307692
0	0.0230769
0	0.0384615
0	0.0307692
0	0.0230769
0	0.0769231
0	0.0461538
0	0.107692
0	0.0153846
0	0.0307692
0	1
0	0.0307692
0	1
0	0.0230769
0	0.0153846
0	1
0	0.0230769
0	0.0769231
0	1
0	0.0153846
0	0.0153846
0	1
0	1
0	1
0	0.0230769
0	0.0461538
0	0.0461538
0	0.0230769
0	1
0	0.0230769
0	0.215385
0	0.0384615
0	0.0230769
0	0.0769231
0	0.0230769
0	0.0307692
0	0.0153846
0	0.0461538
0	0.107692
0	1
0	0.0153846
0	1
0	0.107692
0	0.0230769
0	0.0153846
0	0.215385
0	1
0	0.0384615
0	0.0230769
0	0.0461538
0	0.0461538
0	0.0307692
0	0.0230769
0	0.0384615
0	0.0230769
0	0.0153846
0	0.0461538
0	0.0153846
0	0.0153846
0	0.0230769
0	0.0307692
0	1
0	1
0	0.0384615
0	1
0	0.0384615
0	1
0	0.0384615
0	0.0153846
0	1
0	0.0230769
0	1
0	0.0230769
0	0.0384615
0	1
0	0.0153846
0	0.0153846
0	0.0230769
0	0.0230769
0	0.0461538
0	0.0384615
0	0.215385
0	0.0615385
0	0.0230769
0	0.107692
0	0.0307692
0	0.0230769
0	1
0	1
0	0.0153846
0	0.0307692
0	0.0384615
0	0.0769231
0	0.0307692
0	0.0307692
0	0.0384615
0	0.0384615
0	1
0	1
0	0.107692
0	0.0153846
0	0.0153846
0	1
0	0.0461538
0	0.215385
0	0.0307692
0	0.0307692
0	0.0615385
0	1
0	0.0615385
0	0.0461538
0	0.0307692
0	0.0307692
0	0.0461538
0	0.0461538
0	0.0153846
0	0.0769231
0	0.0153846
0	0.0230769
0	0.0461538
0	0.0153846
0	0.0153846
0	0.0230769
0	0.0153846
0	0.0153846
0	0.0153846
0	0.0307692
0	0.0307692
0	1
0	0.0384615
0	1
0	0.0307692
0	0.0153846
0	0.215385
0	0.0230769
0	0.0384615
0	0.0307692
0	0.0384615
0	0.0153846
0	0.0307692
0	1
0	0.0153846
0	0.0384615
0	0.0153846
0	0.0307692
0	0.0230769
0	0.0153846
0	0.0384615
0	0.0230769
0	0.0615385
0	0.0230769
0	0.0153846
0	0.0153846
0	0.0230769
0	1
0	0.0307692
0	0.0307692
0	0.0153846
0	0.215385
0	0.0461538
0	0.0153846
0	0.0153846
0	1
0	0.0307692
0	0.0230769
0	0.0307692
0	0.0153846
0	0.0769231
0	0.0307692
0	0.0307692
0	0.0307692
0	0.0230769
0	1
0	1
0	0.0307692
0	0.0615385
0	1
0	1
0	0.0307692
0	0.0307692
0	1
0	0.0230769
0	1
0	0.0384615
0	0.0230769
0	0.0230769
0	0.0230769
0	0.0384615
0	0.0230769
0	0.0153846
0	1
0	0.0230769
0	0.0307692
0	0.0153846
0	1
0	0.0153846
0	0.0230769
0	0.0461538
0	0.0307692
0	0.0153846
0	0.0307692
0	0.0153846
0	1
0	0.0230769
0	1
0	0.0384615
0	0.0461538
0	0.0153846
0	1
0	1
0	0.0461538
0	0.0230769
0	1
0	0.0384615
0	0.0230769
0	0.0230769
0	0.0153846
0	1
0	0.0153846


