# Persistence diagram <GML/0892.gml>
#
# Dimension   : 0
# Entries     : 369
# Betti number: 2
0	inf
0	0.22973
0	0.22973
0	0.324324
0	0.108108
0	0.22973
0	0.148649
0	0.121622
0	0.135135
0	0.324324
0	0.162162
0	0.202703
0	1
0	0.121622
0	1
0	0.135135
0	0.148649
0	0.108108
0	0.189189
0	0.0945946
0	0.324324
0	0.0945946
0	0.148649
0	0.0945946
0	0.148649
0	0.0945946
0	0.121622
0	0.121622
0	0.0540541
0	1
0	0.0405405
0	0.0810811
0	0.162162
0	0.0945946
0	1
0	0.108108
0	0.027027
0	1
0	0.0540541
0	0.0810811
0	0.0810811
0	0.148649
0	0.027027
0	0.0810811
0	0.0540541
0	0.148649
0	0.121622
0	0.121622
0	0.0945946
0	1
0	0.0540541
0	0.0540541
0	0.0945946
0	0.0945946
0	0.0945946
0	0.189189
0	0.0405405
0	0.121622
0	0.121622
0	0.135135
0	0.0810811
0	0.324324
0	0.324324
0	0.108108
0	0.22973
0	0.0810811
0	0.0675676
0	0.0945946
0	0.027027
0	0.202703
0	0.027027
0	0.0810811
0	0.0675676
0	1
0	0.027027
0	0.162162
0	0.162162
0	0.0405405
0	0.22973
0	0.324324
0	0.121622
0	0.0945946
0	0.22973
0	0.108108
0	0.148649
0	0.0945946
0	0.121622
0	0.0945946
0	1
0	0.0675676
0	0.027027
0	0.135135
0	0.189189
0	0.0540541
0	1
0	0.0405405
0	0.0675676
0	0.0675676
0	0.0675676
0	0.0810811
0	0.0945946
0	0.0405405
0	1
0	1
0	0.0405405
0	0.0540541
0	0.121622
0	0.162162
0	0.121622
0	0.22973
0	0.0810811
0	0.027027
0	0.189189
0	0.0405405
0	0.0810811
0	0.148649
0	0.0810811
0	0.324324
0	0.189189
0	0.0675676
0	0.0810811
0	1
0	0.121622
0	0.0675676
0	0.0810811
0	0.0675676
0	0.121622
0	1
0	0.027027
0	0.0405405
0	0.0540541
0	1
0	0.0675676
0	0.0810811
0	0.0405405
0	0.0540541
0	0.0675676
0	0.0540541
0	0.148649
0	0.108108
0	0.027027
0	inf
0	0.202703
0	0.0405405
0	0.22973
0	0.0675676
0	0.0675676
0	0.108108
0	1
0	0.189189
0	1
0	0.148649
0	0.121622
0	0.121622
0	0.0405405
0	0.0945946
0	0.135135
0	0.0675676
0	0.0810811
0	0.0810811
0	0.0675676
0	0.0540541
0	0.121622
0	0.0945946
0	0.0945946
0	0.0675676
0	0.0540541
0	0.027027
0	0.027027
0	0.0405405
0	0.108108
0	0.108108
0	0.0405405
0	0.121622
0	0.0540541
0	0.162162
0	0.0810811
0	0.027027
0	0.0810811
0	0.202703
0	0.189189
0	0.121622
0	0.0540541
0	0.027027
0	0.027027
0	0.148649
0	1
0	0.22973
0	0.0405405
0	0.121622
0	0.027027
0	0.027027
0	0.0540541
0	1
0	0.0810811
0	0.0405405
0	0.0405405
0	0.324324
0	0.027027
0	0.027027
0	0.148649
0	0.0810811
0	0.0405405
0	0.0945946
0	1
0	0.0675676
0	0.0405405
0	0.202703
0	0.202703
0	0.121622
0	0.0810811
0	0.0675676
0	0.202703
0	0.0405405
0	0.027027
0	0.0675676
0	0.121622
0	0.0675676
0	0.22973
0	0.0675676
0	0.027027
0	0.0540541
0	0.0675676
0	0.121622
0	1
0	0.0540541
0	0.0540541
0	0.0540541
0	0.0540541
0	0.0405405
0	0.22973
0	0.0540541
0	0.121622
0	0.027027
0	0.0135135
0	1
0	0.148649
0	0.108108
0	0.0405405
0	0.0675676
0	0.0405405
0	1
0	0.121622
0	0.162162
0	0.22973
0	0.0540541
0	0.027027
0	0.027027
0	0.0675676
0	0.027027
0	1
0	1
0	0.0405405
0	0.0540541
0	0.148649
0	0.162162
0	0.027027
0	0.0675676
0	0.0810811
0	0.108108
0	0.202703
0	0.0675676
0	0.0675676
0	1
0	1
0	0.121622
0	0.027027
0	0.22973
0	0.0540541
0	0.0405405
0	0.189189
0	0.202703
0	0.0810811
0	0.121622
0	0.148649
0	0.027027
0	0.0405405
0	0.027027
0	0.027027
0	0.027027
0	0.0675676
0	0.0405405
0	0.027027
0	0.148649
0	0.0540541
0	0.0675676
0	0.027027
0	0.0675676
0	0.0945946
0	0.121622
0	0.0540541
0	0.0405405
0	0.0405405
0	0.202703
0	0.0405405
0	0.027027
0	0.027027
0	0.0405405
0	0.148649
0	0.0540541
0	0.027027
0	0.0945946
0	0.108108
0	0.027027
0	0.027027
0	0.027027
0	0.22973
0	0.22973
0	0.0405405
0	0.0405405
0	0.0405405
0	0.0540541
0	0.162162
0	0.0540541
0	0.0945946
0	0.202703
0	1
0	0.0405405
0	0.121622
0	0.135135
0	0.027027
0	1
0	0.189189
0	0.135135
0	1
0	0.0810811
0	0.0405405
0	0.121622
0	0.108108
0	0.0405405
0	1
0	0.0945946
0	0.027027
0	0.0540541
0	0.0675676
0	0.0810811
0	0.0540541
0	0.027027
0	0.0675676
0	0.027027
0	0.0810811
0	0.0675676
0	0.121622
0	0.027027
0	0.0540541
0	0.0405405
0	0.0540541
0	0.0540541
0	0.027027
0	0.0810811
0	0.0405405
0	0.0945946
0	0.0675676
0	0.0540541
0	1
0	0.0810811
0	0.0405405
0	0.0945946
0	0.162162
0	0.108108
0	0.0405405
0	0.0405405
0	0.0945946
0	0.027027
0	1
0	0.0540541
0	0.027027
0	0.027027
0	0.0945946


