# Persistence diagram <GML/0902.gml>
#
# Dimension   : 0
# Entries     : 406
# Betti number: 1
0	inf
0	0.236364
0	1
0	1
0	0.472727
0	0.218182
0	1
0	0.218182
0	1
0	0.218182
0	0.218182
0	0.236364
0	0.472727
0	0.0727273
0	0.236364
0	0.145455
0	0.109091
0	0.0727273
0	0.0909091
0	0.218182
0	0.163636
0	1
0	0.0909091
0	0.0909091
0	1
0	0.0727273
0	0.0909091
0	0.218182
0	0.0909091
0	0.127273
0	1
0	0.0909091
0	0.0727273
0	0.0727273
0	0.0545455
0	0.109091
0	0.145455
0	1
0	0.0909091
0	0.0545455
0	0.236364
0	0.127273
0	0.0727273
0	0.127273
0	0.109091
0	0.0545455
0	0.0909091
0	0.145455
0	0.163636
0	0.0545455
0	0.0545455
0	0.0727273
0	0.272727
0	1
0	1
0	0.0545455
0	0.0545455
0	0.218182
0	1
0	0.0727273
0	0.472727
0	0.109091
0	1
0	0.0363636
0	0.0363636
0	0.0909091
0	0.218182
0	0.0909091
0	0.0727273
0	0.472727
0	0.127273
0	1
0	0.109091
0	1
0	0.0545455
0	0.145455
0	0.0363636
0	0.0545455
0	0.0545455
0	0.218182
0	0.127273
0	0.472727
0	0.109091
0	0.0727273
0	0.0909091
0	0.0363636
0	0.0545455
0	0.127273
0	1
0	0.0545455
0	0.0909091
0	0.0545455
0	0.0545455
0	0.0363636
0	0.472727
0	0.0545455
0	0.145455
0	0.163636
0	0.0545455
0	0.472727
0	0.0363636
0	0.0545455
0	1
0	1
0	1
0	0.0727273
0	0.0727273
0	0.0545455
0	0.163636
0	0.0909091
0	0.0727273
0	0.109091
0	1
0	0.109091
0	0.0727273
0	0.0909091
0	0.236364
0	0.163636
0	0.272727
0	0.0727273
0	0.0909091
0	0.0909091
0	0.0545455
0	0.109091
0	0.0545455
0	0.0545455
0	0.0727273
0	0.472727
0	0.0545455
0	0.0727273
0	0.0363636
0	0.0545455
0	0.127273
0	0.236364
0	1
0	0.0545455
0	0.0727273
0	0.0545455
0	0.145455
0	0.0909091
0	0.0727273
0	0.0545455
0	0.218182
0	0.0727273
0	0.0363636
0	0.127273
0	0.0909091
0	0.0363636
0	0.163636
0	0.0363636
0	0.0727273
0	0.272727
0	0.0727273
0	0.0545455
0	0.218182
0	0.127273
0	0.0363636
0	0.0909091
0	0.127273
0	0.0545455
0	0.0909091
0	0.0363636
0	0.0545455
0	0.0545455
0	1
0	0.472727
0	0.0545455
0	0.0727273
0	0.0545455
0	0.0727273
0	0.272727
0	1
0	0.0363636
0	0.109091
0	0.0727273
0	0.272727
0	1
0	0.0909091
0	0.109091
0	0.127273
0	0.0545455
0	0.472727
0	0.0909091
0	0.0545455
0	0.472727
0	0.0727273
0	0.0727273
0	0.0363636
0	0.0545455
0	0.127273
0	1
0	1
0	0.0545455
0	1
0	0.0727273
0	0.218182
0	0.127273
0	0.0727273
0	0.0363636
0	0.0545455
0	0.0363636
0	1
0	0.0545455
0	1
0	0.0363636
0	0.0545455
0	0.0545455
0	0.0545455
0	1
0	0.0727273
0	0.218182
0	1
0	0.0545455
0	0.236364
0	0.0727273
0	0.0363636
0	1
0	0.0363636
0	0.0545455
0	0.0727273
0	0.0363636
0	0.272727
0	0.163636
0	0.0363636
0	0.0363636
0	0.0727273
0	0.0909091
0	0.0727273
0	0.127273
0	0.0363636
0	0.0727273
0	0.127273
0	0.472727
0	0.0727273
0	0.0727273
0	0.0545455
0	0.0727273
0	0.0545455
0	0.0545455
0	0.0545455
0	0.0727273
0	0.109091
0	0.0727273
0	0.0545455
0	0.0545455
0	0.218182
0	0.0727273
0	0.0727273
0	1
0	0.0727273
0	0.236364
0	0.236364
0	1
0	0.0909091
0	0.0545455
0	0.109091
0	0.0363636
0	0.109091
0	0.0545455
0	0.0727273
0	0.0727273
0	0.0545455
0	0.127273
0	0.0545455
0	0.163636
0	0.0545455
0	0.0727273
0	0.0909091
0	0.0363636
0	0.0545455
0	0.0363636
0	0.0545455
0	0.0363636
0	0.0545455
0	0.0363636
0	0.0363636
0	0.0545455
0	0.218182
0	0.0363636
0	0.0909091
0	0.472727
0	0.127273
0	0.0363636
0	0.0909091
0	0.0363636
0	0.0545455
0	0.0545455
0	0.218182
0	0.472727
0	0.0545455
0	0.0545455
0	0.109091
0	0.218182
0	0.218182
0	1
0	0.0727273
0	0.127273
0	0.0727273
0	0.0363636
0	0.145455
0	0.0727273
0	0.0909091
0	1
0	0.0909091
0	0.0545455
0	0.0909091
0	0.109091
0	1
0	0.0363636
0	0.0545455
0	0.0545455
0	0.0727273
0	0.0363636
0	0.0545455
0	0.0363636
0	0.127273
0	0.0727273
0	0.0545455
0	0.0545455
0	0.127273
0	1
0	0.0363636
0	0.0363636
0	0.0909091
0	0.0545455
0	0.0727273
0	0.0545455
0	0.0727273
0	0.0363636
0	0.127273
0	0.109091
0	0.0545455
0	0.0363636
0	0.0363636
0	0.0545455
0	0.0545455
0	0.0545455
0	1
0	0.218182
0	0.0545455
0	0.0363636
0	0.0363636
0	0.0909091
0	0.0727273
0	0.0545455
0	0.218182
0	0.0909091
0	0.0909091
0	0.472727
0	1
0	0.0727273
0	0.0545455
0	0.127273
0	1
0	0.0363636
0	0.0727273
0	0.0545455
0	0.0909091
0	0.0363636
0	0.0727273
0	0.0909091
0	0.0545455
0	1
0	0.0909091
0	0.0727273
0	0.0909091
0	0.0545455
0	0.0363636
0	0.145455
0	0.0727273
0	0.0545455
0	0.0545455
0	1
0	0.0909091
0	0.0363636
0	0.236364
0	0.0363636
0	0.0363636
0	0.0363636
0	0.0363636
0	0.0909091
0	0.0545455
0	0.0909091
0	0.0363636
0	0.0545455
0	0.0909091
0	0.0363636
0	0.0363636
0	0.0545455
0	0.0363636
0	0.0727273
0	0.0727273
0	0.0363636
0	0.0545455
0	0.0363636
0	0.0363636
0	0.218182
0	0.0727273
0	0.0545455
0	0.109091
0	0.0363636
0	0.0909091
0	0.0727273
0	0.127273
0	0.0909091
0	0.0727273


