# Persistence diagram <GML/0905.gml>
#
# Dimension   : 0
# Entries     : 427
# Betti number: 3
0	inf
0	1
0	1
0	0.0551181
0	0.0551181
0	1
0	1
0	0.0472441
0	0.102362
0	1
0	0.0787402
0	1
0	1
0	0.0708661
0	0.0314961
0	0.015748
0	0.102362
0	0.0787402
0	1
0	1
0	1
0	0.0393701
0	0.0551181
0	1
0	1
0	1
0	1
0	1
0	0.0629921
0	0.0472441
0	0.0629921
0	1
0	0.0314961
0	1
0	0.0314961
0	0.0314961
0	0.0708661
0	0.0629921
0	0.0551181
0	0.015748
0	0.0708661
0	1
0	0.0393701
0	1
0	0.0393701
0	0.0551181
0	1
0	0.0472441
0	1
0	0.0393701
0	1
0	1
0	0.0314961
0	0.0472441
0	0.0393701
0	1
0	0.015748
0	0.0551181
0	0.023622
0	0.0393701
0	0.0708661
0	0.0393701
0	0.0393701
0	0.0708661
0	1
0	1
0	0.0393701
0	inf
0	1
0	0.0393701
0	0.0314961
0	0.0393701
0	1
0	0.0314961
0	0.023622
0	0.0314961
0	1
0	0.015748
0	1
0	1
0	1
0	1
0	0.0314961
0	1
0	0.023622
0	0.0629921
0	0.0472441
0	1
0	0.023622
0	0.023622
0	0.0629921
0	0.023622
0	0.0393701
0	0.0472441
0	0.0551181
0	0.0472441
0	1
0	1
0	0.0472441
0	0.0314961
0	0.0314961
0	1
0	0.0629921
0	0.0472441
0	0.0393701
0	0.015748
0	0.015748
0	0.0314961
0	0.015748
0	1
0	0.102362
0	0.0629921
0	0.0393701
0	1
0	0.0472441
0	0.0393701
0	0.0472441
0	0.0393701
0	0.023622
0	0.0314961
0	0.0472441
0	0.015748
0	0.0629921
0	1
0	0.0314961
0	1
0	0.0708661
0	0.0551181
0	1
0	0.0629921
0	0.015748
0	0.0551181
0	0.023622
0	0.023622
0	0.0629921
0	1
0	1
0	1
0	0.0314961
0	1
0	0.0314961
0	1
0	1
0	0.0551181
0	1
0	0.015748
0	0.0314961
0	1
0	0.023622
0	0.023622
0	0.0314961
0	0.0314961
0	0.0629921
0	1
0	0.0314961
0	0.015748
0	0.023622
0	0.015748
0	0.102362
0	1
0	1
0	0.0393701
0	1
0	0.0314961
0	0.0314961
0	0.0708661
0	0.023622
0	0.023622
0	0.0314961
0	0.102362
0	0.023622
0	0.0314961
0	0.0314961
0	0.0393701
0	1
0	0.0629921
0	1
0	1
0	0.0551181
0	0.015748
0	1
0	0.015748
0	1
0	1
0	0.023622
0	1
0	0.0393701
0	0.0629921
0	0.0393701
0	1
0	1
0	0.0787402
0	0.015748
0	0.0787402
0	1
0	1
0	0.0393701
0	0.0314961
0	0.0314961
0	0.0314961
0	0.0393701
0	0.0629921
0	0.0551181
0	1
0	1
0	0.0472441
0	0.0393701
0	1
0	0.023622
0	0.102362
0	0.0314961
0	0.0472441
0	0.0393701
0	0.023622
0	0.015748
0	0.023622
0	0.0314961
0	0.0551181
0	0.0472441
0	0.0393701
0	0.015748
0	0.0314961
0	0.023622
0	0.0551181
0	0.023622
0	0.0314961
0	0.0472441
0	0.0393701
0	0.023622
0	0.0629921
0	0.0629921
0	0.0314961
0	0.0314961
0	0.015748
0	0.0393701
0	0.015748
0	0.023622
0	0.0472441
0	1
0	0.0314961
0	0.0393701
0	1
0	0.023622
0	1
0	0.0551181
0	0.0393701
0	0.0393701
0	0.023622
0	0.0314961
0	1
0	1
0	0.023622
0	0.0393701
0	0.015748
0	0.0472441
0	0.0629921
0	0.015748
0	0.023622
0	0.023622
0	0.0472441
0	0.023622
0	0.015748
0	0.023622
0	0.0393701
0	1
0	0.0393701
0	1
0	0.023622
0	0.0393701
0	0.015748
0	0.0314961
0	0.023622
0	1
0	1
0	0.102362
0	0.0314961
0	inf
0	0.015748
0	0.023622
0	0.015748
0	0.0551181
0	0.023622
0	0.015748
0	0.0314961
0	0.0393701
0	0.0314961
0	1
0	1
0	0.023622
0	0.015748
0	0.015748
0	0.0393701
0	0.0314961
0	1
0	0.023622
0	0.0314961
0	0.0314961
0	0.102362
0	0.0314961
0	0.0393701
0	0.0314961
0	0.015748
0	0.015748
0	0.0314961
0	0.0314961
0	0.0314961
0	1
0	0.0629921
0	0.015748
0	0.015748
0	0.015748
0	0.0314961
0	0.023622
0	0.023622
0	0.0314961
0	1
0	0.015748
0	0.0314961
0	0.015748
0	0.023622
0	0.0314961
0	0.102362
0	0.023622
0	0.023622
0	0.015748
0	1
0	1
0	0.0787402
0	0.015748
0	0.0314961
0	0.015748
0	0.0314961
0	0.015748
0	0.015748
0	0.0314961
0	0.015748
0	0.023622
0	0.015748
0	0.102362
0	1
0	0.015748
0	1
0	0.023622
0	0.023622
0	0.0393701
0	0.015748
0	1
0	0.0314961
0	0.023622
0	1
0	0.0629921
0	0.0629921
0	0.015748
0	1
0	0.015748
0	0.023622
0	0.0314961
0	0.023622
0	0.023622
0	0.0629921
0	0.023622
0	0.023622
0	1
0	0.0629921
0	0.015748
0	0.015748
0	0.015748
0	0.015748
0	0.0314961
0	0.015748
0	1
0	0.0314961
0	1
0	0.023622
0	0.015748
0	0.0629921
0	0.0787402
0	0.023622
0	0.0314961
0	0.0393701
0	1
0	0.0787402
0	0.0629921
0	0.015748
0	0.0314961
0	0.102362
0	0.015748
0	0.015748
0	0.0314961
0	0.015748
0	0.0314961
0	0.015748
0	0.0314961
0	0.0551181
0	0.015748
0	0.0314961
0	0.015748
0	0.0472441
0	0.00787402
0	1
0	0.023622
0	0.0629921
0	0.015748
0	1
0	0.0314961
0	0.0314961
0	0.015748
0	0.015748
0	0.023622
0	1
0	0.015748
0	0.015748
0	0.0314961
0	0.102362
0	0.0393701
0	0.023622
0	1
0	0.0472441
0	0.023622
0	0.0551181
0	0.015748
0	0.0787402
0	0.015748
0	0.0787402
0	0.0314961
0	1
0	0.0629921


