# Persistence diagram <GML/0914.gml>
#
# Dimension   : 0
# Entries     : 444
# Betti number: 1
0	inf
0	1
0	0.0227273
0	1
0	1
0	1
0	0.0568182
0	1
0	1
0	1
0	1
0	1
0	0.0340909
0	1
0	0.102273
0	0.136364
0	1
0	0.0909091
0	0.0909091
0	1
0	0.0568182
0	1
0	1
0	1
0	0.0568182
0	0.0454545
0	1
0	1
0	0.0568182
0	0.0681818
0	0.0568182
0	0.0340909
0	0.136364
0	0.0681818
0	1
0	0.0568182
0	0.113636
0	0.0681818
0	0.0568182
0	0.0681818
0	0.0568182
0	0.0795455
0	0.0340909
0	0.0340909
0	1
0	0.0909091
0	1
0	1
0	1
0	0.102273
0	0.0681818
0	1
0	0.136364
0	0.0681818
0	1
0	0.0340909
0	0.0340909
0	0.0909091
0	0.0340909
0	0.0568182
0	1
0	0.0340909
0	1
0	0.0568182
0	0.0795455
0	1
0	0.0681818
0	0.0340909
0	0.0568182
0	1
0	0.136364
0	0.0227273
0	0.0340909
0	0.0227273
0	1
0	0.102273
0	0.0340909
0	0.0454545
0	0.113636
0	0.0795455
0	1
0	0.0340909
0	0.0340909
0	0.0568182
0	0.0454545
0	0.0340909
0	0.0568182
0	0.0340909
0	0.0681818
0	0.0681818
0	0.0227273
0	1
0	0.0681818
0	0.0340909
0	0.0340909
0	0.0795455
0	0.0568182
0	0.0795455
0	0.0568182
0	0.0795455
0	0.0227273
0	1
0	0.0681818
0	1
0	0.0227273
0	1
0	0.113636
0	0.0227273
0	0.0340909
0	0.0454545
0	0.0795455
0	0.0340909
0	0.0340909
0	0.113636
0	0.0454545
0	0.0568182
0	1
0	0.113636
0	0.0568182
0	0.136364
0	1
0	0.0340909
0	0.0340909
0	0.0909091
0	1
0	0.0568182
0	0.0681818
0	0.0227273
0	0.0568182
0	1
0	0.0681818
0	0.0340909
0	0.0340909
0	0.113636
0	0.0454545
0	0.0227273
0	0.102273
0	0.0681818
0	0.0340909
0	0.0681818
0	0.0227273
0	0.0340909
0	0.0340909
0	0.0227273
0	0.0340909
0	0.0795455
0	0.0568182
0	0.0340909
0	0.0568182
0	0.0340909
0	0.0227273
0	0.0227273
0	0.0340909
0	1
0	0.0340909
0	0.0227273
0	0.113636
0	0.0568182
0	0.102273
0	0.0454545
0	0.0340909
0	0.0340909
0	0.0568182
0	0.0568182
0	0.0340909
0	0.0340909
0	0.0227273
0	0.0227273
0	0.0340909
0	0.0340909
0	0.0454545
0	0.0227273
0	0.136364
0	0.0340909
0	0.0681818
0	0.0227273
0	0.0909091
0	0.0454545
0	0.0568182
0	0.0227273
0	0.0340909
0	1
0	0.0568182
0	0.0227273
0	0.0681818
0	0.0568182
0	0.0454545
0	0.0454545
0	1
0	0.0227273
0	0.0909091
0	1
0	0.0909091
0	0.0340909
0	0.0454545
0	0.0340909
0	0.0340909
0	0.0340909
0	0.0340909
0	0.0227273
0	0.0227273
0	1
0	0.0568182
0	0.0340909
0	0.0227273
0	0.0568182
0	0.102273
0	0.0454545
0	0.0454545
0	0.0227273
0	0.0340909
0	0.0681818
0	0.0340909
0	0.0568182
0	0.0568182
0	1
0	0.0340909
0	0.0227273
0	0.0340909
0	0.0568182
0	0.0568182
0	0.0227273
0	0.0568182
0	0.0340909
0	0.0454545
0	0.0340909
0	0.0227273
0	0.0340909
0	0.0340909
0	0.0454545
0	1
0	0.0227273
0	0.0454545
0	0.0227273
0	0.0340909
0	0.0340909
0	0.0227273
0	0.0340909
0	0.0227273
0	0.0227273
0	0.0340909
0	1
0	0.0340909
0	0.0340909
0	0.0795455
0	0.0454545
0	0.0909091
0	1
0	0.0340909
0	0.0340909
0	1
0	0.0227273
0	0.0454545
0	0.0340909
0	0.0340909
0	0.0227273
0	0.0227273
0	0.0454545
0	0.0681818
0	0.136364
0	0.0681818
0	0.0795455
0	1
0	0.0340909
0	1
0	0.136364
0	0.0568182
0	0.0568182
0	0.0340909
0	0.0340909
0	1
0	1
0	0.0454545
0	0.0340909
0	0.0227273
0	0.0340909
0	0.0681818
0	1
0	0.0568182
0	0.0568182
0	0.0227273
0	0.136364
0	0.0340909
0	0.0681818
0	0.0909091
0	1
0	0.0454545
0	0.0340909
0	0.0340909
0	0.0340909
0	1
0	0.0340909
0	0.0340909
0	0.0227273
0	0.0227273
0	0.0227273
0	0.0340909
0	0.0340909
0	0.0227273
0	0.0340909
0	0.0340909
0	0.0568182
0	0.0340909
0	0.0227273
0	0.0227273
0	1
0	0.0340909
0	0.0340909
0	0.0454545
0	0.136364
0	0.0568182
0	1
0	0.0568182
0	0.0681818
0	0.0454545
0	0.0227273
0	0.0454545
0	0.0568182
0	0.0568182
0	0.0681818
0	0.0227273
0	0.0227273
0	1
0	0.0568182
0	0.0340909
0	0.0227273
0	0.0227273
0	1
0	1
0	0.0340909
0	0.0227273
0	0.0227273
0	0.0227273
0	0.0340909
0	0.0568182
0	0.0227273
0	0.0340909
0	0.0340909
0	0.0340909
0	0.0795455
0	0.0340909
0	0.0227273
0	0.0340909
0	0.0227273
0	0.0340909
0	0.0340909
0	0.0340909
0	0.0568182
0	0.0227273
0	0.0227273
0	0.0568182
0	0.0227273
0	1
0	0.0454545
0	0.0340909
0	0.0340909
0	1
0	0.0227273
0	0.0227273
0	0.0227273
0	0.0568182
0	0.0909091
0	0.0340909
0	0.0340909
0	0.0340909
0	0.0227273
0	0.0568182
0	0.0227273
0	0.0340909
0	0.0340909
0	0.0340909
0	0.0340909
0	0.0681818
0	0.136364
0	0.0340909
0	0.0340909
0	0.102273
0	0.0227273
0	1
0	0.0795455
0	0.0340909
0	0.0340909
0	0.0568182
0	1
0	0.0568182
0	0.0681818
0	0.0227273
0	0.0340909
0	0.0568182
0	0.0227273
0	0.0568182
0	0.0227273
0	0.0340909
0	0.0340909
0	0.0454545
0	0.0568182
0	0.0227273
0	0.0340909
0	0.0454545
0	0.0227273
0	0.0568182
0	0.0454545
0	0.0340909
0	0.0681818
0	0.0568182
0	0.0227273
0	0.0227273
0	0.0227273
0	0.0227273
0	0.0454545
0	0.0227273
0	0.0340909
0	0.0227273
0	0.0909091
0	0.0227273
0	0.0340909
0	0.0909091
0	0.0340909
0	0.0227273
0	0.0227273
0	0.0454545
0	0.0340909
0	0.0227273
0	0.0568182
0	0.0227273
0	0.0340909
0	0.0227273
0	0.102273
0	0.0227273
0	0.0227273
0	0.0340909
0	0.0340909
0	0.0340909
0	0.0681818
0	0.0340909
0	0.0340909
0	0.0227273
0	0.0340909
0	0.0227273
0	0.0568182
0	0.0340909
0	0.0454545
0	0.0795455
0	0.0909091


