# Persistence diagram <GML/0917.gml>
#
# Dimension   : 0
# Entries     : 345
# Betti number: 1
0	inf
0	1
0	0.0408163
0	0.129252
0	0.0408163
0	0.129252
0	1
0	0.0408163
0	0.047619
0	1
0	1
0	1
0	1
0	1
0	1
0	1
0	0.0884354
0	0.0408163
0	0.0544218
0	0.0408163
0	0.0612245
0	0.0408163
0	1
0	0.0340136
0	1
0	0.0340136
0	0.0408163
0	1
0	0.0340136
0	1
0	0.0612245
0	0.0340136
0	0.129252
0	0.0612245
0	0.0884354
0	1
0	0.0408163
0	1
0	1
0	0.0408163
0	1
0	0.0408163
0	0.0612245
0	0.0340136
0	0.0408163
0	1
0	0.0408163
0	1
0	1
0	0.0748299
0	0.0408163
0	0.129252
0	0.0408163
0	0.0272109
0	0.0408163
0	0.0272109
0	1
0	1
0	0.0272109
0	0.0748299
0	1
0	0.0408163
0	1
0	0.0544218
0	0.0204082
0	0.0748299
0	0.0408163
0	1
0	0.0408163
0	0.047619
0	1
0	0.0340136
0	0.0408163
0	0.0272109
0	1
0	1
0	0.0340136
0	0.0204082
0	0.0272109
0	0.0408163
0	0.0408163
0	0.0340136
0	1
0	1
0	0.0340136
0	0.0408163
0	0.0272109
0	0.0748299
0	0.0408163
0	0.0340136
0	0.0544218
0	0.0408163
0	0.0340136
0	1
0	0.0340136
0	1
0	0.0748299
0	0.0204082
0	0.0884354
0	1
0	0.0612245
0	0.0408163
0	0.0408163
0	1
0	1
0	0.0544218
0	0.0408163
0	0.0136054
0	1
0	0.0204082
0	0.0748299
0	0.0340136
0	0.0340136
0	1
0	1
0	0.0136054
0	0.0408163
0	1
0	0.0408163
0	0.0544218
0	0.047619
0	0.0408163
0	0.0340136
0	0.0204082
0	1
0	1
0	0.0204082
0	0.0340136
0	0.0272109
0	0.0340136
0	1
0	0.0204082
0	0.0204082
0	1
0	0.0408163
0	0.129252
0	0.0544218
0	1
0	0.0340136
0	0.0136054
0	1
0	0.0136054
0	0.0136054
0	1
0	1
0	0.0272109
0	0.0612245
0	0.0340136
0	0.0204082
0	0.0204082
0	0.0408163
0	0.0884354
0	0.0272109
0	1
0	0.0748299
0	0.0204082
0	0.0408163
0	0.0544218
0	0.0340136
0	0.0408163
0	1
0	0.0408163
0	0.0272109
0	0.0748299
0	0.0612245
0	1
0	1
0	0.0272109
0	0.129252
0	1
0	0.0204082
0	1
0	0.0408163
0	0.0340136
0	0.0272109
0	1
0	0.0272109
0	0.0136054
0	0.0408163
0	0.0544218
0	0.0408163
0	0.0340136
0	0.0136054
0	0.0612245
0	0.0408163
0	1
0	0.0544218
0	0.0612245
0	0.0748299
0	0.0408163
0	1
0	0.0136054
0	1
0	0.0204082
0	0.0340136
0	0.0204082
0	0.0272109
0	0.0612245
0	0.0136054
0	0.0544218
0	0.0136054
0	0.0544218
0	1
0	0.0204082
0	1
0	0.0136054
0	0.0204082
0	0.0136054
0	0.0340136
0	0.0204082
0	1
0	0.0408163
0	0.0136054
0	0.0408163
0	0.0204082
0	1
0	0.0408163
0	0.0272109
0	1
0	1
0	0.0136054
0	1
0	0.0544218
0	0.0408163
0	0.0204082
0	0.0544218
0	0.0272109
0	0.0272109
0	0.0204082
0	0.0340136
0	1
0	1
0	0.0884354
0	0.0340136
0	0.0272109
0	0.0272109
0	0.0884354
0	1
0	1
0	0.129252
0	0.0204082
0	0.0136054
0	1
0	0.0340136
0	0.129252
0	0.0340136
0	0.0340136
0	0.0272109
0	1
0	0.0340136
0	1
0	0.0340136
0	1
0	0.0340136
0	0.0408163
0	0.0408163
0	0.0136054
0	0.0612245
0	0.0748299
0	0.0204082
0	0.0272109
0	0.0748299
0	1
0	0.0340136
0	0.0136054
0	1
0	0.0340136
0	0.0408163
0	0.0136054
0	0.0136054
0	1
0	1
0	0.0272109
0	0.0340136
0	0.0748299
0	0.047619
0	0.0408163
0	0.0408163
0	0.0612245
0	0.0136054
0	0.0340136
0	1
0	0.047619
0	1
0	0.0408163
0	0.0340136
0	0.0136054
0	0.0136054
0	0.0612245
0	0.0272109
0	0.0204082
0	0.0408163
0	0.0340136
0	0.0204082
0	1
0	1
0	1
0	0.0272109
0	1
0	1
0	0.047619
0	0.0272109
0	1
0	1
0	0.0272109
0	1
0	1
0	0.0340136
0	0.0272109
0	0.0544218
0	0.0204082
0	0.0408163
0	1
0	1
0	0.047619
0	1
0	0.0884354
0	0.0272109
0	0.0408163
0	0.0408163
0	0.0408163
0	0.0408163
0	1
0	0.0408163
0	0.0136054
0	0.0272109
0	0.0136054
0	1
0	0.0136054
0	0.0136054
0	0.0748299
0	0.0204082
0	1
0	0.0272109
0	0.0272109
0	0.0612245
0	1
0	1
0	0.0204082
0	0.0136054
0	0.0272109
0	0.0884354
0	1
0	0.0272109
0	0.0272109


