# Persistence diagram <GML/0929.gml>
#
# Dimension   : 0
# Entries     : 428
# Betti number: 1
0	inf
0	0.0859375
0	0.101562
0	1
0	0.0625
0	0.15625
0	0.0625
0	1
0	1
0	1
0	0.117188
0	0.046875
0	0.0625
0	1
0	0.078125
0	0.078125
0	0.046875
0	0.15625
0	0.0859375
0	0.015625
0	0.0390625
0	0.0703125
0	0.015625
0	1
0	0.078125
0	0.03125
0	0.0859375
0	0.101562
0	0.101562
0	0.015625
0	0.0859375
0	0.078125
0	0.0625
0	0.0390625
0	0.0390625
0	1
0	0.0625
0	0.0625
0	0.0625
0	0.0390625
0	0.101562
0	1
0	0.101562
0	0.0625
0	0.0390625
0	0.0859375
0	0.0234375
0	0.0625
0	1
0	1
0	0.0390625
0	0.0390625
0	1
0	0.0234375
0	0.0703125
0	0.0234375
0	1
0	0.0859375
0	1
0	1
0	0.0859375
0	0.0859375
0	0.0390625
0	1
0	0.0625
0	1
0	0.0703125
0	0.117188
0	1
0	0.03125
0	0.0234375
0	0.117188
0	0.15625
0	0.0703125
0	0.0390625
0	0.0625
0	0.0625
0	0.0390625
0	0.03125
0	0.0546875
0	1
0	0.0390625
0	0.03125
0	1
0	0.078125
0	0.0390625
0	1
0	0.0859375
0	0.0546875
0	0.0625
0	1
0	0.0390625
0	0.015625
0	1
0	0.0625
0	0.117188
0	0.0625
0	0.0390625
0	0.0390625
0	0.0390625
0	0.0390625
0	1
0	0.015625
0	0.0234375
0	0.015625
0	0.0234375
0	1
0	1
0	0.046875
0	0.046875
0	0.03125
0	0.078125
0	1
0	0.101562
0	0.101562
0	0.0625
0	0.0390625
0	0.15625
0	0.0390625
0	0.0625
0	0.0625
0	0.15625
0	0.0234375
0	1
0	0.0390625
0	0.0234375
0	0.117188
0	1
0	0.0625
0	0.0390625
0	1
0	0.0546875
0	1
0	0.0390625
0	0.0859375
0	0.0234375
0	0.0625
0	0.0234375
0	0.0546875
0	1
0	1
0	0.0234375
0	0.0546875
0	0.0546875
0	0.0390625
0	0.03125
0	0.101562
0	0.015625
0	0.015625
0	0.0390625
0	0.0390625
0	0.015625
0	1
0	0.117188
0	0.03125
0	0.0390625
0	1
0	1
0	0.0625
0	0.0546875
0	1
0	0.0234375
0	0.0390625
0	0.0234375
0	1
0	0.03125
0	1
0	0.015625
0	0.0625
0	0.0234375
0	0.078125
0	0.0390625
0	0.0859375
0	1
0	0.0234375
0	0.0390625
0	0.03125
0	0.0234375
0	0.03125
0	0.078125
0	0.0625
0	0.0859375
0	0.0390625
0	0.0234375
0	0.03125
0	0.0546875
0	1
0	0.03125
0	0.03125
0	0.0390625
0	1
0	1
0	0.015625
0	0.0390625
0	0.0390625
0	0.0234375
0	1
0	0.0234375
0	0.0625
0	1
0	0.03125
0	0.101562
0	0.0625
0	1
0	0.03125
0	0.0703125
0	0.15625
0	0.101562
0	0.0390625
0	1
0	0.101562
0	0.0234375
0	0.03125
0	0.0234375
0	1
0	0.046875
0	0.0234375
0	0.0625
0	0.0703125
0	1
0	0.15625
0	0.015625
0	0.0546875
0	1
0	0.03125
0	0.0390625
0	0.015625
0	0.0234375
0	0.0625
0	0.0625
0	1
0	0.015625
0	1
0	1
0	0.015625
0	0.0234375
0	0.0234375
0	0.03125
0	0.03125
0	0.015625
0	1
0	0.03125
0	0.0390625
0	1
0	0.0390625
0	0.0390625
0	0.0625
0	1
0	0.0546875
0	0.0234375
0	0.15625
0	0.0234375
0	1
0	1
0	0.03125
0	1
0	1
0	0.046875
0	0.03125
0	0.0390625
0	0.0234375
0	0.0546875
0	0.03125
0	0.046875
0	0.03125
0	0.03125
0	0.015625
0	0.015625
0	0.0625
0	0.03125
0	0.03125
0	0.03125
0	0.0625
0	0.046875
0	0.015625
0	0.015625
0	0.0546875
0	0.0234375
0	1
0	0.03125
0	0.15625
0	1
0	0.117188
0	0.0234375
0	0.0859375
0	0.0625
0	0.0546875
0	0.0546875
0	1
0	1
0	0.0390625
0	0.015625
0	0.0234375
0	0.0234375
0	0.03125
0	0.0390625
0	0.0234375
0	0.0703125
0	0.0625
0	0.0546875
0	0.03125
0	0.0234375
0	0.0859375
0	0.0234375
0	1
0	0.03125
0	0.03125
0	0.046875
0	0.0625
0	0.0546875
0	0.015625
0	0.0546875
0	0.0234375
0	0.03125
0	0.03125
0	1
0	0.0390625
0	1
0	0.15625
0	0.015625
0	0.0625
0	0.15625
0	0.015625
0	0.015625
0	0.0234375
0	0.015625
0	0.03125
0	0.0234375
0	0.0234375
0	0.015625
0	0.046875
0	1
0	1
0	1
0	0.015625
0	0.015625
0	0.015625
0	0.0390625
0	1
0	1
0	0.0859375
0	0.0234375
0	0.0625
0	0.0234375
0	0.0390625
0	1
0	1
0	0.0625
0	1
0	0.0234375
0	0.0390625
0	0.03125
0	0.0234375
0	0.0859375
0	0.015625
0	0.03125
0	0.0234375
0	0.0859375
0	0.03125
0	0.0234375
0	0.03125
0	0.15625
0	0.015625
0	1
0	0.03125
0	0.078125
0	0.0234375
0	0.0625
0	0.0234375
0	0.03125
0	0.015625
0	0.03125
0	0.0625
0	0.015625
0	1
0	0.0546875
0	0.03125
0	1
0	0.015625
0	0.0546875
0	0.015625
0	1
0	0.015625
0	1
0	0.0234375
0	0.015625
0	0.0234375
0	0.0703125
0	0.046875
0	0.03125
0	1
0	0.03125
0	0.0625
0	0.03125
0	1
0	0.0234375
0	0.0390625
0	0.0859375
0	1
0	0.015625
0	0.0234375
0	0.015625
0	0.0390625
0	1
0	0.015625
0	0.0234375
0	0.117188
0	0.015625
0	0.15625
0	0.015625
0	0.0234375
0	0.03125
0	0.03125
0	0.0234375
0	0.015625
0	0.015625
0	0.0625
0	0.015625
0	0.0859375
0	0.015625
0	0.0546875
0	0.015625
0	0.101562
0	0.015625
0	0.0390625
0	0.0390625
0	0.15625
0	0.0234375


