# Persistence diagram <GML/0930.gml>
#
# Dimension   : 0
# Entries     : 458
# Betti number: 1
0	inf
0	1
0	1
0	1
0	1
0	1
0	1
0	0.0210526
0	1
0	1
0	0.0263158
0	1
0	1
0	0.278947
0	0.0473684
0	0.0315789
0	0.278947
0	0.131579
0	0.0315789
0	0.278947
0	0.0473684
0	1
0	1
0	0.0684211
0	0.0105263
0	0.131579
0	0.0210526
0	0.0368421
0	1
0	1
0	1
0	1
0	1
0	0.0684211
0	1
0	1
0	1
0	0.278947
0	1
0	1
0	0.278947
0	1
0	0.0315789
0	0.0315789
0	1
0	0.0105263
0	0.0105263
0	0.0105263
0	0.0157895
0	1
0	0.0368421
0	0.278947
0	1
0	0.0315789
0	1
0	0.0105263
0	1
0	1
0	1
0	0.278947
0	0.278947
0	0.0315789
0	1
0	1
0	0.0157895
0	0.0315789
0	0.0368421
0	0.0263158
0	1
0	0.131579
0	1
0	1
0	0.0368421
0	1
0	0.0368421
0	1
0	0.0157895
0	0.0210526
0	1
0	1
0	0.0368421
0	1
0	0.131579
0	0.131579
0	0.0157895
0	0.0210526
0	0.0315789
0	1
0	1
0	1
0	1
0	0.0105263
0	0.0157895
0	1
0	1
0	0.0315789
0	0.0263158
0	1
0	0.0105263
0	1
0	0.278947
0	0.0263158
0	0.131579
0	0.0315789
0	0.0315789
0	0.0315789
0	1
0	0.0105263
0	1
0	0.278947
0	1
0	0.0105263
0	1
0	0.0210526
0	0.0315789
0	0.131579
0	0.278947
0	1
0	1
0	1
0	1
0	1
0	1
0	0.0473684
0	0.131579
0	1
0	0.0210526
0	0.0473684
0	0.278947
0	1
0	0.0684211
0	1
0	1
0	1
0	0.0263158
0	0.0210526
0	0.131579
0	0.0105263
0	0.0157895
0	1
0	1
0	1
0	1
0	0.278947
0	1
0	0.131579
0	0.278947
0	0.0105263
0	0.0315789
0	0.0210526
0	0.0157895
0	1
0	0.0684211
0	1
0	0.0210526
0	0.0105263
0	0.0210526
0	0.278947
0	0.0210526
0	1
0	1
0	1
0	1
0	0.0210526
0	0.0210526
0	1
0	1
0	0.0157895
0	0.0210526
0	1
0	1
0	0.278947
0	1
0	0.0105263
0	0.278947
0	1
0	1
0	1
0	1
0	0.0105263
0	1
0	0.0210526
0	0.0473684
0	1
0	0.278947
0	0.278947
0	0.278947
0	0.0210526
0	0.0315789
0	1
0	0.0157895
0	1
0	0.0263158
0	0.0315789
0	1
0	1
0	0.0684211
0	0.131579
0	1
0	0.0157895
0	1
0	1
0	0.0368421
0	0.131579
0	0.0105263
0	0.0157895
0	1
0	1
0	0.0210526
0	1
0	0.0105263
0	1
0	0.0105263
0	0.0105263
0	0.0157895
0	0.0105263
0	0.0105263
0	1
0	1
0	1
0	0.278947
0	0.0210526
0	0.0684211
0	1
0	0.0263158
0	0.0315789
0	0.278947
0	0.0263158
0	0.278947
0	0.0157895
0	0.278947
0	0.0105263
0	0.0105263
0	0.278947
0	1
0	0.0157895
0	1
0	1
0	0.0368421
0	0.278947
0	1
0	0.0105263
0	0.0315789
0	0.0105263
0	0.0210526
0	0.0315789
0	0.0263158
0	0.0105263
0	1
0	0.278947
0	0.278947
0	0.0315789
0	1
0	0.0210526
0	1
0	0.0684211
0	0.0157895
0	0.0157895
0	1
0	0.0684211
0	0.0263158
0	0.0210526
0	1
0	0.0368421
0	0.0105263
0	0.0210526
0	0.131579
0	1
0	0.0263158
0	0.0210526
0	1
0	1
0	1
0	0.0315789
0	1
0	0.0368421
0	0.131579
0	1
0	1
0	0.0473684
0	0.0210526
0	1
0	1
0	1
0	1
0	0.0157895
0	0.0157895
0	0.278947
0	0.131579
0	1
0	0.0157895
0	0.278947
0	0.278947
0	1
0	0.0210526
0	0.0105263
0	0.0157895
0	1
0	1
0	0.0105263
0	1
0	1
0	1
0	1
0	1
0	0.0263158
0	0.0157895
0	0.278947
0	0.278947
0	0.278947
0	0.278947
0	0.0105263
0	1
0	0.0105263
0	0.278947
0	0.278947
0	0.278947
0	0.0368421
0	0.0368421
0	0.278947
0	0.0105263
0	0.131579
0	0.0157895
0	1
0	0.0157895
0	0.278947
0	0.0157895
0	0.0315789
0	1
0	0.0157895
0	0.0684211
0	0.0157895
0	1
0	1
0	0.0210526
0	0.0157895
0	1
0	1
0	0.131579
0	1
0	1
0	0.0105263
0	0.0315789
0	0.278947
0	1
0	1
0	0.0315789
0	0.0473684
0	0.0105263
0	1
0	0.0210526
0	1
0	1
0	1
0	1
0	0.278947
0	0.278947
0	0.0210526
0	0.0368421
0	1
0	0.0105263
0	0.0157895
0	0.0105263
0	1
0	0.131579
0	0.0157895
0	1
0	0.0263158
0	1
0	0.0105263
0	0.0105263
0	0.0157895
0	0.0105263
0	0.131579
0	1
0	0.0157895
0	0.278947
0	0.0368421
0	1
0	1
0	0.0684211
0	1
0	0.0368421
0	0.0105263
0	0.0105263
0	1
0	0.0105263
0	0.0263158
0	1
0	1
0	0.0210526
0	0.0368421
0	0.0210526
0	0.131579
0	1
0	1
0	1
0	1
0	0.0105263
0	0.0157895
0	1
0	1
0	1
0	1
0	0.278947
0	0.0105263
0	1
0	1
0	0.0105263
0	1
0	1
0	1
0	0.0105263
0	0.0105263
0	0.278947
0	0.0105263
0	0.0157895
0	1
0	1
0	0.0210526
0	0.0368421
0	0.0157895
0	0.0157895
0	0.0157895
0	0.131579
0	1
0	0.0105263
0	0.278947
0	0.0105263
0	0.0210526
0	0.0473684
0	0.0105263
0	0.0105263
0	1
0	0.278947
0	0.0105263
0	0.0210526
0	0.278947
0	0.0157895
0	0.131579
0	0.0105263
0	0.0105263
0	0.0105263
0	0.0105263
0	1
0	0.0105263
0	0.0368421
0	0.0684211
0	0.0105263
0	0.131579
0	0.0105263
0	1
0	0.131579
0	1
0	0.0105263
0	0.278947
0	0.0105263
0	0.278947


