# Persistence diagram <GML/0931.gml>
#
# Dimension   : 0
# Entries     : 447
# Betti number: 2
0	inf
0	0.28
0	inf
0	1
0	1
0	0.18
0	0.28
0	0.16
0	1
0	1
0	0.28
0	0.2
0	1
0	1
0	1
0	0.1
0	1
0	0.16
0	0.16
0	0.08
0	0.1
0	0.08
0	0.16
0	0.08
0	0.18
0	0.12
0	0.12
0	0.1
0	0.06
0	0.18
0	1
0	0.08
0	0.1
0	0.2
0	0.08
0	0.26
0	0.08
0	1
0	0.1
0	1
0	0.08
0	0.1
0	0.16
0	1
0	0.1
0	1
0	0.06
0	0.08
0	1
0	1
0	0.16
0	0.1
0	0.1
0	0.08
0	0.28
0	0.2
0	0.08
0	0.18
0	0.1
0	0.18
0	0.18
0	0.1
0	0.18
0	0.1
0	0.14
0	1
0	0.06
0	0.08
0	0.1
0	0.08
0	0.12
0	0.06
0	0.06
0	0.18
0	0.08
0	0.18
0	0.12
0	0.1
0	0.06
0	0.04
0	1
0	1
0	1
0	0.1
0	0.16
0	0.08
0	0.1
0	0.16
0	0.26
0	0.1
0	0.04
0	0.26
0	1
0	0.18
0	1
0	1
0	0.04
0	0.06
0	0.12
0	0.06
0	0.08
0	0.18
0	0.08
0	1
0	0.08
0	0.04
0	0.1
0	0.18
0	0.1
0	0.1
0	1
0	0.04
0	0.08
0	0.04
0	0.08
0	0.08
0	0.16
0	0.18
0	0.18
0	0.08
0	0.2
0	0.1
0	0.1
0	0.18
0	0.18
0	0.1
0	0.28
0	0.06
0	0.08
0	0.08
0	0.06
0	0.28
0	1
0	0.1
0	0.2
0	0.16
0	0.04
0	0.08
0	0.08
0	0.04
0	0.06
0	1
0	0.14
0	0.06
0	0.1
0	0.18
0	0.12
0	0.08
0	0.06
0	0.08
0	0.1
0	0.1
0	0.06
0	0.04
0	0.04
0	0.06
0	0.28
0	0.18
0	0.06
0	0.06
0	0.08
0	0.1
0	0.04
0	0.08
0	0.08
0	0.16
0	0.06
0	0.06
0	1
0	0.1
0	0.08
0	0.26
0	1
0	0.04
0	0.18
0	0.08
0	0.06
0	0.06
0	0.06
0	0.08
0	0.08
0	1
0	0.08
0	0.18
0	1
0	0.08
0	0.08
0	0.08
0	0.08
0	0.1
0	0.08
0	0.1
0	0.1
0	0.14
0	0.14
0	0.1
0	0.08
0	0.04
0	0.04
0	0.14
0	0.08
0	0.04
0	0.06
0	0.06
0	0.06
0	0.08
0	0.16
0	0.1
0	0.08
0	0.04
0	0.08
0	0.08
0	0.08
0	0.06
0	0.08
0	0.1
0	0.06
0	0.08
0	0.18
0	0.08
0	0.06
0	0.04
0	0.08
0	0.08
0	0.04
0	0.1
0	0.08
0	0.06
0	0.26
0	0.06
0	0.08
0	0.06
0	0.08
0	0.06
0	0.06
0	0.06
0	0.1
0	0.18
0	0.06
0	0.08
0	0.06
0	0.14
0	0.06
0	0.08
0	0.06
0	0.04
0	0.06
0	0.04
0	1
0	0.04
0	0.06
0	0.04
0	0.06
0	0.04
0	0.18
0	0.18
0	0.18
0	0.14
0	0.18
0	0.06
0	0.08
0	1
0	0.1
0	0.1
0	0.06
0	0.08
0	0.06
0	0.1
0	1
0	0.14
0	0.04
0	0.04
0	0.28
0	0.06
0	0.04
0	0.06
0	0.04
0	0.04
0	0.06
0	0.06
0	0.04
0	0.08
0	0.06
0	0.04
0	0.06
0	0.04
0	0.04
0	0.04
0	0.04
0	0.04
0	0.04
0	0.04
0	0.06
0	0.1
0	0.08
0	0.18
0	0.06
0	0.06
0	0.04
0	0.1
0	0.06
0	0.04
0	0.06
0	0.26
0	0.06
0	0.04
0	0.08
0	0.14
0	0.04
0	0.08
0	0.1
0	0.18
0	0.06
0	0.04
0	0.08
0	0.26
0	0.12
0	0.16
0	0.12
0	0.04
0	0.08
0	0.06
0	0.04
0	0.08
0	0.04
0	0.04
0	1
0	0.14
0	0.18
0	0.1
0	0.08
0	0.04
0	0.06
0	0.08
0	0.18
0	0.1
0	0.06
0	0.18
0	0.1
0	0.06
0	0.06
0	0.08
0	0.08
0	0.08
0	0.04
0	0.04
0	0.1
0	0.06
0	0.18
0	0.04
0	0.1
0	0.06
0	0.08
0	0.06
0	0.06
0	0.04
0	0.1
0	0.08
0	0.04
0	0.18
0	0.1
0	0.08
0	0.04
0	0.16
0	0.18
0	0.2
0	0.06
0	0.04
0	0.08
0	0.04
0	1
0	0.2
0	0.14
0	0.06
0	0.04
0	0.06
0	0.06
0	0.06
0	0.08
0	1
0	0.04
0	0.26
0	0.1
0	0.06
0	0.08
0	0.02
0	0.2
0	0.08
0	0.06
0	0.06
0	0.14
0	0.18
0	0.04
0	0.06
0	0.04
0	0.06
0	0.1
0	0.06
0	0.08
0	0.08
0	0.06
0	0.06
0	0.26
0	0.06
0	0.06
0	0.06
0	0.06
0	0.1
0	0.04
0	0.08
0	0.06
0	0.08
0	0.04
0	0.18
0	0.06
0	0.1
0	0.04
0	0.04
0	0.04
0	0.1
0	0.04
0	0.06
0	0.1
0	0.06
0	0.06
0	0.04
0	0.18
0	0.06
0	0.04
0	0.18
0	0.06
0	0.1
0	0.06
0	1
0	0.26
0	0.08
0	0.2
0	0.06
0	0.04
0	0.04
0	0.04
0	0.18
0	0.08
0	0.06
0	0.04
0	0.12
0	0.08


