# Persistence diagram <GML/0954.gml>
#
# Dimension   : 0
# Entries     : 162
# Betti number: 1
0	inf
0	0.0987654
0	0.0987654
0	1
0	0.0987654
0	1
0	0.0987654
0	1
0	1
0	1
0	0.0987654
0	0.0617284
0	0.037037
0	1
0	0.0617284
0	0.0987654
0	0.0740741
0	0.0740741
0	0.0493827
0	0.0864198
0	0.111111
0	0.037037
0	0.037037
0	0.0987654
0	0.0246914
0	0.111111
0	0.0864198
0	1
0	0.111111
0	0.0864198
0	1
0	0.037037
0	0.0864198
0	0.0987654
0	1
0	1
0	0.0864198
0	0.0493827
0	0.0493827
0	0.111111
0	0.0740741
0	1
0	0.0617284
0	0.0987654
0	0.0987654
0	0.0864198
0	1
0	0.111111
0	0.0493827
0	1
0	0.037037
0	0.0617284
0	0.037037
0	0.0493827
0	0.0493827
0	0.111111
0	0.0493827
0	0.0740741
0	1
0	0.111111
0	0.0617284
0	1
0	0.0864198
0	0.0987654
0	1
0	1
0	1
0	0.037037
0	0.037037
0	0.0864198
0	1
0	0.111111
0	0.0864198
0	1
0	0.111111
0	1
0	1
0	0.0740741
0	0.0864198
0	0.0617284
0	1
0	0.0246914
0	1
0	1
0	0.0493827
0	0.0864198
0	0.0617284
0	0.0740741
0	0.0987654
0	0.037037
0	0.0740741
0	1
0	0.0493827
0	1
0	0.0864198
0	0.037037
0	0.0617284
0	1
0	1
0	0.0246914
0	0.0246914
0	0.0493827
0	0.0246914
0	1
0	0.037037
0	0.037037
0	0.0493827
0	1
0	0.111111
0	1
0	0.111111
0	0.0617284
0	0.0493827
0	1
0	0.037037
0	1
0	0.037037
0	0.111111
0	0.0246914
0	0.0493827
0	0.0740741
0	0.0987654
0	0.0864198
0	0.0493827
0	0.037037
0	1
0	0.0617284
0	0.0246914
0	1
0	1
0	0.0493827
0	1
0	0.0493827
0	0.0617284
0	0.0246914
0	0.0493827
0	1
0	0.037037
0	0.0864198
0	0.0493827
0	1
0	1
0	0.0246914
0	1
0	0.037037
0	1
0	0.0493827
0	0.0740741
0	1
0	0.0493827
0	0.037037
0	0.037037
0	1
0	1
0	0.0246914
0	1
0	0.0246914
0	1
0	1
0	0.0987654
0	0.037037
0	0.0246914


