# Persistence diagram <GML/0955.gml>
#
# Dimension   : 0
# Entries     : 115
# Betti number: 1
0	inf
0	1
0	1
0	0.179104
0	0.0895522
0	1
0	1
0	1
0	0.179104
0	0.179104
0	1
0	0.179104
0	1
0	1
0	1
0	1
0	1
0	1
0	0.0298507
0	1
0	0.0895522
0	0.179104
0	1
0	0.0447761
0	1
0	0.0895522
0	1
0	0.179104
0	1
0	1
0	0.0895522
0	1
0	1
0	1
0	0.0447761
0	1
0	1
0	1
0	1
0	0.0895522
0	1
0	1
0	0.0298507
0	0.0895522
0	1
0	0.0447761
0	0.179104
0	0.0298507
0	1
0	0.0447761
0	1
0	1
0	1
0	1
0	1
0	1
0	0.179104
0	0.0447761
0	0.0895522
0	0.0597015
0	0.0597015
0	1
0	0.0447761
0	0.0597015
0	1
0	1
0	0.0447761
0	0.0298507
0	0.0447761
0	0.0447761
0	0.0298507
0	0.0447761
0	0.0298507
0	0.0597015
0	1
0	0.0597015
0	1
0	0.0597015
0	0.0597015
0	0.0447761
0	0.0447761
0	0.0597015
0	0.0597015
0	0.0597015
0	0.0447761
0	0.0447761
0	0.0447761
0	1
0	0.0597015
0	0.0298507
0	1
0	1
0	1
0	0.0597015
0	0.0447761
0	0.0895522
0	0.0447761
0	0.0298507
0	1
0	0.0447761
0	1
0	0.0298507
0	0.0298507
0	0.0298507
0	0.179104
0	0.0597015
0	1
0	1
0	0.0298507
0	0.0895522
0	1
0	0.0298507
0	0.0298507
0	1
0	0.0298507


