# Persistence diagram <GML/0964.gml>
#
# Dimension   : 0
# Entries     : 207
# Betti number: 1
0	inf
0	1
0	1
0	0.0680272
0	1
0	0.0272109
0	0.0272109
0	1
0	0.0680272
0	1
0	0.0340136
0	1
0	0.0680272
0	1
0	0.0272109
0	1
0	1
0	1
0	0.0272109
0	0.0204082
0	1
0	1
0	0.0272109
0	0.0340136
0	1
0	1
0	0.0340136
0	0.0340136
0	1
0	1
0	1
0	1
0	0.0136054
0	1
0	1
0	1
0	1
0	1
0	1
0	1
0	0.0204082
0	1
0	0.0272109
0	0.0204082
0	0.0136054
0	1
0	1
0	1
0	0.0272109
0	0.0204082
0	0.0272109
0	1
0	0.0340136
0	0.0272109
0	1
0	1
0	0.0680272
0	1
0	0.0680272
0	1
0	0.0136054
0	1
0	1
0	0.0204082
0	1
0	1
0	1
0	1
0	1
0	0.0136054
0	0.0136054
0	1
0	0.0272109
0	1
0	1
0	1
0	1
0	1
0	1
0	0.0340136
0	1
0	0.0204082
0	1
0	1
0	0.0272109
0	0.0272109
0	1
0	1
0	0.0272109
0	1
0	0.0272109
0	1
0	1
0	0.0272109
0	0.0272109
0	1
0	1
0	1
0	0.0272109
0	1
0	1
0	1
0	0.0204082
0	1
0	1
0	0.0136054
0	0.0272109
0	1
0	0.0136054
0	0.0204082
0	1
0	0.0136054
0	0.0680272
0	0.0272109
0	1
0	0.0340136
0	1
0	1
0	0.0340136
0	1
0	1
0	1
0	0.0340136
0	1
0	1
0	0.0204082
0	1
0	1
0	0.0272109
0	1
0	1
0	1
0	1
0	1
0	1
0	0.0340136
0	0.0204082
0	1
0	0.0136054
0	1
0	1
0	1
0	0.0272109
0	0.0136054
0	0.0136054
0	0.0136054
0	1
0	0.0272109
0	1
0	0.0204082
0	1
0	1
0	0.0204082
0	0.0136054
0	1
0	0.0136054
0	1
0	0.0136054
0	1
0	1
0	1
0	1
0	1
0	0.0136054
0	1
0	0.0136054
0	0.0204082
0	1
0	0.0136054
0	0.0204082
0	1
0	1
0	0.0340136
0	1
0	1
0	1
0	0.0136054
0	0.0204082
0	1
0	0.0204082
0	1
0	0.0136054
0	0.0204082
0	0.0204082
0	1
0	1
0	0.0136054
0	0.0204082
0	1
0	1
0	1
0	0.0272109
0	0.0136054
0	1
0	1
0	0.0136054
0	1
0	0.0204082
0	0.0136054
0	1
0	0.0272109
0	0.0204082
0	0.0204082
0	0.0272109
0	0.0204082
0	1
0	1


