# Persistence diagram <GML/0973.gml>
#
# Dimension   : 0
# Entries     : 401
# Betti number: 1
0	inf
0	1
0	0.13
0	0.11
0	0.19
0	0.05
0	0.19
0	0.05
0	0.11
0	1
0	0.02
0	1
0	0.08
0	1
0	0.08
0	0.04
0	1
0	1
0	0.12
0	0.04
0	0.06
0	1
0	0.06
0	0.08
0	1
0	0.17
0	0.05
0	1
0	0.04
0	0.11
0	0.03
0	0.12
0	0.06
0	0.05
0	1
0	1
0	0.04
0	0.05
0	0.06
0	0.05
0	0.05
0	0.13
0	0.04
0	0.11
0	1
0	0.05
0	0.04
0	1
0	0.02
0	0.05
0	0.17
0	0.06
0	0.06
0	0.17
0	0.04
0	1
0	0.08
0	1
0	1
0	0.06
0	0.05
0	0.04
0	0.03
0	0.05
0	0.05
0	0.05
0	0.19
0	1
0	0.05
0	0.04
0	0.05
0	0.11
0	0.05
0	1
0	0.07
0	1
0	0.13
0	1
0	0.04
0	0.04
0	0.11
0	0.04
0	1
0	1
0	0.04
0	0.05
0	1
0	0.05
0	0.17
0	0.03
0	0.05
0	0.03
0	1
0	0.03
0	0.03
0	1
0	0.11
0	0.03
0	0.08
0	0.04
0	1
0	0.17
0	1
0	0.04
0	0.07
0	0.03
0	0.03
0	0.07
0	0.04
0	0.02
0	0.02
0	0.02
0	0.04
0	0.03
0	1
0	0.07
0	0.05
0	1
0	0.06
0	1
0	1
0	1
0	1
0	0.12
0	0.02
0	0.12
0	0.03
0	0.03
0	0.04
0	1
0	0.02
0	0.05
0	0.13
0	0.05
0	0.05
0	0.03
0	0.05
0	0.02
0	0.03
0	0.03
0	0.02
0	0.06
0	0.19
0	1
0	0.17
0	0.04
0	1
0	1
0	0.03
0	0.03
0	0.06
0	0.19
0	0.04
0	0.08
0	0.19
0	0.12
0	0.12
0	0.04
0	0.04
0	0.04
0	0.07
0	1
0	0.03
0	0.04
0	0.04
0	0.17
0	0.19
0	0.02
0	0.06
0	1
0	1
0	0.06
0	1
0	1
0	0.02
0	0.12
0	0.03
0	0.05
0	0.02
0	0.06
0	0.04
0	0.11
0	0.02
0	0.06
0	1
0	0.04
0	0.04
0	0.08
0	0.02
0	1
0	0.02
0	0.08
0	1
0	0.02
0	1
0	1
0	1
0	0.03
0	0.13
0	0.06
0	0.02
0	0.03
0	0.02
0	1
0	1
0	0.04
0	1
0	1
0	0.04
0	0.04
0	0.04
0	0.13
0	0.04
0	0.02
0	0.06
0	0.02
0	0.04
0	1
0	0.04
0	0.04
0	1
0	0.04
0	0.05
0	0.04
0	0.12
0	0.05
0	0.02
0	0.05
0	0.03
0	0.05
0	0.04
0	0.19
0	0.03
0	0.03
0	0.02
0	1
0	0.11
0	0.03
0	0.17
0	0.19
0	0.02
0	0.04
0	0.02
0	0.02
0	0.06
0	0.04
0	0.02
0	0.02
0	0.03
0	1
0	0.06
0	0.02
0	0.11
0	0.02
0	0.04
0	0.03
0	0.03
0	0.02
0	0.05
0	0.02
0	0.08
0	0.06
0	0.03
0	0.02
0	0.03
0	0.02
0	0.03
0	0.02
0	0.11
0	0.08
0	1
0	1
0	0.02
0	0.13
0	0.02
0	0.03
0	0.02
0	1
0	0.02
0	0.02
0	0.05
0	0.02
0	1
0	0.02
0	0.04
0	0.04
0	0.02
0	0.03
0	0.11
0	0.02
0	0.03
0	0.17
0	0.02
0	0.06
0	0.04
0	0.03
0	0.06
0	0.03
0	0.05
0	0.17
0	0.02
0	0.19
0	0.02
0	0.11
0	0.13
0	1
0	0.02
0	0.17
0	0.03
0	0.02
0	1
0	0.03
0	0.02
0	1
0	0.02
0	1
0	0.06
0	0.03
0	0.03
0	0.04
0	0.07
0	0.11
0	0.03
0	0.03
0	0.04
0	0.05
0	1
0	0.02
0	0.08
0	0.13
0	0.03
0	1
0	0.17
0	0.02
0	0.04
0	0.02
0	1
0	0.05
0	0.02
0	0.06
0	0.08
0	0.03
0	0.02
0	1
0	0.03
0	0.02
0	1
0	0.11
0	0.17
0	0.04
0	1
0	0.06
0	1
0	0.06
0	1
0	0.04
0	0.02
0	0.03
0	0.02
0	0.03
0	1
0	0.04
0	0.02
0	1
0	0.03
0	0.04
0	0.03
0	0.02
0	1
0	0.11
0	0.03
0	1
0	0.03
0	0.03
0	0.02
0	0.02
0	0.02
0	0.02
0	1
0	0.05
0	0.03
0	1
0	0.02
0	0.02
0	0.11
0	0.02
0	0.03
0	1
0	0.17
0	0.11
0	0.02
0	0.02
0	0.05
0	0.02
0	0.06
0	0.02
0	1
0	0.03
0	0.03
0	1
0	0.03


