# Persistence diagram <GML/0978.gml>
#
# Dimension   : 0
# Entries     : 399
# Betti number: 2
0	inf
0	1
0	1
0	1
0	1
0	0.0729614
0	1
0	1
0	1
0	1
0	0.0729614
0	1
0	0.0300429
0	0.0343348
0	0.0214592
0	0.0171674
0	0.0214592
0	1
0	0.0729614
0	1
0	0.055794
0	0.0214592
0	0.0214592
0	0.0214592
0	1
0	1
0	0.0343348
0	0.0729614
0	0.0300429
0	0.0343348
0	1
0	0.0300429
0	1
0	1
0	1
0	1
0	1
0	1
0	0.0214592
0	1
0	1
0	1
0	0.0171674
0	1
0	0.0300429
0	1
0	0.0729614
0	0.00858369
0	0.0171674
0	0.0300429
0	0.0128755
0	0.0214592
0	1
0	1
0	1
0	1
0	1
0	1
0	1
0	0.0300429
0	1
0	0.0214592
0	0.0171674
0	0.0300429
0	1
0	0.0343348
0	0.0729614
0	1
0	0.0128755
0	1
0	1
0	1
0	0.0128755
0	0.0214592
0	1
0	0.0171674
0	0.00858369
0	1
0	1
0	1
0	1
0	1
0	1
0	1
0	0.0214592
0	0.0343348
0	0.0171674
0	1
0	0.0128755
0	1
0	1
0	1
0	1
0	1
0	1
0	1
0	1
0	1
0	0.0729614
0	1
0	1
0	1
0	0.0128755
0	0.0300429
0	0.0300429
0	0.0343348
0	0.0343348
0	0.0300429
0	0.0214592
0	1
0	0.00858369
0	0.0171674
0	1
0	0.0343348
0	0.0343348
0	0.0171674
0	1
0	1
0	0.0343348
0	1
0	0.0128755
0	1
0	0.0214592
0	0.0300429
0	1
0	1
0	0.0128755
0	0.0300429
0	1
0	1
0	1
0	1
0	0.0343348
0	0.0729614
0	0.0343348
0	1
0	0.055794
0	1
0	1
0	0.055794
0	1
0	1
0	1
0	1
0	0.0171674
0	0.0214592
0	0.0128755
0	1
0	0.055794
0	0.0128755
0	1
0	1
0	0.0214592
0	1
0	0.0214592
0	1
0	1
0	1
0	0.055794
0	0.0128755
0	0.0300429
0	1
0	0.055794
0	0.0214592
0	1
0	0.0300429
0	1
0	1
0	1
0	0.0171674
0	0.0214592
0	1
0	0.0171674
0	0.0171674
0	1
0	inf
0	0.0171674
0	0.0257511
0	1
0	1
0	0.0171674
0	0.00858369
0	0.0343348
0	1
0	0.00858369
0	0.0128755
0	0.00858369
0	0.0171674
0	1
0	1
0	1
0	0.0214592
0	1
0	0.00858369
0	1
0	0.0343348
0	0.00858369
0	0.00858369
0	0.0171674
0	0.0214592
0	1
0	1
0	0.0128755
0	1
0	1
0	1
0	1
0	0.0171674
0	1
0	0.0128755
0	0.0128755
0	0.0214592
0	0.0214592
0	0.0171674
0	0.0171674
0	0.0128755
0	1
0	0.00858369
0	1
0	0.0343348
0	1
0	0.00858369
0	1
0	0.0171674
0	0.0171674
0	1
0	0.0171674
0	1
0	0.0171674
0	1
0	1
0	0.0257511
0	1
0	0.0171674
0	1
0	1
0	0.0343348
0	1
0	1
0	1
0	0.0128755
0	1
0	0.00858369
0	0.0171674
0	0.0171674
0	1
0	1
0	1
0	1
0	0.055794
0	1
0	0.0171674
0	0.00858369
0	0.00858369
0	0.0171674
0	0.0171674
0	0.0171674
0	0.0128755
0	0.0171674
0	0.0171674
0	0.055794
0	0.00858369
0	0.0128755
0	1
0	1
0	0.0214592
0	1
0	0.00858369
0	0.0128755
0	1
0	0.0171674
0	1
0	1
0	1
0	1
0	1
0	1
0	0.00858369
0	1
0	0.0128755
0	0.0300429
0	1
0	0.0214592
0	0.0171674
0	1
0	1
0	1
0	0.00429185
0	0.0171674
0	0.0729614
0	1
0	0.0214592
0	0.0128755
0	1
0	0.0128755
0	1
0	1
0	0.0128755
0	0.0214592
0	1
0	1
0	1
0	1
0	0.00858369
0	1
0	0.00858369
0	1
0	1
0	1
0	1
0	0.0214592
0	0.0171674
0	0.0128755
0	0.00858369
0	0.0171674
0	1
0	0.00858369
0	0.0171674
0	1
0	1
0	0.00858369
0	0.0128755
0	0.0128755
0	1
0	0.0171674
0	0.0729614
0	1
0	1
0	0.0214592
0	0.00858369
0	1
0	0.0128755
0	1
0	0.0171674
0	1
0	0.0300429
0	0.0171674
0	1
0	0.00858369
0	1
0	0.00858369
0	1
0	0.0343348
0	0.0214592
0	1
0	0.00858369
0	0.0128755
0	0.0214592
0	1
0	0.055794
0	1
0	0.0729614
0	0.0128755
0	1
0	0.0128755
0	0.0343348
0	1
0	0.0128755
0	1
0	0.0171674
0	1
0	0.00858369
0	1
0	0.0343348
0	1
0	1
0	1
0	1
0	0.00858369
0	0.00858369
0	0.0214592
0	0.0171674
0	1
0	0.00858369
0	1
0	0.0171674
0	0.0171674
0	1
0	1
0	0.0300429
0	1
0	0.0171674
0	1
0	0.00858369
0	1
0	1
0	1
0	1
0	1
0	0.0171674
0	1
0	0.0171674
0	1
0	1
0	1
0	0.0128755
0	0.0128755
0	0.055794
0	1


