# Persistence diagram <GML/0982.gml>
#
# Dimension   : 0
# Entries     : 437
# Betti number: 10
0	inf
0	0.3125
0	1
0	0.208333
0	1
0	1
0	1
0	1
0	1
0	1
0	1
0	0.1875
0	0.208333
0	0.125
0	1
0	0.1875
0	0.0416667
0	1
0	0.208333
0	0.166667
0	0.125
0	0.0416667
0	1
0	0.125
0	0.104167
0	0.125
0	inf
0	0.166667
0	0.125
0	0.0625
0	1
0	0.0416667
0	1
0	inf
0	inf
0	inf
0	0.208333
0	0.0833333
0	0.229167
0	0.229167
0	0.0833333
0	1
0	0.1875
0	0.166667
0	0.208333
0	0.104167
0	1
0	0.125
0	0.229167
0	0.229167
0	1
0	0.145833
0	0.0833333
0	0.0625
0	0.104167
0	0.166667
0	0.104167
0	1
0	0.0833333
0	0.104167
0	0.104167
0	0.166667
0	0.0416667
0	0.1875
0	1
0	0.125
0	0.104167
0	0.125
0	inf
0	inf
0	0.0833333
0	0.0625
0	inf
0	1
0	0.0625
0	0.208333
0	1
0	0.208333
0	0.229167
0	0.0625
0	0.166667
0	0.0833333
0	0.0625
0	0.0833333
0	0.0416667
0	0.0833333
0	0.3125
0	0.104167
0	0.104167
0	0.1875
0	0.229167
0	0.0625
0	0.0625
0	1
0	0.104167
0	1
0	0.166667
0	0.104167
0	0.104167
0	1
0	0.0833333
0	0.145833
0	0.0833333
0	0.104167
0	0.104167
0	0.0625
0	0.1875
0	0.0625
0	0.208333
0	0.0625
0	0.0833333
0	0.208333
0	0.0833333
0	0.104167
0	0.3125
0	0.104167
0	0.125
0	0.0625
0	0.125
0	1
0	0.104167
0	0.104167
0	0.0416667
0	0.208333
0	0.3125
0	0.0416667
0	0.145833
0	0.104167
0	0.166667
0	0.0833333
0	0.166667
0	0.104167
0	0.125
0	0.0625
0	0.125
0	0.0625
0	0.1875
0	0.166667
0	0.0625
0	0.0625
0	0.0416667
0	0.0833333
0	0.166667
0	0.0416667
0	0.104167
0	0.104167
0	0.125
0	0.208333
0	0.104167
0	0.104167
0	inf
0	0.0625
0	0.1875
0	0.0625
0	0.125
0	0.145833
0	0.0625
0	0.1875
0	0.104167
0	0.0625
0	0.0625
0	inf
0	0.0416667
0	0.208333
0	0.0416667
0	0.0625
0	0.0625
0	0.0416667
0	1
0	0.0416667
0	0.125
0	0.104167
0	0.104167
0	0.104167
0	0.0416667
0	0.166667
0	0.0833333
0	0.0833333
0	0.166667
0	0.104167
0	0.125
0	0.0416667
0	0.0416667
0	0.0416667
0	0.0833333
0	0.3125
0	0.0416667
0	0.0416667
0	0.0833333
0	0.0833333
0	1
0	0.0625
0	0.125
0	0.104167
0	0.104167
0	0.229167
0	0.104167
0	0.0416667
0	0.0833333
0	0.166667
0	0.166667
0	0.104167
0	0.104167
0	0.0833333
0	0.0416667
0	0.104167
0	0.104167
0	0.0833333
0	0.208333
0	0.104167
0	0.0833333
0	0.0833333
0	0.0416667
0	0.0833333
0	0.0416667
0	0.0625
0	0.0833333
0	0.104167
0	0.125
0	0.104167
0	0.0416667
0	0.104167
0	0.0833333
0	0.208333
0	0.0833333
0	0.145833
0	0.0833333
0	0.104167
0	0.0416667
0	0.208333
0	0.104167
0	0.0625
0	0.208333
0	0.104167
0	0.0625
0	0.0625
0	0.0416667
0	0.1875
0	0.0208333
0	0.125
0	0.0833333
0	0.0625
0	0.1875
0	0.0625
0	0.208333
0	0.125
0	0.0416667
0	0.104167
0	0.0416667
0	0.0416667
0	1
0	0.104167
0	0.3125
0	0.125
0	0.0833333
0	0.1875
0	0.3125
0	0.0833333
0	0.104167
0	0.125
0	0.0416667
0	0.0833333
0	0.0416667
0	0.104167
0	0.0416667
0	0.0625
0	0.0625
0	0.0416667
0	0.0625
0	0.208333
0	0.125
0	0.0625
0	0.1875
0	0.125
0	0.166667
0	0.0416667
0	0.125
0	0.0833333
0	0.0625
0	0.229167
0	0.0625
0	0.0416667
0	0.166667
0	0.104167
0	0.0416667
0	0.0416667
0	0.0833333
0	0.208333
0	0.0833333
0	0.1875
0	0.0625
0	0.0416667
0	0.125
0	0.0416667
0	1
0	0.0625
0	0.0416667
0	0.0416667
0	0.145833
0	0.0625
0	0.0416667
0	0.0416667
0	0.229167
0	0.0625
0	0.0416667
0	0.0416667
0	0.0833333
0	0.1875
0	0.104167
0	0.166667
0	0.0625
0	0.104167
0	0.104167
0	0.0625
0	0.208333
0	0.0625
0	0.0416667
0	0.0833333
0	1
0	0.208333
0	0.104167
0	0.208333
0	0.104167
0	0.104167
0	0.104167
0	0.0625
0	0.229167
0	0.145833
0	0.3125
0	0.0416667
0	0.0416667
0	0.0625
0	0.104167
0	0.0416667
0	0.104167
0	0.104167
0	0.0625
0	0.104167
0	0.0416667
0	0.125
0	0.0625
0	0.104167
0	0.0416667
0	0.1875
0	0.0416667
0	0.0416667
0	0.208333
0	0.0625
0	0.0625
0	0.125
0	0.0208333
0	0.0625
0	0.0416667
0	0.0416667
0	0.0416667
0	0.0416667
0	0.1875
0	0.166667
0	0.0416667
0	0.1875
0	0.104167
0	0.0625
0	0.125
0	1
0	0.0625
0	0.166667
0	0.104167
0	0.0416667
0	0.0416667
0	0.0625
0	0.1875
0	0.208333
0	1
0	0.3125
0	0.0625
0	0.0625
0	0.0416667
0	1
0	0.0833333
0	0.0833333
0	0.125
0	0.0416667
0	0.0625
0	0.0416667
0	0.3125
0	0.0416667
0	0.0416667
0	0.104167
0	0.1875
0	0.125
0	0.0833333
0	0.125
0	0.125
0	0.0625
0	1
0	0.0416667
0	0.3125
0	0.0833333
0	0.0833333
0	0.0416667
0	0.125
0	0.3125
0	0.0625
0	0.0416667
0	0.0625
0	0.0416667
0	0.0416667
0	0.104167
0	0.0625
0	0.0625
0	0.0416667
0	0.0416667
0	0.1875
0	0.0416667
0	0.104167
0	0.0416667
0	0.0416667
0	0.0833333
0	0.0416667
0	0.0625
0	0.104167
0	0.166667
0	0.0833333
0	0.208333
0	0.0416667
0	0.0416667
0	0.0416667
0	0.0416667
0	0.0625
0	1
0	0.104167
0	0.0416667
0	0.0416667
0	0.0625
0	0.104167
0	0.0833333
0	0.0833333


