# Persistence diagram <GML/0985.gml>
#
# Dimension   : 0
# Entries     : 405
# Betti number: 1
0	inf
0	1
0	0.0898876
0	1
0	0.0674157
0	0.0674157
0	0.0898876
0	0.0674157
0	0.0786517
0	0.0561798
0	1
0	0.0786517
0	0.0674157
0	0.0898876
0	0.0898876
0	0.0786517
0	0.0561798
0	1
0	0.0449438
0	0.0449438
0	0.0449438
0	0.0674157
0	0.0337079
0	0.0786517
0	0.157303
0	0.0898876
0	0.0561798
0	0.0561798
0	0.0449438
0	0.0786517
0	0.157303
0	0.0674157
0	0.0898876
0	0.101124
0	0.0674157
0	0.0561798
0	0.0674157
0	1
0	0.157303
0	0.0674157
0	0.0337079
0	0.0337079
0	0.0674157
0	0.0449438
0	0.101124
0	1
0	0.101124
0	0.0561798
0	0.0449438
0	1
0	0.0561798
0	0.0449438
0	0.0561798
0	0.0674157
0	0.0561798
0	0.0449438
0	1
0	0.0786517
0	0.0786517
0	0.0449438
0	0.0449438
0	0.0561798
0	0.157303
0	0.0674157
0	0.157303
0	0.0337079
0	1
0	0.0674157
0	1
0	1
0	0.157303
0	0.0561798
0	0.0898876
0	0.0561798
0	1
0	0.0786517
0	0.0561798
0	0.0449438
0	0.0674157
0	0.0561798
0	1
0	1
0	0.0674157
0	0.0898876
0	0.0337079
0	0.0674157
0	0.0898876
0	1
0	0.0449438
0	0.0561798
0	0.0449438
0	0.0674157
0	0.0449438
0	0.0449438
0	1
0	0.0786517
0	0.101124
0	1
0	0.0449438
0	0.0898876
0	1
0	0.0898876
0	0.0786517
0	0.0224719
0	0.0561798
0	1
0	1
0	1
0	0.0674157
0	0.0561798
0	0.0786517
0	0.0561798
0	0.0786517
0	0.0224719
0	0.0561798
0	0.0337079
0	0.0449438
0	0.0449438
0	0.0898876
0	0.0449438
0	0.0224719
0	0.0449438
0	0.0449438
0	0.0337079
0	0.0561798
0	0.0449438
0	0.0337079
0	0.0561798
0	0.0898876
0	0.0561798
0	0.0674157
0	1
0	0.0337079
0	0.0449438
0	0.0224719
0	0.0449438
0	1
0	0.0561798
0	0.0337079
0	0.0337079
0	0.0337079
0	1
0	0.0449438
0	0.0449438
0	0.0449438
0	0.101124
0	1
0	0.0224719
0	0.0337079
0	0.0337079
0	0.0561798
0	0.0449438
0	0.0674157
0	0.0674157
0	0.0449438
0	0.0337079
0	0.0561798
0	0.0337079
0	0.0449438
0	0.0561798
0	0.0449438
0	0.0449438
0	0.101124
0	0.0337079
0	0.0449438
0	0.0786517
0	1
0	0.0449438
0	0.0674157
0	0.0337079
0	0.0337079
0	0.0224719
0	0.0674157
0	0.0449438
0	0.0224719
0	0.0674157
0	0.0337079
0	0.0449438
0	0.0561798
0	0.0337079
0	0.0674157
0	0.0561798
0	0.0337079
0	0.0224719
0	0.0224719
0	1
0	0.0449438
0	0.0449438
0	1
0	0.0449438
0	0.157303
0	0.0337079
0	0.0337079
0	1
0	0.0224719
0	0.0898876
0	0.0449438
0	0.0898876
0	0.0449438
0	0.0224719
0	0.157303
0	0.0337079
0	0.0561798
0	0.0449438
0	1
0	1
0	0.0337079
0	0.0224719
0	0.0786517
0	0.0337079
0	0.0561798
0	0.0786517
0	0.0224719
0	0.0561798
0	0.0337079
0	1
0	0.0224719
0	0.0561798
0	0.0674157
0	0.0224719
0	0.0561798
0	0.0786517
0	0.0449438
0	0.0449438
0	0.0224719
0	0.0337079
0	0.0337079
0	0.0337079
0	0.0224719
0	0.0449438
0	0.0337079
0	1
0	0.0449438
0	0.0449438
0	0.0674157
0	0.0674157
0	0.0561798
0	1
0	0.0449438
0	0.0561798
0	0.0337079
0	0.0561798
0	0.0786517
0	0.0449438
0	0.0337079
0	0.0224719
0	0.0337079
0	0.0224719
0	1
0	1
0	0.0337079
0	0.0337079
0	0.0224719
0	0.0337079
0	0.0561798
0	0.0224719
0	0.0224719
0	0.0449438
0	0.0337079
0	0.0561798
0	0.0337079
0	0.157303
0	0.0337079
0	0.0449438
0	0.0337079
0	0.0674157
0	0.0786517
0	0.0674157
0	0.0674157
0	0.0224719
0	0.0786517
0	1
0	1
0	1
0	0.0786517
0	0.0337079
0	0.0449438
0	0.0337079
0	0.0337079
0	0.0898876
0	0.0674157
0	0.0337079
0	0.0337079
0	1
0	1
0	0.0337079
0	0.0449438
0	0.157303
0	0.0449438
0	0.0561798
0	0.0337079
0	0.0449438
0	1
0	0.0337079
0	0.0224719
0	0.0449438
0	0.0224719
0	0.0561798
0	0.0224719
0	1
0	0.0337079
0	0.0561798
0	0.0337079
0	0.0337079
0	0.0449438
0	0.0449438
0	0.0224719
0	0.0337079
0	0.0561798
0	0.0224719
0	0.0449438
0	0.101124
0	1
0	0.0449438
0	0.0898876
0	1
0	0.0449438
0	0.0449438
0	0.0337079
0	0.0898876
0	1
0	0.0561798
0	0.0898876
0	0.0561798
0	0.0674157
0	0.0674157
0	1
0	0.0337079
0	0.0449438
0	0.0337079
0	1
0	0.0561798
0	1
0	0.0337079
0	0.0449438
0	0.0449438
0	0.0449438
0	0.0337079
0	0.0561798
0	0.0224719
0	0.0224719
0	0.0337079
0	1
0	0.0674157
0	0.101124
0	0.0561798
0	0.0337079
0	0.0449438
0	0.0337079
0	0.0337079
0	0.0337079
0	0.0337079
0	0.0449438
0	0.0786517
0	0.0337079
0	0.0449438
0	0.0337079
0	0.0449438
0	0.0674157
0	0.0786517
0	0.0786517
0	1
0	0.0561798
0	0.0224719
0	1
0	0.0224719
0	0.0561798
0	0.0561798
0	1
0	0.0449438
0	0.0224719
0	0.0786517
0	1
0	0.0337079
0	0.0337079
0	0.0337079
0	0.0561798
0	0.0561798
0	0.0449438
0	0.0224719
0	0.0561798
0	0.0449438
0	0.0449438
0	0.0224719
0	0.0898876
0	0.0561798
0	0.0224719
0	0.0449438
0	0.0224719
0	1
0	0.0561798
0	0.0786517
0	0.0449438
0	0.0449438
0	1
0	0.0449438
0	0.0449438
0	0.0674157
0	0.0337079
0	0.0337079
0	0.0449438
0	0.0337079
0	0.0337079
0	0.0337079
0	0.0224719


