# Persistence diagram <GML/0990.gml>
#
# Dimension   : 0
# Entries     : 385
# Betti number: 3
0	inf
0	1
0	1
0	1
0	1
0	1
0	0.104762
0	1
0	0.0761905
0	0.0761905
0	0.152381
0	1
0	0.047619
0	0.0285714
0	0.0952381
0	0.0190476
0	0.047619
0	0.0952381
0	0.0571429
0	1
0	1
0	0.0380952
0	1
0	0.0761905
0	0.0761905
0	inf
0	0.0761905
0	0.209524
0	0.0190476
0	1
0	0.152381
0	0.0285714
0	1
0	0.0761905
0	0.0380952
0	0.0285714
0	0.209524
0	1
0	0.0571429
0	0.0190476
0	0.0190476
0	0.0571429
0	0.047619
0	0.0571429
0	0.0190476
0	0.0761905
0	0.0666667
0	inf
0	0.0761905
0	0.152381
0	1
0	0.0571429
0	0.209524
0	0.0952381
0	0.0285714
0	0.0190476
0	0.0380952
0	0.047619
0	0.0761905
0	0.0380952
0	0.047619
0	0.152381
0	0.0666667
0	1
0	0.0666667
0	0.0380952
0	0.0571429
0	0.0761905
0	1
0	0.0380952
0	0.0952381
0	0.0380952
0	0.047619
0	1
0	0.152381
0	1
0	0.047619
0	0.0857143
0	1
0	1
0	1
0	1
0	0.047619
0	0.104762
0	0.152381
0	0.0380952
0	0.0571429
0	0.0190476
0	1
0	0.0285714
0	0.047619
0	0.104762
0	0.0380952
0	0.0285714
0	0.0571429
0	0.0285714
0	0.104762
0	0.0190476
0	0.047619
0	1
0	0.0761905
0	0.0380952
0	1
0	0.209524
0	0.0761905
0	0.0380952
0	0.0761905
0	0.0190476
0	0.0761905
0	0.0190476
0	1
0	0.0285714
0	1
0	0.047619
0	0.0380952
0	0.0666667
0	1
0	0.0285714
0	0.152381
0	0.0380952
0	0.047619
0	0.0285714
0	0.0761905
0	0.0761905
0	0.0380952
0	0.0285714
0	0.0380952
0	0.0285714
0	0.152381
0	0.047619
0	0.0285714
0	0.0380952
0	0.0190476
0	1
0	0.209524
0	0.0380952
0	0.0190476
0	0.0285714
0	0.152381
0	0.0380952
0	0.047619
0	0.0285714
0	0.0190476
0	0.0380952
0	1
0	0.0285714
0	0.0190476
0	0.0285714
0	0.152381
0	0.0666667
0	1
0	0.0190476
0	0.0857143
0	0.0190476
0	0.0285714
0	0.0190476
0	1
0	0.0380952
0	1
0	0.047619
0	0.047619
0	0.0666667
0	1
0	0.104762
0	0.0761905
0	0.0857143
0	0.0380952
0	0.0380952
0	0.0190476
0	0.0952381
0	1
0	0.0380952
0	0.152381
0	0.0285714
0	0.0857143
0	0.0857143
0	0.209524
0	0.0380952
0	0.0190476
0	1
0	1
0	1
0	0.0190476
0	0.0190476
0	0.047619
0	0.0380952
0	1
0	0.047619
0	0.0190476
0	0.047619
0	0.0285714
0	0.047619
0	0.0952381
0	0.0666667
0	0.0190476
0	0.047619
0	0.0761905
0	0.209524
0	0.0190476
0	1
0	0.209524
0	0.0285714
0	1
0	0.047619
0	0.0285714
0	0.0190476
0	0.0285714
0	0.0190476
0	0.047619
0	0.0190476
0	0.0571429
0	0.0285714
0	1
0	0.0380952
0	0.0285714
0	0.0190476
0	1
0	0.0380952
0	0.0190476
0	0.0285714
0	0.0190476
0	0.0380952
0	1
0	0.0190476
0	1
0	0.0285714
0	1
0	0.0190476
0	0.047619
0	0.0952381
0	0.209524
0	1
0	0.0761905
0	0.0190476
0	1
0	0.0380952
0	0.0380952
0	0.047619
0	0.209524
0	0.209524
0	0.0190476
0	0.0380952
0	0.0285714
0	0.0190476
0	1
0	0.0380952
0	0.0190476
0	0.0857143
0	0.0285714
0	0.0285714
0	0.047619
0	0.0285714
0	0.0190476
0	1
0	0.0190476
0	0.047619
0	0.047619
0	0.0190476
0	0.209524
0	0.047619
0	0.0380952
0	0.209524
0	0.047619
0	0.0190476
0	0.0190476
0	0.047619
0	0.104762
0	0.104762
0	1
0	0.047619
0	0.0666667
0	1
0	0.0190476
0	0.152381
0	0.0761905
0	0.047619
0	0.047619
0	0.0380952
0	0.0190476
0	0.0380952
0	0.047619
0	0.0952381
0	0.047619
0	0.0380952
0	0.047619
0	0.0380952
0	1
0	0.0190476
0	0.0285714
0	0.152381
0	0.0380952
0	0.0285714
0	0.0666667
0	0.00952381
0	0.047619
0	0.0571429
0	0.0380952
0	0.0285714
0	0.0190476
0	0.0190476
0	0.0190476
0	0.0666667
0	0.0761905
0	0.0190476
0	0.0190476
0	0.0190476
0	0.0190476
0	1
0	1
0	0.0380952
0	0.209524
0	1
0	1
0	0.209524
0	1
0	0.0190476
0	0.0857143
0	1
0	0.0285714
0	0.0380952
0	0.0190476
0	1
0	0.0761905
0	0.0190476
0	0.0190476
0	0.0285714
0	0.0190476
0	0.0190476
0	0.0761905
0	1
0	0.0190476
0	0.0380952
0	1
0	0.0190476
0	0.047619
0	0.0380952
0	0.104762
0	0.104762
0	0.209524
0	1
0	1
0	0.0761905
0	0.0190476
0	1
0	0.0380952
0	0.0285714
0	1
0	0.0285714
0	0.047619
0	0.0285714
0	0.0285714
0	0.104762
0	1
0	0.0190476
0	1
0	0.0190476
0	0.0190476
0	1
0	1
0	0.0380952
0	0.209524
0	1
0	0.0190476
0	1
0	0.0857143
0	0.0190476
0	1
0	0.0761905
0	0.0571429
0	0.047619
0	0.0190476
0	1
0	0.209524
0	0.0761905
0	1
0	0.047619
0	0.0190476
0	0.0190476
0	0.0285714
0	0.152381
0	0.0190476
0	0.0190476
0	0.0190476
0	0.0666667
0	0.0952381


