# Persistence diagram <GML/0994.gml>
#
# Dimension   : 0
# Entries     : 119
# Betti number: 2
0	inf
0	0.264706
0	0.264706
0	0.235294
0	0.205882
0	0.176471
0	0.176471
0	0.176471
0	0.382353
0	0.176471
0	0.205882
0	0.176471
0	0.382353
0	0.235294
0	0.176471
0	0.264706
0	0.176471
0	0.147059
0	1
0	0.176471
0	inf
0	0.264706
0	0.264706
0	0.176471
0	0.176471
0	0.264706
0	0.176471
0	0.382353
0	1
0	0.0882353
0	0.176471
0	0.117647
0	0.264706
0	0.235294
0	1
0	0.176471
0	0.0588235
0	0.0588235
0	0.176471
0	0.176471
0	0.147059
0	0.0588235
0	0.176471
0	0.176471
0	0.264706
0	0.147059
0	0.0882353
0	0.0882353
0	0.176471
0	0.147059
0	0.0882353
0	0.264706
0	0.147059
0	0.382353
0	0.0294118
0	0.147059
0	0.176471
0	0.382353
0	0.382353
0	0.205882
0	0.0588235
0	0.0882353
0	0.0882353
0	1
0	0.0882353
0	0.117647
0	0.176471
0	1
0	0.382353
0	0.176471
0	0.264706
0	0.0882353
0	0.264706
0	0.382353
0	0.147059
0	0.205882
0	0.176471
0	0.176471
0	0.176471
0	0.0882353
0	0.147059
0	0.0588235
0	1
0	0.147059
0	0.264706
0	1
0	0.264706
0	1
0	1
0	0.176471
0	0.264706
0	0.205882
0	0.264706
0	0.382353
0	0.235294
0	0.0882353
0	1
0	0.0588235
0	0.0882353
0	0.0588235
0	0.0882353
0	0.382353
0	0.176471
0	0.264706
0	0.0882353
0	0.176471
0	0.0882353
0	0.147059
0	0.0882353
0	0.0588235
0	0.382353
0	1
0	0.0588235
0	0.176471
0	0.0882353
0	1
0	0.147059
0	0.264706
0	0.176471


