# Persistence diagram <GML/0996.gml>
#
# Dimension   : 0
# Entries     : 412
# Betti number: 1
0	inf
0	1
0	1
0	1
0	0.0321101
0	1
0	1
0	1
0	0.114679
0	1
0	0.0275229
0	1
0	1
0	1
0	1
0	1
0	1
0	1
0	1
0	1
0	1
0	0.114679
0	0.0183486
0	0.0321101
0	0.114679
0	1
0	1
0	1
0	0.0183486
0	0.0229358
0	0.0275229
0	1
0	0.0183486
0	1
0	1
0	1
0	0.0321101
0	1
0	1
0	0.0183486
0	0.0137615
0	0.0137615
0	1
0	1
0	1
0	0.0229358
0	0.0321101
0	0.0229358
0	0.114679
0	1
0	1
0	0.0183486
0	1
0	1
0	0.0321101
0	0.0321101
0	0.0183486
0	1
0	1
0	1
0	1
0	0.0275229
0	1
0	0.0275229
0	1
0	0.114679
0	0.0183486
0	1
0	1
0	1
0	0.00917431
0	1
0	0.0137615
0	1
0	0.0366972
0	1
0	1
0	0.0137615
0	0.0275229
0	0.0275229
0	0.0183486
0	1
0	0.0183486
0	1
0	1
0	0.114679
0	1
0	1
0	0.00917431
0	0.114679
0	1
0	1
0	0.114679
0	0.0275229
0	0.0366972
0	0.0229358
0	0.0275229
0	1
0	1
0	0.00917431
0	1
0	1
0	0.0183486
0	0.0275229
0	0.0366972
0	1
0	0.0229358
0	0.0137615
0	1
0	1
0	0.0275229
0	0.0275229
0	1
0	0.114679
0	1
0	0.0275229
0	1
0	0.0137615
0	1
0	1
0	1
0	1
0	0.0321101
0	1
0	0.0137615
0	0.00917431
0	1
0	0.0229358
0	0.0229358
0	1
0	1
0	0.0366972
0	1
0	0.00917431
0	0.00917431
0	1
0	0.0275229
0	1
0	1
0	0.0137615
0	0.114679
0	1
0	0.00917431
0	0.0137615
0	0.0321101
0	0.114679
0	0.0229358
0	0.0229358
0	0.00917431
0	0.0275229
0	0.0183486
0	0.0229358
0	0.0183486
0	0.00917431
0	0.0366972
0	1
0	1
0	0.0137615
0	0.0229358
0	0.0275229
0	1
0	0.0229358
0	0.00917431
0	0.0229358
0	0.00917431
0	0.0183486
0	0.0137615
0	0.0183486
0	1
0	1
0	1
0	1
0	0.0321101
0	0.00917431
0	0.0321101
0	0.0137615
0	1
0	1
0	1
0	0.114679
0	0.0137615
0	0.0366972
0	1
0	0.0229358
0	0.0275229
0	0.0183486
0	1
0	1
0	0.0137615
0	0.0183486
0	0.0366972
0	0.0137615
0	1
0	0.0275229
0	0.0183486
0	1
0	0.0275229
0	1
0	0.00917431
0	0.0137615
0	0.114679
0	0.0137615
0	0.00917431
0	1
0	1
0	1
0	0.0229358
0	1
0	0.00917431
0	0.0183486
0	1
0	0.0183486
0	0.0321101
0	0.0275229
0	1
0	0.00917431
0	1
0	1
0	1
0	0.0321101
0	0.0137615
0	1
0	1
0	1
0	1
0	0.0183486
0	1
0	1
0	1
0	0.00917431
0	0.0137615
0	1
0	0.0275229
0	0.0137615
0	1
0	0.114679
0	1
0	1
0	0.00917431
0	1
0	0.00917431
0	0.0366972
0	0.114679
0	1
0	1
0	1
0	1
0	1
0	1
0	0.0137615
0	1
0	1
0	1
0	0.0137615
0	1
0	1
0	1
0	0.0275229
0	0.0275229
0	1
0	1
0	1
0	0.00917431
0	0.0137615
0	0.0137615
0	1
0	1
0	0.0275229
0	1
0	0.0183486
0	1
0	0.00917431
0	0.0183486
0	0.0137615
0	0.0137615
0	0.00917431
0	1
0	0.00917431
0	0.0229358
0	0.0137615
0	0.0275229
0	1
0	1
0	0.0275229
0	1
0	0.0137615
0	1
0	1
0	0.0137615
0	0.0137615
0	1
0	0.0275229
0	0.0137615
0	0.0137615
0	1
0	1
0	0.0366972
0	1
0	0.00917431
0	0.0137615
0	0.0137615
0	1
0	1
0	1
0	1
0	0.0229358
0	0.0275229
0	1
0	1
0	0.00917431
0	0.0137615
0	0.0183486
0	0.00917431
0	0.114679
0	0.0183486
0	0.0183486
0	1
0	1
0	1
0	1
0	1
0	1
0	1
0	1
0	1
0	0.0137615
0	0.0321101
0	0.00917431
0	0.114679
0	0.0229358
0	0.0183486
0	0.0137615
0	0.0275229
0	1
0	0.0137615
0	0.00917431
0	0.00917431
0	1
0	0.00917431
0	0.0137615
0	0.00917431
0	0.0275229
0	0.114679
0	1
0	0.0183486
0	1
0	0.0137615
0	0.00917431
0	0.0366972
0	1
0	1
0	0.0275229
0	0.114679
0	1
0	1
0	0.0321101
0	0.0229358
0	1
0	1
0	0.0137615
0	0.00917431
0	1
0	0.0137615
0	1
0	0.0137615
0	1
0	0.0137615
0	1
0	0.0137615
0	0.0137615
0	1
0	1
0	1
0	0.00917431
0	1
0	0.0275229
0	0.0137615
0	1
0	0.0137615
0	0.0321101
0	0.0137615
0	0.0137615
0	0.00917431
0	0.00917431
0	0.0183486
0	1
0	1
0	1
0	0.00917431
0	0.0137615
0	1
0	1
0	0.0137615
0	0.0137615
0	0.0366972
0	1
0	1
0	1
0	1
0	0.0321101
0	0.0137615
0	0.0137615
0	0.0183486
0	0.0183486
0	0.0137615
0	1
0	0.0229358
0	0.0137615
0	1
0	1
0	0.00917431
0	1


