# Persistence diagram <GML/1003.gml>
#
# Dimension   : 1
# Entries     : 211
# Betti number: 210
0.00489396	inf
0.00570962	inf
0.00570962	inf
0.00570962	inf
0.00570962	inf
0.00570962	inf
0.00652529	inf
0.00734095	inf
0.00734095	inf
0.00734095	inf
0.00734095	inf
0.00734095	inf
0.00734095	inf
0.00734095	inf
0.00734095	inf
0.00734095	inf
0.00815661	inf
0.00815661	inf
0.00897227	inf
0.00897227	inf
0.00897227	inf
0.00897227	inf
0.00978793	inf
0.00978793	inf
0.00978793	inf
0.00978793	inf
0.00978793	inf
0.00978793	inf
0.00978793	inf
0.00978793	inf
0.00978793	inf
0.00978793	inf
0.00978793	inf
0.00978793	inf
0.00978793	inf
0.0106036	inf
0.0106036	inf
0.0106036	inf
0.0106036	inf
0.0106036	inf
0.0106036	inf
0.0106036	inf
0.0114192	inf
0.0114192	inf
0.0114192	inf
0.0114192	inf
0.0114192	inf
0.0114192	inf
0.0114192	inf
0.0114192	inf
0.0114192	inf
0.0114192	inf
0.0114192	inf
0.0114192	inf
0.0114192	inf
0.0114192	inf
0.0114192	inf
0.0114192	inf
0.0114192	inf
0.0114192	inf
0.0114192	inf
0.0130506	inf
0.0130506	inf
0.0138662	inf
0.0138662	inf
0.0138662	inf
0.0138662	inf
0.0138662	inf
0.0138662	inf
0.0138662	inf
0.0138662	inf
0.0138662	inf
0.0138662	inf
0.0146819	inf
0.0163132	inf
0.0163132	inf
0.0163132	inf
0.0163132	inf
0.0163132	inf
0.0163132	inf
0.0163132	inf
0.0163132	inf
0.0163132	inf
0.0163132	inf
0.0163132	inf
0.0163132	inf
0.0163132	inf
0.0163132	inf
0.0163132	inf
0.0187602	inf
0.0187602	inf
0.0187602	inf
0.0187602	inf
0.0187602	inf
0.0187602	inf
0.0187602	inf
0.0212072	inf
0.0212072	inf
0.0212072	inf
0.0212072	inf
0.0277325	inf
0.0277325	inf
0.0277325	inf
0.0440457	inf
0.0440457	inf
0.0440457	inf
0.0440457	inf
0.0440457	inf
0.0440457	inf
0.0440457	inf
0.0440457	inf
0.0440457	inf
0.0440457	inf
0.0440457	1
0.0440457	inf
1	inf
1	inf
1	inf
1	inf
1	inf
1	inf
1	inf
1	inf
1	inf
1	inf
1	inf
1	inf
1	inf
1	inf
1	inf
1	inf
1	inf
1	inf
1	inf
1	inf
1	inf
1	inf
1	inf
1	inf
1	inf
1	inf
1	inf
1	inf
1	inf
1	inf
1	inf
1	inf
1	inf
1	inf
1	inf
1	inf
1	inf
1	inf
1	inf
1	inf
1	inf
1	inf
1	inf
1	inf
1	inf
1	inf
1	inf
1	inf
1	inf
1	inf
1	inf
1	inf
1	inf
1	inf
1	inf
1	inf
1	inf
1	inf
1	inf
1	inf
1	inf
1	inf
1	inf
1	inf
1	inf
1	inf
1	inf
1	inf
1	inf
1	inf
1	inf
1	inf
1	inf
1	inf
1	inf
1	inf
1	inf
1	inf
1	inf
1	inf
1	inf
1	inf
1	inf
1	inf
1	inf
1	inf
1	inf
1	inf
1	inf
1	inf
1	inf
1	inf
1	inf
1	inf
1	inf
1	inf
