# Persistence diagram <GML/1005.gml>
#
# Dimension   : 0
# Entries     : 716
# Betti number: 10
0	inf
0	1
0	1
0	1
0	0.0255814
0	0.0186047
0	0.0418605
0	0.0255814
0	0.0186047
0	0.0139535
0	1
0	1
0	0.0395349
0	0.0139535
0	1
0	0.0302326
0	1
0	1
0	1
0	0.0116279
0	0.0418605
0	0.0139535
0	1
0	1
0	0.0302326
0	1
0	1
0	1
0	1
0	0.0395349
0	1
0	1
0	0.0116279
0	1
0	1
0	0.0116279
0	1
0	1
0	1
0	1
0	1
0	1
0	1
0	inf
0	1
0	1
0	1
0	0.00465116
0	0.0116279
0	1
0	1
0	1
0	0.0116279
0	1
0	1
0	1
0	0.0348837
0	1
0	0.0186047
0	1
0	1
0	0.0116279
0	0.0395349
0	1
0	1
0	1
0	1
0	1
0	0.0116279
0	0.00697674
0	1
0	0.0116279
0	1
0	0.00697674
0	1
0	0.0139535
0	1
0	inf
0	1
0	1
0	1
0	1
0	1
0	1
0	inf
0	1
0	1
0	0.00465116
0	1
0	1
0	1
0	1
0	1
0	0.00697674
0	1
0	0.0209302
0	0.0255814
0	0.0209302
0	1
0	0.0255814
0	1
0	1
0	1
0	1
0	1
0	1
0	1
0	0.0302326
0	1
0	0.0139535
0	0.00930233
0	1
0	1
0	1
0	1
0	1
0	0.0348837
0	1
0	1
0	1
0	0.00930233
0	1
0	1
0	0.00697674
0	1
0	1
0	0.0162791
0	0.00697674
0	0.0139535
0	0.0116279
0	1
0	0.0186047
0	0.0116279
0	1
0	0.0395349
0	1
0	1
0	1
0	0.00697674
0	1
0	0.00930233
0	0.0395349
0	1
0	1
0	0.0186047
0	1
0	0.0302326
0	0.00930233
0	0.0418605
0	1
0	1
0	1
0	0.0395349
0	0.00697674
0	0.0255814
0	1
0	1
0	1
0	0.0162791
0	1
0	1
0	1
0	1
0	1
0	1
0	1
0	0.0162791
0	1
0	0.00930233
0	1
0	0.0395349
0	0.0186047
0	1
0	1
0	1
0	inf
0	0.00697674
0	1
0	1
0	1
0	0.00697674
0	1
0	0.0116279
0	1
0	1
0	1
0	0.0116279
0	0.00697674
0	1
0	0.00930233
0	0.0139535
0	1
0	1
0	1
0	1
0	1
0	1
0	0.00465116
0	1
0	1
0	1
0	0.0209302
0	1
0	0.00930233
0	1
0	0.0348837
0	1
0	0.0139535
0	1
0	1
0	1
0	0.0395349
0	1
0	0.0139535
0	0.0139535
0	1
0	1
0	0.00697674
0	1
0	0.00697674
0	0.00930233
0	0.0116279
0	1
0	1
0	1
0	1
0	0.0348837
0	0.0116279
0	1
0	inf
0	1
0	0.00930233
0	1
0	0.0255814
0	0.0209302
0	1
0	1
0	1
0	1
0	0.00930233
0	inf
0	1
0	0.0139535
0	0.00930233
0	0.0209302
0	1
0	0.00465116
0	1
0	1
0	1
0	0.00930233
0	1
0	1
0	1
0	1
0	1
0	1
0	0.00465116
0	0.00465116
0	0.0162791
0	0.0186047
0	1
0	1
0	1
0	0.00697674
0	1
0	1
0	0.0116279
0	0.0348837
0	1
0	1
0	1
0	1
0	1
0	0.00697674
0	0.0116279
0	1
0	0.00930233
0	1
0	1
0	1
0	1
0	1
0	1
0	1
0	0.00930233
0	0.0348837
0	1
0	0.0395349
0	1
0	0.0209302
0	1
0	1
0	0.0116279
0	1
0	1
0	1
0	0.0139535
0	1
0	0.0418605
0	1
0	0.00930233
0	1
0	1
0	0.0255814
0	1
0	1
0	1
0	1
0	inf
0	0.00697674
0	0.00465116
0	1
0	0.00930233
0	0.00465116
0	0.0116279
0	1
0	0.00697674
0	1
0	0.0116279
0	1
0	1
0	0.00697674
0	0.00697674
0	1
0	1
0	1
0	1
0	1
0	1
0	0.00697674
0	0.0116279
0	1
0	1
0	1
0	0.0116279
0	1
0	1
0	0.0162791
0	1
0	0.0186047
0	1
0	1
0	0.00697674
0	1
0	0.0116279
0	1
0	1
0	0.0209302
0	1
0	1
0	0.0139535
0	0.00697674
0	1
0	0.0116279
0	0.00930233
0	0.0162791
0	0.0162791
0	1
0	0.00465116
0	1
0	1
0	1
0	1
0	0.00697674
0	1
0	1
0	1
0	1
0	0.00465116
0	0.00465116
0	1
0	0.0395349
0	0.0116279
0	0.0302326
0	1
0	1
0	0.0116279
0	0.00465116
0	1
0	0.0139535
0	0.0186047
0	0.00930233
0	1
0	0.0116279
0	0.0139535
0	1
0	1
0	1
0	1
0	1
0	1
0	1
0	0.00465116
0	0.0116279
0	1
0	0.00465116
0	1
0	0.00697674
0	0.00465116
0	1
0	1
0	0.00697674
0	1
0	0.0209302
0	1
0	1
0	1
0	1
0	0.0116279
0	1
0	0.0116279
0	0.00697674
0	0.0116279
0	1
0	1
0	1
0	1
0	1
0	0.00697674
0	1
0	1
0	0.0162791
0	1
0	1
0	1
0	1
0	1
0	inf
0	0.00465116
0	1
0	1
0	0.00465116
0	0.0116279
0	0.00930233
0	1
0	1
0	1
0	1
0	1
0	0.00697674
0	1
0	0.00697674
0	1
0	1
0	1
0	1
0	1
0	1
0	1
0	1
0	1
0	1
0	0.00697674
0	0.00930233
0	0.0162791
0	1
0	1
0	0.0139535
0	1
0	0.0255814
0	1
0	1
0	1
0	1
0	0.0186047
0	1
0	1
0	0.00930233
0	0.00697674
0	0.0395349
0	0.0139535
0	0.00697674
0	1
0	1
0	0.00697674
0	1
0	0.00930233
0	1
0	1
0	1
0	1
0	0.00930233
0	0.00465116
0	1
0	0.00930233
0	0.0348837
0	0.00697674
0	1
0	1
0	1
0	1
0	0.0348837
0	0.00930233
0	1
0	0.0116279
0	0.00465116
0	0.00697674
0	0.0418605
0	0.0418605
0	0.00465116
0	1
0	0.00465116
0	0.0116279
0	0.0139535
0	1
0	1
0	0.00930233
0	1
0	0.00930233
0	0.00465116
0	0.00465116
0	1
0	1
0	1
0	1
0	1
0	1
0	1
0	0.0395349
0	1
0	1
0	1
0	1
0	0.0139535
0	1
0	0.00232558
0	0.00930233
0	1
0	0.00697674
0	1
0	1
0	0.00465116
0	1
0	0.00930233
0	0.00697674
0	1
0	1
0	0.0116279
0	1
0	0.00930233
0	1
0	0.00697674
0	1
0	0.00232558
0	1
0	1
0	0.0116279
0	1
0	0.00930233
0	0.0116279
0	0.0139535
0	1
0	1
0	0.00930233
0	0.00697674
0	0.00697674
0	0.0116279
0	1
0	0.00930233
0	0.0418605
0	0.0116279
0	1
0	0.0116279
0	1
0	1
0	0.00930233
0	1
0	1
0	1
0	0.00465116
0	1
0	0.0116279
0	1
0	0.00465116
0	0.0418605
0	1
0	0.00697674
0	0.00465116
0	0.0139535
0	1
0	0.0116279
0	1
0	0.00930233
0	0.00697674
0	1
0	0.00465116
0	0.0418605
0	0.00930233
0	1
0	1
0	0.00465116
0	1
0	1
0	1
0	0.00697674
0	0.00232558
0	0.00930233
0	0.00465116
0	1
0	1
0	0.0186047
0	0.00465116
0	0.0162791
0	0.00232558
0	1
0	1
0	1
0	0.00465116
0	0.00930233
0	1
0	1
0	0.00465116
0	0.00930233
0	0.00930233
0	0.0116279
0	0.0302326
0	1
0	0.0116279
0	0.00697674
0	0.00697674
0	1
0	0.0348837
0	inf
0	1
0	1
0	1
0	1
0	0.00930233
0	0.00697674
0	1
0	0.00930233
0	0.00697674
0	0.00465116
0	1
0	0.0116279
0	0.0209302
0	0.00465116
0	1
0	1
0	0.00697674
0	0.00930233
0	1
0	0.00465116
0	0.0255814
0	1
0	0.0139535
0	0.00465116
0	0.0186047
0	0.00465116
0	1
0	1
0	0.0116279
0	1
0	0.0116279
0	0.00930233
0	1
0	1
0	1
0	0.00697674
0	0.0139535
0	1
0	1
0	1
0	0.00465116
0	0.0418605
0	1
0	0.00697674
0	1
0	0.0139535
0	0.00930233
0	0.0116279
0	0.0186047
0	0.0209302
0	1
0	1
0	0.0139535
0	1
0	0.00697674
0	0.0255814
0	0.00232558
0	0.0116279
0	0.00465116
0	0.0116279
0	0.00465116
0	0.0116279
0	0.00465116
0	0.0116279
0	1
0	0.0116279
0	0.00697674
0	0.00465116
0	0.00697674
0	0.00697674
0	1
0	1
0	1
0	0.0418605
0	0.0418605
0	1
0	0.00930233
0	0.00465116
0	1
0	0.0116279
0	1
0	1
0	1
0	1
0	1
0	1
0	0.00465116
0	1
0	1
0	0.0348837
0	1
0	0.00697674


