# Persistence diagram <GML/1015.gml>
#
# Dimension   : 1
# Entries     : 179
# Betti number: 179
0.00264971	inf
0.00317965	inf
0.00317965	inf
0.00423953	inf
0.00423953	inf
0.00423953	inf
0.00423953	inf
0.00476948	inf
0.00529942	inf
0.00529942	inf
0.00529942	inf
0.00582936	inf
0.00582936	inf
0.0063593	inf
0.0063593	inf
0.0063593	inf
0.0063593	inf
0.0063593	inf
0.00688924	inf
0.00688924	inf
0.00688924	inf
0.00688924	inf
0.00688924	inf
0.00688924	inf
0.00688924	inf
0.00688924	inf
0.00688924	inf
0.00688924	inf
0.00688924	inf
0.00741918	inf
0.00794913	inf
0.00794913	inf
0.00794913	inf
0.00794913	inf
0.00794913	inf
0.00794913	inf
0.00794913	inf
0.00847907	inf
0.00847907	inf
0.00847907	inf
0.00847907	inf
0.00847907	inf
0.00847907	inf
0.00847907	inf
0.00847907	inf
0.00847907	inf
0.00847907	inf
0.00847907	inf
0.00847907	inf
0.00900901	inf
0.00900901	inf
0.00900901	inf
0.00900901	inf
0.00953895	inf
0.00953895	inf
0.00953895	inf
0.00953895	inf
0.00953895	inf
0.00953895	inf
0.00953895	inf
0.00953895	inf
0.00953895	inf
0.00953895	inf
0.00953895	inf
0.0100689	inf
0.0100689	inf
0.0100689	inf
0.0100689	inf
0.0105988	inf
0.0105988	inf
0.0105988	inf
0.0105988	inf
0.0105988	inf
0.0105988	inf
0.0105988	inf
0.0105988	inf
0.0105988	inf
0.0105988	inf
0.0105988	inf
0.0105988	inf
0.0105988	inf
0.0105988	inf
0.0105988	inf
0.0127186	inf
0.0127186	inf
0.0127186	inf
0.0127186	inf
0.0127186	inf
0.0127186	inf
0.0127186	inf
0.0127186	inf
0.0132485	inf
0.0132485	inf
0.0132485	inf
0.0132485	inf
0.0132485	inf
0.0132485	inf
0.0132485	inf
0.0132485	inf
0.0132485	inf
0.0132485	inf
0.0158983	inf
0.0158983	inf
0.0158983	inf
0.0158983	inf
0.0158983	inf
0.0158983	inf
0.0158983	inf
1	inf
1	inf
1	inf
1	inf
1	inf
1	inf
1	inf
1	inf
1	inf
1	inf
1	inf
1	inf
1	inf
1	inf
1	inf
1	inf
1	inf
1	inf
1	inf
1	inf
1	inf
1	inf
1	inf
1	inf
1	inf
1	inf
1	inf
1	inf
1	inf
1	inf
1	inf
1	inf
1	inf
1	inf
1	inf
1	inf
1	inf
1	inf
1	inf
1	inf
1	inf
1	inf
1	inf
1	inf
1	inf
1	inf
1	inf
1	inf
1	inf
1	inf
1	inf
1	inf
1	inf
1	inf
1	inf
1	inf
1	inf
1	inf
1	inf
1	inf
1	inf
1	inf
1	inf
1	inf
1	inf
1	inf
1	inf
1	inf
1	inf
1	inf
1	inf
