# Persistence diagram <GML/1021.gml>
#
# Dimension   : 0
# Entries     : 878
# Betti number: 3
0	inf
0	1
0	1
0	1
0	1
0	1
0	1
0	1
0	inf
0	1
0	1
0	1
0	0.0395869
0	0.0344234
0	0.0344234
0	0.0395869
0	1
0	0.0172117
0	0.0344234
0	0.0137694
0	0.0189329
0	1
0	1
0	1
0	1
0	1
0	0.00516351
0	1
0	1
0	1
0	0.0120482
0	1
0	0.0240964
0	1
0	0.0154905
0	1
0	1
0	0.0413081
0	0.0172117
0	1
0	1
0	0.0413081
0	1
0	1
0	1
0	1
0	1
0	1
0	1
0	1
0	1
0	0.0154905
0	1
0	0.0154905
0	0.0154905
0	0.0413081
0	1
0	0.00344234
0	0.0395869
0	1
0	1
0	1
0	1
0	1
0	1
0	0.0395869
0	1
0	1
0	0.00344234
0	1
0	1
0	0.0120482
0	0.00860585
0	0.0120482
0	1
0	1
0	1
0	0.0344234
0	0.0413081
0	1
0	0.0344234
0	1
0	0.020654
0	0.0240964
0	1
0	0.0189329
0	1
0	0.00860585
0	0.00688468
0	0.00516351
0	0.00860585
0	1
0	1
0	1
0	1
0	1
0	1
0	0.0413081
0	0.0120482
0	1
0	0.0344234
0	1
0	1
0	0.0120482
0	1
0	1
0	1
0	1
0	1
0	1
0	0.0344234
0	1
0	0.0120482
0	1
0	0.00688468
0	0.00688468
0	1
0	1
0	1
0	0.020654
0	1
0	1
0	0.0395869
0	1
0	1
0	0.0154905
0	1
0	0.00688468
0	0.0189329
0	1
0	1
0	0.0413081
0	1
0	0.00344234
0	0.00860585
0	1
0	0.00860585
0	1
0	0.0154905
0	0.0395869
0	1
0	1
0	1
0	0.00344234
0	1
0	1
0	1
0	1
0	0.0395869
0	1
0	1
0	1
0	0.0154905
0	1
0	1
0	1
0	0.0154905
0	1
0	1
0	1
0	1
0	1
0	1
0	1
0	0.00516351
0	1
0	1
0	1
0	1
0	0.0413081
0	1
0	0.0120482
0	0.0344234
0	1
0	1
0	1
0	0.00516351
0	1
0	1
0	1
0	1
0	0.0172117
0	1
0	0.0172117
0	0.00860585
0	1
0	1
0	1
0	0.00860585
0	0.0120482
0	1
0	1
0	1
0	0.0344234
0	0.00516351
0	1
0	1
0	1
0	1
0	1
0	1
0	1
0	1
0	0.0154905
0	0.00516351
0	1
0	0.0137694
0	1
0	0.00516351
0	0.0137694
0	1
0	0.00688468
0	0.00516351
0	0.0154905
0	1
0	1
0	0.00688468
0	0.00516351
0	0.0172117
0	1
0	1
0	1
0	0.00688468
0	1
0	1
0	1
0	1
0	0.0154905
0	0.0154905
0	0.0172117
0	0.0189329
0	0.00860585
0	1
0	1
0	0.0120482
0	1
0	1
0	0.00860585
0	0.0154905
0	0.00860585
0	1
0	0.00860585
0	0.00516351
0	1
0	0.0344234
0	1
0	0.00688468
0	0.00516351
0	1
0	1
0	1
0	1
0	0.00516351
0	0.0395869
0	1
0	1
0	0.00516351
0	0.00344234
0	1
0	1
0	0.00516351
0	0.00516351
0	1
0	1
0	1
0	1
0	0.0413081
0	1
0	1
0	0.00516351
0	1
0	0.00516351
0	1
0	1
0	1
0	0.0240964
0	1
0	1
0	0.0154905
0	1
0	0.0413081
0	1
0	0.0120482
0	0.0413081
0	0.00860585
0	1
0	1
0	1
0	0.0172117
0	0.0344234
0	1
0	0.00344234
0	1
0	0.00344234
0	0.00344234
0	1
0	1
0	1
0	1
0	1
0	1
0	1
0	1
0	1
0	1
0	0.00860585
0	1
0	1
0	0.0137694
0	0.0120482
0	1
0	1
0	0.0154905
0	0.00516351
0	1
0	0.0120482
0	1
0	1
0	1
0	1
0	1
0	0.00344234
0	1
0	1
0	1
0	0.00860585
0	1
0	0.00344234
0	0.0413081
0	1
0	1
0	0.00860585
0	0.00860585
0	1
0	0.0189329
0	1
0	1
0	1
0	0.0120482
0	1
0	1
0	1
0	1
0	1
0	1
0	1
0	1
0	1
0	1
0	1
0	1
0	1
0	1
0	1
0	0.00860585
0	1
0	1
0	0.0154905
0	1
0	0.0154905
0	1
0	1
0	0.00516351
0	0.0154905
0	1
0	1
0	0.00688468
0	0.00688468
0	1
0	0.0172117
0	1
0	1
0	1
0	1
0	0.0344234
0	1
0	1
0	0.0344234
0	1
0	0.00344234
0	0.00344234
0	1
0	1
0	1
0	1
0	1
0	0.0395869
0	0.0172117
0	1
0	1
0	1
0	1
0	1
0	1
0	1
0	1
0	1
0	0.0395869
0	1
0	0.00344234
0	1
0	1
0	1
0	1
0	1
0	0.0120482
0	0.0172117
0	0.00516351
0	0.00516351
0	1
0	1
0	0.00344234
0	1
0	0.00688468
0	1
0	0.0154905
0	0.00516351
0	1
0	0.00860585
0	1
0	1
0	1
0	1
0	0.00344234
0	0.0240964
0	1
0	1
0	1
0	0.0120482
0	0.0137694
0	0.00688468
0	1
0	0.00344234
0	1
0	0.00344234
0	0.0344234
0	0.00688468
0	1
0	1
0	0.0413081
0	1
0	0.0154905
0	1
0	1
0	1
0	1
0	0.00516351
0	1
0	0.010327
0	0.0172117
0	1
0	0.00860585
0	0.00344234
0	0.00688468
0	0.00516351
0	0.0120482
0	1
0	1
0	0.00860585
0	1
0	0.00516351
0	0.00344234
0	1
0	0.00344234
0	0.00688468
0	1
0	0.00516351
0	0.00516351
0	0.010327
0	1
0	1
0	0.0344234
0	1
0	1
0	1
0	0.00860585
0	1
0	1
0	0.0120482
0	1
0	1
0	1
0	0.0413081
0	0.0189329
0	1
0	0.00516351
0	0.0413081
0	0.00860585
0	0.00516351
0	1
0	1
0	1
0	0.0120482
0	1
0	1
0	1
0	1
0	1
0	1
0	1
0	1
0	1
0	0.0395869
0	0.0172117
0	0.00516351
0	1
0	1
0	0.00860585
0	1
0	1
0	0.0172117
0	1
0	1
0	0.00344234
0	0.0395869
0	0.00516351
0	1
0	1
0	1
0	1
0	0.0413081
0	1
0	1
0	1
0	1
0	0.00516351
0	1
0	0.00516351
0	1
0	1
0	0.00516351
0	1
0	1
0	1
0	1
0	1
0	1
0	0.00860585
0	1
0	1
0	1
0	1
0	0.00688468
0	1
0	0.00516351
0	1
0	1
0	1
0	1
0	1
0	0.00344234
0	1
0	0.00516351
0	1
0	0.00516351
0	0.00344234
0	0.00516351
0	0.010327
0	0.00344234
0	1
0	0.00688468
0	1
0	1
0	0.00344234
0	0.00516351
0	1
0	1
0	1
0	0.010327
0	1
0	0.0172117
0	1
0	0.00516351
0	0.020654
0	1
0	0.0395869
0	0.0240964
0	0.0120482
0	0.00516351
0	0.0395869
0	1
0	0.0413081
0	1
0	1
0	1
0	1
0	0.0240964
0	1
0	1
0	0.00344234
0	0.00860585
0	1
0	1
0	1
0	1
0	1
0	0.00688468
0	1
0	1
0	1
0	0.00688468
0	1
0	1
0	0.0413081
0	0.0344234
0	1
0	0.020654
0	1
0	0.0154905
0	0.00344234
0	0.00516351
0	1
0	0.00860585
0	1
0	1
0	1
0	0.0344234
0	1
0	1
0	0.0172117
0	1
0	1
0	1
0	1
0	0.00860585
0	1
0	0.00516351
0	0.00344234
0	inf
0	1
0	1
0	0.00516351
0	0.020654
0	0.0120482
0	0.0344234
0	1
0	1
0	0.0413081
0	1
0	0.0189329
0	0.00516351
0	0.020654
0	1
0	0.00688468
0	1
0	0.00688468
0	0.00344234
0	1
0	0.0395869
0	1
0	0.0120482
0	1
0	1
0	1
0	1
0	1
0	0.0120482
0	0.00516351
0	1
0	0.00344234
0	1
0	1
0	1
0	0.0154905
0	1
0	0.010327
0	0.00860585
0	0.00688468
0	1
0	1
0	1
0	1
0	0.0395869
0	0.0154905
0	1
0	0.010327
0	0.00516351
0	1
0	0.00516351
0	0.0172117
0	1
0	1
0	0.0120482
0	0.00860585
0	0.0413081
0	1
0	1
0	0.00344234
0	0.00516351
0	1
0	0.00516351
0	0.00516351
0	1
0	0.0120482
0	1
0	1
0	1
0	0.0413081
0	1
0	1
0	0.00516351
0	1
0	0.00516351
0	1
0	1
0	0.00860585
0	0.0120482
0	0.00516351
0	0.00516351
0	1
0	0.00516351
0	0.0137694
0	1
0	0.00344234
0	1
0	1
0	1
0	1
0	0.00516351
0	1
0	1
0	0.0395869
0	1
0	0.00516351
0	1
0	1
0	0.00860585
0	1
0	0.00516351
0	0.0120482
0	0.0154905
0	0.00860585
0	1
0	1
0	0.010327
0	0.00516351
0	1
0	0.00860585
0	0.00516351
0	1
0	1
0	1
0	1
0	0.0172117
0	1
0	1
0	1
0	0.0395869
0	1
0	1
0	1
0	0.00516351
0	0.00516351
0	1
0	1
0	1
0	0.00516351
0	0.0120482
0	1
0	1
0	1
0	1
0	0.010327
0	0.00516351
0	1
0	1
0	0.00516351
0	0.00860585
0	0.00344234
0	0.00516351
0	0.0189329
0	1
0	1
0	0.00516351
0	1
0	0.00860585
0	0.00344234
0	1
0	0.00516351
0	0.0120482
0	1
0	1
0	1
0	0.0395869
0	1
0	1
0	1
0	1
0	1
0	1
0	1
0	1
0	1
0	1
0	0.00516351
0	1
0	1
0	1
0	0.00344234
0	1
0	0.0120482
0	1
0	1
0	0.010327
0	1
0	0.00344234
0	1
0	1
0	0.00344234
0	1
0	0.00516351
0	0.00688468
0	0.020654
0	0.0344234
0	1
0	1
0	1
0	1
0	1
0	1
0	1
0	1
0	1
0	0.00344234
0	0.00172117
0	1
0	0.00688468
0	0.0120482
0	1
0	1
0	0.0395869
0	1
0	1
0	0.0395869
0	1
0	0.0120482
0	1
0	0.0120482
0	0.0395869
0	1
0	0.0240964
0	0.00516351
0	1
0	1
0	0.00344234
0	1
0	0.00344234
0	0.00860585
0	1
0	0.00860585
0	0.00344234
0	1
0	0.00344234
0	0.0240964
0	0.00516351
0	0.00344234
0	0.0154905
0	0.0172117
0	0.00344234
0	1
0	1
0	0.0120482
0	0.00344234
0	0.00516351
0	1
0	0.0154905
0	0.00344234
0	1
0	0.00688468
0	0.0120482
0	1
0	1
0	1
0	1
0	1
0	1
0	1
0	0.00688468


