# Persistence diagram <GML/1025.gml>
#
# Dimension   : 0
# Entries     : 829
# Betti number: 4
0	inf
0	1
0	1
0	1
0	1
0	1
0	1
0	1
0	1
0	0.0153061
0	1
0	1
0	1
0	0.0221088
0	1
0	1
0	1
0	1
0	1
0	1
0	1
0	1
0	1
0	1
0	0.0119048
0	0.0187075
0	0.0187075
0	1
0	0.0221088
0	1
0	1
0	1
0	1
0	1
0	1
0	1
0	1
0	1
0	1
0	1
0	1
0	1
0	1
0	0.0187075
0	0.0153061
0	1
0	1
0	0.00510204
0	0.0187075
0	1
0	0.0153061
0	0.00510204
0	1
0	1
0	1
0	1
0	1
0	0.0187075
0	0.0119048
0	1
0	1
0	1
0	1
0	1
0	0.0085034
0	1
0	1
0	1
0	1
0	1
0	1
0	1
0	1
0	0.0119048
0	1
0	1
0	1
0	0.0187075
0	1
0	0.0187075
0	1
0	1
0	0.00680272
0	1
0	0.0085034
0	1
0	0.0136054
0	1
0	1
0	1
0	1
0	1
0	1
0	1
0	1
0	1
0	0.0136054
0	1
0	1
0	0.0119048
0	0.0136054
0	0.0187075
0	0.0085034
0	1
0	0.00510204
0	1
0	1
0	1
0	1
0	1
0	1
0	1
0	1
0	1
0	0.00340136
0	0.00340136
0	1
0	1
0	0.0119048
0	1
0	0.0119048
0	0.00340136
0	1
0	0.0153061
0	0.0153061
0	0.0085034
0	1
0	1
0	1
0	1
0	0.0187075
0	1
0	0.0085034
0	1
0	1
0	1
0	0.0119048
0	0.00340136
0	0.0136054
0	1
0	1
0	0.00340136
0	0.00680272
0	1
0	0.00510204
0	1
0	1
0	0.00510204
0	1
0	0.00340136
0	1
0	1
0	1
0	0.0153061
0	1
0	1
0	0.0119048
0	0.00340136
0	0.0119048
0	1
0	1
0	1
0	0.00680272
0	1
0	1
0	0.0119048
0	1
0	1
0	0.0221088
0	0.00340136
0	1
0	1
0	1
0	0.0187075
0	1
0	0.0085034
0	0.00340136
0	1
0	1
0	1
0	1
0	1
0	1
0	1
0	1
0	1
0	0.00680272
0	0.00680272
0	1
0	1
0	1
0	0.00340136
0	0.00510204
0	1
0	1
0	0.0187075
0	1
0	0.0119048
0	0.0119048
0	0.0136054
0	0.00510204
0	1
0	inf
0	1
0	1
0	1
0	1
0	1
0	1
0	0.00510204
0	0.0119048
0	1
0	1
0	0.00680272
0	0.0136054
0	1
0	1
0	1
0	1
0	1
0	1
0	0.0187075
0	1
0	1
0	1
0	1
0	0.0119048
0	1
0	1
0	1
0	1
0	1
0	1
0	0.0119048
0	1
0	0.00510204
0	1
0	1
0	1
0	1
0	0.0119048
0	1
0	0.00680272
0	1
0	1
0	0.0153061
0	1
0	0.00510204
0	1
0	1
0	0.0187075
0	1
0	0.0085034
0	1
0	1
0	1
0	1
0	1
0	1
0	1
0	1
0	0.0085034
0	1
0	1
0	1
0	1
0	0.00680272
0	1
0	1
0	0.0119048
0	1
0	1
0	1
0	1
0	0.00510204
0	1
0	1
0	1
0	1
0	0.0119048
0	1
0	0.00510204
0	1
0	1
0	1
0	1
0	0.0187075
0	0.0119048
0	1
0	1
0	0.00510204
0	1
0	0.00340136
0	1
0	1
0	1
0	1
0	1
0	1
0	1
0	1
0	1
0	1
0	1
0	1
0	0.0221088
0	1
0	1
0	1
0	1
0	0.00510204
0	1
0	1
0	1
0	0.00510204
0	1
0	0.0119048
0	1
0	0.00340136
0	1
0	1
0	0.00340136
0	1
0	0.00340136
0	inf
0	1
0	1
0	1
0	1
0	0.0153061
0	0.0119048
0	1
0	1
0	0.00510204
0	1
0	0.00680272
0	0.00510204
0	0.0187075
0	1
0	1
0	0.00340136
0	1
0	1
0	1
0	0.0187075
0	1
0	1
0	1
0	1
0	0.00510204
0	1
0	1
0	1
0	0.0119048
0	0.00510204
0	0.0119048
0	1
0	1
0	0.00680272
0	0.00510204
0	0.00510204
0	0.0136054
0	0.00510204
0	0.0119048
0	0.0221088
0	0.0187075
0	1
0	1
0	0.00680272
0	0.00510204
0	1
0	1
0	1
0	1
0	1
0	1
0	1
0	0.00340136
0	1
0	1
0	1
0	1
0	1
0	1
0	1
0	0.00680272
0	1
0	1
0	1
0	1
0	0.0085034
0	1
0	1
0	0.00510204
0	1
0	0.00340136
0	1
0	1
0	1
0	1
0	1
0	1
0	1
0	0.00510204
0	1
0	0.00510204
0	1
0	1
0	0.00510204
0	1
0	1
0	1
0	1
0	1
0	0.00510204
0	0.0119048
0	1
0	0.0187075
0	1
0	0.00680272
0	1
0	1
0	1
0	1
0	0.00340136
0	1
0	0.00680272
0	inf
0	1
0	1
0	0.0221088
0	0.0153061
0	0.0221088
0	0.0153061
0	1
0	1
0	0.00680272
0	0.0153061
0	1
0	0.0085034
0	0.00340136
0	1
0	0.00680272
0	0.00680272
0	1
0	0.0119048
0	1
0	0.0119048
0	1
0	1
0	1
0	1
0	0.00510204
0	1
0	1
0	1
0	1
0	1
0	1
0	1
0	1
0	0.00680272
0	1
0	1
0	0.00680272
0	0.00340136
0	1
0	1
0	1
0	1
0	1
0	1
0	1
0	0.00510204
0	1
0	1
0	1
0	1
0	1
0	1
0	1
0	1
0	1
0	1
0	1
0	0.00680272
0	1
0	1
0	0.00340136
0	1
0	1
0	0.0136054
0	0.00340136
0	1
0	1
0	1
0	1
0	0.00680272
0	0.00340136
0	1
0	0.0119048
0	1
0	1
0	1
0	0.00510204
0	1
0	1
0	1
0	1
0	0.00680272
0	1
0	0.0085034
0	0.00510204
0	0.0136054
0	1
0	1
0	0.0187075
0	0.0119048
0	0.0136054
0	1
0	1
0	0.00510204
0	1
0	0.0085034
0	0.00510204
0	1
0	1
0	1
0	1
0	1
0	1
0	0.00510204
0	1
0	0.00340136
0	0.00510204
0	0.0119048
0	1
0	0.00510204
0	1
0	1
0	1
0	1
0	1
0	1
0	1
0	1
0	1
0	0.00510204
0	1
0	1
0	1
0	1
0	1
0	1
0	0.00510204
0	1
0	1
0	1
0	1
0	1
0	1
0	1
0	1
0	0.00680272
0	0.00340136
0	0.0187075
0	0.00510204
0	1
0	0.00340136
0	1
0	0.00340136
0	0.00340136
0	1
0	1
0	1
0	1
0	1
0	1
0	1
0	1
0	0.00340136
0	0.0136054
0	0.0136054
0	0.0085034
0	1
0	0.00510204
0	0.00340136
0	1
0	0.00340136
0	1
0	1
0	1
0	1
0	0.0187075
0	1
0	1
0	0.00340136
0	1
0	1
0	1
0	1
0	1
0	1
0	0.00340136
0	0.00510204
0	0.00510204
0	1
0	1
0	1
0	1
0	1
0	0.00680272
0	1
0	1
0	0.00510204
0	0.00680272
0	0.0085034
0	1
0	1
0	1
0	1
0	1
0	1
0	1
0	0.00340136
0	0.0085034
0	1
0	1
0	0.0187075
0	0.0187075
0	1
0	1
0	1
0	0.00510204
0	0.00680272
0	0.00510204
0	1
0	1
0	1
0	1
0	1
0	1
0	1
0	1
0	1
0	0.00340136
0	0.00170068
0	1
0	1
0	1
0	0.00510204
0	1
0	0.00340136
0	1
0	1
0	1
0	0.00510204
0	1
0	0.00680272
0	0.00340136
0	1
0	1
0	1
0	1
0	1
0	0.0085034
0	0.0187075
0	1
0	0.00340136
0	1
0	0.00680272
0	1
0	0.0187075
0	1
0	1
0	1
0	0.0187075
0	1
0	0.00510204
0	1
0	1
0	1
0	1
0	0.00340136
0	1
0	0.0187075
0	0.00340136
0	1
0	1
0	1
0	0.00510204
0	0.00340136
0	1
0	1
0	0.00170068
0	0.0119048
0	0.00340136
0	1
0	1
0	1
0	0.00510204
0	0.00340136
0	1
0	1
0	1
0	1
0	0.0119048
0	1
0	0.00680272
0	0.0136054
0	0.00680272
0	0.0187075
0	1
0	0.00340136
0	1
0	1
0	0.0221088
0	0.00510204
0	0.00340136
0	0.00510204
0	0.00340136
0	1
0	0.00680272
0	0.0136054
0	0.00340136
0	1
0	1
0	1
0	1
0	1
0	0.0119048
0	0.00510204
0	0.00340136
0	0.0153061
0	1
0	1
0	1
0	0.00510204
0	1
0	1
0	1
0	0.00510204
0	0.0187075
0	1
0	1
0	1
0	1
0	0.00340136
0	1
0	0.00510204
0	1
0	1
0	1
0	1
0	1
0	1
0	0.00510204
0	0.00510204
0	1
0	1
0	0.00510204
0	1
0	1
0	1
0	0.00340136
0	0.00680272
0	1
0	1
0	0.0221088
0	1
0	1
0	0.00680272
0	0.00340136
0	1
0	1
0	0.0153061
0	1
0	1
0	0.00340136
0	0.0085034
0	1
0	1
0	0.00510204
0	0.00510204
0	1
0	1
0	0.00680272
0	0.0119048
0	1
0	0.0153061
0	1
0	1
0	1
0	1
0	1
0	0.00510204
0	0.0119048
0	1
0	1
0	1
0	0.0221088
0	1
0	1
0	1
0	0.00510204
0	1
0	1
0	1
0	0.00340136
0	0.00170068
0	1
0	0.0187075
0	1
0	1
0	1
0	0.00340136
0	1
0	1
0	1
0	1
0	1
0	0.00510204
0	1
0	1
0	0.00340136
0	0.00510204
0	1
0	1
0	0.00510204


