# Persistence diagram <GML/1026.gml>
#
# Dimension   : 0
# Entries     : 1246
# Betti number: 2
0	inf
0	0.0332031
0	1
0	0.0175781
0	0.0136719
0	1
0	0.0234375
0	0.0136719
0	0.0136719
0	0.015625
0	0.0253906
0	1
0	1
0	1
0	0.015625
0	0.0136719
0	0.0761719
0	0.0234375
0	1
0	inf
0	0.0175781
0	0.00976562
0	0.0234375
0	0.0136719
0	0.0214844
0	0.0117188
0	0.0664062
0	0.0136719
0	1
0	1
0	0.0332031
0	0.0195312
0	1
0	1
0	0.015625
0	0.0214844
0	0.0214844
0	0.0117188
0	0.0214844
0	0.0078125
0	1
0	1
0	0.015625
0	0.0351562
0	0.0175781
0	0.0117188
0	0.0117188
0	0.0234375
0	0.0117188
0	0.0117188
0	0.0234375
0	0.00976562
0	1
0	0.0175781
0	0.0332031
0	1
0	0.0117188
0	1
0	1
0	1
0	0.0117188
0	0.0136719
0	1
0	0.0761719
0	0.0136719
0	0.0664062
0	1
0	0.0117188
0	0.0761719
0	0.0664062
0	1
0	0.0078125
0	1
0	0.0136719
0	1
0	0.0117188
0	0.0273438
0	0.0664062
0	1
0	0.0214844
0	1
0	0.00976562
0	0.0078125
0	0.0214844
0	0.0117188
0	0.015625
0	1
0	1
0	0.0117188
0	1
0	0.0390625
0	0.015625
0	0.0117188
0	0.015625
0	0.0351562
0	1
0	1
0	0.0117188
0	0.0117188
0	1
0	1
0	1
0	1
0	0.0078125
0	0.0117188
0	1
0	1
0	1
0	0.0253906
0	0.0175781
0	1
0	1
0	0.0761719
0	0.015625
0	0.0214844
0	0.0195312
0	0.0175781
0	0.0273438
0	0.0214844
0	0.0214844
0	0.0136719
0	1
0	1
0	0.0273438
0	1
0	0.00976562
0	0.0234375
0	0.0136719
0	0.0175781
0	0.0117188
0	1
0	0.00585938
0	0.015625
0	0.00976562
0	1
0	0.00976562
0	0.0214844
0	1
0	1
0	0.0117188
0	0.0117188
0	0.0117188
0	0.0117188
0	0.0351562
0	0.0351562
0	0.0351562
0	0.0195312
0	0.00976562
0	1
0	0.0117188
0	1
0	0.0117188
0	0.0214844
0	1
0	0.00976562
0	0.0117188
0	1
0	1
0	0.0175781
0	0.0136719
0	0.0117188
0	0.00585938
0	0.0078125
0	0.00390625
0	0.0332031
0	0.0273438
0	0.0175781
0	0.0117188
0	0.0664062
0	1
0	0.0078125
0	1
0	1
0	0.0351562
0	1
0	1
0	0.0175781
0	1
0	0.0117188
0	1
0	0.0195312
0	0.0117188
0	0.0332031
0	0.0175781
0	0.00976562
0	1
0	0.015625
0	0.0214844
0	0.0351562
0	1
0	1
0	1
0	0.0117188
0	0.0332031
0	1
0	0.0273438
0	1
0	0.00585938
0	1
0	0.0214844
0	0.0117188
0	0.0136719
0	0.0117188
0	0.015625
0	0.0117188
0	1
0	0.0214844
0	0.0117188
0	0.0175781
0	0.0175781
0	0.0078125
0	0.015625
0	0.0136719
0	0.015625
0	1
0	0.00585938
0	0.0351562
0	0.0117188
0	0.0214844
0	1
0	0.015625
0	0.0117188
0	0.0136719
0	1
0	0.0332031
0	0.00976562
0	0.00976562
0	0.0117188
0	0.00976562
0	0.0273438
0	1
0	0.0117188
0	1
0	0.0136719
0	0.0761719
0	1
0	0.0117188
0	1
0	1
0	1
0	1
0	0.0117188
0	1
0	0.015625
0	1
0	0.00976562
0	0.0078125
0	1
0	1
0	0.0390625
0	0.0078125
0	1
0	0.0253906
0	0.0136719
0	1
0	0.0117188
0	0.0253906
0	0.015625
0	0.0761719
0	0.00585938
0	0.0078125
0	0.0664062
0	0.0117188
0	1
0	0.0253906
0	0.0117188
0	1
0	0.015625
0	0.00585938
0	0.0078125
0	1
0	0.015625
0	0.015625
0	0.0117188
0	1
0	0.0078125
0	1
0	0.015625
0	0.015625
0	1
0	0.0078125
0	0.0273438
0	0.0117188
0	0.0214844
0	0.00390625
0	0.0175781
0	0.00976562
0	0.0664062
0	0.0078125
0	1
0	0.0136719
0	1
0	0.00390625
0	0.00976562
0	1
0	0.00976562
0	0.0332031
0	0.0351562
0	1
0	0.0136719
0	0.0078125
0	1
0	1
0	0.0117188
0	1
0	0.0117188
0	1
0	0.0175781
0	1
0	0.0117188
0	0.0175781
0	0.00585938
0	0.0078125
0	1
0	0.00976562
0	1
0	1
0	0.0117188
0	0.0117188
0	1
0	0.0078125
0	1
0	0.00976562
0	0.0253906
0	1
0	0.0078125
0	0.0351562
0	1
0	1
0	0.0214844
0	1
0	1
0	1
0	0.00195312
0	1
0	0.0332031
0	0.0253906
0	1
0	0.00976562
0	0.0117188
0	0.0117188
0	0.0117188
0	0.00976562
0	1
0	1
0	0.015625
0	0.00976562
0	0.0078125
0	0.0078125
0	1
0	0.00585938
0	0.0234375
0	1
0	1
0	1
0	1
0	0.0078125
0	0.0332031
0	1
0	1
0	0.00585938
0	0.0078125
0	0.0175781
0	0.0234375
0	0.015625
0	0.0234375
0	0.0253906
0	0.0175781
0	0.0136719
0	0.00585938
0	0.015625
0	0.015625
0	1
0	0.00390625
0	0.00585938
0	0.00976562
0	1
0	0.0214844
0	0.0117188
0	0.00585938
0	0.0078125
0	0.0175781
0	1
0	0.00976562
0	0.00585938
0	0.0390625
0	0.015625
0	0.0253906
0	0.0136719
0	0.0175781
0	0.0332031
0	1
0	0.0117188
0	0.0351562
0	0.00585938
0	1
0	0.00976562
0	0.0332031
0	0.0214844
0	0.00390625
0	1
0	0.00585938
0	0.0332031
0	0.0175781
0	0.0761719
0	0.0078125
0	1
0	0.0136719
0	0.0175781
0	0.0136719
0	0.00585938
0	0.00585938
0	1
0	0.0136719
0	0.0390625
0	0.0117188
0	0.015625
0	0.0078125
0	0.0117188
0	0.0175781
0	1
0	0.015625
0	0.0078125
0	0.0175781
0	0.0761719
0	0.00976562
0	0.0175781
0	0.0195312
0	0.00390625
0	0.00390625
0	1
0	0.0253906
0	0.0234375
0	1
0	1
0	0.0371094
0	0.0664062
0	0.0078125
0	0.0761719
0	1
0	0.00390625
0	0.0175781
0	0.00976562
0	0.0214844
0	1
0	1
0	0.0175781
0	1
0	1
0	0.0253906
0	1
0	0.00585938
0	1
0	0.0136719
0	0.0273438
0	0.00390625
0	1
0	0.0234375
0	1
0	0.0351562
0	1
0	0.0195312
0	1
0	1
0	0.00390625
0	0.00390625
0	0.0273438
0	0.00390625
0	0.0761719
0	1
0	1
0	1
0	1
0	0.0253906
0	1
0	1
0	0.00585938
0	0.0078125
0	0.0136719
0	1
0	0.0117188
0	0.0136719
0	0.0117188
0	1
0	0.00976562
0	0.00976562
0	0.0078125
0	1
0	0.0078125
0	0.015625
0	0.0117188
0	0.0117188
0	0.0292969
0	0.00976562
0	0.00585938
0	0.0117188
0	0.0253906
0	1
0	0.0078125
0	0.0214844
0	0.0664062
0	0.0136719
0	1
0	0.0078125
0	1
0	0.0117188
0	0.0253906
0	0.0175781
0	0.0136719
0	0.0078125
0	0.00390625
0	0.0253906
0	1
0	0.0078125
0	0.0332031
0	1
0	0.0351562
0	1
0	0.0332031
0	0.0117188
0	0.00976562
0	0.00585938
0	0.0332031
0	1
0	0.00585938
0	1
0	0.0175781
0	0.00585938
0	0.00585938
0	1
0	0.0136719
0	1
0	0.0195312
0	0.00585938
0	0.0253906
0	0.0136719
0	0.0136719
0	0.00585938
0	1
0	0.00585938
0	0.015625
0	1
0	0.0351562
0	0.0761719
0	0.0078125
0	0.0292969
0	1
0	0.0136719
0	1
0	1
0	1
0	0.0078125
0	0.00390625
0	0.0253906
0	1
0	1
0	1
0	0.00585938
0	0.0078125
0	0.0253906
0	0.0117188
0	1
0	0.00976562
0	0.0332031
0	0.0078125
0	1
0	0.0117188
0	0.0078125
0	0.0078125
0	1
0	0.0136719
0	1
0	0.00585938
0	0.0214844
0	0.0214844
0	1
0	0.00976562
0	0.0078125
0	0.0214844
0	0.00585938
0	1
0	1
0	0.0117188
0	0.00585938
0	0.0273438
0	0.0078125
0	1
0	0.0117188
0	1
0	1
0	0.0371094
0	1
0	0.00976562
0	0.0078125
0	0.0273438
0	1
0	1
0	1
0	0.0136719
0	1
0	1
0	0.015625
0	0.0195312
0	0.00976562
0	0.0117188
0	1
0	0.0117188
0	0.0371094
0	1
0	0.0136719
0	0.0175781
0	0.0136719
0	1
0	0.0078125
0	0.00585938
0	1
0	0.0117188
0	0.0175781
0	0.0761719
0	0.0117188
0	1
0	0.0175781
0	0.0078125
0	1
0	0.0078125
0	0.0117188
0	0.00585938
0	0.0175781
0	1
0	0.00390625
0	0.0761719
0	0.00585938
0	0.0136719
0	0.0273438
0	0.0761719
0	0.0195312
0	0.00585938
0	1
0	0.0175781
0	0.0078125
0	1
0	0.00585938
0	1
0	0.00976562
0	1
0	0.0214844
0	0.00976562
0	0.015625
0	0.0136719
0	1
0	0.015625
0	0.00585938
0	1
0	1
0	0.0175781
0	0.00390625
0	1
0	1
0	0.0253906
0	1
0	0.00976562
0	0.0253906
0	1
0	0.00976562
0	0.0273438
0	0.0078125
0	0.00585938
0	0.00390625
0	1
0	1
0	0.00976562
0	0.00390625
0	1
0	0.00976562
0	0.0332031
0	1
0	0.00390625
0	1
0	1
0	0.0332031
0	1
0	1
0	0.00390625
0	0.0078125
0	1
0	0.0195312
0	0.00976562
0	1
0	0.0136719
0	0.00976562
0	0.0136719
0	0.0253906
0	0.00585938
0	1
0	0.0117188
0	1
0	0.0761719
0	0.00585938
0	0.0253906
0	0.00585938
0	1
0	1
0	0.0253906
0	0.0253906
0	0.0117188
0	0.0761719
0	0.0078125
0	0.0117188
0	0.0117188
0	0.0117188
0	1
0	0.0214844
0	0.0390625
0	0.00585938
0	1
0	0.0195312
0	0.00976562
0	0.0117188
0	0.0253906
0	0.0136719
0	1
0	0.00390625
0	0.0117188
0	1
0	0.0371094
0	0.0136719
0	0.00390625
0	0.0078125
0	1
0	1
0	1
0	1
0	0.0214844
0	0.0332031
0	0.0078125
0	0.00585938
0	0.0175781
0	1
0	0.0078125
0	1
0	0.00585938
0	0.0332031
0	0.0195312
0	1
0	0.00390625
0	1
0	0.0078125
0	0.0078125
0	1
0	0.0195312
0	0.00585938
0	1
0	0.015625
0	0.0292969
0	0.0234375
0	0.015625
0	1
0	0.0175781
0	0.0195312
0	0.0214844
0	0.0195312
0	1
0	0.00390625
0	0.0273438
0	0.0253906
0	1
0	1
0	0.00390625
0	0.0214844
0	0.00585938
0	1
0	1
0	1
0	0.0117188
0	0.00976562
0	0.0273438
0	0.0078125
0	1
0	0.0136719
0	0.00585938
0	1
0	1
0	0.015625
0	0.0332031
0	0.00585938
0	1
0	0.0078125
0	0.0117188
0	0.0390625
0	0.0351562
0	0.015625
0	1
0	0.0273438
0	0.0234375
0	1
0	1
0	0.00585938
0	0.0117188
0	0.0117188
0	1
0	0.00585938
0	0.0273438
0	0.0332031
0	0.0351562
0	0.00976562
0	0.0175781
0	0.0351562
0	0.00390625
0	0.00976562
0	0.00976562
0	0.00585938
0	0.0117188
0	0.0117188
0	0.00585938
0	0.00976562
0	0.0664062
0	0.0292969
0	0.00390625
0	0.00976562
0	1
0	1
0	1
0	1
0	1
0	1
0	0.0332031
0	1
0	0.00976562
0	1
0	0.00976562
0	0.00390625
0	1
0	0.00585938
0	0.0136719
0	1
0	0.0195312
0	0.015625
0	1
0	1
0	0.0175781
0	0.0078125
0	1
0	0.0117188
0	0.0332031
0	1
0	1
0	0.015625
0	0.0214844
0	1
0	0.0078125
0	0.0175781
0	0.0078125
0	0.0078125
0	0.00585938
0	0.015625
0	1
0	1
0	0.015625
0	0.00390625
0	1
0	1
0	0.00585938
0	0.00390625
0	0.0136719
0	0.015625
0	0.015625
0	0.0136719
0	0.00390625
0	0.0195312
0	0.015625
0	0.0351562
0	1
0	1
0	0.0332031
0	0.00976562
0	0.00585938
0	0.0332031
0	1
0	1
0	1
0	0.0117188
0	0.00585938
0	0.0117188
0	1
0	1
0	0.0214844
0	1
0	1
0	1
0	0.0292969
0	0.0078125
0	0.00585938
0	0.00976562
0	1
0	0.0117188
0	0.0078125
0	1
0	0.00390625
0	0.00585938
0	0.0078125
0	0.00390625
0	0.00585938
0	0.00390625
0	0.0371094
0	1
0	0.00585938
0	1
0	0.00976562
0	1
0	1
0	0.015625
0	1
0	0.00585938
0	0.0117188
0	0.0351562
0	0.00390625
0	0.0175781
0	1
0	0.0117188
0	0.0332031
0	0.00585938
0	1
0	1
0	1
0	0.00585938
0	0.0078125
0	1
0	0.015625
0	0.0078125
0	0.015625
0	0.0332031
0	1
0	0.00585938
0	0.0136719
0	0.00976562
0	0.0292969
0	1
0	0.015625
0	1
0	0.0078125
0	0.0214844
0	1
0	0.0117188
0	0.0214844
0	1
0	1
0	1
0	0.015625
0	0.00585938
0	1
0	1
0	1
0	0.00390625
0	1
0	0.0332031
0	0.0078125
0	0.00585938
0	1
0	1
0	0.0761719
0	0.0234375
0	0.0136719
0	0.0117188
0	0.0078125
0	0.00390625
0	0.0332031
0	0.0195312
0	0.0078125
0	0.0136719
0	0.0214844
0	0.0117188
0	1
0	0.0117188
0	0.0351562
0	1
0	1
0	1
0	0.015625
0	0.0136719
0	0.00976562
0	1
0	0.00976562
0	0.00585938
0	0.00390625
0	1
0	0.0117188
0	0.0175781
0	0.0234375
0	0.0136719
0	0.00585938
0	0.00585938
0	0.00390625
0	0.00976562
0	0.00976562
0	1
0	0.0078125
0	0.00390625
0	0.00585938
0	1
0	0.0332031
0	0.00390625
0	0.0175781
0	0.0117188
0	0.0078125
0	1
0	0.00585938
0	1
0	1
0	0.00976562
0	0.0664062
0	0.0117188
0	0.015625
0	0.00976562
0	1
0	0.0078125
0	1
0	0.0078125
0	0.0253906
0	0.00976562
0	0.0117188
0	1
0	1
0	1
0	1
0	0.00390625
0	1
0	1
0	1
0	0.00976562
0	0.0078125
0	0.00585938
0	0.0078125
0	0.0195312
0	0.0117188
0	1
0	1
0	0.0214844
0	0.0117188
0	0.00390625
0	0.0214844
0	1
0	0.00585938
0	0.0292969
0	0.0234375
0	0.00390625
0	0.0078125
0	0.0664062
0	0.0078125
0	0.0273438
0	0.0273438
0	1
0	0.00390625
0	0.0136719
0	0.0214844
0	0.0332031
0	0.00585938
0	0.0175781
0	0.0136719
0	1
0	0.00390625
0	0.00976562
0	0.0253906
0	0.00585938
0	0.0117188
0	1
0	0.00585938
0	0.015625
0	0.0136719
0	0.0136719
0	1
0	0.0078125
0	1
0	1
0	0.00390625
0	0.00390625
0	1
0	0.00976562
0	0.00976562
0	0.015625
0	0.00390625
0	0.0761719
0	1
0	0.0117188
0	1
0	0.00976562
0	1
0	0.0117188
0	0.00390625
0	0.0175781
0	0.0371094
0	0.0195312
0	0.0234375
0	0.00976562
0	0.0117188
0	0.0390625
0	0.0195312
0	0.00390625
0	1
0	0.00976562
0	0.00585938
0	1
0	1
0	0.0078125
0	0.015625
0	0.0078125
0	1
0	1
0	0.00390625
0	0.00390625
0	1
0	0.0078125
0	0.0078125
0	0.015625
0	0.0078125
0	0.0332031
0	1
0	0.0253906
0	1
0	0.00390625
0	0.00585938
0	0.0117188
0	0.00585938
0	1
0	1
0	0.0332031
0	0.0136719
0	0.0078125
0	0.0117188
0	1
0	1
0	1
0	0.0078125
0	1
0	0.00585938
0	1
0	0.0175781
0	0.0371094
0	0.0664062
0	1
0	0.0117188
0	0.00976562
0	0.0136719
0	0.0332031
0	0.015625
0	1
0	0.0136719
0	1
0	0.00976562
0	0.00585938
0	0.0117188
0	0.0136719
0	1
0	0.00390625
0	1
0	0.0273438
0	0.015625
0	0.00390625
0	0.00585938
0	0.015625
0	0.00976562
0	0.00585938
0	0.0136719
0	0.00976562
0	1
0	0.0371094
0	0.015625
0	0.00585938
0	1
0	0.00390625
0	0.0078125
0	1
0	1
0	1
0	0.0253906
0	0.00585938
0	0.0332031
0	1
0	0.0078125
0	0.00585938
0	1
0	0.0117188
0	0.0175781
0	1
0	1
0	0.00585938
0	0.015625
0	0.00585938
0	0.0078125
0	1
0	1
0	0.0117188
0	1
0	0.0136719
0	0.00976562
0	1
0	0.00976562
0	1
0	0.0390625
0	1
0	0.0078125
0	0.00585938
0	0.00585938
0	1
0	0.0078125
0	0.00585938
0	1
0	0.00976562
0	0.0664062
0	0.00585938
0	0.015625
0	0.0234375
0	0.0136719
0	0.00585938
0	0.0175781
0	1
0	0.0253906
0	1
0	0.00976562
0	1
0	0.00976562
0	0.00976562
0	1
0	0.00585938
0	1
0	0.0214844
0	0.0117188
0	0.0117188
0	0.0761719
0	0.015625
0	0.0078125
0	0.0078125
0	0.0175781
0	0.015625
0	1
0	0.0195312
0	1
0	0.0292969
0	1
0	1
0	0.0253906
0	0.0117188
0	1
0	0.00390625
0	0.0664062
0	1
0	1


