# Persistence diagram <GML/1029.gml>
#
# Dimension   : 1
# Entries     : 162
# Betti number: 152
0.00502513	inf
0.00502513	inf
0.00502513	inf
0.005743	inf
0.005743	inf
0.005743	inf
0.00646088	inf
0.00646088	inf
0.00646088	inf
0.00646088	inf
0.00717875	inf
0.00717875	inf
0.00717875	inf
0.00717875	inf
0.00717875	inf
0.00717875	inf
0.00717875	inf
0.00717875	inf
0.00717875	inf
0.00717875	inf
0.00717875	inf
0.00789663	inf
0.0086145	inf
0.0086145	inf
0.0086145	inf
0.0086145	inf
0.0086145	inf
0.0086145	1
0.0086145	inf
0.0086145	inf
0.0086145	inf
0.0086145	inf
0.0086145	inf
0.0086145	inf
0.0086145	inf
0.0086145	inf
0.0086145	inf
0.00933238	1
0.00933238	inf
0.00933238	inf
0.00933238	inf
0.00933238	inf
0.00933238	inf
0.0100503	inf
0.0100503	inf
0.0100503	inf
0.0100503	1
0.0100503	inf
0.0100503	inf
0.0100503	inf
0.0107681	inf
0.0107681	inf
0.0107681	inf
0.0107681	inf
0.0107681	inf
0.0107681	inf
0.0107681	inf
0.011486	inf
0.011486	inf
0.011486	inf
0.011486	inf
0.0129218	inf
0.0129218	inf
0.0129218	inf
0.0129218	inf
0.0129218	inf
0.0129218	inf
0.017229	inf
0.017229	inf
0.017229	inf
0.017229	1
0.017229	1
0.017229	inf
0.017229	inf
0.017229	inf
0.0186648	inf
0.0186648	inf
0.0186648	inf
0.0186648	inf
0.0186648	inf
0.0186648	inf
0.0186648	1
0.0186648	inf
0.0186648	1
0.0186648	inf
0.022972	inf
0.022972	inf
0.022972	inf
0.022972	inf
0.022972	inf
0.022972	inf
0.022972	inf
0.022972	1
0.022972	inf
0.022972	1
0.022972	1
0.022972	inf
1	inf
1	inf
1	inf
1	inf
1	inf
1	inf
1	inf
1	inf
1	inf
1	inf
1	inf
1	inf
1	inf
1	inf
1	inf
1	inf
1	inf
1	inf
1	inf
1	inf
1	inf
1	inf
1	inf
1	inf
1	inf
1	inf
1	inf
1	inf
1	inf
1	inf
1	inf
1	inf
1	inf
1	inf
1	inf
1	inf
1	inf
1	inf
1	inf
1	inf
1	inf
1	inf
1	inf
1	inf
1	inf
1	inf
1	inf
1	inf
1	inf
1	inf
1	inf
1	inf
1	inf
1	inf
1	inf
1	inf
1	inf
1	inf
1	inf
1	inf
1	inf
1	inf
1	inf
1	inf
1	inf
