# Persistence diagram <GML/1042.gml>
#
# Dimension   : 1
# Entries     : 240
# Betti number: 240
0.00431406	inf
0.00517688	inf
0.00517688	inf
0.00603969	inf
0.00603969	inf
0.0069025	inf
0.00776531	inf
0.00776531	inf
0.00776531	inf
0.00776531	inf
0.00776531	inf
0.00776531	inf
0.00776531	inf
0.00776531	inf
0.00862813	inf
0.00862813	inf
0.00862813	inf
0.00862813	inf
0.00862813	inf
0.00862813	inf
0.00862813	inf
0.00862813	inf
0.00862813	inf
0.00949094	inf
0.00949094	inf
0.00949094	inf
0.00949094	inf
0.00949094	inf
0.00949094	inf
0.00949094	inf
0.00949094	inf
0.00949094	inf
0.00949094	inf
0.00949094	inf
0.00949094	inf
0.00949094	inf
0.00949094	inf
0.00949094	inf
0.00949094	inf
0.0103538	inf
0.0103538	inf
0.0103538	inf
0.0103538	inf
0.0103538	inf
0.0103538	inf
0.0103538	inf
0.0103538	inf
0.0103538	inf
0.0103538	inf
0.0103538	inf
0.0112166	inf
0.0112166	inf
0.0112166	inf
0.0112166	inf
0.0112166	inf
0.0112166	inf
0.0112166	inf
0.0120794	inf
0.0120794	inf
0.0120794	inf
0.0120794	inf
0.0120794	inf
0.0120794	inf
0.0120794	inf
0.0120794	inf
0.0120794	inf
0.0120794	inf
0.0120794	inf
0.0120794	inf
0.0120794	inf
0.0120794	inf
0.0120794	inf
0.0120794	inf
0.0120794	inf
0.0120794	inf
0.0120794	inf
0.0120794	inf
0.0129422	inf
0.0129422	inf
0.0129422	inf
0.0129422	inf
0.0129422	inf
0.0129422	inf
0.0129422	inf
0.0129422	inf
0.0129422	inf
0.0129422	inf
0.0129422	inf
0.0129422	inf
0.0129422	inf
0.0129422	inf
0.0129422	inf
0.013805	inf
0.013805	inf
0.013805	inf
0.013805	inf
0.013805	inf
0.013805	inf
0.013805	inf
0.013805	inf
0.013805	inf
0.013805	inf
0.013805	inf
0.013805	inf
0.013805	inf
0.0146678	inf
0.0146678	inf
0.0146678	inf
0.0146678	inf
0.0146678	inf
0.0146678	inf
0.0155306	inf
0.0155306	inf
0.0155306	inf
0.0155306	inf
0.0155306	inf
0.0155306	inf
0.0155306	inf
0.0163934	inf
0.0163934	inf
0.0163934	inf
0.0163934	inf
0.0163934	inf
0.0163934	inf
0.0163934	inf
0.0163934	inf
0.0163934	inf
0.0163934	inf
0.0163934	inf
0.0163934	inf
0.0172563	inf
0.0172563	inf
0.0172563	inf
0.0172563	inf
0.0189819	inf
0.0189819	inf
0.0189819	inf
0.0189819	inf
0.0189819	inf
0.0207075	inf
0.0207075	inf
0.0207075	inf
0.0207075	inf
0.0241588	inf
0.0241588	inf
0.0241588	inf
0.0241588	inf
0.0241588	inf
0.0241588	inf
0.0241588	inf
0.0241588	inf
0.0241588	inf
0.0241588	inf
0.0241588	inf
0.0396894	inf
0.0396894	inf
0.0396894	inf
0.0396894	inf
0.0396894	inf
0.0396894	inf
0.0396894	inf
0.0396894	inf
0.0396894	inf
1	inf
1	inf
1	inf
1	inf
1	inf
1	inf
1	inf
1	inf
1	inf
1	inf
1	inf
1	inf
1	inf
1	inf
1	inf
1	inf
1	inf
1	inf
1	inf
1	inf
1	inf
1	inf
1	inf
1	inf
1	inf
1	inf
1	inf
1	inf
1	inf
1	inf
1	inf
1	inf
1	inf
1	inf
1	inf
1	inf
1	inf
1	inf
1	inf
1	inf
1	inf
1	inf
1	inf
1	inf
1	inf
1	inf
1	inf
1	inf
1	inf
1	inf
1	inf
1	inf
1	inf
1	inf
1	inf
1	inf
1	inf
1	inf
1	inf
1	inf
1	inf
1	inf
1	inf
1	inf
1	inf
1	inf
1	inf
1	inf
1	inf
1	inf
1	inf
1	inf
1	inf
1	inf
1	inf
1	inf
1	inf
