# Persistence diagram <GML/1044.gml>
#
# Dimension   : 1
# Entries     : 134
# Betti number: 133
0.00116054	inf
0.00309478	inf
0.00425532	inf
0.00425532	inf
0.00464217	inf
0.00464217	inf
0.00464217	inf
0.00464217	inf
0.00464217	inf
0.00464217	inf
0.00464217	inf
0.00464217	inf
0.00464217	inf
0.00464217	inf
0.00464217	inf
0.00502901	inf
0.00502901	inf
0.00541586	inf
0.00541586	inf
0.00580271	inf
0.00580271	inf
0.00580271	inf
0.00580271	inf
0.00618956	inf
0.00618956	inf
0.0065764	inf
0.0065764	inf
0.0065764	inf
0.0065764	inf
0.0065764	inf
0.0065764	inf
0.00696325	inf
0.00696325	inf
0.00696325	inf
0.0073501	inf
0.0073501	inf
0.0073501	inf
0.00851064	inf
0.00851064	inf
0.00851064	inf
0.00851064	inf
0.00851064	inf
0.00851064	inf
0.010058	inf
0.010058	inf
0.010058	inf
0.0162476	inf
0.0162476	inf
0.0162476	inf
0.0324952	inf
0.0324952	inf
0.0324952	inf
0.0324952	inf
0.0324952	inf
0.0324952	inf
0.0324952	inf
0.0324952	inf
0.0324952	inf
0.0324952	inf
0.0324952	inf
0.0324952	inf
0.0324952	inf
0.0324952	inf
0.0324952	inf
0.0324952	inf
0.0324952	inf
0.0324952	inf
0.0324952	inf
0.0324952	inf
0.0324952	inf
0.0324952	inf
0.0324952	inf
0.0324952	1
1	inf
1	inf
1	inf
1	inf
1	inf
1	inf
1	inf
1	inf
1	inf
1	inf
1	inf
1	inf
1	inf
1	inf
1	inf
1	inf
1	inf
1	inf
1	inf
1	inf
1	inf
1	inf
1	inf
1	inf
1	inf
1	inf
1	inf
1	inf
1	inf
1	inf
1	inf
1	inf
1	inf
1	inf
1	inf
1	inf
1	inf
1	inf
1	inf
1	inf
1	inf
1	inf
1	inf
1	inf
1	inf
1	inf
1	inf
1	inf
1	inf
1	inf
1	inf
1	inf
1	inf
1	inf
1	inf
1	inf
1	inf
1	inf
1	inf
1	inf
1	inf
