# Persistence diagram <GML/1067.gml>
#
# Dimension   : 1
# Entries     : 126
# Betti number: 124
0.00430769	inf
0.00553846	inf
0.00553846	inf
0.00553846	inf
0.00553846	inf
0.00553846	inf
0.00553846	inf
0.00553846	inf
0.00553846	inf
0.00615385	inf
0.00676923	inf
0.00676923	inf
0.00738462	inf
0.00923077	inf
0.00923077	inf
0.00923077	inf
0.00923077	inf
0.00923077	inf
0.00984615	inf
0.00984615	inf
0.00984615	inf
0.00984615	inf
0.00984615	inf
0.00984615	inf
0.00984615	inf
0.00984615	inf
0.00984615	inf
0.00984615	inf
0.0104615	inf
0.0104615	inf
0.0104615	inf
0.0104615	inf
0.0129231	inf
0.0129231	inf
0.0129231	inf
0.0129231	inf
0.0129231	inf
0.0129231	inf
0.0129231	inf
0.0129231	inf
0.0135385	1
0.0135385	inf
0.0135385	inf
0.0135385	inf
0.0135385	inf
0.0135385	inf
0.0135385	inf
0.0135385	inf
0.0135385	inf
0.0135385	inf
0.0135385	inf
0.0135385	inf
0.0135385	inf
0.0135385	inf
0.0135385	inf
0.0135385	inf
0.0135385	inf
0.0135385	inf
0.0141538	inf
0.0141538	inf
0.0141538	inf
0.0172308	inf
0.0172308	inf
0.0172308	inf
0.0172308	inf
0.0178462	inf
0.0178462	1
0.0178462	inf
0.0178462	inf
0.0178462	inf
0.0221538	inf
0.0221538	inf
0.0221538	inf
0.0221538	inf
0.0221538	inf
0.0221538	inf
0.0221538	inf
0.0221538	inf
0.0221538	inf
0.0221538	inf
1	inf
1	inf
1	inf
1	inf
1	inf
1	inf
1	inf
1	inf
1	inf
1	inf
1	inf
1	inf
1	inf
1	inf
1	inf
1	inf
1	inf
1	inf
1	inf
1	inf
1	inf
1	inf
1	inf
1	inf
1	inf
1	inf
1	inf
1	inf
1	inf
1	inf
1	inf
1	inf
1	inf
1	inf
1	inf
1	inf
1	inf
1	inf
1	inf
1	inf
1	inf
1	inf
1	inf
1	inf
1	inf
1	inf
