# Persistence diagram <GML/1072.gml>
#
# Dimension   : 1
# Entries     : 206
# Betti number: 206
0.00645161	inf
0.0107527	inf
0.0129032	inf
0.0150538	inf
0.0150538	inf
0.0150538	inf
0.0150538	inf
0.0172043	inf
0.0172043	inf
0.0193548	inf
0.0193548	inf
0.0193548	inf
0.0193548	inf
0.0193548	inf
0.0193548	inf
0.0193548	inf
0.0193548	inf
0.0215054	inf
0.0215054	inf
0.0215054	inf
0.0215054	inf
0.0215054	inf
0.0215054	inf
0.0215054	inf
0.0215054	inf
0.0215054	inf
0.0215054	inf
0.0215054	inf
0.0215054	inf
0.0215054	inf
0.0215054	inf
0.0215054	inf
0.0215054	inf
0.0215054	inf
0.0215054	inf
0.0236559	inf
0.0236559	inf
0.0236559	inf
0.0236559	inf
0.0236559	inf
0.0236559	inf
0.0236559	inf
0.0236559	inf
0.0236559	inf
0.0236559	inf
0.0236559	inf
0.0236559	inf
0.0236559	inf
0.0236559	inf
0.0236559	inf
0.0236559	inf
0.0258065	inf
0.0258065	inf
0.027957	inf
0.027957	inf
0.027957	inf
0.027957	inf
0.027957	inf
0.027957	inf
0.027957	inf
0.027957	inf
0.027957	inf
0.027957	inf
0.027957	inf
0.027957	inf
0.027957	inf
0.027957	inf
0.027957	inf
0.027957	inf
0.0301075	inf
0.0301075	inf
0.0301075	inf
0.0301075	inf
0.0301075	inf
0.0301075	inf
0.0301075	inf
0.0322581	inf
0.0322581	inf
0.0322581	inf
0.0322581	inf
0.0322581	inf
0.0322581	inf
0.0322581	inf
0.0322581	inf
0.0322581	inf
0.0322581	inf
0.0322581	inf
0.0408602	inf
0.0408602	inf
0.0408602	inf
0.0408602	inf
0.0408602	inf
0.0408602	inf
0.0408602	inf
0.0473118	inf
0.0473118	inf
0.0473118	inf
0.0473118	inf
0.0473118	inf
0.0473118	inf
0.0473118	inf
0.0494624	inf
0.0494624	inf
0.0494624	inf
0.0494624	inf
0.0494624	inf
0.0494624	inf
0.0494624	inf
0.0494624	inf
0.0494624	inf
0.0494624	inf
0.0494624	inf
0.0494624	inf
0.0494624	inf
0.0494624	inf
0.0494624	inf
0.0688172	inf
0.0688172	inf
0.0688172	inf
0.0688172	inf
1	inf
1	inf
1	inf
1	inf
1	inf
1	inf
1	inf
1	inf
1	inf
1	inf
1	inf
1	inf
1	inf
1	inf
1	inf
1	inf
1	inf
1	inf
1	inf
1	inf
1	inf
1	inf
1	inf
1	inf
1	inf
1	inf
1	inf
1	inf
1	inf
1	inf
1	inf
1	inf
1	inf
1	inf
1	inf
1	inf
1	inf
1	inf
1	inf
1	inf
1	inf
1	inf
1	inf
1	inf
1	inf
1	inf
1	inf
1	inf
1	inf
1	inf
1	inf
1	inf
1	inf
1	inf
1	inf
1	inf
1	inf
1	inf
1	inf
1	inf
1	inf
1	inf
1	inf
1	inf
1	inf
1	inf
1	inf
1	inf
1	inf
1	inf
1	inf
1	inf
1	inf
1	inf
1	inf
1	inf
1	inf
1	inf
1	inf
1	inf
1	inf
1	inf
1	inf
1	inf
1	inf
1	inf
