# Persistence diagram <GML/1072.gml>
#
# Dimension   : 0
# Entries     : 1143
# Betti number: 4
0	inf
0	1
0	1
0	1
0	0.0258065
0	1
0	0.0193548
0	0.0150538
0	0.0150538
0	1
0	1
0	1
0	0.0688172
0	1
0	0.0150538
0	0.0193548
0	0.0150538
0	0.0494624
0	0.0150538
0	1
0	0.0150538
0	0.0688172
0	0.0150538
0	1
0	0.0150538
0	1
0	1
0	1
0	0.0150538
0	1
0	0.027957
0	1
0	1
0	1
0	0.0688172
0	1
0	inf
0	0.0172043
0	0.0150538
0	1
0	1
0	0.0258065
0	0.0150538
0	1
0	0.0150538
0	0.0473118
0	0.0215054
0	0.0150538
0	0.0193548
0	1
0	1
0	0.0150538
0	0.0107527
0	0.0215054
0	0.0494624
0	0.0236559
0	1
0	1
0	0.0129032
0	0.0107527
0	0.0301075
0	0.0129032
0	1
0	0.0215054
0	0.0301075
0	1
0	0.0129032
0	1
0	0.0473118
0	1
0	0.0129032
0	0.0107527
0	1
0	0.0172043
0	0.0301075
0	0.0258065
0	0.00645161
0	1
0	0.0301075
0	0.027957
0	1
0	0.0215054
0	0.0193548
0	0.0236559
0	0.0322581
0	0.0150538
0	1
0	0.0107527
0	0.027957
0	1
0	0.0150538
0	1
0	1
0	1
0	0.0172043
0	1
0	0.0107527
0	1
0	0.0193548
0	0.0129032
0	0.0236559
0	0.0150538
0	1
0	1
0	0.0129032
0	0.0150538
0	0.0129032
0	0.0107527
0	0.0150538
0	0.0193548
0	1
0	0.0129032
0	1
0	0.0129032
0	0.0150538
0	1
0	0.0301075
0	0.00430108
0	0.0215054
0	0.0215054
0	1
0	0.0107527
0	1
0	1
0	1
0	0.0150538
0	0.0236559
0	0.0107527
0	0.0150538
0	0.0688172
0	0.00860215
0	0.0107527
0	1
0	0.0150538
0	0.0129032
0	0.0193548
0	0.00430108
0	1
0	0.0107527
0	0.0150538
0	0.0473118
0	0.0107527
0	0.0150538
0	0.0193548
0	1
0	0.0107527
0	0.00430108
0	0.0150538
0	0.0236559
0	1
0	0.0150538
0	0.00860215
0	0.0107527
0	1
0	0.00645161
0	0.0150538
0	0.0150538
0	0.00860215
0	0.00860215
0	0.00860215
0	0.027957
0	0.0494624
0	1
0	0.00860215
0	0.00645161
0	1
0	0.00860215
0	1
0	0.027957
0	0.0193548
0	0.0322581
0	0.027957
0	0.0129032
0	0.0150538
0	1
0	0.00645161
0	1
0	1
0	0.00860215
0	1
0	0.0150538
0	0.00860215
0	0.0150538
0	1
0	0.0258065
0	0.0129032
0	0.0107527
0	0.0688172
0	0.0215054
0	0.0193548
0	0.0688172
0	0.0193548
0	0.00860215
0	1
0	0.00860215
0	0.0473118
0	0.00215054
0	0.0107527
0	0.0215054
0	1
0	0.0107527
0	0.0473118
0	0.0129032
0	0.0150538
0	0.0215054
0	0.0107527
0	0.0150538
0	1
0	1
0	1
0	0.0107527
0	1
0	0.0172043
0	0.00860215
0	0.0150538
0	0.0473118
0	1
0	0.0150538
0	0.0107527
0	0.0215054
0	0.0301075
0	0.0129032
0	0.00645161
0	0.0129032
0	0.00430108
0	0.0688172
0	0.0150538
0	0.0150538
0	0.0215054
0	1
0	0.0150538
0	1
0	0.0150538
0	0.0322581
0	0.0107527
0	0.0150538
0	1
0	0.0301075
0	0.0215054
0	1
0	0.00645161
0	0.0107527
0	0.0107527
0	0.0107527
0	1
0	1
0	0.0107527
0	0.0107527
0	0.0301075
0	0.00860215
0	0.00860215
0	0.0129032
0	0.0301075
0	1
0	0.00645161
0	0.0150538
0	0.0215054
0	1
0	1
0	0.027957
0	0.0215054
0	0.00430108
0	0.00860215
0	1
0	1
0	0.0193548
0	1
0	1
0	1
0	0.0107527
0	0.0258065
0	1
0	1
0	0.00645161
0	1
0	1
0	1
0	0.0473118
0	0.00645161
0	1
0	0.00430108
0	0.00430108
0	1
0	1
0	0.0129032
0	0.0494624
0	0.0150538
0	0.0107527
0	0.0129032
0	0.0107527
0	0.027957
0	0.027957
0	0.00860215
0	1
0	0.0301075
0	1
0	0.0193548
0	0.00645161
0	0.0107527
0	1
0	0.00860215
0	0.0129032
0	0.00860215
0	0.0107527
0	0.00860215
0	0.0150538
0	0.0193548
0	0.00645161
0	0.0107527
0	1
0	0.0150538
0	0.00645161
0	0.0215054
0	0.00645161
0	1
0	0.0107527
0	0.0236559
0	1
0	0.0258065
0	0.00860215
0	1
0	0.00860215
0	0.0258065
0	0.00645161
0	0.0107527
0	1
0	0.0107527
0	1
0	0.00645161
0	0.0150538
0	0.0258065
0	1
0	0.00645161
0	0.0494624
0	0.0473118
0	0.0129032
0	0.0107527
0	1
0	0.0150538
0	0.00860215
0	0.0258065
0	0.0322581
0	1
0	1
0	0.0129032
0	1
0	1
0	1
0	0.0107527
0	1
0	0.0408602
0	1
0	1
0	0.0150538
0	0.0215054
0	0.00860215
0	0.0150538
0	0.00430108
0	1
0	0.0150538
0	1
0	0.0150538
0	1
0	1
0	1
0	1
0	0.0107527
0	1
0	0.0150538
0	1
0	0.00860215
0	0.0129032
0	0.0322581
0	0.0193548
0	1
0	0.0129032
0	0.0215054
0	0.0473118
0	1
0	0.0494624
0	0.00430108
0	1
0	1
0	1
0	0.0193548
0	0.00860215
0	1
0	0.0322581
0	1
0	1
0	0.00430108
0	0.0215054
0	1
0	0.00645161
0	0.00645161
0	0.0215054
0	1
0	0.0129032
0	0.027957
0	0.027957
0	0.0150538
0	0.0107527
0	0.00645161
0	1
0	0.0408602
0	1
0	0.00645161
0	0.0129032
0	1
0	1
0	0.00645161
0	0.027957
0	0.0322581
0	0.0473118
0	0.0172043
0	1
0	0.0408602
0	0.0193548
0	0.0107527
0	0.00860215
0	1
0	0.00645161
0	0.0193548
0	inf
0	1
0	0.0107527
0	1
0	1
0	1
0	1
0	0.00645161
0	0.0150538
0	0.0150538
0	0.0129032
0	0.0236559
0	0.00430108
0	0.0107527
0	1
0	1
0	0.00430108
0	0.0258065
0	0.00645161
0	0.00430108
0	0.00430108
0	0.0215054
0	1
0	0.0322581
0	1
0	0.0494624
0	0.00430108
0	0.00645161
0	0.0494624
0	0.00645161
0	1
0	1
0	1
0	1
0	0.0150538
0	0.00860215
0	0.0301075
0	1
0	0.00860215
0	0.0107527
0	0.00860215
0	0.0688172
0	0.027957
0	0.0494624
0	0.0322581
0	0.0215054
0	0.00860215
0	0.00860215
0	0.00860215
0	0.0150538
0	1
0	0.00860215
0	0.00645161
0	0.00645161
0	1
0	0.00430108
0	0.0107527
0	0.0129032
0	1
0	1
0	1
0	1
0	0.0236559
0	0.0494624
0	0.00645161
0	0.0193548
0	0.00860215
0	0.0107527
0	0.00430108
0	0.00860215
0	0.00430108
0	0.00860215
0	0.00645161
0	0.00430108
0	0.0215054
0	0.0107527
0	0.0129032
0	0.0150538
0	0.00860215
0	0.00860215
0	0.0129032
0	0.0301075
0	1
0	0.00860215
0	0.0150538
0	0.00860215
0	0.00860215
0	0.0107527
0	0.00645161
0	0.0107527
0	0.00860215
0	0.0129032
0	0.00645161
0	1
0	1
0	0.00430108
0	0.00860215
0	0.00430108
0	1
0	0.027957
0	1
0	0.0150538
0	0.0322581
0	1
0	1
0	1
0	0.00645161
0	0.00645161
0	0.00645161
0	1
0	0.0129032
0	0.0494624
0	0.0107527
0	0.00645161
0	0.0322581
0	1
0	0.00645161
0	1
0	0.0688172
0	0.0107527
0	0.00645161
0	0.00860215
0	0.0236559
0	1
0	0.0129032
0	1
0	1
0	1
0	0.00860215
0	0.0129032
0	0.0193548
0	0.0107527
0	0.00645161
0	0.00430108
0	0.0408602
0	0.027957
0	0.0172043
0	0.00430108
0	0.00645161
0	0.0494624
0	0.0107527
0	0.0408602
0	0.00645161
0	0.00645161
0	0.00430108
0	1
0	0.00645161
0	0.0107527
0	0.00430108
0	0.0129032
0	0.00645161
0	0.00860215
0	0.00430108
0	0.0107527
0	0.0494624
0	1
0	0.00430108
0	0.0688172
0	1
0	0.00430108
0	0.00430108
0	0.0473118
0	0.0107527
0	0.0107527
0	1
0	0.0129032
0	0.0150538
0	0.00430108
0	1
0	inf
0	0.00645161
0	0.0107527
0	1
0	0.0215054
0	0.00860215
0	1
0	1
0	0.0494624
0	0.0408602
0	0.00645161
0	0.00860215
0	0.0172043
0	0.0193548
0	0.00645161
0	0.0107527
0	1
0	1
0	0.027957
0	1
0	1
0	0.00430108
0	0.00645161
0	0.0473118
0	1
0	0.0193548
0	1
0	1
0	1
0	0.0494624
0	0.0107527
0	0.0129032
0	0.00645161
0	1
0	0.00645161
0	0.00430108
0	0.0129032
0	0.027957
0	0.0150538
0	1
0	0.00430108
0	1
0	1
0	1
0	0.00860215
0	0.00430108
0	0.0688172
0	0.00645161
0	1
0	1
0	0.00860215
0	1
0	0.00645161
0	0.00860215
0	0.0193548
0	0.0150538
0	0.0150538
0	0.0172043
0	0.00645161
0	0.00860215
0	1
0	1
0	1
0	0.0193548
0	1
0	1
0	1
0	0.0150538
0	1
0	0.0107527
0	1
0	1
0	0.0301075
0	0.00430108
0	1
0	0.0688172
0	1
0	0.0172043
0	1
0	1
0	0.00860215
0	0.0258065
0	1
0	0.00215054
0	0.00645161
0	1
0	0.00645161
0	0.0322581
0	1
0	0.00430108
0	1
0	0.00645161
0	1
0	0.00645161
0	0.00430108
0	1
0	0.00860215
0	0.0107527
0	0.0215054
0	0.0322581
0	1
0	0.0236559
0	1
0	1
0	0.00860215
0	0.00645161
0	1
0	0.0236559
0	1
0	0.0193548
0	1
0	0.0688172
0	0.00645161
0	0.0688172
0	0.00430108
0	0.0258065
0	0.0129032
0	0.0129032
0	1
0	0.0215054
0	0.0129032
0	0.00430108
0	0.00860215
0	1
0	0.00430108
0	0.0107527
0	0.027957
0	0.00430108
0	1
0	1
0	0.0107527
0	0.0107527
0	0.00860215
0	0.027957
0	0.00645161
0	0.0150538
0	1
0	0.0107527
0	0.00645161
0	1
0	0.00645161
0	1
0	1
0	0.00860215
0	1
0	0.0129032
0	0.00430108
0	1
0	0.00430108
0	0.0107527
0	0.0107527
0	1
0	0.00430108
0	0.0129032
0	1
0	0.0215054
0	1
0	0.00430108
0	1
0	0.0258065
0	0.00430108
0	0.0494624
0	0.00860215
0	0.0172043
0	0.0150538
0	0.0258065
0	0.00430108
0	0.00645161
0	0.0150538
0	0.00860215
0	1
0	0.0150538
0	0.0301075
0	0.00430108
0	0.00860215
0	0.00645161
0	0.0301075
0	0.0172043
0	0.00860215
0	0.0150538
0	0.0107527
0	0.00430108
0	0.00645161
0	0.00430108
0	0.00645161
0	0.0150538
0	0.00430108
0	0.0150538
0	0.0215054
0	0.00860215
0	0.00645161
0	1
0	0.00430108
0	0.00430108
0	0.0150538
0	0.00215054
0	0.0107527
0	1
0	0.0322581
0	1
0	0.00645161
0	0.00860215
0	0.0150538
0	1
0	0.00860215
0	0.0107527
0	1
0	0.0129032
0	0.0494624
0	0.0150538
0	0.0193548
0	0.027957
0	1
0	0.0107527
0	1
0	1
0	0.0408602
0	0.0107527
0	0.00430108
0	0.0193548
0	0.0107527
0	0.0150538
0	0.0258065
0	0.00430108
0	0.00860215
0	0.00860215
0	1
0	0.00430108
0	0.027957
0	0.00645161
0	1
0	1
0	1
0	0.00430108
0	0.0107527
0	0.00430108
0	1
0	0.0107527
0	0.00860215
0	0.00430108
0	0.00430108
0	0.00430108
0	0.00430108
0	0.0107527
0	0.0107527
0	0.00860215
0	0.00645161
0	0.0688172
0	0.0258065
0	0.00645161
0	0.00430108
0	0.00645161
0	0.0150538
0	0.00430108
0	0.00430108
0	0.0494624
0	0.0150538
0	0.00645161
0	0.00430108
0	0.0215054
0	0.0150538
0	0.0408602
0	0.00860215
0	0.00645161
0	0.0688172
0	0.0688172
0	0.00645161
0	1
0	0.0107527
0	0.0107527
0	1
0	0.0258065
0	1
0	0.00645161
0	0.00430108
0	0.00430108
0	0.00645161
0	0.00430108
0	0.0258065
0	0.0129032
0	0.0494624
0	1
0	0.00430108
0	0.00645161
0	0.00430108
0	0.0129032
0	0.00430108
0	0.027957
0	0.00645161
0	1
0	0.00430108
0	0.0129032
0	0.0688172
0	0.0129032
0	0.00645161
0	0.0494624
0	1
0	1
0	0.00645161
0	0.0215054
0	0.0494624
0	0.027957
0	0.00860215
0	0.00645161
0	0.0301075
0	0.00860215
0	1
0	0.0107527
0	0.0688172
0	0.00645161
0	1
0	0.00430108
0	0.027957
0	0.0107527
0	0.0494624
0	1
0	0.0107527
0	0.00430108
0	0.0129032
0	0.00645161
0	0.0129032
0	1
0	1
0	0.0193548
0	0.00430108
0	0.0129032
0	0.00645161
0	0.00860215
0	0.00645161
0	0.0107527
0	0.00645161
0	0.00645161
0	0.00430108
0	0.00645161
0	0.00430108
0	0.0215054
0	1
0	0.0150538
0	0.00645161
0	0.00645161
0	0.0129032
0	1
0	1
0	0.0215054
0	0.0129032
0	1
0	0.00430108
0	0.0688172
0	0.00860215
0	1
0	0.0236559
0	1
0	0.0688172
0	0.0215054
0	0.00430108
0	0.0688172
0	0.0193548
0	0.00430108
0	0.0150538
0	0.00860215
0	0.00645161
0	0.00430108
0	0.00430108
0	0.0494624
0	0.00860215
0	0.0107527
0	0.0107527
0	0.00645161
0	0.027957
0	1
0	0.00430108
0	0.0193548
0	0.0129032
0	0.00860215
0	0.00645161
0	1
0	0.0107527
0	0.00860215
0	0.0301075
0	0.0193548
0	0.00645161
0	0.00860215
0	1
0	0.00430108
0	0.0129032
0	0.00860215
0	0.00860215
0	0.0107527
0	1
0	0.00645161
0	0.00645161
0	0.00645161
0	1
0	0.00430108
0	0.0258065
0	0.0107527
0	0.0322581
0	0.00430108
0	1
0	1
0	0.00645161
0	1
0	0.0494624
0	0.0258065
0	0.0215054
0	0.00430108
0	0.0129032
0	0.00430108
0	1
0	0.00645161
0	1
0	1
0	0.00430108
0	0.0129032
0	0.00645161
0	0.00860215
0	0.00645161
0	0.00430108
0	1
0	1
0	1
0	1
0	0.0193548
0	0.0129032
0	0.0150538
0	1
0	0.0193548
0	0.0494624
0	0.00860215
0	0.0688172
0	0.00430108
0	0.00430108
0	1
0	0.0107527
0	1
0	0.0107527
0	1
0	0.0107527
0	0.0129032
0	1
0	1
0	0.00430108
0	0.00860215
0	0.0129032
0	0.00860215
0	0.00645161
0	0.00430108
0	0.0193548
0	0.0150538
0	1
0	0.00860215
0	0.00645161
0	1
0	1
0	0.0688172
0	0.00860215
0	0.00645161
0	0.0473118
0	0.00430108
0	0.00645161
0	0.0408602
0	1
0	0.0107527
0	1
0	0.00430108
0	0.00645161
0	0.0215054
0	0.0215054
0	0.0107527
0	0.0150538
0	0.0107527
0	0.00430108
0	0.0688172
0	0.0107527
0	1
0	0.00645161
0	0.0215054
0	0.00430108
0	0.0150538
0	0.0150538
0	0.0494624
0	0.00430108
0	0.00645161
0	1
0	0.027957
0	0.0494624
0	1
0	0.00645161
0	0.00430108
0	0.027957
0	0.0408602
0	0.0129032
0	0.00430108
0	0.0494624
0	0.0215054
0	1
0	0.0301075
0	0.0150538
0	0.0215054
0	1
0	1
0	0.0129032
0	0.00645161
0	0.0107527
0	0.0236559
0	0.0107527
0	1
0	1
0	1
0	0.027957
0	0.0408602
0	0.0107527
0	1
0	0.00430108
0	0.00430108
0	0.00645161
0	0.00645161
0	0.0107527
0	0.00645161
0	0.00860215
0	1
0	1
0	0.00645161
0	0.0107527
0	0.00860215
0	0.0150538
0	0.00645161
0	0.00430108
0	1
0	0.00430108
0	1
0	0.00430108
0	0.0107527
0	0.00645161
0	0.00430108
0	0.0150538
0	0.00430108
0	0.00645161
0	0.0193548
0	1
0	0.00645161
0	0.0688172
0	1
0	1
0	0.027957
0	1
0	1
0	1
0	0.0193548
0	1
0	1


