# Persistence diagram <GML/1074.gml>
#
# Dimension   : 0
# Entries     : 191
# Betti number: 3
0	inf
0	1
0	1
0	1
0	inf
0	1
0	1
0	1
0	1
0	1
0	0.04
0	1
0	1
0	1
0	0.0266667
0	0.0266667
0	1
0	1
0	1
0	0.0266667
0	1
0	1
0	0.0133333
0	1
0	1
0	1
0	1
0	1
0	1
0	1
0	1
0	1
0	0.04
0	1
0	1
0	1
0	0.0266667
0	1
0	1
0	1
0	1
0	0.0333333
0	0.04
0	1
0	1
0	1
0	1
0	1
0	0.0266667
0	1
0	1
0	1
0	1
0	1
0	0.0133333
0	0.0266667
0	0.04
0	1
0	1
0	0.0333333
0	1
0	0.0333333
0	0.04
0	1
0	1
0	0.0466667
0	1
0	1
0	1
0	1
0	1
0	0.0466667
0	1
0	0.0333333
0	1
0	1
0	0.00666667
0	1
0	0.0133333
0	1
0	1
0	1
0	1
0	1
0	1
0	1
0	1
0	1
0	inf
0	1
0	1
0	1
0	1
0	1
0	1
0	1
0	1
0	1
0	1
0	0.0133333
0	1
0	1
0	0.00666667
0	0.0133333
0	1
0	0.04
0	1
0	1
0	1
0	1
0	1
0	0.02
0	0.0466667
0	1
0	1
0	1
0	0.02
0	1
0	0.02
0	0.0266667
0	1
0	1
0	0.0266667
0	1
0	1
0	1
0	1
0	1
0	0.04
0	1
0	1
0	1
0	1
0	0.02
0	0.0466667
0	1
0	1
0	1
0	1
0	0.0133333
0	0.02
0	1
0	0.0266667
0	0.0133333
0	0.0133333
0	1
0	1
0	1
0	0.02
0	0.0133333
0	0.0133333
0	1
0	0.04
0	1
0	1
0	1
0	0.02
0	1
0	1
0	0.0466667
0	1
0	0.0133333
0	1
0	1
0	0.0133333
0	0.02
0	1
0	0.0133333
0	1
0	0.02
0	1
0	1
0	1
0	0.02
0	0.0133333
0	0.02
0	0.02
0	0.0133333
0	0.0133333
0	0.02
0	1
0	0.0133333
0	1
0	1
0	1
0	1
0	1
0	1
0	1
0	0.02
0	1


