# Persistence diagram <GML/1080.gml>
#
# Dimension   : 0
# Entries     : 933
# Betti number: 2
0	inf
0	1
0	1
0	1
0	0.0807601
0	0.0166271
0	1
0	0.0261283
0	0.0332542
0	1
0	1
0	0.0285036
0	1
0	1
0	1
0	0.0261283
0	0.0190024
0	0.0166271
0	0.0332542
0	0.00712589
0	1
0	1
0	0.0190024
0	0.00950119
0	0.0807601
0	0.0118765
0	0.0166271
0	1
0	1
0	0.0142518
0	0.0166271
0	1
0	1
0	0.0190024
0	0.00950119
0	1
0	1
0	1
0	0.0166271
0	1
0	1
0	0.00950119
0	1
0	1
0	1
0	0.0285036
0	1
0	0.00950119
0	1
0	1
0	0.0285036
0	1
0	1
0	0.0451306
0	1
0	1
0	1
0	0.0166271
0	0.0356295
0	1
0	0.0427553
0	0.00475059
0	0.0166271
0	0.0142518
0	1
0	0.0356295
0	1
0	1
0	0.0118765
0	0.0855107
0	0.0261283
0	0.0807601
0	0.0855107
0	1
0	0.0356295
0	1
0	0.0356295
0	0.0356295
0	1
0	0.0166271
0	0.0142518
0	0.0142518
0	0.0142518
0	0.0285036
0	0.0807601
0	0.0166271
0	0.0166271
0	1
0	0.0427553
0	0.0427553
0	1
0	1
0	1
0	0.0142518
0	0.0190024
0	0.0166271
0	0.0190024
0	1
0	0.0166271
0	1
0	1
0	0.0118765
0	0.0166271
0	1
0	0.0142518
0	0.0190024
0	0.00950119
0	1
0	1
0	0.0166271
0	0.0190024
0	0.0142518
0	0.0142518
0	0.0166271
0	inf
0	0.0142518
0	1
0	0.0142518
0	0.00950119
0	1
0	1
0	0.0261283
0	0.0451306
0	1
0	1
0	0.0118765
0	1
0	0.0190024
0	1
0	0.0356295
0	0.0118765
0	1
0	0.00950119
0	1
0	0.0142518
0	0.0142518
0	0.0285036
0	0.0308789
0	0.0118765
0	0.0118765
0	0.0261283
0	1
0	0.0142518
0	1
0	0.0356295
0	1
0	1
0	0.0142518
0	1
0	0.0190024
0	0.0166271
0	0.0356295
0	0.0166271
0	0.0118765
0	1
0	0.0118765
0	0.00950119
0	1
0	0.0142518
0	0.0308789
0	0.00950119
0	1
0	1
0	0.0855107
0	1
0	0.00950119
0	1
0	1
0	0.0356295
0	0.0356295
0	1
0	1
0	0.0261283
0	0.0855107
0	0.0118765
0	0.0142518
0	1
0	1
0	0.0190024
0	1
0	0.00950119
0	1
0	1
0	1
0	0.0166271
0	0.00475059
0	1
0	0.0261283
0	0.0498812
0	0.0118765
0	0.0285036
0	1
0	1
0	1
0	1
0	1
0	0.0166271
0	1
0	1
0	1
0	1
0	0.0451306
0	1
0	0.0308789
0	0.0261283
0	0.00712589
0	1
0	0.0142518
0	1
0	0.00712589
0	0.0498812
0	0.0142518
0	0.0807601
0	1
0	1
0	0.0356295
0	0.0142518
0	0.00712589
0	0.00475059
0	1
0	0.00712589
0	1
0	1
0	0.0190024
0	0.0190024
0	0.0190024
0	0.0356295
0	1
0	0.0261283
0	0.0356295
0	0.0308789
0	1
0	0.0332542
0	0.0261283
0	1
0	0.00475059
0	0.00950119
0	0.0261283
0	0.00712589
0	0.00950119
0	0.0118765
0	0.0451306
0	0.00712589
0	1
0	0.00950119
0	0.00712589
0	0.0118765
0	0.0190024
0	1
0	0.0118765
0	0.00712589
0	1
0	1
0	0.0142518
0	0.0118765
0	1
0	1
0	0.00475059
0	0.0142518
0	1
0	1
0	0.0142518
0	0.00950119
0	0.0142518
0	0.0498812
0	0.0118765
0	1
0	1
0	0.0190024
0	1
0	0.0118765
0	1
0	1
0	1
0	0.00475059
0	1
0	1
0	0.00475059
0	0.0190024
0	1
0	1
0	0.00950119
0	1
0	0.0807601
0	1
0	1
0	1
0	1
0	1
0	1
0	1
0	1
0	0.00475059
0	0.00475059
0	1
0	0.0498812
0	1
0	1
0	1
0	0.00475059
0	1
0	0.00950119
0	0.0807601
0	1
0	1
0	0.0118765
0	0.0190024
0	0.0118765
0	0.00475059
0	0.0261283
0	0.0142518
0	1
0	0.0427553
0	0.00712589
0	0.0166271
0	0.0166271
0	1
0	0.0356295
0	1
0	0.0166271
0	0.0855107
0	1
0	0.0285036
0	1
0	0.00712589
0	0.0356295
0	0.00712589
0	0.00712589
0	1
0	1
0	1
0	0.0855107
0	0.0166271
0	0.00950119
0	0.00475059
0	0.00475059
0	1
0	0.0807601
0	1
0	1
0	0.0142518
0	0.00712589
0	0.0356295
0	0.0807601
0	1
0	0.0118765
0	0.0285036
0	1
0	0.00475059
0	1
0	0.00950119
0	0.0308789
0	0.00475059
0	1
0	1
0	0.0213777
0	1
0	0.0142518
0	0.00712589
0	0.0142518
0	0.00475059
0	0.00712589
0	1
0	1
0	0.0142518
0	1
0	1
0	0.00475059
0	0.0190024
0	0.00950119
0	0.0190024
0	1
0	1
0	0.0142518
0	0.00950119
0	0.0118765
0	1
0	0.00712589
0	0.0261283
0	0.00475059
0	0.00950119
0	0.0118765
0	0.0356295
0	1
0	0.0142518
0	1
0	0.0356295
0	0.00950119
0	0.00712589
0	0.0498812
0	1
0	0.0356295
0	0.00475059
0	1
0	0.00950119
0	0.0285036
0	0.00475059
0	0.0142518
0	1
0	0.0166271
0	1
0	0.00950119
0	1
0	0.0118765
0	0.0332542
0	0.0807601
0	1
0	0.0356295
0	0.00475059
0	1
0	0.0118765
0	1
0	1
0	0.0261283
0	0.00475059
0	0.00950119
0	1
0	0.00712589
0	1
0	1
0	1
0	0.00712589
0	0.0023753
0	1
0	1
0	1
0	0.0807601
0	0.0855107
0	0.0166271
0	0.0118765
0	0.0118765
0	1
0	1
0	0.0261283
0	0.0261283
0	1
0	1
0	0.00950119
0	0.0118765
0	1
0	0.0807601
0	0.0308789
0	0.00950119
0	0.0118765
0	0.0261283
0	0.00950119
0	0.0332542
0	0.00950119
0	0.0855107
0	1
0	1
0	1
0	0.0356295
0	0.0451306
0	0.00950119
0	1
0	0.0855107
0	0.0190024
0	0.0855107
0	0.0807601
0	0.0285036
0	0.00712589
0	1
0	0.0807601
0	0.0142518
0	0.0285036
0	0.0285036
0	0.0142518
0	1
0	0.0190024
0	0.0190024
0	1
0	0.0118765
0	0.00712589
0	1
0	0.0498812
0	0.0118765
0	1
0	1
0	1
0	0.0807601
0	0.0261283
0	1
0	1
0	1
0	1
0	1
0	0.0308789
0	1
0	1
0	1
0	0.00475059
0	0.0356295
0	1
0	1
0	0.00475059
0	0.0308789
0	0.0451306
0	1
0	0.0285036
0	1
0	0.0118765
0	1
0	1
0	1
0	0.00712589
0	1
0	0.0166271
0	1
0	0.0807601
0	0.0855107
0	0.00712589
0	1
0	0.00950119
0	0.0142518
0	0.0190024
0	0.0166271
0	1
0	0.00475059
0	1
0	0.00475059
0	0.0118765
0	0.00475059
0	0.00950119
0	0.00475059
0	1
0	0.00950119
0	0.0142518
0	0.0855107
0	0.0142518
0	0.00712589
0	0.0356295
0	1
0	0.0807601
0	1
0	0.0807601
0	0.0356295
0	0.00712589
0	1
0	0.0142518
0	1
0	1
0	0.0855107
0	0.0190024
0	0.0451306
0	0.0261283
0	0.0190024
0	0.00475059
0	0.0261283
0	1
0	0.00475059
0	0.0142518
0	0.0166271
0	0.0261283
0	0.0356295
0	0.00475059
0	0.00950119
0	1
0	1
0	1
0	1
0	0.00475059
0	1
0	1
0	1
0	0.00950119
0	0.0807601
0	1
0	1
0	1
0	1
0	0.0118765
0	0.0807601
0	0.0498812
0	0.00712589
0	0.0285036
0	1
0	0.00712589
0	0.0166271
0	1
0	1
0	0.0855107
0	0.00475059
0	1
0	1
0	1
0	0.00475059
0	0.0498812
0	1
0	0.0142518
0	0.0807601
0	0.00475059
0	0.0332542
0	1
0	0.00950119
0	0.0118765
0	1
0	0.00950119
0	1
0	0.00475059
0	0.00950119
0	0.0142518
0	1
0	1
0	1
0	0.0142518
0	1
0	0.00950119
0	0.0118765
0	0.00712589
0	1
0	1
0	1
0	0.0142518
0	0.0166271
0	0.0807601
0	0.0142518
0	0.0855107
0	1
0	1
0	1
0	1
0	0.00950119
0	0.00475059
0	0.0142518
0	0.00712589
0	0.0166271
0	0.00475059
0	0.00475059
0	0.00712589
0	0.0332542
0	0.0118765
0	0.0166271
0	1
0	0.00950119
0	1
0	1
0	1
0	0.00950119
0	0.00712589
0	1
0	1
0	0.0118765
0	0.0118765
0	1
0	0.0451306
0	1
0	0.0498812
0	0.0190024
0	1
0	0.00475059
0	1
0	1
0	0.0118765
0	0.0142518
0	0.00950119
0	0.00712589
0	0.0166271
0	0.0142518
0	0.0190024
0	1
0	0.00950119
0	0.0118765
0	1
0	0.0427553
0	0.0356295
0	0.00712589
0	0.00712589
0	1
0	0.00712589
0	0.00712589
0	0.0118765
0	0.0356295
0	0.0308789
0	0.00950119
0	1
0	1
0	0.0285036
0	1
0	1
0	1
0	0.0142518
0	0.0356295
0	0.0142518
0	0.00712589
0	0.00475059
0	1
0	0.00475059
0	0.0807601
0	0.0118765
0	0.00475059
0	0.00712589
0	0.0118765
0	0.0190024
0	1
0	0.00712589
0	1
0	0.00712589
0	0.00712589
0	0.0166271
0	1
0	1
0	0.0498812
0	0.0332542
0	0.00475059
0	0.00475059
0	0.00712589
0	0.00950119
0	0.0118765
0	0.0142518
0	1
0	0.00712589
0	1
0	1
0	0.0190024
0	0.0427553
0	0.00475059
0	0.00950119
0	0.00712589
0	0.00712589
0	0.0451306
0	0.00950119
0	0.0451306
0	1
0	1
0	1
0	1
0	0.00712589
0	0.0190024
0	0.00950119
0	0.0498812
0	1
0	0.0356295
0	1
0	0.00475059
0	0.00950119
0	1
0	0.00475059
0	0.00475059
0	0.0118765
0	0.0261283
0	0.0261283
0	0.00475059
0	0.00475059
0	1
0	0.0807601
0	1
0	0.0142518
0	0.0451306
0	1
0	1
0	0.00950119
0	0.0498812
0	1
0	1
0	0.0356295
0	0.00712589
0	1
0	0.00950119
0	0.00475059
0	0.00475059
0	0.00712589
0	0.00950119
0	0.00712589
0	0.0142518
0	0.0261283
0	0.00950119
0	0.0118765
0	0.00950119
0	0.0118765
0	0.0142518
0	0.00712589
0	1
0	0.0190024
0	1
0	0.0166271
0	0.00475059
0	0.0118765
0	0.0498812
0	1
0	0.0190024
0	0.00475059
0	0.00712589
0	0.00950119
0	1
0	1
0	0.00950119
0	0.0427553
0	1
0	0.00712589
0	1
0	1
0	0.00475059
0	0.0142518
0	0.0213777
0	1
0	0.0332542
0	0.0498812
0	0.00475059
0	0.00712589
0	0.0285036
0	0.00712589
0	0.0142518
0	0.00712589
0	0.00475059
0	1
0	0.00712589
0	0.00475059
0	0.0190024
0	0.00475059
0	1
0	0.00712589
0	0.00712589
0	1
0	0.00712589
0	0.00475059
0	0.00712589
0	0.00712589
0	1
0	1
0	1
0	0.00950119
0	1
0	1
0	1
0	1
0	0.00712589
0	0.00712589
0	1
0	1
0	0.00475059
0	1
0	0.0356295
0	0.0285036
0	0.0118765
0	0.0118765
0	0.0261283
0	1
0	0.0190024
0	1
0	0.0427553
0	0.0356295
0	0.0142518
0	0.0332542
0	0.0190024
0	1
0	0.0142518
0	0.0142518
0	0.0118765
0	0.0498812
0	1
0	0.00712589
0	1
0	0.00950119
0	0.00712589
0	0.0855107
0	1
0	1
0	1
0	1
0	0.0213777
0	0.00712589
0	0.0308789
0	0.00475059
0	1
0	0.0261283
0	0.00950119
0	0.0190024
0	1
0	0.0118765
0	0.0142518
0	0.00950119
0	0.0118765
0	0.00712589
0	0.0142518
0	0.00475059
0	0.00475059
0	0.00475059
0	1
0	1
0	1
0	1
0	0.00475059
0	0.00950119
0	0.00475059
0	1
0	0.00475059
0	1
0	0.00475059
0	0.00712589
0	0.00950119
0	1
0	1
0	1
0	0.0142518
0	0.0451306
0	0.00712589
0	0.0118765
0	1
0	0.00475059
0	1
0	1
0	0.00475059
0	1
0	1
0	0.00950119
0	0.00475059
0	1
0	0.00712589
0	0.0498812
0	0.0142518
0	1
0	1
0	0.00475059
0	0.0190024
0	1
0	0.00712589
0	0.0356295
0	1
0	0.0142518
0	0.0118765
0	1
0	0.0190024
0	0.00712589
0	1
0	0.0118765
0	0.0166271
0	0.0118765
0	0.0142518
0	0.0118765
0	1
0	0.00475059
0	0.0118765


