# Persistence diagram <GML/1080.gml>
#
# Dimension   : 1
# Entries     : 111
# Betti number: 110
0.0142518	inf
0.0190024	inf
0.0190024	inf
0.0190024	inf
0.0190024	inf
0.0190024	inf
0.0190024	inf
0.0190024	inf
0.0190024	inf
0.0213777	inf
0.0213777	inf
0.0213777	inf
0.0261283	inf
0.0261283	inf
0.0261283	inf
0.0285036	inf
0.0285036	inf
0.0285036	inf
0.0285036	inf
0.0308789	inf
0.0308789	inf
0.0356295	inf
0.0356295	inf
0.0356295	inf
0.0356295	inf
0.0427553	inf
0.0427553	inf
0.0427553	inf
0.0427553	inf
0.0427553	inf
0.0427553	inf
0.0427553	inf
0.0427553	inf
0.0451306	inf
0.0451306	inf
0.0451306	inf
0.0451306	inf
0.0451306	inf
0.0498812	inf
0.0498812	inf
0.0498812	inf
0.0498812	inf
0.0807601	inf
0.0807601	inf
0.0807601	inf
0.0807601	inf
0.0807601	inf
0.0807601	inf
0.0807601	inf
0.0807601	inf
0.0855107	inf
0.0855107	inf
0.0855107	inf
0.0855107	inf
0.0855107	1
0.0855107	inf
0.0855107	inf
0.0855107	inf
0.0855107	inf
0.0855107	inf
0.0855107	inf
0.0855107	inf
0.0855107	inf
0.0855107	inf
0.0855107	inf
1	inf
1	inf
1	inf
1	inf
1	inf
1	inf
1	inf
1	inf
1	inf
1	inf
1	inf
1	inf
1	inf
1	inf
1	inf
1	inf
1	inf
1	inf
1	inf
1	inf
1	inf
1	inf
1	inf
1	inf
1	inf
1	inf
1	inf
1	inf
1	inf
1	inf
1	inf
1	inf
1	inf
1	inf
1	inf
1	inf
1	inf
1	inf
1	inf
1	inf
1	inf
1	inf
1	inf
1	inf
1	inf
1	inf
