# Persistence diagram <GML/1081.gml>
#
# Dimension   : 0
# Entries     : 1115
# Betti number: 3
0	inf
0	1
0	0.0220441
0	1
0	1
0	1
0	1
0	0.0280561
0	0.0280561
0	1
0	0.0180361
0	0.0180361
0	1
0	0.0140281
0	1
0	1
0	1
0	0.0160321
0	0.012024
0	1
0	1
0	0.012024
0	0.0240481
0	1
0	0.0140281
0	1
0	0.0340681
0	1
0	0.0180361
0	1
0	1
0	0.0200401
0	1
0	0.012024
0	1
0	0.0220441
0	0.0220441
0	0.01002
0	0.0200401
0	1
0	1
0	0.0200401
0	0.0420842
0	0.0240481
0	0.01002
0	1
0	inf
0	0.0200401
0	0.012024
0	1
0	1
0	0.0160321
0	1
0	1
0	0.0240481
0	0.0180361
0	0.0140281
0	0.0200401
0	0.012024
0	0.0220441
0	0.0220441
0	1
0	0.0280561
0	1
0	0.0180361
0	0.012024
0	0.0200401
0	1
0	0.00400802
0	1
0	0.0220441
0	1
0	0.0280561
0	1
0	0.012024
0	0.0280561
0	0.0240481
0	0.01002
0	0.0180361
0	0.0340681
0	1
0	0.00801603
0	0.0160321
0	1
0	1
0	0.0280561
0	1
0	0.0160321
0	1
0	0.0140281
0	0.0140281
0	1
0	0.012024
0	1
0	0.012024
0	1
0	1
0	1
0	1
0	0.012024
0	1
0	1
0	0.0240481
0	1
0	0.00801603
0	1
0	0.0160321
0	0.0180361
0	0.00801603
0	0.0160321
0	0.00601202
0	0.0280561
0	1
0	0.012024
0	1
0	0.00400802
0	0.0420842
0	1
0	0.00601202
0	0.0160321
0	1
0	0.01002
0	1
0	1
0	0.0160321
0	0.0200401
0	1
0	0.0240481
0	0.00801603
0	0.00601202
0	0.012024
0	1
0	0.00801603
0	0.0140281
0	1
0	0.0160321
0	0.00801603
0	0.0200401
0	1
0	1
0	0.00601202
0	1
0	1
0	1
0	1
0	1
0	0.012024
0	0.012024
0	1
0	0.00400802
0	1
0	0.0200401
0	1
0	1
0	1
0	0.012024
0	1
0	1
0	1
0	0.00801603
0	1
0	0.012024
0	0.0160321
0	1
0	0.0180361
0	1
0	0.00601202
0	1
0	1
0	1
0	1
0	1
0	0.01002
0	0.01002
0	1
0	1
0	0.0160321
0	1
0	0.0240481
0	0.0180361
0	0.0220441
0	0.0160321
0	0.0180361
0	0.0140281
0	0.01002
0	0.0140281
0	0.01002
0	1
0	0.01002
0	1
0	0.0180361
0	0.01002
0	1
0	0.01002
0	1
0	0.0140281
0	0.0180361
0	1
0	0.0180361
0	0.00400802
0	1
0	0.00601202
0	0.00601202
0	0.00601202
0	0.00801603
0	1
0	0.00601202
0	0.0180361
0	0.01002
0	1
0	0.0180361
0	0.0260521
0	0.0140281
0	1
0	0.00801603
0	0.00400802
0	0.0160321
0	1
0	0.01002
0	1
0	1
0	1
0	0.0220441
0	0.01002
0	0.0280561
0	1
0	0.01002
0	0.0240481
0	0.0240481
0	0.0160321
0	0.0240481
0	0.01002
0	1
0	1
0	1
0	1
0	0.0140281
0	1
0	1
0	1
0	1
0	1
0	inf
0	0.0160321
0	0.0180361
0	1
0	0.00601202
0	0.0180361
0	1
0	0.00601202
0	1
0	0.0140281
0	1
0	0.00801603
0	0.0180361
0	1
0	1
0	0.0280561
0	0.0280561
0	0.0140281
0	0.0420842
0	0.012024
0	0.0320641
0	0.00801603
0	0.00601202
0	0.0280561
0	0.0200401
0	1
0	0.0200401
0	0.0280561
0	0.01002
0	0.0180361
0	1
0	1
0	1
0	1
0	0.00801603
0	0.012024
0	0.00801603
0	0.0280561
0	0.01002
0	0.00801603
0	1
0	1
0	0.0140281
0	0.01002
0	0.0340681
0	1
0	0.0140281
0	0.0140281
0	0.0280561
0	0.00801603
0	0.0220441
0	0.00801603
0	0.01002
0	1
0	0.0180361
0	1
0	0.00801603
0	1
0	0.01002
0	1
0	0.00801603
0	1
0	0.0260521
0	0.00601202
0	0.00801603
0	0.01002
0	0.0220441
0	0.00801603
0	1
0	0.0140281
0	0.012024
0	1
0	0.012024
0	0.012024
0	0.0160321
0	0.00801603
0	1
0	0.00400802
0	0.01002
0	1
0	0.012024
0	1
0	1
0	0.0140281
0	1
0	0.00801603
0	1
0	1
0	0.00601202
0	0.00601202
0	1
0	0.0140281
0	1
0	0.0180361
0	0.0240481
0	1
0	0.0220441
0	0.01002
0	0.0220441
0	1
0	0.012024
0	1
0	0.00400802
0	1
0	1
0	0.00400802
0	0.0420842
0	0.01002
0	0.0240481
0	0.00601202
0	0.01002
0	0.0280561
0	0.00801603
0	1
0	0.00801603
0	1
0	1
0	1
0	0.0240481
0	0.01002
0	0.012024
0	0.0160321
0	0.0140281
0	1
0	1
0	0.0160321
0	1
0	0.00601202
0	1
0	0.0200401
0	0.00601202
0	1
0	0.00801603
0	1
0	0.01002
0	1
0	0.0220441
0	0.00400802
0	0.00400802
0	1
0	0.01002
0	0.01002
0	0.01002
0	0.0220441
0	0.0220441
0	1
0	0.0320641
0	0.01002
0	0.0180361
0	1
0	1
0	0.00400802
0	1
0	1
0	1
0	0.00601202
0	0.012024
0	0.0240481
0	0.0280561
0	1
0	1
0	0.00801603
0	1
0	0.00801603
0	0.0140281
0	0.01002
0	1
0	0.012024
0	0.00801603
0	0.0140281
0	0.00801603
0	0.0280561
0	0.00801603
0	0.0280561
0	1
0	0.0260521
0	0.00801603
0	0.00801603
0	0.0180361
0	0.0160321
0	1
0	0.0200401
0	0.0340681
0	0.0240481
0	0.0240481
0	0.00200401
0	1
0	0.012024
0	0.0180361
0	0.0260521
0	0.0140281
0	1
0	0.00400802
0	1
0	0.0260521
0	1
0	0.00601202
0	1
0	0.0200401
0	1
0	0.00400802
0	0.0280561
0	0.00801603
0	1
0	0.0240481
0	0.00601202
0	0.0220441
0	1
0	0.0340681
0	0.00400802
0	0.00400802
0	0.00400802
0	0.0280561
0	0.012024
0	1
0	1
0	1
0	1
0	1
0	0.01002
0	0.012024
0	1
0	1
0	0.0180361
0	1
0	0.00801603
0	0.0280561
0	1
0	0.0240481
0	1
0	1
0	1
0	1
0	0.00601202
0	0.00801603
0	0.01002
0	0.0180361
0	1
0	0.0280561
0	1
0	0.01002
0	1
0	0.00400802
0	0.00601202
0	1
0	0.0220441
0	0.01002
0	1
0	1
0	0.0200401
0	1
0	0.00601202
0	0.0140281
0	0.00400802
0	1
0	0.00601202
0	0.0340681
0	0.00400802
0	0.0140281
0	0.0280561
0	0.0180361
0	1
0	0.012024
0	0.00400802
0	0.0260521
0	1
0	0.00801603
0	0.0220441
0	0.00601202
0	0.0200401
0	1
0	0.0220441
0	0.0180361
0	1
0	0.00801603
0	1
0	0.00400802
0	1
0	0.01002
0	0.0160321
0	0.00400802
0	1
0	0.0260521
0	1
0	0.0320641
0	0.00601202
0	0.00601202
0	1
0	1
0	0.0260521
0	0.00601202
0	0.0240481
0	0.00601202
0	1
0	0.00601202
0	1
0	1
0	1
0	0.01002
0	0.00400802
0	1
0	0.00400802
0	0.00801603
0	0.0220441
0	1
0	0.00200401
0	1
0	0.01002
0	1
0	0.00601202
0	0.00601202
0	0.00601202
0	0.01002
0	0.00601202
0	0.0260521
0	1
0	0.0160321
0	1
0	0.00601202
0	1
0	0.00601202
0	0.00601202
0	0.00801603
0	0.0280561
0	1
0	1
0	1
0	1
0	1
0	0.0180361
0	1
0	0.0260521
0	0.0260521
0	1
0	0.00601202
0	0.0240481
0	0.00400802
0	1
0	0.00400802
0	1
0	1
0	0.0260521
0	1
0	0.0260521
0	0.00801603
0	0.00801603
0	0.00801603
0	0.0280561
0	1
0	0.00601202
0	1
0	1
0	0.0160321
0	1
0	0.0200401
0	0.0420842
0	0.00801603
0	0.0240481
0	0.0140281
0	0.00601202
0	0.0160321
0	0.00801603
0	1
0	0.00601202
0	1
0	0.00400802
0	1
0	0.0140281
0	1
0	1
0	0.00400802
0	0.00400802
0	0.00801603
0	0.00601202
0	0.00400802
0	1
0	1
0	1
0	0.00400802
0	0.0140281
0	1
0	0.0260521
0	0.00601202
0	0.0260521
0	1
0	1
0	0.00400802
0	0.00801603
0	0.012024
0	0.00601202
0	1
0	0.00801603
0	1
0	1
0	1
0	0.00801603
0	1
0	1
0	0.0280561
0	0.00400802
0	0.0160321
0	0.00400802
0	0.0240481
0	0.0280561
0	0.00400802
0	0.00801603
0	1
0	1
0	1
0	0.012024
0	0.00601202
0	0.00801603
0	0.0220441
0	0.01002
0	0.00801603
0	1
0	0.00801603
0	0.00400802
0	0.00400802
0	0.0140281
0	1
0	0.0220441
0	1
0	0.012024
0	0.0260521
0	1
0	0.00801603
0	0.0180361
0	0.01002
0	0.01002
0	0.0240481
0	0.00601202
0	0.00400802
0	0.00400802
0	1
0	0.00400802
0	0.0260521
0	0.00400802
0	0.00400802
0	0.0180361
0	0.0200401
0	1
0	0.012024
0	0.00801603
0	0.00801603
0	0.0280561
0	0.01002
0	1
0	1
0	0.0180361
0	0.0260521
0	1
0	0.0320641
0	0.00601202
0	0.0260521
0	1
0	1
0	0.00801603
0	0.012024
0	0.00400802
0	0.0280561
0	0.00400802
0	1
0	0.0140281
0	0.01002
0	0.00601202
0	1
0	1
0	0.0260521
0	0.0180361
0	0.0180361
0	0.0160321
0	1
0	1
0	0.00400802
0	0.0240481
0	0.0140281
0	0.00400802
0	1
0	1
0	0.0420842
0	1
0	0.0240481
0	0.0160321
0	0.00801603
0	0.01002
0	0.012024
0	0.00601202
0	1
0	0.00400802
0	0.00400802
0	0.00601202
0	1
0	0.01002
0	0.00601202
0	0.00601202
0	0.0260521
0	0.0280561
0	0.00601202
0	1
0	0.00400802
0	1
0	0.00601202
0	0.00400802
0	1
0	0.00601202
0	1
0	0.00400802
0	0.012024
0	1
0	1
0	1
0	1
0	0.00601202
0	1
0	0.0420842
0	0.00400802
0	0.00801603
0	1
0	0.00601202
0	1
0	1
0	1
0	0.0320641
0	0.00400802
0	1
0	0.01002
0	0.0220441
0	1
0	1
0	1
0	1
0	0.0200401
0	1
0	0.0220441
0	0.00400802
0	1
0	0.00801603
0	1
0	0.00400802
0	0.00601202
0	1
0	0.00801603
0	0.00801603
0	0.00801603
0	0.0140281
0	0.01002
0	0.00601202
0	1
0	0.00801603
0	0.0180361
0	1
0	0.00400802
0	1
0	0.00601202
0	1
0	1
0	1
0	0.00801603
0	0.00801603
0	0.0200401
0	1
0	1
0	0.00601202
0	1
0	0.00601202
0	0.00801603
0	0.0260521
0	1
0	0.0180361
0	0.0180361
0	0.0280561
0	0.00801603
0	0.00601202
0	1
0	0.00400802
0	0.00601202
0	1
0	1
0	1
0	0.0160321
0	0.0180361
0	1
0	1
0	0.0220441
0	1
0	1
0	0.00801603
0	0.00601202
0	0.0240481
0	0.00400802
0	0.0160321
0	0.012024
0	0.00400802
0	0.00801603
0	0.012024
0	0.00601202
0	0.0340681
0	0.00601202
0	0.00601202
0	0.00801603
0	1
0	0.00400802
0	1
0	0.00801603
0	1
0	0.0140281
0	1
0	0.0240481
0	0.012024
0	0.0160321
0	1
0	1
0	1
0	0.00400802
0	0.00801603
0	1
0	1
0	0.0140281
0	1
0	0.00801603
0	1
0	0.00601202
0	0.01002
0	0.00601202
0	1
0	0.0180361
0	0.0420842
0	0.0160321
0	0.00400802
0	0.0160321
0	1
0	0.00601202
0	0.00801603
0	0.00801603
0	0.00801603
0	0.00601202
0	0.00601202
0	1
0	0.0220441
0	0.0240481
0	0.0340681
0	0.01002
0	1
0	1
0	0.0220441
0	0.00601202
0	0.0180361
0	0.00601202
0	1
0	0.0200401
0	0.01002
0	0.01002
0	1
0	1
0	1
0	0.0320641
0	0.00400802
0	0.01002
0	0.012024
0	1
0	1
0	0.00400802
0	0.00400802
0	1
0	0.00400802
0	1
0	0.00601202
0	1
0	0.00801603
0	0.0420842
0	0.0280561
0	1
0	0.0180361
0	0.00400802
0	0.0220441
0	0.00601202
0	0.0180361
0	0.00400802
0	0.00801603
0	0.0340681
0	0.0220441
0	1
0	1
0	1
0	0.0220441
0	0.01002
0	0.0180361
0	0.00801603
0	0.00601202
0	1
0	0.012024
0	0.00601202
0	1
0	0.00400802
0	1
0	1
0	0.012024
0	1
0	0.0160321
0	0.00801603
0	1
0	0.00601202
0	1
0	1
0	0.0260521
0	1
0	0.00801603
0	0.0240481
0	0.0140281
0	0.0140281
0	0.01002
0	0.0200401
0	0.00400802
0	0.00801603
0	1
0	0.01002
0	1
0	1
0	1
0	0.01002
0	0.00601202
0	1
0	0.0280561
0	0.01002
0	0.00801603
0	0.00400802
0	1
0	0.0280561
0	0.0260521
0	0.0280561
0	0.0140281
0	0.00801603
0	0.00400802
0	0.00400802
0	1
0	0.00801603
0	0.00400802
0	1
0	0.0200401
0	0.00400802
0	1
0	0.01002
0	0.00601202
0	0.0240481
0	0.0220441
0	0.00601202
0	0.012024
0	0.0260521
0	1
0	0.00400802
0	1
0	1
0	1
0	0.00400802
0	0.00601202
0	0.012024
0	0.00801603
0	0.012024
0	1
0	1
0	0.00601202
0	1
0	0.00801603
0	0.0220441
0	0.0180361
0	0.0180361
0	0.01002
0	0.0160321
0	0.0140281
0	1
0	1
0	0.012024
0	0.00601202
0	0.00400802
0	0.00601202
0	0.0180361
0	0.012024
0	0.00400802
0	1
0	0.00801603
0	1
0	0.00400802
0	0.00400802
0	0.012024
0	0.00801603
0	1
0	0.00601202
0	0.0140281
0	0.0240481
0	1
0	1
0	0.012024
0	0.00801603
0	0.00801603
0	1
0	0.012024
0	0.00601202
0	0.00601202
0	1
0	1
0	0.0340681
0	1
0	0.0280561
0	0.012024
0	0.00601202
0	0.00801603
0	1
0	1
0	0.0280561
0	0.0180361
0	0.01002
0	0.01002
0	1
0	0.00400802
0	1
0	1
0	0.012024
0	0.012024
0	1
0	0.00801603
0	0.0160321
0	0.00400802
0	0.00400802
0	0.00801603
0	0.00400802
0	0.0260521
0	1
0	0.00601202
0	0.00801603
0	1
0	0.00400802
0	0.0140281
0	1
0	0.00400802
0	1
0	1
0	0.00601202
0	0.0260521
0	0.00601202
0	0.00801603
0	0.00801603
0	1
0	0.00601202
0	0.00801603
0	0.0260521
0	0.0260521
0	0.00400802
0	0.0260521
0	0.0340681
0	0.00400802
0	0.00601202
0	0.0240481
0	0.0340681
0	1
0	1
0	0.012024
0	0.00400802
0	1
0	0.00601202
0	1
0	0.0180361
0	0.0160321
0	0.012024
0	0.00801603
0	1
0	0.00400802
0	0.0260521
0	0.0140281
0	0.00601202
0	1
0	0.00601202
0	0.00601202


