# Persistence diagram <GML/1086.gml>
#
# Dimension   : 0
# Entries     : 765
# Betti number: 1
0	inf
0	1
0	1
0	1
0	1
0	1
0	1
0	1
0	1
0	1
0	1
0	1
0	1
0	0.0488246
0	0.0180832
0	1
0	0.0488246
0	1
0	1
0	1
0	1
0	1
0	1
0	1
0	1
0	0.0108499
0	1
0	0.0144665
0	1
0	1
0	1
0	1
0	1
0	1
0	1
0	1
0	0.00723327
0	1
0	0.00361664
0	1
0	0.0108499
0	0.0108499
0	1
0	1
0	0.0180832
0	1
0	1
0	1
0	0.0108499
0	0.0144665
0	1
0	1
0	1
0	1
0	1
0	1
0	1
0	0.0488246
0	1
0	1
0	0.0108499
0	0.0108499
0	1
0	1
0	0.00361664
0	0.00904159
0	1
0	0.00723327
0	0.0180832
0	0.00361664
0	1
0	1
0	1
0	0.0488246
0	1
0	1
0	1
0	0.0180832
0	1
0	1
0	1
0	1
0	1
0	1
0	0.00361664
0	1
0	0.0488246
0	0.0108499
0	1
0	1
0	0.00361664
0	0.00723327
0	1
0	0.0108499
0	1
0	1
0	1
0	0.00361664
0	1
0	1
0	1
0	1
0	0.0108499
0	1
0	1
0	1
0	1
0	1
0	1
0	1
0	1
0	0.0488246
0	0.0488246
0	0.00904159
0	0.00723327
0	1
0	1
0	1
0	1
0	0.0126582
0	1
0	0.0180832
0	1
0	1
0	1
0	1
0	1
0	1
0	1
0	0.0108499
0	0.0488246
0	0.0180832
0	0.00904159
0	1
0	1
0	1
0	1
0	1
0	1
0	1
0	1
0	1
0	1
0	1
0	0.00361664
0	0.0108499
0	0.00904159
0	1
0	1
0	1
0	1
0	1
0	0.0108499
0	0.0108499
0	1
0	1
0	0.00904159
0	1
0	1
0	0.00361664
0	1
0	0.00542495
0	1
0	1
0	1
0	1
0	0.00542495
0	1
0	1
0	1
0	0.0108499
0	1
0	1
0	1
0	1
0	1
0	1
0	1
0	0.00904159
0	1
0	1
0	1
0	1
0	1
0	1
0	1
0	1
0	0.0488246
0	1
0	0.00723327
0	0.00361664
0	1
0	0.00904159
0	1
0	1
0	0.00723327
0	1
0	1
0	1
0	1
0	1
0	0.0488246
0	1
0	1
0	0.00542495
0	1
0	1
0	1
0	1
0	1
0	1
0	1
0	0.00542495
0	1
0	0.00723327
0	0.00361664
0	1
0	1
0	1
0	1
0	1
0	1
0	1
0	1
0	1
0	0.0488246
0	1
0	0.00723327
0	1
0	0.00542495
0	0.00542495
0	1
0	1
0	1
0	0.0108499
0	1
0	0.0108499
0	1
0	0.0488246
0	0.00723327
0	1
0	0.00723327
0	1
0	1
0	0.00542495
0	1
0	0.0180832
0	1
0	0.00361664
0	0.00723327
0	1
0	1
0	1
0	0.00542495
0	0.0488246
0	0.00542495
0	1
0	1
0	0.00542495
0	1
0	0.00904159
0	1
0	1
0	1
0	0.00361664
0	1
0	1
0	0.00542495
0	1
0	0.0144665
0	1
0	1
0	1
0	0.00542495
0	1
0	1
0	0.0488246
0	1
0	0.00904159
0	1
0	0.00542495
0	0.0108499
0	0.0108499
0	1
0	1
0	1
0	1
0	1
0	1
0	1
0	1
0	1
0	1
0	1
0	0.00723327
0	1
0	0.0126582
0	0.0108499
0	0.00904159
0	0.00904159
0	0.00904159
0	1
0	0.00723327
0	0.00542495
0	1
0	0.00542495
0	1
0	0.00542495
0	1
0	1
0	0.00361664
0	1
0	0.00361664
0	0.00542495
0	0.00361664
0	0.00542495
0	1
0	0.0108499
0	1
0	0.00723327
0	1
0	1
0	1
0	1
0	1
0	1
0	1
0	0.0488246
0	1
0	1
0	1
0	1
0	1
0	1
0	1
0	0.00542495
0	1
0	1
0	1
0	0.00361664
0	0.00542495
0	0.0108499
0	1
0	0.0108499
0	1
0	1
0	0.00361664
0	1
0	0.00542495
0	1
0	1
0	1
0	1
0	0.00361664
0	1
0	1
0	0.00542495
0	1
0	0.00723327
0	1
0	1
0	1
0	1
0	0.00723327
0	1
0	0.00542495
0	1
0	1
0	0.00361664
0	1
0	1
0	1
0	0.00542495
0	0.0126582
0	1
0	1
0	0.00904159
0	1
0	1
0	1
0	1
0	0.00542495
0	1
0	0.00361664
0	1
0	1
0	1
0	1
0	0.00904159
0	0.0126582
0	1
0	1
0	1
0	1
0	1
0	0.0144665
0	0.00361664
0	0.00361664
0	1
0	1
0	1
0	1
0	0.00723327
0	0.00361664
0	0.0488246
0	1
0	1
0	1
0	0.0180832
0	0.00542495
0	1
0	0.0126582
0	1
0	1
0	1
0	0.00361664
0	1
0	1
0	0.00904159
0	1
0	1
0	1
0	0.00361664
0	1
0	1
0	1
0	0.00904159
0	0.00361664
0	1
0	1
0	1
0	0.00361664
0	1
0	1
0	0.00361664
0	1
0	1
0	1
0	1
0	1
0	1
0	0.0108499
0	0.0488246
0	1
0	0.0126582
0	1
0	0.00904159
0	1
0	1
0	1
0	1
0	0.0488246
0	0.00542495
0	1
0	1
0	1
0	0.00361664
0	1
0	1
0	0.00904159
0	1
0	1
0	1
0	0.00361664
0	1
0	1
0	0.00904159
0	1
0	1
0	1
0	0.0488246
0	1
0	1
0	1
0	0.00361664
0	1
0	1
0	1
0	1
0	0.00542495
0	1
0	0.00361664
0	1
0	1
0	0.0108499
0	1
0	1
0	0.00723327
0	0.00361664
0	1
0	1
0	1
0	0.00542495
0	1
0	1
0	1
0	1
0	1
0	0.00723327
0	1
0	1
0	0.0108499
0	1
0	0.00723327
0	1
0	1
0	1
0	1
0	1
0	1
0	0.00542495
0	1
0	1
0	1
0	1
0	1
0	1
0	1
0	0.00361664
0	1
0	1
0	0.0108499
0	0.00723327
0	1
0	1
0	0.0126582
0	1
0	1
0	1
0	1
0	0.00723327
0	0.00723327
0	1
0	1
0	1
0	0.00904159
0	0.00904159
0	1
0	0.0108499
0	1
0	0.0488246
0	0.0108499
0	1
0	0.00361664
0	1
0	0.0488246
0	0.0108499
0	0.00542495
0	1
0	1
0	0.0108499
0	1
0	1
0	1
0	1
0	1
0	1
0	1
0	1
0	0.00361664
0	1
0	0.0126582
0	1
0	1
0	0.00542495
0	1
0	0.0108499
0	0.0108499
0	0.00361664
0	1
0	1
0	1
0	1
0	0.0126582
0	1
0	0.00542495
0	0.0108499
0	1
0	1
0	1
0	1
0	0.00723327
0	1
0	0.00361664
0	1
0	1
0	0.00723327
0	0.00542495
0	1
0	0.00542495
0	1
0	1
0	0.0126582
0	0.0180832
0	0.00723327
0	1
0	0.00361664
0	1
0	1
0	1
0	1
0	0.00361664
0	0.0108499
0	1
0	0.00904159
0	0.00904159
0	0.00723327
0	0.00361664
0	0.00361664
0	1
0	1
0	0.00361664
0	0.00723327
0	0.0108499
0	0.00542495
0	0.00723327
0	1
0	0.00904159
0	0.00723327
0	0.00542495
0	0.0488246
0	1
0	0.00542495
0	1
0	1
0	0.00542495
0	1
0	1
0	1
0	1
0	1
0	1
0	1
0	1
0	1
0	1
0	0.00361664
0	1
0	0.00361664
0	1
0	0.00361664
0	1
0	0.00904159
0	1
0	0.00904159
0	1
0	1
0	1
0	1
0	1
0	0.0126582
0	0.00361664
0	1
0	1
0	1
0	1
0	1
0	1
0	0.00904159
0	0.00723327
0	0.00542495
0	1
0	1
0	0.00361664
0	0.00542495
0	1
0	1
0	1
0	1
0	0.00904159
0	1
0	0.00723327
0	1
0	1
0	1
0	1
0	0.00542495
0	1
0	0.00361664
0	1
0	0.0488246
0	1
0	1
0	1
0	1
0	0.00723327
0	1
0	1
0	1
0	1
0	1
0	0.00361664
0	1
0	0.00542495
0	1
0	0.0488246
0	0.00361664
0	1
0	0.00904159
0	0.00904159
0	0.00361664
0	1
0	0.00723327
0	0.00542495
0	0.00361664
0	1
0	1
0	1
0	0.00723327
0	0.0488246
0	1
0	1
0	1
0	0.0108499
0	1
0	1
0	0.00542495
0	1
0	1
0	1
0	1
0	1
0	1
0	1
0	0.00542495
0	0.00723327
0	1
0	1
0	0.00542495
0	0.00361664
0	0.0144665
0	1
0	0.00542495
0	0.00361664
0	1
0	1
0	1
0	1
0	0.00361664
0	1
0	1
0	1
0	1
0	1
0	0.0126582
0	1
0	1
0	1
0	0.00542495
0	0.00723327
0	1
0	0.00361664
0	1
0	1
0	0.00361664
0	0.00542495
0	0.00723327
0	1
0	0.00542495
0	1
0	0.00361664
0	1
0	1
0	1
0	1


