# Persistence diagram <GML/1104.gml>
#
# Dimension   : 0
# Entries     : 1108
# Betti number: 6
0	inf
0	1
0	1
0	1
0	0.0219619
0	1
0	1
0	0.0219619
0	1
0	0.0204978
0	0.0161054
0	0.011713
0	1
0	1
0	0.0278184
0	1
0	1
0	0.0131772
0	1
0	1
0	1
0	0.0292826
0	1
0	0.0102489
0	0.0161054
0	1
0	1
0	0.0161054
0	1
0	1
0	1
0	0.0102489
0	0.00878477
0	1
0	1
0	1
0	1
0	1
0	1
0	1
0	0.011713
0	0.0248902
0	1
0	0.00878477
0	1
0	1
0	1
0	0.011713
0	0.0219619
0	0.00878477
0	1
0	1
0	0.00732064
0	1
0	1
0	0.00878477
0	1
0	1
0	1
0	0.00878477
0	1
0	1
0	0.0248902
0	1
0	1
0	1
0	0.00585652
0	inf
0	1
0	1
0	1
0	0.0204978
0	0.011713
0	0.0307467
0	1
0	1
0	1
0	1
0	1
0	0.0248902
0	1
0	1
0	0.011713
0	1
0	0.0161054
0	1
0	1
0	0.00878477
0	1
0	0.0219619
0	1
0	0.00292826
0	0.0131772
0	1
0	0.00732064
0	1
0	0.00878477
0	0.00732064
0	0.00732064
0	1
0	1
0	1
0	1
0	0.00439239
0	0.0146413
0	0.00732064
0	1
0	0.0219619
0	1
0	0.00585652
0	1
0	0.0102489
0	0.00732064
0	1
0	1
0	0.0292826
0	1
0	1
0	0.00732064
0	0.011713
0	0.00439239
0	1
0	0.0161054
0	1
0	0.011713
0	1
0	0.0102489
0	0.011713
0	0.011713
0	0.00292826
0	0.00732064
0	0.0161054
0	1
0	1
0	0.00732064
0	1
0	1
0	1
0	1
0	1
0	1
0	1
0	0.00878477
0	0.00292826
0	0.0292826
0	0.0131772
0	0.00732064
0	0.011713
0	0.0292826
0	1
0	0.00439239
0	0.00732064
0	1
0	0.011713
0	0.00732064
0	1
0	1
0	1
0	1
0	0.00878477
0	0.00732064
0	1
0	0.00732064
0	1
0	0.0102489
0	0.00439239
0	1
0	0.00732064
0	0.0307467
0	0.0248902
0	1
0	0.00878477
0	1
0	1
0	1
0	inf
0	1
0	0.0292826
0	0.0204978
0	1
0	0.00585652
0	1
0	1
0	1
0	1
0	0.0278184
0	1
0	1
0	0.00439239
0	0.0102489
0	1
0	1
0	1
0	0.00878477
0	1
0	1
0	0.0292826
0	1
0	1
0	0.00732064
0	0.011713
0	0.00732064
0	1
0	1
0	1
0	1
0	1
0	0.0131772
0	0.0161054
0	0.00439239
0	1
0	1
0	1
0	1
0	1
0	1
0	1
0	0.0102489
0	0.0219619
0	0.011713
0	0.0131772
0	0.00878477
0	1
0	1
0	0.00585652
0	0.011713
0	0.0204978
0	0.011713
0	0.00732064
0	1
0	1
0	1
0	0.00732064
0	1
0	0.011713
0	0.00732064
0	0.00439239
0	1
0	1
0	1
0	0.00732064
0	0.00439239
0	1
0	0.00292826
0	1
0	1
0	0.0307467
0	0.011713
0	1
0	0.00439239
0	0.0146413
0	0.0248902
0	1
0	1
0	0.00732064
0	1
0	0.0292826
0	0.00439239
0	0.0248902
0	1
0	1
0	1
0	1
0	1
0	0.0219619
0	1
0	1
0	0.011713
0	1
0	0.00878477
0	1
0	0.00878477
0	1
0	1
0	0.0131772
0	0.00292826
0	1
0	1
0	0.00585652
0	1
0	0.00439239
0	0.011713
0	1
0	0.011713
0	1
0	1
0	0.011713
0	1
0	0.00439239
0	0.011713
0	0.011713
0	0.0102489
0	1
0	0.011713
0	1
0	1
0	0.0278184
0	0.00439239
0	0.0219619
0	1
0	1
0	1
0	0.00439239
0	0.011713
0	0.00732064
0	1
0	0.0161054
0	1
0	1
0	0.0204978
0	0.00439239
0	1
0	1
0	0.00439239
0	1
0	1
0	1
0	0.0248902
0	1
0	0.00439239
0	0.011713
0	1
0	0.0219619
0	1
0	1
0	0.011713
0	1
0	0.00439239
0	1
0	1
0	0.00439239
0	0.00292826
0	1
0	1
0	1
0	0.00292826
0	0.00439239
0	0.0204978
0	1
0	1
0	0.00585652
0	1
0	1
0	1
0	1
0	1
0	1
0	1
0	1
0	1
0	0.0131772
0	0.0131772
0	1
0	1
0	1
0	1
0	0.00732064
0	1
0	0.00585652
0	0.00292826
0	1
0	0.011713
0	0.0161054
0	1
0	0.00439239
0	1
0	0.0292826
0	1
0	0.0278184
0	1
0	0.00732064
0	1
0	0.0219619
0	1
0	1
0	1
0	1
0	0.00732064
0	1
0	0.00292826
0	1
0	0.00878477
0	1
0	1
0	1
0	inf
0	1
0	1
0	0.00878477
0	1
0	1
0	0.0102489
0	1
0	1
0	0.0102489
0	0.0248902
0	1
0	1
0	0.00732064
0	0.011713
0	0.00732064
0	0.0146413
0	1
0	0.00585652
0	0.0307467
0	1
0	1
0	1
0	1
0	0.0292826
0	1
0	1
0	1
0	1
0	0.00732064
0	1
0	1
0	1
0	0.00439239
0	1
0	1
0	0.00292826
0	1
0	1
0	0.011713
0	1
0	1
0	1
0	1
0	1
0	1
0	inf
0	0.00732064
0	0.00292826
0	0.00292826
0	1
0	inf
0	1
0	1
0	1
0	1
0	0.0307467
0	0.00878477
0	1
0	0.00585652
0	1
0	1
0	1
0	1
0	1
0	1
0	0.00439239
0	1
0	1
0	1
0	0.00732064
0	0.00292826
0	1
0	1
0	0.00732064
0	1
0	1
0	0.00878477
0	1
0	0.00732064
0	1
0	1
0	0.0307467
0	0.00439239
0	1
0	0.0161054
0	1
0	0.00732064
0	1
0	0.00292826
0	0.00732064
0	0.0219619
0	1
0	1
0	0.0219619
0	0.0292826
0	0.0307467
0	1
0	0.00732064
0	0.0219619
0	0.00878477
0	1
0	0.0146413
0	1
0	0.00732064
0	0.011713
0	1
0	0.0204978
0	1
0	0.0161054
0	0.011713
0	1
0	0.0102489
0	1
0	1
0	0.00439239
0	0.011713
0	1
0	1
0	0.00292826
0	0.00585652
0	0.00439239
0	1
0	0.00732064
0	1
0	0.00732064
0	0.00585652
0	0.0161054
0	1
0	0.0219619
0	1
0	0.0219619
0	1
0	0.0248902
0	1
0	0.00439239
0	0.00878477
0	1
0	0.00439239
0	0.00292826
0	1
0	1
0	1
0	1
0	1
0	1
0	1
0	1
0	0.00439239
0	1
0	1
0	1
0	0.00292826
0	0.00292826
0	0.0131772
0	1
0	1
0	1
0	0.00292826
0	1
0	1
0	1
0	1
0	1
0	0.00585652
0	1
0	0.00585652
0	1
0	1
0	1
0	1
0	1
0	1
0	0.0219619
0	0.00732064
0	0.0131772
0	1
0	0.00732064
0	0.0102489
0	0.00732064
0	1
0	0.0161054
0	1
0	0.00585652
0	0.0278184
0	1
0	0.00585652
0	1
0	1
0	1
0	0.011713
0	0.00585652
0	1
0	0.0278184
0	0.0161054
0	0.011713
0	1
0	1
0	0.00292826
0	1
0	1
0	0.0307467
0	0.00439239
0	1
0	0.00439239
0	1
0	0.0219619
0	0.0219619
0	0.00732064
0	0.00585652
0	0.011713
0	0.0278184
0	1
0	0.0131772
0	1
0	1
0	1
0	1
0	1
0	1
0	1
0	1
0	1
0	0.0204978
0	1
0	1
0	1
0	1
0	1
0	0.0219619
0	1
0	1
0	0.0219619
0	1
0	0.00732064
0	0.00585652
0	0.0219619
0	1
0	0.00732064
0	0.00439239
0	1
0	0.0278184
0	0.0102489
0	1
0	1
0	1
0	1
0	1
0	1
0	1
0	0.00292826
0	0.00732064
0	1
0	1
0	1
0	1
0	0.0161054
0	0.00585652
0	1
0	1
0	1
0	1
0	1
0	0.0161054
0	1
0	0.00439239
0	0.00878477
0	0.00439239
0	1
0	1
0	0.00292826
0	1
0	1
0	0.0307467
0	0.0292826
0	0.00292826
0	1
0	0.00292826
0	0.0307467
0	0.00732064
0	0.0219619
0	1
0	0.011713
0	1
0	0.0102489
0	1
0	0.011713
0	1
0	0.0161054
0	1
0	0.00439239
0	1
0	1
0	0.00292826
0	1
0	0.00585652
0	1
0	0.00292826
0	1
0	0.0131772
0	0.011713
0	0.00732064
0	1
0	0.00585652
0	1
0	1
0	0.00585652
0	1
0	1
0	1
0	1
0	0.0131772
0	0.011713
0	0.00439239
0	0.011713
0	0.00439239
0	0.00292826
0	0.00292826
0	0.0219619
0	0.0219619
0	0.011713
0	1
0	1
0	0.0146413
0	0.00732064
0	0.0278184
0	1
0	0.00585652
0	1
0	0.0307467
0	1
0	0.0102489
0	0.00585652
0	0.0204978
0	1
0	1
0	1
0	0.00732064
0	1
0	0.0102489
0	1
0	1
0	0.00732064
0	0.0219619
0	1
0	1
0	1
0	1
0	1
0	0.00585652
0	0.0248902
0	0.0161054
0	0.00292826
0	1
0	1
0	1
0	1
0	0.0219619
0	1
0	0.0219619
0	1
0	0.0219619
0	1
0	1
0	0.00439239
0	1
0	0.00292826
0	1
0	0.0219619
0	0.00292826
0	1
0	1
0	0.0278184
0	0.0248902
0	0.0161054
0	0.00585652
0	0.0278184
0	1
0	1
0	1
0	1
0	1
0	0.00292826
0	1
0	0.0146413
0	0.00878477
0	0.00732064
0	0.00292826
0	0.00585652
0	0.00585652
0	0.00439239
0	1
0	0.0307467
0	1
0	0.00439239
0	1
0	0.00878477
0	1
0	1
0	1
0	1
0	1
0	1
0	1
0	1
0	0.00732064
0	1
0	0.00292826
0	0.0146413
0	1
0	1
0	1
0	0.00292826
0	1
0	1
0	1
0	1
0	1
0	1
0	0.0248902
0	1
0	1
0	1
0	0.0278184
0	0.00439239
0	1
0	0.011713
0	0.00585652
0	1
0	0.00439239
0	0.0102489
0	0.011713
0	1
0	0.00439239
0	1
0	0.00439239
0	0.0102489
0	1
0	1
0	0.0102489
0	1
0	1
0	1
0	0.00585652
0	0.00732064
0	0.00292826
0	1
0	1
0	1
0	1
0	0.011713
0	1
0	1
0	1
0	1
0	1
0	1
0	0.00439239
0	1
0	0.00439239
0	1
0	0.0102489
0	1
0	0.00292826
0	1
0	1
0	0.0204978
0	0.0131772
0	1
0	0.00439239
0	1
0	1
0	1
0	1
0	0.011713
0	1
0	0.00585652
0	1
0	1
0	0.00439239
0	1
0	0.0219619
0	0.00439239
0	1
0	1
0	0.00292826
0	1
0	0.0131772
0	0.0161054
0	0.00292826
0	0.00292826
0	1
0	1
0	0.00732064
0	0.00585652
0	1
0	0.00439239
0	1
0	0.00585652
0	1
0	0.0161054
0	0.0161054
0	1
0	0.0307467
0	0.0219619
0	1
0	0.00439239
0	1
0	1
0	1
0	1
0	0.0307467
0	1
0	0.00878477
0	0.00292826
0	1
0	0.00732064
0	1
0	1
0	0.0248902
0	0.0219619
0	1
0	1
0	1
0	1
0	0.0161054
0	1
0	1
0	1
0	0.00878477
0	0.00585652
0	1
0	0.00292826
0	0.00292826
0	1
0	0.011713
0	0.0219619
0	1
0	1
0	1
0	0.00439239
0	1
0	0.0204978
0	0.0146413
0	0.00292826
0	0.00292826
0	0.0278184
0	1
0	0.00732064
0	0.00292826
0	1
0	1
0	0.0219619
0	1
0	1
0	0.0278184
0	0.00439239
0	0.0102489
0	1
0	1
0	1
0	1
0	0.011713
0	1
0	0.00292826
0	0.0161054
0	0.00292826
0	0.0161054
0	1
0	0.00292826
0	0.00732064
0	1
0	1
0	0.00292826
0	0.00439239
0	1
0	1
0	0.00146413
0	1
0	0.0102489
0	1
0	1
0	1
0	1
0	0.00292826
0	1
0	0.00292826
0	0.00585652
0	1
0	0.00878477
0	1
0	1
0	0.0219619
0	0.0204978
0	1
0	1
0	1
0	0.00292826
0	0.00439239
0	0.00292826
0	1
0	1
0	1
0	1
0	1
0	0.00292826
0	0.011713
0	0.00585652
0	1
0	1
0	1
0	1
0	0.00439239
0	1
0	1
0	1
0	0.00732064
0	0.00292826
0	1
0	0.00292826
0	1
0	1
0	0.0161054
0	0.00732064
0	1
0	0.00585652
0	1
0	1
0	0.011713
0	0.00732064
0	0.00585652
0	0.00585652
0	1
0	1
0	0.00292826
0	1
0	1
0	1
0	1
0	1
0	0.00732064
0	1
0	1
0	0.0131772
0	0.00292826
0	1
0	1
0	0.00585652
0	0.0131772
0	1
0	1
0	1
0	1
0	1
0	0.00439239
0	0.00146413
0	1
0	1
0	0.00292826
0	0.00732064
0	0.0102489
0	0.00732064
0	1
0	1
0	1
0	0.00439239
0	1
0	0.00732064
0	0.00439239
0	0.00585652
0	0.00439239
0	0.00439239
0	0.00878477
0	1
0	1
0	1
0	0.00878477
0	1
0	1
0	0.0161054
0	0.00878477
0	0.0292826
0	1
0	1
0	1
0	0.00439239
0	0.0292826
0	0.0102489
0	1
0	1
0	0.0219619
0	1
0	0.0102489
0	0.0219619
0	1
0	1
0	0.00292826
0	0.011713
0	0.00292826
0	1
0	0.00585652
0	1
0	0.00292826
0	1
0	1
0	1
0	1
0	1
0	1
0	1
0	1
0	1
0	1
0	0.0146413
0	0.00292826
0	1
0	0.0102489
0	0.00585652
0	1
0	1
0	1
0	1
0	1


