# Persistence diagram <GML/1107.gml>
#
# Dimension   : 0
# Entries     : 450
# Betti number: 1
0	inf
0	1
0	0.0388693
0	0.0353357
0	1
0	0.0176678
0	1
0	1
0	1
0	0.0318021
0	0.0141343
0	1
0	0.0353357
0	1
0	1
0	1
0	1
0	1
0	1
0	0.0388693
0	0.0388693
0	1
0	0.0141343
0	1
0	1
0	0.0176678
0	1
0	0.0318021
0	1
0	1
0	0.0282686
0	0.0282686
0	0.0141343
0	0.0388693
0	1
0	0.04947
0	0.024735
0	0.0106007
0	0.04947
0	1
0	0.00706714
0	0.0353357
0	0.0106007
0	1
0	0.0353357
0	1
0	1
0	1
0	1
0	0.0353357
0	1
0	0.0106007
0	0.0106007
0	0.0141343
0	0.024735
0	0.0282686
0	0.00706714
0	1
0	0.0282686
0	1
0	1
0	1
0	0.0106007
0	1
0	1
0	1
0	0.0176678
0	1
0	0.0282686
0	0.0176678
0	1
0	0.0141343
0	0.0106007
0	0.0353357
0	1
0	0.0459364
0	1
0	1
0	1
0	0.00706714
0	0.0176678
0	1
0	0.0106007
0	0.0459364
0	1
0	1
0	0.0388693
0	0.024735
0	1
0	0.0282686
0	0.0353357
0	0.0176678
0	1
0	0.0388693
0	1
0	0.00706714
0	0.0353357
0	0.0141343
0	1
0	0.0176678
0	1
0	1
0	1
0	0.024735
0	0.0141343
0	1
0	1
0	0.0282686
0	1
0	1
0	1
0	0.024735
0	0.04947
0	1
0	1
0	1
0	1
0	1
0	1
0	1
0	0.0353357
0	1
0	0.0176678
0	1
0	0.04947
0	0.0106007
0	1
0	0.0318021
0	0.0353357
0	1
0	1
0	1
0	1
0	0.0282686
0	1
0	0.0353357
0	0.0282686
0	0.0388693
0	1
0	1
0	0.0106007
0	0.0353357
0	0.0176678
0	0.0106007
0	1
0	1
0	1
0	1
0	0.024735
0	0.0459364
0	0.04947
0	1
0	0.0106007
0	0.0106007
0	0.00706714
0	0.024735
0	1
0	0.0282686
0	0.0459364
0	1
0	1
0	0.0106007
0	0.0176678
0	0.024735
0	0.0176678
0	0.0141343
0	1
0	1
0	1
0	0.00706714
0	1
0	1
0	1
0	0.0106007
0	1
0	1
0	0.0318021
0	1
0	0.0353357
0	0.024735
0	1
0	0.0353357
0	0.0353357
0	0.0353357
0	0.0141343
0	0.00706714
0	0.0212014
0	0.0106007
0	0.0176678
0	1
0	1
0	1
0	0.0141343
0	1
0	0.0212014
0	1
0	0.0212014
0	1
0	0.024735
0	1
0	0.024735
0	1
0	1
0	0.0106007
0	0.0318021
0	1
0	1
0	0.0106007
0	1
0	1
0	0.0176678
0	1
0	0.00706714
0	1
0	0.0176678
0	0.04947
0	0.0176678
0	1
0	1
0	0.0106007
0	0.0353357
0	1
0	0.0106007
0	0.0106007
0	1
0	0.0106007
0	1
0	1
0	1
0	0.0141343
0	1
0	0.0106007
0	0.00706714
0	0.0141343
0	0.0353357
0	1
0	1
0	1
0	1
0	1
0	1
0	0.0176678
0	0.0353357
0	1
0	0.0106007
0	1
0	0.00706714
0	1
0	0.0176678
0	0.0106007
0	1
0	0.0106007
0	1
0	1
0	0.00706714
0	1
0	0.024735
0	1
0	1
0	0.0106007
0	1
0	1
0	1
0	1
0	1
0	0.0106007
0	0.0318021
0	0.0141343
0	1
0	1
0	0.04947
0	1
0	1
0	1
0	0.0388693
0	1
0	1
0	1
0	1
0	0.0141343
0	1
0	1
0	0.0106007
0	0.00706714
0	0.0141343
0	0.0106007
0	0.024735
0	1
0	1
0	0.0176678
0	0.0141343
0	0.0176678
0	0.00706714
0	1
0	0.0141343
0	0.0459364
0	0.00706714
0	0.0141343
0	1
0	0.0106007
0	0.0353357
0	0.024735
0	0.00706714
0	1
0	0.0106007
0	1
0	0.0106007
0	0.00706714
0	1
0	1
0	0.0141343
0	1
0	1
0	1
0	0.0282686
0	0.0176678
0	1
0	0.0176678
0	0.00706714
0	1
0	0.0141343
0	0.0318021
0	0.0353357
0	1
0	0.0176678
0	0.024735
0	0.0106007
0	1
0	1
0	0.0106007
0	0.0106007
0	0.0176678
0	0.0141343
0	1
0	0.024735
0	1
0	1
0	0.0459364
0	1
0	0.0459364
0	0.0106007
0	0.0106007
0	1
0	0.0353357
0	1
0	1
0	0.00706714
0	1
0	1
0	0.0106007
0	1
0	1
0	0.0106007
0	1
0	0.0106007
0	1
0	0.0141343
0	1
0	0.0212014
0	0.0388693
0	1
0	1
0	1
0	1
0	0.0141343
0	0.0141343
0	0.00706714
0	1
0	0.0141343
0	1
0	0.0353357
0	0.024735
0	0.00706714
0	1
0	0.0353357
0	1
0	0.0141343
0	1
0	1
0	0.0141343
0	1
0	0.0459364
0	0.0176678
0	0.00706714
0	0.0141343
0	0.0106007
0	1
0	0.0141343
0	1
0	0.0106007
0	0.0353357
0	0.0106007
0	1
0	0.0353357
0	0.0141343
0	0.0106007
0	0.00706714
0	0.00706714
0	0.0106007
0	0.00706714
0	0.0353357
0	1
0	1
0	0.00706714
0	1
0	1
0	0.0141343
0	1
0	1
0	1
0	0.0353357
0	1
0	0.04947
0	1
0	0.0176678
0	0.024735
0	0.0106007
0	1
0	1
0	0.00706714
0	1
0	0.0141343
0	1
0	1
0	0.00706714
0	0.0106007
0	0.0141343
0	1
0	1
0	1
0	0.0353357
0	0.0141343
0	1
0	0.0176678
0	1
0	1
0	0.00706714
0	1
0	0.00706714
0	1
0	0.0176678
0	0.0106007
0	1
0	1
0	0.00706714
0	1
0	0.0353357
0	1
0	1
0	0.0141343


