# Persistence diagram <GML/1109.gml>
#
# Dimension   : 0
# Entries     : 142
# Betti number: 1
0	inf
0	1
0	1
0	1
0	1
0	1
0	1
0	1
0	1
0	0.09
0	1
0	0.09
0	1
0	1
0	1
0	1
0	1
0	1
0	1
0	1
0	1
0	1
0	0.05
0	0.09
0	1
0	1
0	1
0	1
0	1
0	1
0	1
0	0.09
0	0.06
0	0.03
0	1
0	0.05
0	1
0	1
0	1
0	1
0	0.05
0	1
0	1
0	1
0	0.02
0	0.03
0	0.06
0	1
0	1
0	1
0	1
0	1
0	1
0	1
0	0.02
0	1
0	1
0	1
0	0.03
0	0.03
0	1
0	0.05
0	1
0	1
0	0.03
0	1
0	0.02
0	0.03
0	1
0	1
0	1
0	1
0	0.03
0	0.05
0	0.03
0	1
0	1
0	0.09
0	0.02
0	1
0	1
0	0.05
0	0.03
0	0.03
0	0.03
0	1
0	1
0	0.03
0	0.05
0	1
0	1
0	1
0	0.09
0	1
0	1
0	1
0	0.06
0	1
0	0.05
0	1
0	0.03
0	1
0	0.02
0	1
0	0.09
0	0.06
0	1
0	1
0	1
0	0.09
0	0.06
0	0.03
0	1
0	0.02
0	0.02
0	0.02
0	0.09
0	1
0	1
0	1
0	1
0	0.03
0	0.02
0	1
0	1
0	1
0	1
0	0.02
0	1
0	0.03
0	1
0	1
0	1
0	1
0	1
0	1
0	1
0	0.03
0	0.02
0	0.03
0	1
0	1


