# Persistence diagram <GML/1117.gml>
#
# Dimension   : 0
# Entries     : 1115
# Betti number: 6
0	inf
0	1
0	1
0	1
0	1
0	1
0	1
0	0.0187416
0	0.0361446
0	1
0	1
0	1
0	1
0	1
0	0.0133869
0	1
0	1
0	0.0361446
0	1
0	0.0361446
0	0.00803213
0	0.0267738
0	1
0	1
0	1
0	1
0	0.0133869
0	1
0	1
0	1
0	1
0	1
0	1
0	1
0	1
0	1
0	1
0	1
0	1
0	0.00535475
0	1
0	1
0	1
0	1
0	1
0	0.00401606
0	1
0	1
0	1
0	1
0	0.00669344
0	1
0	1
0	1
0	1
0	1
0	1
0	0.0361446
0	1
0	0.0187416
0	1
0	1
0	0.0187416
0	1
0	1
0	0.0361446
0	0.00401606
0	0.00401606
0	0.00669344
0	1
0	0.00803213
0	0.00803213
0	1
0	1
0	1
0	0.0174029
0	1
0	1
0	1
0	0.00669344
0	0.0361446
0	1
0	1
0	1
0	1
0	1
0	1
0	1
0	1
0	1
0	0.00937082
0	1
0	1
0	0.0120482
0	1
0	0.00535475
0	0.0133869
0	1
0	1
0	1
0	1
0	1
0	1
0	1
0	1
0	0.0361446
0	1
0	1
0	0.00535475
0	1
0	0.00669344
0	1
0	1
0	1
0	0.00535475
0	0.0120482
0	1
0	1
0	1
0	1
0	1
0	1
0	1
0	1
0	1
0	1
0	0.00401606
0	1
0	0.00669344
0	1
0	1
0	1
0	1
0	1
0	1
0	0.0133869
0	1
0	1
0	1
0	1
0	0.0133869
0	0.0187416
0	1
0	0.00803213
0	0.0361446
0	0.00669344
0	0.0120482
0	1
0	0.00401606
0	inf
0	1
0	1
0	inf
0	1
0	0.0267738
0	0.0133869
0	1
0	0.00669344
0	1
0	1
0	1
0	0.0160643
0	1
0	1
0	0.00803213
0	0.00401606
0	1
0	1
0	1
0	0.00401606
0	0.0267738
0	1
0	1
0	1
0	0.00937082
0	0.00401606
0	1
0	0.0267738
0	0.0187416
0	0.0160643
0	1
0	1
0	1
0	1
0	1
0	1
0	1
0	1
0	1
0	0.0133869
0	1
0	1
0	1
0	1
0	0.00669344
0	1
0	1
0	1
0	1
0	1
0	1
0	0.0174029
0	1
0	0.00401606
0	1
0	1
0	0.0107095
0	0.0133869
0	1
0	1
0	0.0174029
0	1
0	0.0133869
0	0.00401606
0	1
0	1
0	1
0	1
0	0.00535475
0	1
0	1
0	1
0	0.00401606
0	1
0	0.0187416
0	0.00401606
0	1
0	0.0267738
0	0.00803213
0	1
0	1
0	1
0	0.0187416
0	1
0	1
0	1
0	1
0	1
0	1
0	0.00267738
0	1
0	1
0	1
0	0.00401606
0	1
0	1
0	1
0	1
0	1
0	1
0	1
0	1
0	1
0	0.00669344
0	1
0	0.00535475
0	1
0	1
0	1
0	0.00267738
0	0.0187416
0	1
0	1
0	0.00535475
0	1
0	0.00803213
0	0.00401606
0	0.0133869
0	0.00669344
0	1
0	1
0	0.00267738
0	1
0	1
0	1
0	0.00267738
0	0.00535475
0	1
0	1
0	1
0	1
0	1
0	1
0	1
0	1
0	1
0	1
0	1
0	0.00267738
0	1
0	1
0	0.0361446
0	0.00803213
0	1
0	0.0267738
0	1
0	1
0	0.00937082
0	1
0	0.0361446
0	1
0	1
0	1
0	1
0	1
0	1
0	0.0187416
0	1
0	0.0107095
0	1
0	1
0	0.00803213
0	1
0	0.00669344
0	1
0	1
0	1
0	1
0	1
0	0.00669344
0	0.00401606
0	0.00401606
0	1
0	1
0	0.00535475
0	1
0	1
0	0.0187416
0	1
0	1
0	1
0	1
0	1
0	1
0	1
0	0.00535475
0	0.00267738
0	1
0	0.00267738
0	0.00803213
0	1
0	1
0	0.0107095
0	1
0	1
0	1
0	1
0	1
0	1
0	0.00669344
0	0.00937082
0	1
0	0.00401606
0	1
0	0.00669344
0	0.0267738
0	0.00535475
0	1
0	1
0	1
0	1
0	1
0	1
0	1
0	1
0	1
0	1
0	1
0	0.00937082
0	1
0	1
0	1
0	1
0	1
0	0.00803213
0	0.00267738
0	0.00535475
0	1
0	0.00267738
0	0.00535475
0	1
0	0.00803213
0	1
0	0.0133869
0	1
0	0.0174029
0	1
0	1
0	0.0160643
0	0.00267738
0	0.0133869
0	1
0	0.00267738
0	1
0	1
0	0.0267738
0	0.00401606
0	0.00803213
0	0.00803213
0	1
0	1
0	0.00535475
0	1
0	1
0	0.0361446
0	0.0160643
0	1
0	1
0	1
0	1
0	1
0	1
0	1
0	1
0	1
0	0.0174029
0	0.00669344
0	0.00267738
0	0.0267738
0	1
0	1
0	1
0	1
0	1
0	0.00401606
0	1
0	1
0	1
0	0.0174029
0	0.00803213
0	0.00401606
0	0.00267738
0	0.00267738
0	1
0	1
0	1
0	1
0	1
0	1
0	1
0	1
0	0.00267738
0	1
0	1
0	1
0	1
0	0.00535475
0	0.00267738
0	0.00669344
0	1
0	1
0	0.00401606
0	1
0	0.00937082
0	1
0	0.00401606
0	1
0	0.00267738
0	0.00267738
0	1
0	1
0	0.00535475
0	0.0361446
0	0.0361446
0	0.00267738
0	1
0	0.0361446
0	0.00267738
0	0.00401606
0	1
0	1
0	0.00401606
0	1
0	1
0	0.0133869
0	0.0120482
0	1
0	1
0	1
0	1
0	1
0	0.00669344
0	1
0	0.00535475
0	1
0	0.00535475
0	1
0	0.0267738
0	1
0	0.00401606
0	1
0	0.00803213
0	0.00401606
0	1
0	0.00401606
0	0.00669344
0	0.0187416
0	0.00401606
0	1
0	1
0	0.00401606
0	1
0	1
0	1
0	0.00669344
0	1
0	1
0	1
0	0.00267738
0	0.00267738
0	0.0133869
0	1
0	1
0	1
0	1
0	0.00669344
0	0.0361446
0	0.00401606
0	0.00267738
0	0.00803213
0	1
0	0.00535475
0	1
0	0.0174029
0	0.00937082
0	1
0	1
0	0.00803213
0	1
0	1
0	1
0	1
0	1
0	1
0	0.00267738
0	0.00803213
0	0.0267738
0	1
0	1
0	0.00669344
0	1
0	1
0	1
0	0.00267738
0	1
0	0.00267738
0	0.00401606
0	1
0	1
0	1
0	1
0	0.00401606
0	1
0	1
0	1
0	1
0	0.00803213
0	1
0	1
0	1
0	0.00803213
0	1
0	1
0	0.00401606
0	inf
0	0.0107095
0	1
0	0.00401606
0	0.00401606
0	0.00267738
0	1
0	1
0	0.00401606
0	1
0	1
0	0.00535475
0	1
0	1
0	1
0	0.0174029
0	1
0	1
0	0.00401606
0	1
0	0.00267738
0	1
0	1
0	1
0	0.00535475
0	0.0160643
0	1
0	0.0174029
0	1
0	1
0	1
0	0.00401606
0	1
0	1
0	0.00937082
0	1
0	0.00937082
0	0.0187416
0	0.00267738
0	0.00401606
0	0.00401606
0	0.00267738
0	0.00669344
0	1
0	0.00401606
0	0.00267738
0	1
0	0.00669344
0	1
0	1
0	1
0	1
0	1
0	1
0	0.00535475
0	0.00937082
0	1
0	1
0	1
0	1
0	0.00669344
0	0.0361446
0	1
0	0.0160643
0	1
0	1
0	1
0	0.00803213
0	0.00535475
0	0.00535475
0	1
0	0.0361446
0	0.00669344
0	0.0361446
0	0.00267738
0	0.0187416
0	1
0	0.00267738
0	1
0	0.00535475
0	0.00267738
0	0.00535475
0	0.00401606
0	0.00535475
0	0.00669344
0	1
0	1
0	1
0	0.00937082
0	1
0	1
0	0.0267738
0	0.00669344
0	1
0	1
0	1
0	1
0	1
0	1
0	1
0	1
0	0.00535475
0	1
0	0.00803213
0	1
0	0.00535475
0	1
0	0.0187416
0	1
0	1
0	1
0	0.0361446
0	1
0	0.00669344
0	0.00535475
0	1
0	1
0	inf
0	1
0	0.00669344
0	0.00267738
0	0.0361446
0	1
0	1
0	0.00401606
0	1
0	1
0	1
0	1
0	1
0	0.00669344
0	1
0	1
0	0.00401606
0	0.00267738
0	1
0	0.00937082
0	0.00401606
0	1
0	1
0	0.0187416
0	0.00669344
0	1
0	0.00267738
0	0.00401606
0	1
0	0.00401606
0	1
0	1
0	1
0	1
0	0.00267738
0	1
0	1
0	1
0	1
0	0.00803213
0	1
0	0.00267738
0	0.00267738
0	0.00535475
0	0.00535475
0	0.00401606
0	1
0	0.00535475
0	1
0	1
0	1
0	0.00267738
0	1
0	0.0361446
0	1
0	1
0	1
0	1
0	1
0	inf
0	0.0174029
0	1
0	0.00401606
0	0.00267738
0	0.00267738
0	0.00401606
0	0.00267738
0	1
0	0.00267738
0	1
0	1
0	0.0107095
0	0.0187416
0	0.00401606
0	1
0	0.00669344
0	0.0187416
0	1
0	0.00535475
0	1
0	0.00535475
0	1
0	1
0	1
0	1
0	0.00535475
0	1
0	1
0	1
0	1
0	1
0	0.00535475
0	1
0	0.00803213
0	0.00803213
0	0.00535475
0	0.00535475
0	0.00401606
0	0.0174029
0	0.00535475
0	0.00937082
0	0.00535475
0	1
0	1
0	0.00803213
0	1
0	0.0187416
0	1
0	0.00267738
0	0.0361446
0	0.00401606
0	0.00401606
0	1
0	1
0	1
0	1
0	0.00267738
0	1
0	0.00267738
0	1
0	1
0	1
0	1
0	0.00669344
0	1
0	1
0	1
0	1
0	0.00535475
0	1
0	0.0160643
0	1
0	1
0	0.00401606
0	1
0	0.00401606
0	1
0	0.00669344
0	1
0	0.00803213
0	1
0	0.0267738
0	1
0	1
0	0.00401606
0	1
0	0.0267738
0	1
0	1
0	0.00669344
0	0.00535475
0	0.0107095
0	1
0	0.00803213
0	1
0	0.00267738
0	1
0	0.00267738
0	1
0	1
0	0.00535475
0	0.00401606
0	1
0	1
0	1
0	0.0267738
0	0.00669344
0	1
0	1
0	1
0	1
0	0.0187416
0	0.00267738
0	0.00535475
0	1
0	1
0	0.00267738
0	1
0	0.00535475
0	0.00401606
0	1
0	1
0	1
0	0.00669344
0	1
0	1
0	1
0	0.00669344
0	1
0	1
0	0.00535475
0	0.00803213
0	0.00669344
0	1
0	1
0	0.00267738
0	1
0	1
0	1
0	1
0	1
0	0.00669344
0	0.0267738
0	1
0	0.00267738
0	1
0	1
0	0.00267738
0	1
0	1
0	1
0	0.00267738
0	0.00669344
0	0.00669344
0	0.00401606
0	0.00401606
0	1
0	0.0361446
0	1
0	1
0	1
0	0.00267738
0	1
0	0.00267738
0	0.00267738
0	1
0	1
0	1
0	0.00535475
0	1
0	0.0120482
0	1
0	1
0	1
0	1
0	0.0267738
0	0.00669344
0	1
0	1
0	0.0120482
0	1
0	0.0160643
0	0.0187416
0	1
0	0.00669344
0	0.00669344
0	0.0160643
0	0.00669344
0	0.00669344
0	1
0	0.00267738
0	1
0	0.00535475
0	1
0	1
0	1
0	0.00401606
0	0.00267738
0	1
0	0.0160643
0	1
0	1
0	0.00669344
0	0.00803213
0	1
0	1
0	1
0	1
0	1
0	1
0	0.00267738
0	0.0361446
0	0.00937082
0	1
0	1
0	1
0	0.0187416
0	1
0	0.00267738
0	0.0120482
0	0.00267738
0	1
0	1
0	0.0133869
0	1
0	0.00267738
0	1
0	0.00267738
0	0.00535475
0	1
0	0.0187416
0	1
0	1
0	0.0107095
0	0.00803213
0	1
0	0.0267738
0	1
0	0.00267738
0	0.00133869
0	1
0	1
0	0.00401606
0	0.00669344
0	1
0	0.00803213
0	1
0	0.00535475
0	0.00937082
0	1
0	1
0	0.0187416
0	0.00401606
0	1
0	1
0	1
0	1
0	1
0	1
0	1
0	1
0	1
0	0.00669344
0	0.0187416
0	0.00267738
0	1
0	1
0	0.00401606
0	1
0	0.00669344
0	1
0	1
0	0.00267738
0	0.00937082
0	0.00267738
0	0.00401606
0	1
0	0.00267738
0	0.0361446
0	1
0	0.00267738
0	1
0	0.0160643
0	1
0	1
0	1
0	0.00401606
0	0.00267738
0	0.00401606
0	0.00267738
0	0.00669344
0	0.00669344
0	0.00669344
0	1
0	0.00267738
0	1
0	0.00401606
0	1
0	1
0	0.00535475
0	1
0	0.0174029
0	1
0	1
0	1
0	1
0	1
0	0.00267738
0	1
0	1
0	0.00401606
0	1
0	0.00267738
0	1
0	0.00267738
0	0.00535475
0	1
0	0.00267738
0	0.00401606
0	0.0120482
0	0.00535475
0	1
0	1
0	1
0	1
0	0.00401606
0	1
0	0.00267738
0	0.00669344
0	1
0	0.00803213
0	1
0	0.00267738
0	0.00401606
0	0.00937082
0	1
0	0.00401606
0	1
0	1
0	1
0	1
0	0.00803213
0	0.00267738
0	1
0	0.00535475
0	0.0120482
0	0.00401606
0	0.00669344
0	1
0	1
0	1
0	1
0	0.00267738
0	1
0	0.00803213
0	0.00267738
0	0.0267738
0	1
0	0.00937082
0	0.00267738
0	0.00669344
0	0.00401606
0	0.00535475
0	1
0	0.0107095
0	1
0	1
0	1
0	1
0	0.0361446
0	1
0	1
0	1
0	1


