# Persistence diagram <GML/1127.gml>
#
# Dimension   : 0
# Entries     : 491
# Betti number: 3
0	inf
0	1
0	1
0	1
0	1
0	1
0	0.0138122
0	1
0	1
0	0.0165746
0	1
0	1
0	1
0	1
0	1
0	1
0	1
0	1
0	1
0	1
0	1
0	1
0	1
0	1
0	1
0	0.0524862
0	1
0	1
0	1
0	1
0	1
0	1
0	0.0165746
0	0.0165746
0	1
0	1
0	1
0	1
0	inf
0	1
0	1
0	0.0110497
0	1
0	1
0	1
0	1
0	1
0	1
0	0.0524862
0	1
0	0.0110497
0	1
0	0.0110497
0	1
0	1
0	1
0	1
0	0.00552486
0	1
0	inf
0	1
0	0.0165746
0	1
0	0.0165746
0	0.0165746
0	1
0	0.0524862
0	1
0	1
0	1
0	1
0	1
0	0.0165746
0	0.0524862
0	1
0	1
0	1
0	1
0	1
0	0.0110497
0	1
0	1
0	1
0	1
0	0.019337
0	0.0138122
0	1
0	1
0	1
0	1
0	1
0	1
0	1
0	1
0	1
0	1
0	1
0	1
0	1
0	0.0524862
0	0.0165746
0	1
0	1
0	0.00828729
0	1
0	0.00828729
0	0.019337
0	1
0	1
0	1
0	1
0	1
0	1
0	1
0	1
0	0.00552486
0	1
0	0.0165746
0	1
0	0.0110497
0	1
0	1
0	1
0	0.0138122
0	1
0	1
0	1
0	1
0	1
0	1
0	1
0	1
0	1
0	0.019337
0	1
0	1
0	0.0110497
0	0.0165746
0	0.0138122
0	1
0	0.019337
0	1
0	1
0	1
0	0.00552486
0	1
0	1
0	1
0	1
0	0.00552486
0	1
0	1
0	0.0110497
0	1
0	0.00552486
0	1
0	1
0	1
0	1
0	1
0	1
0	1
0	0.0138122
0	0.0110497
0	0.0138122
0	1
0	0.0110497
0	1
0	1
0	0.00552486
0	1
0	1
0	0.0138122
0	1
0	0.019337
0	0.0165746
0	1
0	1
0	1
0	1
0	1
0	1
0	1
0	0.00828729
0	1
0	1
0	1
0	1
0	1
0	0.0524862
0	1
0	1
0	0.0110497
0	0.00552486
0	1
0	1
0	0.0138122
0	1
0	0.0138122
0	1
0	1
0	1
0	1
0	1
0	1
0	1
0	0.00552486
0	1
0	1
0	0.0138122
0	1
0	1
0	1
0	1
0	1
0	0.0165746
0	1
0	1
0	1
0	1
0	1
0	1
0	1
0	1
0	0.0524862
0	1
0	0.00552486
0	1
0	1
0	0.0165746
0	1
0	0.0110497
0	1
0	1
0	1
0	0.0110497
0	0.0138122
0	0.00828729
0	1
0	1
0	1
0	1
0	0.0138122
0	0.00828729
0	1
0	1
0	1
0	1
0	0.0524862
0	0.0138122
0	1
0	0.0165746
0	1
0	0.0138122
0	0.00552486
0	1
0	0.0165746
0	0.00552486
0	0.0165746
0	0.00552486
0	1
0	1
0	0.00552486
0	0.019337
0	1
0	1
0	1
0	0.0165746
0	1
0	1
0	0.00828729
0	1
0	1
0	1
0	0.0524862
0	1
0	1
0	1
0	1
0	0.00828729
0	1
0	1
0	1
0	1
0	1
0	0.00552486
0	0.0138122
0	1
0	1
0	1
0	1
0	1
0	1
0	0.0110497
0	1
0	1
0	1
0	1
0	0.00552486
0	1
0	1
0	0.0138122
0	1
0	1
0	0.0165746
0	1
0	1
0	1
0	0.00828729
0	1
0	1
0	1
0	1
0	0.00828729
0	1
0	1
0	0.0524862
0	1
0	1
0	0.00552486
0	0.00828729
0	1
0	1
0	1
0	1
0	1
0	1
0	1
0	1
0	0.00828729
0	1
0	0.0110497
0	0.0524862
0	1
0	0.00552486
0	1
0	1
0	1
0	1
0	0.0110497
0	1
0	1
0	0.0138122
0	0.0524862
0	0.00552486
0	1
0	0.019337
0	1
0	0.00828729
0	1
0	0.0165746
0	1
0	0.00552486
0	1
0	0.0110497
0	0.0110497
0	0.019337
0	1
0	1
0	1
0	1
0	1
0	1
0	1
0	0.0110497
0	1
0	0.00552486
0	0.0524862
0	0.00552486
0	0.0110497
0	1
0	1
0	1
0	0.0110497
0	1
0	0.00828729
0	1
0	0.00828729
0	1
0	1
0	0.0110497
0	0.00276243
0	1
0	1
0	1
0	1
0	0.00552486
0	0.00552486
0	0.00552486
0	0.0110497
0	1
0	0.0110497
0	1
0	1
0	1
0	1
0	1
0	0.0110497
0	1
0	1
0	1
0	1
0	1
0	0.00828729
0	1
0	0.00828729
0	1
0	1
0	1
0	1
0	1
0	1
0	0.00552486
0	1
0	0.0110497
0	0.0524862
0	1
0	0.019337
0	0.00552486
0	1
0	0.00828729
0	1
0	0.00552486
0	1
0	1
0	0.00552486
0	0.0110497
0	1
0	1
0	1
0	1
0	1
0	1
0	0.00828729
0	1
0	0.019337
0	0.0524862
0	0.00552486
0	1
0	1
0	0.0110497
0	1
0	1
0	0.00552486
0	1
0	0.0110497
0	1
0	0.0165746
0	1
0	0.00828729
0	1
0	1
0	1
0	0.0138122
0	1
0	0.0524862
0	1
0	1
0	1
0	1
0	1
0	1
0	1
0	0.0110497
0	0.00828729
0	1
0	0.0110497
0	1
0	1
0	1
0	1
0	1
0	0.00552486
0	0.00828729
0	1
0	1
0	0.00828729
0	0.00552486
0	0.00552486
0	1
0	0.0524862
0	0.00552486
0	1
0	1
0	0.019337
0	1
0	0.0110497
0	1
0	1
0	1
0	0.00552486


