# Persistence diagram <GML/1133.gml>
#
# Dimension   : 0
# Entries     : 343
# Betti number: 1
0	inf
0	1
0	0.0334928
0	1
0	1
0	1
0	1
0	0.0287081
0	0.0287081
0	1
0	0.0334928
0	0.0191388
0	1
0	0.062201
0	1
0	0.0334928
0	0.0191388
0	0.0191388
0	1
0	0.0334928
0	1
0	1
0	0.0239234
0	1
0	1
0	1
0	0.062201
0	1
0	1
0	1
0	1
0	0.0191388
0	1
0	1
0	1
0	1
0	1
0	1
0	1
0	0.062201
0	1
0	1
0	0.062201
0	1
0	1
0	0.0334928
0	1
0	0.0143541
0	0.0334928
0	1
0	1
0	0.0239234
0	1
0	0.0334928
0	0.0239234
0	1
0	0.0143541
0	0.0239234
0	1
0	1
0	1
0	0.0239234
0	0.0334928
0	1
0	0.0287081
0	0.062201
0	1
0	1
0	1
0	1
0	1
0	0.0191388
0	0.0143541
0	0.0287081
0	0.0191388
0	1
0	0.0191388
0	0.0191388
0	1
0	1
0	0.0334928
0	1
0	1
0	1
0	1
0	1
0	0.0239234
0	0.0334928
0	0.0287081
0	1
0	0.0191388
0	1
0	1
0	1
0	0.0191388
0	1
0	1
0	0.0334928
0	1
0	0.0334928
0	1
0	0.0287081
0	1
0	1
0	1
0	1
0	0.062201
0	1
0	0.0191388
0	1
0	0.0143541
0	1
0	1
0	0.0191388
0	1
0	1
0	0.0143541
0	1
0	1
0	1
0	1
0	0.00956938
0	1
0	1
0	0.0143541
0	1
0	0.0191388
0	1
0	1
0	1
0	1
0	1
0	1
0	1
0	0.00956938
0	1
0	1
0	1
0	0.0334928
0	0.062201
0	0.0334928
0	1
0	1
0	0.0191388
0	0.0143541
0	1
0	0.0191388
0	1
0	1
0	1
0	1
0	1
0	0.00956938
0	0.0334928
0	0.0239234
0	1
0	0.0143541
0	0.00956938
0	1
0	1
0	0.0191388
0	1
0	1
0	1
0	1
0	1
0	1
0	1
0	0.0334928
0	1
0	1
0	0.00956938
0	0.0191388
0	0.00956938
0	1
0	1
0	0.0287081
0	0.0191388
0	1
0	1
0	1
0	1
0	0.0191388
0	1
0	1
0	0.0334928
0	0.0239234
0	0.00956938
0	1
0	1
0	1
0	1
0	1
0	0.0143541
0	1
0	0.0334928
0	0.0239234
0	1
0	1
0	0.0143541
0	0.062201
0	1
0	0.0191388
0	1
0	1
0	1
0	1
0	0.00956938
0	0.0143541
0	0.0334928
0	1
0	0.0191388
0	1
0	0.0334928
0	0.0191388
0	1
0	0.00956938
0	1
0	1
0	1
0	0.00956938
0	1
0	0.0143541
0	0.0239234
0	0.0239234
0	0.0191388
0	0.0191388
0	1
0	0.0191388
0	0.0191388
0	0.0143541
0	1
0	1
0	0.0191388
0	1
0	1
0	0.0287081
0	0.0143541
0	0.0143541
0	0.0191388
0	0.00956938
0	1
0	1
0	1
0	0.00956938
0	1
0	0.0143541
0	0.00956938
0	0.00956938
0	0.0143541
0	0.00956938
0	1
0	1
0	1
0	1
0	0.0334928
0	0.0191388
0	0.0143541
0	0.0334928
0	0.00956938
0	1
0	0.00956938
0	1
0	1
0	1
0	0.00956938
0	0.00956938
0	0.00956938
0	0.0191388
0	1
0	0.062201
0	1
0	0.062201
0	0.0191388
0	1
0	0.0191388
0	0.0143541
0	1
0	1
0	0.0287081
0	0.0239234
0	0.0143541
0	0.00956938
0	0.0191388
0	1
0	0.0334928
0	0.0143541
0	0.00956938
0	1
0	1
0	1
0	0.0334928
0	0.0191388
0	0.00956938
0	1
0	1
0	0.00956938
0	0.0239234
0	0.0143541
0	0.00956938
0	1
0	1
0	0.0239234
0	0.0143541
0	0.062201
0	1
0	1
0	1
0	0.00956938
0	1
0	1
0	0.0143541
0	1
0	0.0334928
0	0.00956938
0	1
0	0.0191388
0	1
0	1
0	1
0	0.00956938
0	1
0	0.0191388
0	0.0334928
0	1
0	1
0	0.0287081
0	1
0	1
0	1
0	0.0239234
0	0.0143541
0	1
0	1
0	0.00956938
0	1
0	0.0191388
0	1
0	0.0239234
0	1
0	0.062201
0	0.0143541
0	0.0143541


