# Persistence diagram <GML/1142.gml>
#
# Dimension   : 0
# Entries     : 588
# Betti number: 3
0	inf
0	0.0253165
0	0.0253165
0	0.0253165
0	1
0	0.0548523
0	0.0337553
0	0.0421941
0	1
0	0.0337553
0	0.0421941
0	0.0843882
0	0.0253165
0	0.0843882
0	0.0337553
0	1
0	0.0379747
0	0.0337553
0	0.0337553
0	1
0	0.0379747
0	0.0295359
0	0.0295359
0	0.0379747
0	0.0759494
0	0.0295359
0	0.0253165
0	0.0548523
0	0.0337553
0	1
0	0.0759494
0	0.0548523
0	0.0337553
0	0.0295359
0	0.0253165
0	0.0295359
0	0.0253165
0	0.0253165
0	1
0	1
0	1
0	0.0253165
0	0.0379747
0	1
0	0.0168776
0	0.0295359
0	0.0337553
0	0.0295359
0	0.0295359
0	0.0253165
0	0.0295359
0	0.0295359
0	0.0253165
0	0.0253165
0	0.0295359
0	1
0	0.0253165
0	0.0253165
0	0.0126582
0	0.0253165
0	0.0337553
0	1
0	0.0126582
0	0.0295359
0	0.0295359
0	inf
0	0.0253165
0	0.0253165
0	0.021097
0	0.0379747
0	0.0253165
0	1
0	0.0253165
0	0.0295359
0	1
0	0.0295359
0	0.0759494
0	0.0126582
0	0.021097
0	0.0337553
0	1
0	0.0168776
0	1
0	0.135021
0	1
0	1
0	1
0	0.0253165
0	0.0168776
0	0.0337553
0	0.021097
0	0.0253165
0	1
0	0.0295359
0	0.0253165
0	0.0843882
0	0.0759494
0	0.0253165
0	1
0	0.135021
0	0.0421941
0	1
0	0.0295359
0	0.0126582
0	0.021097
0	0.0295359
0	0.0337553
0	0.0295359
0	1
0	0.0759494
0	0.0168776
0	0.0759494
0	0.021097
0	0.0253165
0	0.0337553
0	1
0	0.0126582
0	0.0506329
0	1
0	0.0379747
0	1
0	0.021097
0	0.021097
0	0.0253165
0	0.0337553
0	0.0464135
0	1
0	0.0421941
0	1
0	0.0253165
0	0.0295359
0	0.021097
0	1
0	1
0	0.0168776
0	1
0	0.021097
0	0.0379747
0	0.0253165
0	0.0337553
0	0.135021
0	0.0295359
0	0.0168776
0	0.0295359
0	0.0295359
0	0.0421941
0	0.00843882
0	0.0253165
0	0.0379747
0	0.0253165
0	0.0253165
0	1
0	0.0843882
0	1
0	0.0126582
0	0.0168776
0	0.0379747
0	1
0	0.0126582
0	0.0548523
0	1
0	0.0253165
0	0.0759494
0	0.135021
0	0.0168776
0	0.0295359
0	0.0337553
0	0.0379747
0	1
0	0.0168776
0	0.0126582
0	0.0337553
0	0.0253165
0	0.135021
0	0.0295359
0	0.0843882
0	0.0295359
0	1
0	1
0	0.0337553
0	0.0759494
0	0.0379747
0	0.0337553
0	0.0126582
0	1
0	0.0548523
0	0.021097
0	0.0379747
0	0.0253165
0	0.0548523
0	1
0	1
0	0.0295359
0	0.0379747
0	0.0295359
0	0.0295359
0	0.0168776
0	1
0	0.0379747
0	1
0	1
0	0.0253165
0	1
0	0.0295359
0	0.0253165
0	0.07173
0	0.0253165
0	0.021097
0	0.0379747
0	1
0	1
0	0.0295359
0	0.0253165
0	0.0379747
0	0.0295359
0	0.0253165
0	0.0379747
0	1
0	0.0168776
0	0.07173
0	1
0	0.0126582
0	1
0	0.0421941
0	0.0379747
0	0.0421941
0	1
0	1
0	1
0	0.0253165
0	0.0464135
0	0.0126582
0	1
0	0.0464135
0	0.0253165
0	0.0126582
0	0.0379747
0	1
0	0.0337553
0	1
0	0.00843882
0	1
0	0.0126582
0	1
0	0.0168776
0	0.0295359
0	inf
0	0.0295359
0	0.0295359
0	0.0168776
0	0.0295359
0	0.0126582
0	0.0337553
0	0.0421941
0	0.0379747
0	1
0	0.0168776
0	1
0	1
0	0.0295359
0	1
0	1
0	0.0295359
0	0.0295359
0	0.0126582
0	0.0253165
0	0.0168776
0	0.0126582
0	0.00843882
0	1
0	0.0168776
0	0.0126582
0	0.0126582
0	0.0464135
0	1
0	1
0	0.0759494
0	0.0253165
0	0.0506329
0	0.0126582
0	1
0	0.0126582
0	0.0168776
0	0.0253165
0	0.0168776
0	0.0379747
0	0.0126582
0	0.0168776
0	0.021097
0	1
0	0.0126582
0	0.021097
0	0.135021
0	0.0168776
0	0.135021
0	0.0168776
0	0.0168776
0	0.021097
0	0.021097
0	0.0253165
0	0.0843882
0	0.0843882
0	0.0253165
0	0.00843882
0	0.0295359
0	0.0295359
0	1
0	0.0168776
0	0.0337553
0	0.0168776
0	1
0	1
0	0.0295359
0	0.0337553
0	0.0126582
0	0.0168776
0	0.0295359
0	0.021097
0	1
0	0.0337553
0	0.0506329
0	1
0	1
0	1
0	1
0	0.0253165
0	0.0253165
0	0.0421941
0	0.00843882
0	1
0	0.0295359
0	1
0	0.0253165
0	0.0759494
0	0.021097
0	0.0126582
0	0.00843882
0	0.0168776
0	1
0	0.0253165
0	0.0253165
0	0.00843882
0	0.0295359
0	0.021097
0	0.0506329
0	0.0379747
0	0.0421941
0	0.0843882
0	1
0	0.0126582
0	0.0126582
0	0.0295359
0	1
0	0.0379747
0	1
0	0.0168776
0	0.00843882
0	0.0253165
0	0.0126582
0	1
0	0.0126582
0	0.0295359
0	1
0	0.00843882
0	0.00843882
0	0.0759494
0	1
0	1
0	1
0	1
0	0.0253165
0	0.0295359
0	0.0337553
0	0.07173
0	0.0337553
0	0.0126582
0	0.0126582
0	0.0126582
0	0.0337553
0	0.0126582
0	0.021097
0	1
0	0.0759494
0	0.0337553
0	1
0	0.0506329
0	0.0295359
0	0.0126582
0	0.0126582
0	1
0	0.0253165
0	0.00843882
0	1
0	1
0	0.0843882
0	1
0	0.0379747
0	0.0126582
0	0.0253165
0	1
0	0.0379747
0	0.0506329
0	0.0379747
0	0.0168776
0	0.0295359
0	0.0126582
0	0.0295359
0	0.07173
0	0.135021
0	0.0126582
0	0.021097
0	1
0	0.0506329
0	1
0	1
0	0.021097
0	1
0	0.135021
0	1
0	1
0	0.0295359
0	0.0253165
0	0.0168776
0	0.0126582
0	0.0126582
0	0.135021
0	1
0	0.00843882
0	0.0126582
0	0.0253165
0	0.0253165
0	1
0	1
0	0.021097
0	1
0	0.0126582
0	0.0337553
0	1
0	0.0168776
0	0.0253165
0	1
0	0.0548523
0	1
0	0.0759494
0	0.0253165
0	1
0	0.0126582
0	0.0379747
0	1
0	0.0253165
0	0.00843882
0	0.0253165
0	1
0	0.0464135
0	0.0295359
0	1
0	1
0	0.0168776
0	1
0	0.0126582
0	1
0	0.0337553
0	0.0126582
0	0.0126582
0	0.00843882
0	0.0126582
0	1
0	1
0	0.0126582
0	1
0	0.0843882
0	1
0	0.0126582
0	0.0253165
0	0.0295359
0	0.0126582
0	0.0295359
0	0.00843882
0	0.0126582
0	1
0	1
0	0.0337553
0	1
0	0.0295359
0	0.0126582
0	1
0	0.00421941
0	1
0	0.0126582
0	1
0	0.0168776
0	0.00843882
0	0.00843882
0	0.0337553
0	1
0	0.0337553
0	1
0	0.0337553
0	0.0168776
0	1
0	0.0548523
0	0.00843882
0	0.0379747
0	0.0168776
0	1
0	0.0126582
0	0.0126582
0	0.00421941
0	1
0	1
0	0.0253165
0	0.021097
0	0.0253165
0	0.0843882
0	0.021097
0	0.0295359
0	0.0253165
0	0.0843882
0	0.00843882
0	0.0253165
0	1
0	0.0337553
0	0.0126582
0	0.0253165
0	0.00843882
0	1
0	0.00843882
0	1
0	0.00843882
0	0.0337553
0	0.00843882
0	0.00843882
0	0.0295359
0	0.135021
0	0.021097
0	1
0	0.0464135
0	1
0	0.0126582
0	0.135021
0	1
0	0.0126582
0	0.0126582
0	0.0337553
0	0.07173
0	0.0168776
0	1
0	0.021097
0	1
0	0.0548523
0	0.0168776
0	0.021097
0	0.00843882
0	0.021097
0	0.135021
0	1
0	1
0	0.0506329
0	0.0168776
0	0.0253165
0	0.0253165
0	0.0337553
0	1
0	0.0843882
0	0.0126582
0	1
0	0.0168776
0	0.00843882
0	0.0421941
0	0.00843882
0	0.0168776
0	0.0421941
0	1
0	1
0	0.0168776
0	1
0	1
0	0.0168776
0	0.00843882
0	0.0168776
0	0.0168776
0	0.021097
0	0.0126582
0	1
0	0.0126582
0	1
0	0.0126582
0	0.00843882


