# Persistence diagram <GML/1146.gml>
#
# Dimension   : 0
# Entries     : 567
# Betti number: 1
0	inf
0	1
0	1
0	1
0	1
0	1
0	1
0	1
0	1
0	1
0	0.0197044
0	1
0	1
0	1
0	1
0	1
0	1
0	0.0197044
0	1
0	0.0197044
0	1
0	1
0	1
0	0.0197044
0	1
0	1
0	0.00738916
0	1
0	0.0270936
0	1
0	1
0	1
0	1
0	1
0	1
0	0.0270936
0	1
0	0.0147783
0	1
0	1
0	1
0	1
0	1
0	1
0	1
0	0.0147783
0	0.0147783
0	1
0	1
0	1
0	0.0147783
0	1
0	1
0	0.00492611
0	0.0123153
0	1
0	1
0	1
0	1
0	1
0	1
0	1
0	0.0123153
0	1
0	1
0	0.00738916
0	1
0	1
0	1
0	1
0	0.0295567
0	0.00985222
0	1
0	0.00738916
0	1
0	1
0	1
0	1
0	1
0	1
0	1
0	1
0	1
0	0.00738916
0	1
0	1
0	1
0	1
0	0.0295567
0	1
0	1
0	0.0123153
0	0.0123153
0	1
0	1
0	1
0	0.0147783
0	0.00738916
0	1
0	1
0	0.00738916
0	1
0	1
0	1
0	1
0	1
0	1
0	1
0	1
0	1
0	1
0	1
0	0.00738916
0	1
0	1
0	1
0	0.0147783
0	1
0	1
0	1
0	1
0	1
0	1
0	0.0295567
0	0.00738916
0	0.0147783
0	1
0	1
0	0.0197044
0	0.0123153
0	1
0	1
0	1
0	1
0	0.0123153
0	1
0	0.0270936
0	1
0	1
0	1
0	1
0	0.0123153
0	0.00738916
0	1
0	1
0	1
0	0.00985222
0	1
0	0.0123153
0	1
0	1
0	1
0	0.00738916
0	1
0	1
0	0.00985222
0	0.00492611
0	1
0	1
0	0.00985222
0	1
0	1
0	1
0	0.0123153
0	1
0	1
0	0.0123153
0	1
0	1
0	1
0	0.0197044
0	1
0	0.00985222
0	1
0	0.00985222
0	1
0	1
0	0.00985222
0	1
0	1
0	1
0	0.00738916
0	1
0	0.00985222
0	1
0	1
0	0.00738916
0	0.0197044
0	1
0	1
0	0.00492611
0	0.00492611
0	1
0	1
0	1
0	1
0	1
0	0.0197044
0	1
0	1
0	0.00738916
0	1
0	0.00985222
0	0.0123153
0	0.00738916
0	0.00738916
0	1
0	0.00738916
0	1
0	1
0	1
0	0.00985222
0	1
0	0.00985222
0	0.00985222
0	1
0	1
0	1
0	0.0123153
0	1
0	1
0	1
0	1
0	0.0295567
0	1
0	1
0	1
0	1
0	0.00738916
0	0.00985222
0	1
0	1
0	0.00738916
0	1
0	1
0	1
0	1
0	1
0	1
0	1
0	1
0	1
0	1
0	0.0123153
0	0.00985222
0	1
0	0.00738916
0	0.0270936
0	0.0123153
0	1
0	0.00985222
0	0.0123153
0	1
0	1
0	1
0	0.0123153
0	0.0123153
0	1
0	0.00738916
0	0.0270936
0	0.00738916
0	0.0123153
0	1
0	1
0	1
0	0.00492611
0	1
0	0.0172414
0	0.00492611
0	1
0	0.00738916
0	0.0270936
0	1
0	1
0	1
0	0.0295567
0	1
0	0.00738916
0	0.00738916
0	1
0	0.00492611
0	1
0	1
0	1
0	0.00738916
0	0.00492611
0	0.00492611
0	1
0	1
0	0.00738916
0	1
0	0.00985222
0	1
0	1
0	1
0	1
0	0.00738916
0	1
0	1
0	1
0	0.00985222
0	0.00985222
0	1
0	1
0	1
0	1
0	0.00738916
0	1
0	1
0	1
0	1
0	1
0	0.0295567
0	1
0	1
0	0.00985222
0	1
0	1
0	0.00738916
0	0.0147783
0	0.00492611
0	0.0123153
0	1
0	0.00738916
0	0.00738916
0	0.00738916
0	0.0123153
0	0.0270936
0	1
0	1
0	1
0	0.0147783
0	1
0	1
0	1
0	0.0172414
0	1
0	0.00738916
0	1
0	0.00492611
0	0.00985222
0	1
0	1
0	0.0123153
0	1
0	1
0	0.00985222
0	1
0	1
0	1
0	1
0	1
0	1
0	0.00492611
0	0.00985222
0	1
0	1
0	1
0	0.0295567
0	0.00492611
0	1
0	0.0123153
0	1
0	0.00738916
0	0.0123153
0	0.00985222
0	0.00492611
0	0.00738916
0	1
0	1
0	1
0	0.0197044
0	1
0	0.00492611
0	1
0	0.00492611
0	0.0123153
0	1
0	0.0197044
0	0.00492611
0	1
0	1
0	1
0	1
0	0.00738916
0	1
0	1
0	0.00492611
0	1
0	1
0	1
0	1
0	1
0	1
0	1
0	1
0	1
0	1
0	1
0	0.00492611
0	1
0	0.00738916
0	1
0	0.00492611
0	0.00492611
0	1
0	1
0	1
0	1
0	1
0	0.0295567
0	1
0	0.00985222
0	0.00492611
0	1
0	1
0	1
0	0.0172414
0	0.00985222
0	1
0	1
0	0.00985222
0	1
0	1
0	1
0	0.0197044
0	0.0123153
0	1
0	0.00492611
0	1
0	1
0	0.00738916
0	0.0172414
0	0.00492611
0	1
0	1
0	1
0	0.00492611
0	1
0	0.00492611
0	1
0	1
0	0.00738916
0	0.00492611
0	0.00985222
0	0.00492611
0	0.00985222
0	1
0	1
0	0.00492611
0	0.00492611
0	0.00738916
0	1
0	1
0	0.0295567
0	0.00738916
0	0.00492611
0	0.0123153
0	0.00492611
0	1
0	0.00985222
0	1
0	0.0172414
0	1
0	1
0	1
0	1
0	1
0	0.0295567
0	0.00738916
0	1
0	1
0	1
0	1
0	1
0	0.0123153
0	1
0	1
0	0.0270936
0	0.00492611
0	0.00492611
0	1
0	1
0	1
0	0.00492611
0	1
0	1
0	1
0	1
0	0.00492611
0	0.00492611
0	1
0	0.00738916
0	1
0	0.0172414
0	1
0	1
0	1
0	1
0	1
0	0.00985222
0	1
0	0.00738916
0	0.00492611
0	1
0	1
0	0.00738916
0	0.0197044
0	0.0270936
0	1
0	0.00738916
0	0.0295567
0	0.00985222
0	0.00492611
0	1
0	1
0	0.00492611
0	1
0	1
0	0.00985222
0	1
0	0.00985222
0	0.00738916
0	0.00492611
0	1
0	1
0	1
0	1
0	0.00492611
0	0.0123153
0	0.0197044
0	0.00492611
0	0.0123153
0	0.00985222
0	1
0	1
0	1
0	1
0	1
0	1
0	1
0	1
0	0.00985222
0	0.0123153
0	0.00985222
0	0.0197044
0	0.00492611
0	0.0270936
0	1
0	1
0	0.00492611
0	1
0	0.00985222
0	1
0	0.00492611
0	0.00492611
0	1
0	1
0	1
0	1
0	1
0	1
0	1
0	1
0	1
0	1
0	0.00738916


