# Persistence diagram <GML/1148.gml>
#
# Dimension   : 0
# Entries     : 278
# Betti number: 2
0	inf
0	1
0	0.0331492
0	1
0	0.0331492
0	1
0	1
0	1
0	0.0331492
0	1
0	0.0220994
0	1
0	0.038674
0	1
0	inf
0	1
0	0.038674
0	1
0	1
0	1
0	1
0	0.0220994
0	1
0	0.0331492
0	1
0	1
0	1
0	1
0	1
0	1
0	0.0110497
0	1
0	1
0	1
0	1
0	0.0165746
0	0.0331492
0	1
0	1
0	1
0	1
0	1
0	1
0	1
0	0.038674
0	1
0	1
0	0.0110497
0	1
0	0.038674
0	0.0110497
0	0.0220994
0	1
0	1
0	1
0	1
0	0.038674
0	1
0	1
0	0.0331492
0	1
0	0.0165746
0	0.0220994
0	1
0	1
0	1
0	1
0	1
0	1
0	0.0497238
0	1
0	0.0331492
0	1
0	0.0165746
0	1
0	1
0	1
0	0.038674
0	0.0276243
0	0.0165746
0	1
0	1
0	0.038674
0	0.0497238
0	1
0	0.038674
0	1
0	1
0	1
0	0.0110497
0	1
0	1
0	0.0220994
0	0.0110497
0	1
0	0.0165746
0	1
0	1
0	1
0	1
0	1
0	1
0	1
0	1
0	0.0110497
0	1
0	0.0220994
0	1
0	0.038674
0	1
0	0.038674
0	0.0220994
0	1
0	1
0	1
0	0.0276243
0	0.038674
0	0.038674
0	0.0165746
0	1
0	0.0165746
0	1
0	0.0165746
0	1
0	1
0	0.0497238
0	1
0	1
0	0.0220994
0	0.0165746
0	1
0	1
0	1
0	1
0	1
0	0.0497238
0	1
0	1
0	1
0	1
0	0.0220994
0	1
0	0.0497238
0	1
0	1
0	0.0110497
0	0.0110497
0	0.0165746
0	0.0110497
0	0.0220994
0	0.0165746
0	1
0	0.0165746
0	1
0	1
0	0.0110497
0	1
0	0.0110497
0	1
0	1
0	0.0220994
0	1
0	0.0276243
0	0.0110497
0	0.0165746
0	0.0165746
0	0.0165746
0	0.0331492
0	1
0	0.0165746
0	1
0	1
0	0.0165746
0	1
0	1
0	0.0276243
0	0.0110497
0	1
0	0.0220994
0	0.0331492
0	1
0	0.0497238
0	0.038674
0	0.038674
0	1
0	1
0	1
0	0.0331492
0	1
0	0.038674
0	1
0	1
0	1
0	0.038674
0	1
0	1
0	0.0165746
0	1
0	0.0220994
0	1
0	1
0	1
0	1
0	1
0	0.0220994
0	0.0331492
0	1
0	0.0110497
0	0.0110497
0	0.0165746
0	0.038674
0	1
0	1
0	1
0	1
0	0.0220994
0	0.0220994
0	1
0	0.0165746
0	1
0	0.0110497
0	1
0	0.0276243
0	1
0	0.0110497
0	0.0220994
0	0.0276243
0	0.0110497
0	1
0	1
0	1
0	0.0220994
0	0.0220994
0	0.0331492
0	0.0165746
0	0.0165746
0	1
0	0.038674
0	1
0	0.0110497
0	1
0	1
0	1
0	0.0276243
0	0.0110497
0	0.0497238
0	1
0	1
0	1
0	0.0165746
0	0.0276243
0	1
0	1
0	1
0	1
0	1
0	1
0	1
0	0.0165746
0	0.0220994
0	0.0165746
0	1
0	0.0110497
0	1
0	0.0110497
0	1
0	1
0	0.0165746
0	0.0165746
0	1
0	0.038674
0	1
0	1
0	1
0	0.0331492
0	1
0	0.0110497
0	1


