# Persistence diagram <GML/1156.gml>
#
# Dimension   : 0
# Entries     : 1546
# Betti number: 2
0	inf
0	1
0	0.0128755
0	0.018598
0	1
0	0.0329041
0	1
0	1
0	0.00429185
0	1
0	0.0271817
0	1
0	0.0157368
0	1
0	0.0143062
0	0.0114449
0	0.0128755
0	0.0171674
0	0.0257511
0	0.018598
0	0.0157368
0	1
0	0.0114449
0	0.0257511
0	0.0214592
0	0.018598
0	0.0200286
0	1
0	1
0	0.018598
0	0.00429185
0	1
0	0.113019
0	0.0257511
0	1
0	1
0	1
0	1
0	1
0	1
0	1
0	0.113019
0	1
0	1
0	0.0171674
0	0.0271817
0	0.0214592
0	0.0157368
0	0.0143062
0	0.0100143
0	1
0	1
0	0.0228898
0	0.0157368
0	0.0157368
0	1
0	1
0	1
0	0.00572246
0	1
0	0.0314735
0	1
0	0.00286123
0	0.018598
0	1
0	0.113019
0	1
0	1
0	0.0100143
0	0.0114449
0	0.0214592
0	1
0	0.0157368
0	1
0	1
0	0.018598
0	1
0	0.0114449
0	0.0228898
0	0.113019
0	1
0	1
0	0.0100143
0	0.0200286
0	1
0	1
0	0.00858369
0	0.018598
0	0.0314735
0	1
0	1
0	1
0	1
0	0.0171674
0	1
0	0.0300429
0	1
0	0.00858369
0	0.0100143
0	1
0	1
0	1
0	1
0	1
0	0.113019
0	0.00429185
0	0.0314735
0	1
0	0.00858369
0	0.0271817
0	0.00572246
0	0.0100143
0	0.0100143
0	0.113019
0	0.0171674
0	0.0157368
0	0.0228898
0	1
0	0.00858369
0	1
0	1
0	1
0	1
0	0.0228898
0	0.0228898
0	1
0	0.0128755
0	0.0214592
0	1
0	1
0	0.018598
0	0.0271817
0	0.00572246
0	1
0	0.0114449
0	1
0	0.0314735
0	1
0	1
0	0.0171674
0	0.0100143
0	0.0171674
0	0.0314735
0	0.0157368
0	0.0228898
0	0.0100143
0	1
0	0.113019
0	0.113019
0	0.0214592
0	0.0486409
0	0.00715308
0	1
0	1
0	0.0200286
0	0.00429185
0	1
0	0.0143062
0	1
0	0.0100143
0	1
0	1
0	0.00715308
0	1
0	1
0	1
0	1
0	1
0	0.00858369
0	0.0100143
0	0.0486409
0	1
0	1
0	1
0	1
0	0.00429185
0	0.00429185
0	0.018598
0	0.00858369
0	1
0	0.0143062
0	0.113019
0	0.00858369
0	0.00715308
0	0.018598
0	1
0	0.0157368
0	1
0	1
0	0.0214592
0	1
0	0.00715308
0	0.113019
0	1
0	0.0329041
0	1
0	1
0	0.0243205
0	1
0	0.0100143
0	0.0143062
0	1
0	0.018598
0	0.0228898
0	1
0	0.0143062
0	0.0114449
0	1
0	0.0214592
0	0.113019
0	0.113019
0	1
0	1
0	0.00858369
0	0.0100143
0	1
0	0.00858369
0	0.0329041
0	1
0	0.0228898
0	0.113019
0	1
0	0.0228898
0	0.0243205
0	0.0114449
0	1
0	1
0	1
0	0.0171674
0	1
0	0.0128755
0	0.0143062
0	1
0	0.0100143
0	0.113019
0	0.00286123
0	0.0228898
0	1
0	0.0157368
0	1
0	0.0329041
0	0.00429185
0	0.0128755
0	0.00715308
0	0.0214592
0	0.0114449
0	1
0	0.0171674
0	0.0128755
0	1
0	1
0	1
0	0.0271817
0	0.00286123
0	0.0100143
0	0.0157368
0	0.0157368
0	0.0314735
0	0.0228898
0	0.0243205
0	0.0114449
0	0.00572246
0	0.113019
0	1
0	0.0214592
0	0.00715308
0	0.0257511
0	0.0157368
0	0.0171674
0	1
0	0.113019
0	0.00715308
0	1
0	1
0	1
0	0.00572246
0	0.0300429
0	1
0	1
0	0.0114449
0	0.00572246
0	1
0	1
0	0.0143062
0	0.0100143
0	0.0114449
0	0.0271817
0	0.0271817
0	0.0100143
0	1
0	0.0200286
0	0.018598
0	1
0	1
0	0.0100143
0	0.113019
0	1
0	0.00858369
0	0.00715308
0	0.0100143
0	1
0	0.00429185
0	1
0	0.0100143
0	1
0	0.00286123
0	0.00429185
0	1
0	0.00715308
0	0.00715308
0	0.0143062
0	1
0	0.0228898
0	0.0228898
0	1
0	0.0100143
0	1
0	0.0100143
0	0.00715308
0	0.0157368
0	1
0	0.00858369
0	0.0128755
0	0.0143062
0	1
0	1
0	1
0	1
0	0.0314735
0	0.00858369
0	0.0100143
0	0.0114449
0	0.0100143
0	0.0314735
0	0.0100143
0	1
0	1
0	1
0	0.00715308
0	0.018598
0	0.0114449
0	1
0	0.0314735
0	1
0	0.0214592
0	0.0114449
0	0.0114449
0	1
0	1
0	0.00286123
0	1
0	1
0	1
0	0.0157368
0	0.0100143
0	0.018598
0	0.0271817
0	0.0228898
0	1
0	0.0214592
0	0.00572246
0	0.0114449
0	0.0128755
0	0.0100143
0	1
0	0.00286123
0	1
0	0.0228898
0	0.0128755
0	1
0	1
0	0.0128755
0	0.018598
0	1
0	0.0228898
0	1
0	1
0	0.113019
0	0.0114449
0	1
0	1
0	1
0	1
0	1
0	0.0257511
0	0.0200286
0	1
0	0.0214592
0	0.0100143
0	0.0143062
0	1
0	1
0	1
0	0.0157368
0	0.0114449
0	0.00858369
0	1
0	1
0	0.0143062
0	0.0486409
0	0.00429185
0	1
0	0.0171674
0	0.0128755
0	0.0329041
0	1
0	1
0	1
0	1
0	1
0	0.113019
0	0.0271817
0	0.0486409
0	0.00286123
0	0.0271817
0	0.0157368
0	1
0	0.0128755
0	0.113019
0	0.0314735
0	0.00429185
0	1
0	0.0257511
0	1
0	1
0	0.00715308
0	1
0	0.00286123
0	0.0300429
0	1
0	0.0114449
0	1
0	1
0	0.113019
0	1
0	1
0	1
0	1
0	0.00429185
0	0.0486409
0	0.0143062
0	0.00858369
0	0.0143062
0	0.0300429
0	1
0	0.113019
0	0.00715308
0	0.00286123
0	0.00572246
0	0.00572246
0	0.00715308
0	0.00715308
0	0.00572246
0	0.0329041
0	0.0228898
0	0.0157368
0	1
0	0.0143062
0	0.0157368
0	0.0100143
0	1
0	1
0	0.0143062
0	0.0271817
0	0.00715308
0	0.0228898
0	1
0	0.00715308
0	1
0	0.0214592
0	0.00715308
0	0.0214592
0	1
0	1
0	1
0	1
0	0.0300429
0	0.00572246
0	1
0	0.0214592
0	0.00429185
0	0.0171674
0	1
0	0.0200286
0	0.0214592
0	0.0214592
0	1
0	0.00572246
0	0.00572246
0	0.00858369
0	1
0	1
0	0.113019
0	0.018598
0	0.00286123
0	0.00715308
0	1
0	1
0	0.00715308
0	inf
0	0.0214592
0	0.0143062
0	0.00286123
0	0.00572246
0	0.0114449
0	0.018598
0	0.00858369
0	0.00715308
0	1
0	0.00572246
0	0.0214592
0	0.0100143
0	0.00572246
0	1
0	1
0	1
0	0.0157368
0	0.0100143
0	0.0100143
0	1
0	0.0314735
0	0.0329041
0	0.00286123
0	0.0214592
0	1
0	0.0157368
0	1
0	1
0	0.00286123
0	0.0100143
0	1
0	0.0128755
0	0.0128755
0	1
0	0.0100143
0	0.0128755
0	1
0	1
0	0.00572246
0	0.00715308
0	0.0100143
0	0.0100143
0	0.00715308
0	0.0329041
0	1
0	1
0	0.0128755
0	1
0	0.0171674
0	0.0214592
0	1
0	0.0171674
0	0.0114449
0	1
0	1
0	0.00286123
0	0.0314735
0	0.0100143
0	1
0	1
0	0.0486409
0	0.0128755
0	0.00286123
0	0.0157368
0	0.0300429
0	0.00715308
0	0.00572246
0	1
0	0.0214592
0	0.00572246
0	0.00572246
0	0.0128755
0	0.00858369
0	1
0	0.0143062
0	0.0200286
0	1
0	1
0	0.00429185
0	1
0	1
0	0.00286123
0	0.113019
0	1
0	1
0	0.0314735
0	0.0171674
0	1
0	0.0300429
0	0.00572246
0	0.0114449
0	0.0486409
0	0.113019
0	0.0143062
0	0.0100143
0	1
0	1
0	1
0	0.00572246
0	0.00286123
0	0.0100143
0	0.00572246
0	0.0157368
0	1
0	1
0	1
0	1
0	0.0128755
0	1
0	1
0	0.0257511
0	1
0	1
0	0.00858369
0	0.0157368
0	0.00286123
0	0.00715308
0	0.00715308
0	0.0100143
0	0.0214592
0	0.00858369
0	0.0100143
0	0.00715308
0	0.00286123
0	0.0157368
0	0.0314735
0	0.00715308
0	1
0	0.0486409
0	0.0128755
0	0.0329041
0	1
0	0.00858369
0	1
0	0.0128755
0	1
0	0.0114449
0	1
0	1
0	0.00286123
0	0.0228898
0	0.0157368
0	1
0	1
0	0.0100143
0	0.0314735
0	0.0314735
0	0.00572246
0	0.113019
0	0.00429185
0	0.0271817
0	1
0	0.0128755
0	0.00715308
0	0.0100143
0	1
0	1
0	0.00572246
0	0.0200286
0	1
0	0.0143062
0	0.00429185
0	0.00429185
0	0.018598
0	0.0243205
0	1
0	1
0	0.018598
0	0.0100143
0	1
0	0.0114449
0	1
0	1
0	1
0	0.00858369
0	1
0	0.00715308
0	0.00715308
0	0.0329041
0	0.0114449
0	0.0114449
0	0.0171674
0	1
0	1
0	0.0271817
0	1
0	0.00858369
0	0.018598
0	1
0	1
0	1
0	0.00572246
0	1
0	1
0	0.00715308
0	1
0	1
0	0.00429185
0	0.0228898
0	1
0	0.00429185
0	1
0	0.0228898
0	0.113019
0	0.0314735
0	0.0214592
0	1
0	0.0143062
0	0.00429185
0	0.00858369
0	1
0	1
0	0.00715308
0	1
0	0.00429185
0	0.0300429
0	1
0	1
0	0.00429185
0	1
0	0.0143062
0	1
0	0.00858369
0	0.00858369
0	0.0100143
0	0.00286123
0	1
0	0.00429185
0	0.00429185
0	0.113019
0	1
0	0.0486409
0	0.00572246
0	0.0314735
0	1
0	1
0	0.0228898
0	0.00286123
0	0.0257511
0	0.00572246
0	1
0	0.00715308
0	0.00572246
0	0.0100143
0	0.0143062
0	0.00572246
0	0.00572246
0	1
0	1
0	0.0228898
0	0.00572246
0	0.00286123
0	1
0	0.00429185
0	0.0329041
0	0.00572246
0	0.0114449
0	1
0	0.113019
0	0.0157368
0	0.00858369
0	0.00572246
0	1
0	1
0	0.00286123
0	0.00429185
0	1
0	1
0	1
0	1
0	0.00572246
0	0.0114449
0	1
0	0.113019
0	0.00858369
0	1
0	0.0214592
0	0.00715308
0	0.00286123
0	0.0214592
0	1
0	1
0	0.0143062
0	0.00429185
0	1
0	0.0271817
0	0.00286123
0	1
0	0.00715308
0	0.00572246
0	0.113019
0	0.00429185
0	1
0	0.00715308
0	0.00286123
0	0.00715308
0	1
0	1
0	0.00286123
0	0.0486409
0	0.0486409
0	1
0	0.00715308
0	0.00429185
0	1
0	0.00572246
0	0.00858369
0	0.113019
0	1
0	1
0	0.00572246
0	1
0	0.0100143
0	0.0243205
0	1
0	0.00715308
0	0.00858369
0	0.113019
0	0.00286123
0	0.00715308
0	0.0300429
0	0.0143062
0	0.0143062
0	0.00429185
0	0.00715308
0	0.00572246
0	0.00286123
0	0.00572246
0	1
0	1
0	0.00715308
0	0.113019
0	0.0100143
0	0.00286123
0	1
0	0.0143062
0	1
0	0.00572246
0	0.00429185
0	0.00715308
0	1
0	1
0	1
0	0.00572246
0	0.0114449
0	1
0	0.0157368
0	0.0486409
0	0.0100143
0	0.0329041
0	0.00286123
0	0.0200286
0	0.0228898
0	0.00429185
0	1
0	0.0128755
0	0.0214592
0	1
0	1
0	1
0	0.00572246
0	0.0114449
0	1
0	0.0114449
0	0.0114449
0	0.0214592
0	0.00572246
0	0.00429185
0	1
0	0.00715308
0	0.00429185
0	1
0	0.00286123
0	1
0	0.00286123
0	1
0	1
0	0.0271817
0	1
0	0.0100143
0	0.0228898
0	1
0	0.0228898
0	0.00286123
0	1
0	1
0	0.00572246
0	0.0314735
0	0.0114449
0	1
0	1
0	0.0100143
0	0.00429185
0	0.0100143
0	1
0	0.00286123
0	0.0243205
0	0.00429185
0	1
0	1
0	0.00286123
0	0.0200286
0	1
0	1
0	0.0214592
0	0.00429185
0	0.00572246
0	0.0100143
0	0.0486409
0	0.0143062
0	1
0	1
0	0.018598
0	1
0	1
0	1
0	1
0	1
0	0.00858369
0	1
0	1
0	0.0143062
0	1
0	1
0	1
0	1
0	1
0	0.0157368
0	0.0100143
0	0.00286123
0	0.0157368
0	0.0243205
0	0.00429185
0	0.00286123
0	1
0	0.0128755
0	0.00572246
0	0.00286123
0	1
0	0.018598
0	0.113019
0	0.0100143
0	0.00286123
0	0.00286123
0	1
0	0.00429185
0	0.0228898
0	0.00429185
0	1
0	1
0	0.00858369
0	0.00429185
0	1
0	1
0	1
0	1
0	0.0114449
0	0.0128755
0	0.0128755
0	0.0114449
0	1
0	0.0100143
0	1
0	0.00429185
0	0.0200286
0	1
0	0.0314735
0	0.0143062
0	1
0	1
0	0.0171674
0	0.0214592
0	1
0	0.0114449
0	0.0143062
0	0.00286123
0	0.0200286
0	0.0157368
0	1
0	1
0	0.0157368
0	0.0114449
0	1
0	1
0	0.00429185
0	0.00572246
0	1
0	0.0157368
0	0.0100143
0	0.0114449
0	0.00715308
0	0.0314735
0	0.00572246
0	0.00286123
0	0.00429185
0	1
0	1
0	0.0143062
0	0.00715308
0	1
0	1
0	0.00715308
0	1
0	0.0214592
0	0.00858369
0	0.0128755
0	0.00572246
0	0.00286123
0	0.0128755
0	0.113019
0	0.0228898
0	0.00429185
0	0.00286123
0	0.0143062
0	1
0	0.0128755
0	1
0	1
0	0.0228898
0	1
0	0.0157368
0	1
0	0.00286123
0	0.00429185
0	0.00286123
0	0.0100143
0	0.00572246
0	0.00715308
0	0.0100143
0	1
0	0.00572246
0	0.0486409
0	1
0	0.00572246
0	0.0214592
0	1
0	1
0	0.00858369
0	0.00429185
0	1
0	0.0271817
0	1
0	1
0	1
0	0.0271817
0	0.0214592
0	0.0143062
0	0.00572246
0	0.0228898
0	1
0	0.00858369
0	1
0	0.0100143
0	0.0128755
0	1
0	0.00715308
0	1
0	0.0228898
0	1
0	1
0	0.00572246
0	0.00286123
0	0.00429185
0	1
0	1
0	0.00286123
0	0.00858369
0	0.00286123
0	1
0	0.0114449
0	1
0	1
0	0.0271817
0	0.0257511
0	0.00858369
0	1
0	0.0100143
0	0.0271817
0	1
0	0.113019
0	0.0100143
0	0.00572246
0	0.0100143
0	1
0	1
0	0.00858369
0	0.00572246
0	0.0143062
0	1
0	0.00715308
0	0.00572246
0	1
0	0.00572246
0	1
0	1
0	0.0300429
0	1
0	1
0	0.113019
0	1
0	1
0	0.00286123
0	0.113019
0	1
0	1
0	1
0	0.00429185
0	0.0114449
0	0.0243205
0	0.0257511
0	1
0	0.00715308
0	1
0	0.0157368
0	0.018598
0	0.00715308
0	0.00429185
0	1
0	0.00715308
0	0.00858369
0	1
0	0.0143062
0	0.00286123
0	0.00715308
0	0.0271817
0	0.0100143
0	0.0314735
0	0.00286123
0	1
0	0.00858369
0	0.018598
0	0.00429185
0	0.00572246
0	0.0128755
0	0.0100143
0	1
0	0.00429185
0	0.00715308
0	0.00572246
0	1
0	0.00429185
0	0.00286123
0	0.00572246
0	1
0	0.0114449
0	0.0171674
0	1
0	0.00715308
0	0.00858369
0	0.113019
0	0.0100143
0	0.0314735
0	0.0143062
0	0.00715308
0	0.00572246
0	0.00858369
0	0.0314735
0	1
0	0.00429185
0	0.0128755
0	0.00429185
0	1
0	0.00429185
0	0.00429185
0	0.0100143
0	0.0228898
0	0.0486409
0	1
0	1
0	1
0	0.00715308
0	0.00429185
0	0.00429185
0	1
0	0.00429185
0	1
0	0.0314735
0	1
0	0.018598
0	0.0214592
0	0.0143062
0	1
0	1
0	1
0	1
0	0.0329041
0	0.0314735
0	0.0314735
0	0.00858369
0	0.00429185
0	0.00572246
0	1
0	0.0114449
0	0.00572246
0	1
0	0.0329041
0	0.00143062
0	0.00715308
0	0.0157368
0	0.00429185
0	0.00715308
0	0.0100143
0	0.0114449
0	0.00715308
0	1
0	0.00286123
0	0.0114449
0	0.00286123
0	0.00429185
0	0.00429185
0	0.0100143
0	0.00286123
0	0.00429185
0	0.00429185
0	0.00429185
0	1
0	1
0	1
0	0.00286123
0	0.0329041
0	0.0100143
0	1
0	1
0	1
0	0.0214592
0	0.0114449
0	0.00429185
0	1
0	0.00286123
0	0.00429185
0	0.0214592
0	0.0257511
0	1
0	0.00858369
0	0.0300429
0	0.0228898
0	0.0228898
0	1
0	0.0314735
0	0.00286123
0	1
0	0.0114449
0	1
0	1
0	0.0128755
0	1
0	0.00286123
0	1
0	1
0	1
0	1
0	0.00572246
0	0.00286123
0	0.00429185
0	0.113019
0	0.00715308
0	0.00858369
0	0.0100143
0	0.00572246
0	1
0	0.0228898
0	1
0	1
0	0.00429185
0	0.0143062
0	0.0486409
0	0.00286123
0	0.00858369
0	1
0	1
0	0.00572246
0	0.00858369
0	1
0	1
0	0.0486409
0	1
0	0.0157368
0	0.113019
0	0.0114449
0	1
0	0.018598
0	1
0	0.0114449
0	1
0	1
0	0.00286123
0	0.0300429
0	1
0	0.0243205
0	1
0	1
0	1
0	1
0	0.00572246
0	1
0	1
0	0.00572246
0	1
0	1
0	0.00715308
0	1
0	1
0	1
0	0.00429185
0	0.113019
0	0.00286123
0	0.0214592
0	0.0214592
0	1
0	1
0	0.00286123
0	1
0	0.00286123
0	0.0243205
0	0.00429185
0	1
0	1
0	0.00572246
0	1
0	0.00715308
0	1
0	0.0486409
0	0.0214592
0	0.00429185
0	0.00286123
0	0.0271817
0	0.0171674
0	1
0	0.00286123
0	0.00429185
0	1
0	1
0	0.113019
0	0.113019
0	1
0	1
0	0.00286123
0	0.00715308
0	0.0228898
0	0.00715308
0	0.0114449
0	0.00572246
0	1
0	1
0	1
0	0.113019
0	0.0300429
0	0.00858369
0	1
0	0.00858369
0	1
0	0.00429185
0	0.00286123
0	0.113019
0	0.00429185
0	0.0214592
0	0.0143062
0	0.0300429
0	1
0	1
0	0.113019
0	0.0486409
0	0.0128755
0	1
0	0.00858369
0	0.0171674
0	0.0157368
0	0.00429185
0	0.0314735
0	0.0314735
0	0.00715308
0	0.0486409
0	0.00572246
0	1
0	0.0214592
0	0.0157368
0	0.0143062
0	1
0	1
0	1
0	0.0114449
0	0.00286123
0	0.00572246
0	0.0100143
0	0.0143062
0	1
0	1
0	1
0	0.0143062
0	0.0143062
0	0.00858369
0	0.0486409
0	0.00286123
0	1
0	0.00286123
0	1
0	0.00286123
0	1
0	0.0486409
0	0.00572246
0	0.00286123
0	1
0	1
0	0.00715308
0	0.00429185
0	1
0	1
0	0.00429185
0	0.00286123
0	0.00858369
0	1
0	0.0100143
0	0.00286123
0	1
0	1
0	0.0271817
0	0.0143062
0	0.00429185
0	1
0	1
0	1
0	0.0143062
0	0.0143062
0	1
0	1
0	1
0	0.00286123
0	0.113019
0	1
0	1
0	0.0128755
0	0.00286123
0	1
0	1
0	1
0	0.0271817
0	0.0128755
0	1
0	0.0100143
0	0.0271817
0	1
0	0.00429185
0	0.0100143
0	0.0300429
0	1
0	1
0	0.00572246
0	1
0	0.0271817
0	1
0	0.0100143
0	1
0	0.00858369
0	0.0114449
0	1
0	0.00858369
0	0.00858369
0	1
0	0.0100143
0	0.00429185
0	0.00429185
0	0.0243205
0	1
0	0.113019
0	0.0300429
0	0.00429185
0	0.00715308
0	0.113019
0	0.0100143
0	1
0	1
0	0.0329041
0	1
0	1
0	0.00286123
0	0.00429185
0	0.00572246
0	1
0	0.00286123
0	1
0	0.0214592
0	0.0314735
0	0.00572246
0	0.0228898
0	0.00286123
0	1
0	0.0329041
0	0.00858369
0	1
0	0.00286123
0	0.0228898
0	0.00286123
0	0.0100143
0	0.0486409
0	1
0	0.0228898
0	0.00715308
0	0.00858369
0	1
0	1
0	1
0	0.00715308
0	1
0	0.00429185
0	0.00286123
0	1
0	0.00286123
0	1
0	0.0300429
0	1
0	0.00429185
0	0.00572246
0	1
0	0.00429185
0	1
0	1
0	1
0	0.0200286
0	1
0	1
0	0.0143062
0	1
0	0.0100143
0	1
0	0.0143062
0	0.00572246
0	1
0	0.00715308
0	1
0	1
0	1
0	0.0214592
0	0.0271817
0	1
0	0.00286123
0	0.0228898
0	1
0	0.0128755
0	0.0143062
0	0.00858369
0	1
0	0.0329041
0	1
0	1
0	1
0	1


