# Persistence diagram <GML/1160.gml>
#
# Dimension   : 1
# Entries     : 208
# Betti number: 208
0.00986842	inf
0.00986842	inf
0.0115132	inf
0.0115132	inf
0.0115132	inf
0.0131579	inf
0.0131579	inf
0.0131579	inf
0.0131579	inf
0.0131579	inf
0.0131579	inf
0.0131579	inf
0.0131579	inf
0.0148026	inf
0.0148026	inf
0.0148026	inf
0.0148026	inf
0.0148026	inf
0.0148026	inf
0.0164474	inf
0.0164474	inf
0.0164474	inf
0.0164474	inf
0.0164474	inf
0.0164474	inf
0.0164474	inf
0.0164474	inf
0.0164474	inf
0.0164474	inf
0.0164474	inf
0.0164474	inf
0.0164474	inf
0.0180921	inf
0.0180921	inf
0.0180921	inf
0.0197368	inf
0.0197368	inf
0.0197368	inf
0.0197368	inf
0.0197368	inf
0.0213816	inf
0.0213816	inf
0.0213816	inf
0.0213816	inf
0.0213816	inf
0.0213816	inf
0.0213816	inf
0.0213816	inf
0.0213816	inf
0.0230263	inf
0.0230263	inf
0.0230263	inf
0.0230263	inf
0.0230263	inf
0.0230263	inf
0.0230263	inf
0.0230263	inf
0.0230263	inf
0.0230263	inf
0.0246711	inf
0.0246711	inf
0.0246711	inf
0.0246711	inf
0.0246711	inf
0.0246711	inf
0.0246711	inf
0.0246711	inf
0.0246711	inf
0.0246711	inf
0.0246711	inf
0.0246711	inf
0.0246711	inf
0.0246711	inf
0.0263158	inf
0.0263158	inf
0.0263158	inf
0.0263158	inf
0.0263158	inf
0.0263158	inf
0.0263158	inf
0.0263158	inf
0.0263158	inf
0.0263158	inf
0.0263158	inf
0.0263158	inf
0.0263158	inf
0.0263158	inf
0.0263158	inf
0.0263158	inf
0.0263158	inf
0.0263158	inf
0.0296053	inf
0.0296053	inf
0.0296053	inf
0.0296053	inf
0.0296053	inf
0.0296053	inf
0.0296053	inf
0.0296053	inf
0.0296053	inf
0.0296053	inf
0.0296053	inf
0.0296053	inf
0.0296053	inf
0.0296053	inf
0.0328947	inf
0.0328947	inf
0.0345395	inf
0.0345395	inf
0.0345395	inf
0.0361842	inf
0.0361842	inf
0.0361842	inf
0.0361842	inf
0.0361842	inf
0.0361842	inf
0.0361842	inf
0.0361842	inf
0.0361842	inf
0.0361842	inf
0.0361842	inf
0.0361842	inf
0.0361842	inf
0.0361842	inf
0.0361842	inf
0.0361842	inf
0.0361842	inf
0.0361842	inf
0.0493421	inf
0.0493421	inf
0.0493421	inf
0.0493421	inf
0.0493421	inf
0.0493421	inf
0.0493421	inf
0.0493421	inf
0.0493421	inf
0.0493421	inf
0.0493421	inf
0.0493421	inf
1	inf
1	inf
1	inf
1	inf
1	inf
1	inf
1	inf
1	inf
1	inf
1	inf
1	inf
1	inf
1	inf
1	inf
1	inf
1	inf
1	inf
1	inf
1	inf
1	inf
1	inf
1	inf
1	inf
1	inf
1	inf
1	inf
1	inf
1	inf
1	inf
1	inf
1	inf
1	inf
1	inf
1	inf
1	inf
1	inf
1	inf
1	inf
1	inf
1	inf
1	inf
1	inf
1	inf
1	inf
1	inf
1	inf
1	inf
1	inf
1	inf
1	inf
1	inf
1	inf
1	inf
1	inf
1	inf
1	inf
1	inf
1	inf
1	inf
1	inf
1	inf
1	inf
1	inf
1	inf
1	inf
1	inf
1	inf
1	inf
