# Persistence diagram <GML/1163.gml>
#
# Dimension   : 0
# Entries     : 708
# Betti number: 1
0	inf
0	0.0356164
0	1
0	1
0	1
0	1
0	1
0	0.030137
0	0.030137
0	1
0	0.0191781
0	0.0273973
0	1
0	0.030137
0	0.0520548
0	0.0219178
0	1
0	0.0164384
0	1
0	1
0	0.0219178
0	0.0438356
0	1
0	0.0136986
0	0.030137
0	0.0246575
0	1
0	0.0219178
0	0.0520548
0	0.0246575
0	1
0	0.0136986
0	0.030137
0	1
0	0.0246575
0	0.0219178
0	1
0	1
0	0.0438356
0	0.0246575
0	0.0219178
0	0.030137
0	1
0	0.0219178
0	0.030137
0	0.030137
0	1
0	0.0219178
0	1
0	0.0219178
0	0.0273973
0	1
0	0.0164384
0	0.0191781
0	0.0246575
0	0.0246575
0	0.0246575
0	0.0191781
0	1
0	0.0191781
0	0.0246575
0	0.10137
0	0.0164384
0	0.0136986
0	0.0273973
0	0.0109589
0	0.0246575
0	0.0191781
0	0.0191781
0	0.0164384
0	0.0191781
0	0.0246575
0	0.10137
0	0.0465753
0	0.0465753
0	1
0	0.0164384
0	0.0520548
0	0.0630137
0	0.0219178
0	0.0191781
0	0.0273973
0	0.0246575
0	1
0	0.10137
0	0.0219178
0	1
0	1
0	0.030137
0	0.030137
0	0.0273973
0	0.0219178
0	0.10137
0	0.0136986
0	1
0	0.030137
0	0.00821918
0	0.030137
0	0.0246575
0	0.0273973
0	1
0	0.0328767
0	1
0	0.0356164
0	0.10137
0	1
0	0.0136986
0	1
0	0.0356164
0	0.0438356
0	0.0356164
0	0.030137
0	0.0219178
0	0.0191781
0	0.0273973
0	0.0219178
0	0.00547945
0	1
0	1
0	0.0246575
0	0.0109589
0	0.0246575
0	0.0356164
0	0.0328767
0	0.0273973
0	1
0	0.0191781
0	0.0164384
0	1
0	0.0356164
0	0.0164384
0	1
0	1
0	0.0164384
0	0.0191781
0	0.030137
0	0.0520548
0	0.00821918
0	1
0	0.0520548
0	1
0	1
0	0.0164384
0	0.0136986
0	1
0	0.0273973
0	0.0109589
0	0.0356164
0	0.0164384
0	0.030137
0	0.030137
0	1
0	0.0219178
0	0.0164384
0	0.030137
0	1
0	0.0191781
0	0.0356164
0	0.0520548
0	0.0219178
0	0.030137
0	0.0109589
0	0.0164384
0	0.030137
0	0.0136986
0	1
0	0.030137
0	0.0164384
0	0.0219178
0	0.0109589
0	0.0273973
0	0.0246575
0	1
0	0.0246575
0	0.0273973
0	0.0164384
0	0.030137
0	0.0219178
0	0.0219178
0	0.0136986
0	1
0	0.0273973
0	0.0219178
0	1
0	1
0	1
0	1
0	1
0	1
0	0.0136986
0	0.0356164
0	0.0164384
0	0.0164384
0	0.0273973
0	1
0	0.0164384
0	1
0	0.00547945
0	0.0356164
0	0.0630137
0	0.0109589
0	1
0	0.0273973
0	0.00821918
0	0.0191781
0	0.0191781
0	0.10137
0	1
0	0.0219178
0	1
0	1
0	0.0328767
0	0.0109589
0	1
0	0.0164384
0	0.0109589
0	1
0	0.0109589
0	0.0191781
0	0.0191781
0	1
0	0.0191781
0	1
0	0.0246575
0	1
0	1
0	0.0219178
0	0.0246575
0	0.030137
0	0.0191781
0	0.0219178
0	1
0	0.0191781
0	1
0	0.00821918
0	1
0	0.0109589
0	0.0273973
0	1
0	0.030137
0	1
0	0.0136986
0	0.0273973
0	1
0	0.0136986
0	0.00547945
0	1
0	0.0191781
0	1
0	0.0356164
0	1
0	1
0	0.0219178
0	0.0219178
0	0.0136986
0	0.00547945
0	0.0191781
0	0.0164384
0	0.0246575
0	1
0	0.0164384
0	0.0273973
0	0.00547945
0	0.0438356
0	0.0109589
0	1
0	1
0	0.0273973
0	0.0246575
0	0.0273973
0	0.0219178
0	0.0109589
0	0.0383562
0	1
0	0.0328767
0	1
0	0.0246575
0	0.0246575
0	0.0438356
0	0.00821918
0	0.0246575
0	0.0246575
0	0.0465753
0	0.0273973
0	0.0465753
0	0.0356164
0	0.0136986
0	0.0246575
0	0.0191781
0	0.00821918
0	1
0	0.0164384
0	0.0191781
0	0.0438356
0	0.0630137
0	1
0	0.00547945
0	0.0191781
0	0.0136986
0	0.00547945
0	1
0	0.0109589
0	0.0438356
0	0.0438356
0	0.0273973
0	1
0	1
0	1
0	1
0	0.0520548
0	0.0438356
0	0.0273973
0	0.00547945
0	1
0	0.0219178
0	0.0356164
0	1
0	0.0465753
0	0.0109589
0	0.0630137
0	0.00821918
0	1
0	0.030137
0	1
0	0.0438356
0	0.0273973
0	1
0	1
0	0.0219178
0	0.00547945
0	0.0630137
0	0.0438356
0	0.0191781
0	0.0356164
0	0.0164384
0	0.0164384
0	0.0246575
0	0.0164384
0	1
0	0.0273973
0	0.0410959
0	0.0383562
0	0.0273973
0	0.0191781
0	0.0273973
0	0.0136986
0	0.0520548
0	0.0109589
0	1
0	1
0	0.00821918
0	0.00547945
0	1
0	1
0	0.0136986
0	0.0109589
0	0.0164384
0	0.0356164
0	0.0109589
0	0.0164384
0	0.00821918
0	0.10137
0	0.0136986
0	0.00547945
0	0.00821918
0	0.0410959
0	0.0136986
0	0.0465753
0	0.0164384
0	0.0219178
0	1
0	1
0	0.0109589
0	0.0164384
0	0.0164384
0	1
0	0.0164384
0	0.00547945
0	0.0438356
0	0.0246575
0	0.0465753
0	0.0246575
0	1
0	0.0109589
0	0.10137
0	0.0136986
0	0.0328767
0	0.0109589
0	0.0164384
0	1
0	0.0136986
0	0.00821918
0	0.0273973
0	0.030137
0	0.0109589
0	0.0191781
0	1
0	0.0219178
0	1
0	0.0219178
0	0.0273973
0	1
0	0.00547945
0	0.0191781
0	1
0	0.0109589
0	0.00547945
0	0.0109589
0	0.0246575
0	0.0136986
0	0.0109589
0	0.030137
0	0.0164384
0	0.0109589
0	0.0273973
0	0.0164384
0	1
0	0.0191781
0	0.0164384
0	0.0273973
0	1
0	1
0	1
0	0.0191781
0	1
0	0.0520548
0	1
0	0.00547945
0	0.0164384
0	0.0438356
0	0.0438356
0	0.0109589
0	0.0136986
0	1
0	0.00547945
0	1
0	0.0246575
0	0.0164384
0	0.0164384
0	0.0273973
0	0.0273973
0	0.0246575
0	0.0164384
0	0.0109589
0	0.0273973
0	0.030137
0	0.0164384
0	0.00821918
0	0.0273973
0	0.00547945
0	0.0356164
0	0.0246575
0	0.00821918
0	0.0219178
0	1
0	0.0109589
0	0.030137
0	1
0	0.0109589
0	0.0136986
0	1
0	1
0	0.00821918
0	0.0136986
0	0.0109589
0	1
0	0.00547945
0	0.0191781
0	0.030137
0	0.00821918
0	1
0	0.030137
0	0.0109589
0	0.0630137
0	0.0164384
0	0.0191781
0	1
0	0.0219178
0	0.0246575
0	1
0	0.0164384
0	0.030137
0	1
0	0.0136986
0	1
0	0.10137
0	1
0	0.0136986
0	0.030137
0	1
0	1
0	0.0191781
0	0.0164384
0	0.0465753
0	0.0164384
0	0.0246575
0	0.00821918
0	0.030137
0	1
0	0.0109589
0	1
0	1
0	0.10137
0	0.00821918
0	0.030137
0	1
0	1
0	0.0219178
0	1
0	1
0	0.0191781
0	1
0	0.0191781
0	0.0273973
0	1
0	0.0109589
0	1
0	1
0	1
0	0.0164384
0	0.0246575
0	1
0	0.0109589
0	1
0	0.0109589
0	0.0438356
0	0.0164384
0	1
0	0.0164384
0	1
0	0.00821918
0	0.0219178
0	0.0465753
0	1
0	0.0273973
0	0.0191781
0	1
0	0.00821918
0	0.0438356
0	0.0219178
0	0.0164384
0	0.0219178
0	0.0520548
0	0.0164384
0	0.00821918
0	0.0383562
0	0.0273973
0	0.0164384
0	0.0164384
0	0.0164384
0	1
0	0.0191781
0	0.0246575
0	0.0164384
0	0.0191781
0	1
0	1
0	0.10137
0	1
0	0.0191781
0	0.0191781
0	0.0273973
0	0.0136986
0	0.00821918
0	1
0	0.0438356
0	1
0	1
0	0.00547945
0	0.030137
0	0.00547945
0	0.00821918
0	0.0136986
0	0.0136986
0	0.0273973
0	0.0520548
0	0.0465753
0	0.030137
0	0.030137
0	0.0109589
0	0.0164384
0	0.030137
0	0.0109589
0	0.00821918
0	0.00821918
0	0.0273973
0	0.0465753
0	1
0	0.0136986
0	1
0	0.00821918
0	1
0	0.0136986
0	0.0465753
0	0.0219178
0	0.0109589
0	0.0465753
0	0.0191781
0	0.0136986
0	1
0	1
0	0.0219178
0	1
0	1
0	0.0109589
0	1
0	1
0	0.0191781
0	0.0246575
0	0.0246575
0	0.0273973
0	0.0136986
0	0.0438356
0	0.0164384
0	1
0	0.0273973
0	1
0	1
0	0.0136986
0	1
0	0.0164384
0	0.0219178
0	0.0136986
0	0.00821918
0	0.00547945
0	0.030137
0	1
0	1
0	0.0356164
0	0.0164384
0	0.0630137
0	0.0164384
0	1
0	0.0164384
0	1
0	0.0520548
0	0.0520548
0	0.0520548
0	0.00547945
0	0.00547945
0	0.0164384
0	0.00821918
0	1
0	1
0	0.0164384
0	0.0438356
0	1
0	0.030137
0	1
0	0.0356164
0	0.0164384
0	1
0	0.0191781
0	0.0438356
0	1
0	0.0273973
0	0.0109589
0	0.0164384
0	0.0246575
0	0.0164384
0	0.0630137
0	0.0219178
0	0.030137
0	1
0	1
0	0.0136986
0	0.0465753
0	0.00821918
0	0.0136986
0	1
0	0.00547945
0	0.0273973
0	1
0	1
0	1
0	0.00547945
0	0.0191781
0	0.0273973
0	0.030137
0	0.0136986
0	1
0	1
0	0.0246575
0	1
0	1
0	1
0	0.0164384
0	0.0520548
0	1
0	0.00547945
0	0.0109589
0	0.030137
0	0.00821918
0	0.0136986
0	1
0	0.030137
0	1
0	0.0273973
0	1
0	1
0	0.00821918
0	1
0	1
0	0.030137
0	0.0191781
0	0.030137
0	1
0	0.00547945


