# Persistence diagram <GML/1164.gml>
#
# Dimension   : 1
# Entries     : 204
# Betti number: 202
0.00349345	inf
0.00436681	inf
0.00524017	inf
0.00611354	inf
0.0069869	inf
0.00786026	inf
0.00786026	inf
0.00786026	inf
0.00786026	inf
0.00786026	inf
0.00786026	inf
0.00873362	inf
0.00873362	inf
0.00873362	inf
0.00873362	inf
0.00873362	inf
0.00873362	inf
0.00960699	inf
0.00960699	inf
0.00960699	inf
0.00960699	inf
0.00960699	inf
0.00960699	inf
0.00960699	inf
0.00960699	inf
0.00960699	inf
0.00960699	inf
0.0104803	inf
0.0104803	inf
0.0104803	inf
0.0104803	inf
0.0104803	inf
0.0104803	inf
0.0104803	inf
0.0104803	inf
0.0104803	inf
0.0104803	inf
0.0104803	inf
0.0104803	inf
0.0104803	inf
0.0104803	inf
0.0104803	inf
0.0104803	inf
0.0104803	inf
0.0104803	inf
0.0104803	inf
0.0113537	inf
0.0113537	inf
0.0113537	inf
0.0113537	inf
0.0113537	inf
0.0113537	inf
0.0113537	inf
0.0113537	inf
0.0113537	inf
0.0113537	inf
0.0113537	inf
0.0113537	inf
0.0122271	inf
0.0122271	inf
0.0122271	inf
0.0122271	inf
0.0131004	inf
0.0131004	inf
0.0131004	inf
0.0148472	inf
0.0148472	inf
0.0148472	inf
0.0148472	inf
0.0148472	inf
0.0148472	inf
0.0148472	inf
0.0148472	inf
0.0148472	inf
0.0148472	inf
0.0148472	inf
0.0148472	inf
0.0148472	inf
0.0148472	inf
0.0148472	inf
0.0148472	inf
0.0148472	inf
0.0148472	inf
0.0148472	inf
0.0148472	inf
0.0148472	inf
0.0148472	inf
0.0148472	inf
0.0148472	inf
0.0148472	inf
0.0148472	inf
0.0148472	inf
0.0157205	inf
0.0157205	inf
0.0157205	inf
0.0157205	inf
0.0165939	inf
0.0165939	inf
0.0165939	inf
0.0165939	inf
0.0165939	inf
0.0165939	inf
0.0165939	inf
0.0165939	inf
0.019214	inf
0.019214	inf
0.019214	inf
0.019214	inf
0.019214	inf
0.0209607	inf
0.0209607	inf
0.0209607	inf
0.0209607	inf
0.0209607	inf
0.0209607	inf
0.0209607	inf
0.0209607	inf
0.0209607	inf
0.0209607	inf
0.0209607	inf
0.0209607	inf
0.0209607	inf
0.0209607	inf
0.0209607	inf
0.0209607	inf
0.0244541	inf
0.0244541	inf
0.0244541	inf
0.0244541	inf
0.0244541	1
0.0244541	inf
0.0244541	inf
0.0244541	1
0.0244541	inf
1	inf
1	inf
1	inf
1	inf
1	inf
1	inf
1	inf
1	inf
1	inf
1	inf
1	inf
1	inf
1	inf
1	inf
1	inf
1	inf
1	inf
1	inf
1	inf
1	inf
1	inf
1	inf
1	inf
1	inf
1	inf
1	inf
1	inf
1	inf
1	inf
1	inf
1	inf
1	inf
1	inf
1	inf
1	inf
1	inf
1	inf
1	inf
1	inf
1	inf
1	inf
1	inf
1	inf
1	inf
1	inf
1	inf
1	inf
1	inf
1	inf
1	inf
1	inf
1	inf
1	inf
1	inf
1	inf
1	inf
1	inf
1	inf
1	inf
1	inf
1	inf
1	inf
1	inf
1	inf
1	inf
1	inf
1	inf
1	inf
1	inf
1	inf
