# Persistence diagram <GML/1167.gml>
#
# Dimension   : 0
# Entries     : 1013
# Betti number: 5
0	inf
0	0.0194805
0	0.0367965
0	0.0281385
0	0.264069
0	0.017316
0	0.012987
0	0.264069
0	1
0	0.0151515
0	0.0151515
0	0.012987
0	0.012987
0	0.038961
0	1
0	1
0	0.264069
0	1
0	0.0411255
0	1
0	1
0	0.012987
0	0.0194805
0	0.012987
0	0.0541126
0	1
0	1
0	0.264069
0	0.021645
0	0.0541126
0	1
0	0.00865801
0	0.017316
0	0.021645
0	1
0	1
0	0.0151515
0	0.012987
0	0.0606061
0	0.0541126
0	0.017316
0	1
0	1
0	1
0	0.012987
0	0.0194805
0	0.0108225
0	0.012987
0	0.0108225
0	0.012987
0	0.017316
0	0.012987
0	0.0194805
0	1
0	1
0	1
0	inf
0	0.012987
0	1
0	1
0	1
0	0.264069
0	0.0151515
0	0.017316
0	0.0108225
0	0.038961
0	0.264069
0	0.0519481
0	0.264069
0	0.034632
0	0.0411255
0	1
0	1
0	1
0	0.0519481
0	0.030303
0	1
0	0.017316
0	1
0	1
0	0.0151515
0	1
0	0.012987
0	0.0108225
0	1
0	0.012987
0	0.017316
0	0.0606061
0	0.0151515
0	1
0	0.00649351
0	0.00865801
0	0.004329
0	1
0	1
0	1
0	0.0108225
0	1
0	0.012987
0	0.017316
0	0.012987
0	1
0	1
0	0.0151515
0	1
0	0.0108225
0	1
0	0.0367965
0	0.0108225
0	1
0	1
0	0.0108225
0	0.012987
0	0.0151515
0	0.00865801
0	1
0	0.264069
0	1
0	0.264069
0	0.034632
0	0.0606061
0	0.0519481
0	1
0	1
0	1
0	1
0	1
0	0.012987
0	0.0108225
0	0.00865801
0	0.0606061
0	0.012987
0	1
0	0.0541126
0	0.012987
0	0.264069
0	1
0	1
0	1
0	0.0151515
0	1
0	1
0	0.0606061
0	1
0	1
0	1
0	0.012987
0	1
0	0.0519481
0	0.012987
0	1
0	0.038961
0	0.00865801
0	1
0	0.012987
0	0.012987
0	1
0	1
0	1
0	1
0	0.0151515
0	1
0	1
0	0.017316
0	1
0	1
0	1
0	0.0606061
0	0.012987
0	1
0	1
0	1
0	1
0	0.004329
0	0.0108225
0	1
0	1
0	0.004329
0	0.017316
0	1
0	0.0411255
0	0.004329
0	0.0194805
0	0.0108225
0	0.012987
0	0.017316
0	0.021645
0	0.004329
0	0.038961
0	0.264069
0	1
0	0.264069
0	1
0	0.0606061
0	0.264069
0	1
0	0.00865801
0	1
0	0.0194805
0	1
0	1
0	1
0	1
0	0.264069
0	0.00865801
0	1
0	1
0	0.030303
0	1
0	1
0	0.012987
0	0.030303
0	1
0	1
0	0.0194805
0	1
0	0.0108225
0	1
0	0.0194805
0	0.0151515
0	0.0108225
0	1
0	0.004329
0	0.004329
0	0.0108225
0	1
0	0.012987
0	0.264069
0	1
0	0.004329
0	0.00865801
0	0.0151515
0	1
0	0.264069
0	0.264069
0	0.00865801
0	1
0	1
0	0.0151515
0	1
0	0.0108225
0	1
0	0.0108225
0	0.030303
0	0.0108225
0	1
0	1
0	0.0541126
0	0.00649351
0	1
0	1
0	0.004329
0	1
0	0.00865801
0	0.00649351
0	1
0	0.264069
0	1
0	1
0	1
0	0.017316
0	0.00649351
0	0.012987
0	1
0	0.264069
0	0.0151515
0	1
0	1
0	0.0194805
0	0.021645
0	0.0151515
0	0.00649351
0	0.012987
0	0.030303
0	0.0108225
0	1
0	0.00649351
0	1
0	0.0151515
0	0.030303
0	1
0	0.0519481
0	1
0	inf
0	0.012987
0	1
0	1
0	0.012987
0	0.012987
0	0.0151515
0	0.017316
0	1
0	1
0	0.0108225
0	1
0	1
0	0.038961
0	1
0	0.00865801
0	0.264069
0	0.021645
0	0.017316
0	1
0	0.0194805
0	0.012987
0	0.012987
0	0.021645
0	0.0411255
0	0.021645
0	0.00649351
0	1
0	0.0194805
0	0.0108225
0	0.038961
0	0.0519481
0	0.0108225
0	1
0	1
0	0.0411255
0	0.0108225
0	inf
0	0.00649351
0	1
0	1
0	1
0	0.017316
0	0.004329
0	0.012987
0	0.00865801
0	1
0	0.021645
0	0.012987
0	0.012987
0	0.017316
0	1
0	0.0108225
0	0.00865801
0	0.030303
0	1
0	0.0606061
0	0.004329
0	1
0	1
0	0.264069
0	1
0	0.0411255
0	0.264069
0	1
0	0.017316
0	1
0	0.264069
0	1
0	1
0	0.0108225
0	0.264069
0	1
0	1
0	0.00865801
0	1
0	0.00649351
0	0.0108225
0	0.012987
0	0.017316
0	0.012987
0	0.0541126
0	1
0	0.0108225
0	0.030303
0	0.021645
0	0.00649351
0	0.00649351
0	0.021645
0	0.0108225
0	1
0	0.00649351
0	0.0108225
0	1
0	0.017316
0	0.012987
0	0.012987
0	1
0	1
0	1
0	0.0108225
0	0.038961
0	0.012987
0	1
0	0.0108225
0	0.00865801
0	0.0108225
0	0.0411255
0	1
0	0.00649351
0	1
0	0.00865801
0	0.012987
0	0.004329
0	0.017316
0	0.017316
0	0.264069
0	0.00865801
0	1
0	1
0	0.012987
0	0.00865801
0	0.00649351
0	1
0	0.021645
0	0.0108225
0	1
0	0.012987
0	1
0	0.012987
0	1
0	0.00865801
0	0.0021645
0	1
0	0.012987
0	1
0	1
0	0.004329
0	0.0108225
0	1
0	1
0	0.0108225
0	0.0151515
0	0.025974
0	0.012987
0	0.0367965
0	1
0	0.264069
0	0.264069
0	0.0519481
0	0.004329
0	1
0	0.00865801
0	0.264069
0	0.004329
0	0.012987
0	0.012987
0	0.004329
0	1
0	1
0	1
0	0.004329
0	0.004329
0	1
0	0.264069
0	1
0	1
0	0.0108225
0	1
0	0.0108225
0	1
0	1
0	1
0	1
0	1
0	0.00865801
0	1
0	0.0108225
0	1
0	0.004329
0	0.004329
0	0.004329
0	0.012987
0	0.017316
0	0.038961
0	0.0606061
0	0.264069
0	0.0606061
0	0.0108225
0	0.004329
0	0.00865801
0	0.004329
0	1
0	0.012987
0	1
0	0.00649351
0	1
0	0.0108225
0	1
0	1
0	inf
0	0.034632
0	0.021645
0	1
0	1
0	0.017316
0	0.00649351
0	0.012987
0	0.004329
0	1
0	1
0	0.030303
0	1
0	1
0	1
0	0.017316
0	0.021645
0	0.004329
0	0.00865801
0	0.004329
0	1
0	0.017316
0	1
0	0.012987
0	0.0108225
0	0.004329
0	0.0151515
0	0.004329
0	1
0	0.0108225
0	0.00865801
0	0.264069
0	1
0	0.00649351
0	1
0	1
0	1
0	0.00649351
0	1
0	1
0	0.264069
0	0.004329
0	1
0	1
0	1
0	0.012987
0	0.0151515
0	0.00649351
0	0.00865801
0	0.00865801
0	1
0	1
0	0.0108225
0	0.264069
0	0.264069
0	1
0	0.021645
0	1
0	0.017316
0	0.00865801
0	0.030303
0	1
0	1
0	0.021645
0	0.0108225
0	1
0	0.0606061
0	0.004329
0	1
0	0.0108225
0	1
0	1
0	0.00649351
0	1
0	1
0	0.00649351
0	0.0151515
0	1
0	0.012987
0	1
0	1
0	0.021645
0	1
0	0.00865801
0	0.017316
0	0.0541126
0	0.0411255
0	0.012987
0	0.0151515
0	0.00649351
0	0.00649351
0	1
0	1
0	0.264069
0	0.264069
0	0.030303
0	0.00649351
0	0.00649351
0	1
0	1
0	0.0108225
0	0.00649351
0	1
0	0.264069
0	0.00649351
0	0.0021645
0	0.00865801
0	0.00865801
0	0.004329
0	0.012987
0	1
0	0.0108225
0	1
0	1
0	0.00865801
0	0.021645
0	0.00649351
0	0.00865801
0	0.012987
0	1
0	0.004329
0	0.0151515
0	0.00649351
0	1
0	0.012987
0	1
0	0.012987
0	0.012987
0	0.0606061
0	0.0108225
0	0.00865801
0	0.264069
0	0.004329
0	1
0	1
0	0.00649351
0	0.0519481
0	0.00649351
0	0.00649351
0	1
0	0.0541126
0	1
0	0.0108225
0	1
0	0.264069
0	0.00649351
0	0.0367965
0	0.012987
0	0.00649351
0	1
0	0.0194805
0	1
0	0.0151515
0	0.0151515
0	0.012987
0	0.0108225
0	0.00649351
0	0.038961
0	0.00649351
0	1
0	0.025974
0	0.00865801
0	1
0	0.0606061
0	0.017316
0	1
0	0.264069
0	0.00649351
0	0.012987
0	1
0	0.00649351
0	0.0367965
0	0.0151515
0	1
0	1
0	1
0	1
0	0.00649351
0	0.00865801
0	0.00649351
0	0.0519481
0	1
0	1
0	0.264069
0	1
0	0.004329
0	0.0606061
0	0.012987
0	1
0	1
0	1
0	0.004329
0	0.0541126
0	0.264069
0	0.0021645
0	0.00649351
0	0.034632
0	1
0	0.264069
0	0.017316
0	1
0	0.012987
0	1
0	0.0411255
0	0.004329
0	0.004329
0	0.017316
0	0.00649351
0	1
0	0.00649351
0	1
0	0.012987
0	1
0	0.0108225
0	1
0	1
0	0.030303
0	0.00865801
0	1
0	0.004329
0	0.025974
0	0.017316
0	0.017316
0	1
0	0.0151515
0	0.012987
0	0.00865801
0	0.0151515
0	1
0	1
0	0.0108225
0	0.017316
0	0.012987
0	0.012987
0	0.264069
0	0.012987
0	0.0519481
0	0.004329
0	0.004329
0	0.00649351
0	0.004329
0	0.00649351
0	1
0	1
0	0.004329
0	0.264069
0	0.264069
0	1
0	1
0	0.00649351
0	0.0411255
0	0.00649351
0	0.004329
0	0.012987
0	0.004329
0	1
0	1
0	1
0	0.00649351
0	1
0	0.00649351
0	0.004329
0	0.00865801
0	0.004329
0	0.030303
0	0.00865801
0	0.038961
0	0.004329
0	1
0	0.00865801
0	1
0	0.012987
0	1
0	0.264069
0	0.00865801
0	1
0	1
0	0.012987
0	1
0	1
0	1
0	1
0	0.0151515
0	0.0151515
0	0.004329
0	0.004329
0	0.017316
0	1
0	0.0411255
0	0.00865801
0	0.017316
0	1
0	0.00649351
0	0.264069
0	1
0	0.012987
0	1
0	0.030303
0	0.00649351
0	0.00649351
0	0.012987
0	0.0519481
0	0.0367965
0	0.004329
0	1
0	0.264069
0	0.004329
0	1
0	0.0151515
0	0.0281385
0	0.0151515
0	0.017316
0	0.0606061
0	1
0	1
0	0.00649351
0	0.00865801
0	0.0606061
0	1
0	0.012987
0	1
0	0.0519481
0	0.012987
0	0.00649351
0	1
0	1
0	0.0021645
0	1
0	1
0	1
0	1
0	1
0	1
0	0.0281385
0	0.00649351
0	1
0	0.012987
0	0.030303
0	0.017316
0	0.012987
0	0.004329
0	0.004329
0	1
0	0.0541126
0	1
0	0.017316
0	0.0151515
0	1
0	0.012987
0	0.00649351
0	1
0	0.004329
0	1
0	1
0	0.264069
0	0.00865801
0	1
0	1
0	1
0	1
0	0.0411255
0	0.004329
0	0.00649351
0	0.012987
0	0.00649351
0	0.00865801
0	0.012987
0	0.012987
0	1
0	0.0108225
0	1
0	0.021645
0	0.0108225
0	1
0	1
0	0.00649351
0	0.0606061
0	0.038961
0	0.0151515
0	1
0	0.00865801
0	1
0	0.00865801
0	0.021645
0	0.034632
0	1
0	0.264069
0	0.00865801
0	0.021645
0	1
0	0.264069
0	0.264069
0	1
0	1
0	1
0	0.012987
0	0.0108225
0	0.00865801
0	1
0	0.00649351
0	1
0	0.021645
0	0.00865801
0	0.004329
0	1
0	0.264069
0	0.00649351
0	0.012987
0	0.00649351
0	0.00865801
0	0.004329
0	0.030303
0	0.00865801
0	0.004329
0	0.0367965
0	0.038961
0	1
0	0.025974
0	0.004329
0	0.0519481
0	0.012987
0	1
0	1
0	0.00649351
0	0.017316
0	1
0	0.0411255
0	0.0108225
0	0.038961
0	0.00649351
0	1
0	0.0367965
0	0.012987
0	0.0108225
0	0.017316
0	0.012987
0	0.00865801
0	1
0	0.004329
0	0.00865801
0	0.0151515
0	0.0281385
0	0.004329
0	1
0	0.00865801
0	0.0108225
0	1
0	0.264069
0	0.004329
0	0.0606061
0	0.00865801
0	0.012987
0	1
0	1
0	1
0	1
0	1
0	0.00865801
0	0.00649351
0	1
0	1
0	1
0	0.0151515
0	0.264069
0	0.0108225
0	0.004329
0	0.0108225
0	0.0194805
0	1
0	0.012987
0	1
0	1
0	0.0108225
0	0.004329
0	1
0	1
0	0.012987
0	1
0	0.017316
0	0.012987
0	1
0	0.017316
0	0.0367965
0	0.0281385
0	0.012987
0	0.00649351
0	0.004329
0	1
0	1
0	1
0	0.012987
0	0.00865801
0	1
0	0.00649351
0	0.017316
0	0.004329
0	1
0	0.0108225
0	1
0	0.00865801
0	1
0	1
0	1
0	1
0	0.012987
0	1
0	0.264069
0	0.004329
0	1
0	0.0151515
0	0.0108225
0	1
0	0.0108225
0	1
0	0.264069
0	0.021645
0	0.264069
0	0.00865801
0	0.017316
0	0.0281385
0	0.004329
0	1
0	0.00865801
0	1
0	0.017316
0	0.0108225
0	0.004329
0	1
0	0.00649351
0	0.264069


