# Persistence diagram <GML/1168.gml>
#
# Dimension   : 0
# Entries     : 815
# Betti number: 2
0	inf
0	1
0	1
0	1
0	1
0	1
0	1
0	0.0311891
0	1
0	0.0214425
0	1
0	0.00779727
0	0.0214425
0	1
0	0.0116959
0	1
0	1
0	1
0	0.0116959
0	0.0389864
0	1
0	1
0	1
0	0.0116959
0	1
0	0.0779727
0	1
0	1
0	1
0	0.00779727
0	1
0	0.00389864
0	0.0116959
0	0.0272904
0	0.0779727
0	1
0	1
0	0.0214425
0	1
0	0.0136452
0	0.0155945
0	1
0	0.0214425
0	0.0214425
0	1
0	1
0	1
0	0.00584795
0	1
0	0.0779727
0	1
0	1
0	1
0	1
0	0.00584795
0	1
0	1
0	1
0	0.0116959
0	0.0233918
0	1
0	1
0	1
0	0.0116959
0	0.00974659
0	0.0155945
0	0.0116959
0	0.0331384
0	1
0	0.0389864
0	1
0	0.0214425
0	1
0	0.0116959
0	1
0	1
0	1
0	1
0	1
0	1
0	0.0233918
0	0.0331384
0	1
0	0.00779727
0	0.00974659
0	1
0	0.0136452
0	1
0	0.0350877
0	1
0	1
0	1
0	1
0	1
0	1
0	0.0175439
0	0.0214425
0	1
0	1
0	0.0214425
0	1
0	0.0116959
0	0.0116959
0	0.0214425
0	1
0	1
0	1
0	1
0	0.0779727
0	0.0272904
0	0.0779727
0	0.00389864
0	1
0	1
0	0.0779727
0	1
0	0.0116959
0	0.00584795
0	0.00974659
0	0.0155945
0	1
0	1
0	0.0116959
0	1
0	1
0	0.0136452
0	1
0	1
0	1
0	0.0116959
0	1
0	1
0	1
0	0.0155945
0	1
0	0.00974659
0	1
0	0.00389864
0	0.00779727
0	0.0779727
0	0.0136452
0	0.0779727
0	1
0	0.00389864
0	1
0	1
0	0.0116959
0	1
0	0.00779727
0	1
0	1
0	0.0116959
0	1
0	1
0	0.0155945
0	0.0779727
0	0.00974659
0	1
0	1
0	0.00974659
0	0.0116959
0	0.0214425
0	1
0	1
0	0.0116959
0	1
0	1
0	0.00974659
0	0.0779727
0	0.00389864
0	0.0350877
0	0.0389864
0	1
0	0.00584795
0	0.00974659
0	1
0	1
0	0.0155945
0	0.0350877
0	1
0	0.00584795
0	0.00584795
0	0.00779727
0	1
0	0.00974659
0	1
0	1
0	1
0	1
0	0.0155945
0	0.0389864
0	0.0350877
0	0.00974659
0	0.0350877
0	0.0214425
0	1
0	0.0311891
0	0.00584795
0	0.0155945
0	0.0155945
0	inf
0	1
0	1
0	1
0	1
0	1
0	0.00389864
0	1
0	1
0	1
0	1
0	1
0	1
0	1
0	0.0389864
0	0.0350877
0	1
0	1
0	1
0	0.00779727
0	0.0272904
0	0.00584795
0	1
0	1
0	1
0	1
0	1
0	0.0116959
0	1
0	1
0	0.0116959
0	0.0214425
0	0.0779727
0	1
0	0.0116959
0	1
0	1
0	0.00389864
0	1
0	1
0	0.00584795
0	1
0	1
0	1
0	1
0	0.0331384
0	1
0	1
0	1
0	0.0272904
0	0.0116959
0	1
0	1
0	0.0136452
0	1
0	1
0	1
0	0.0116959
0	0.0350877
0	1
0	1
0	0.00779727
0	1
0	1
0	1
0	1
0	1
0	1
0	0.00584795
0	1
0	1
0	1
0	0.00389864
0	0.0331384
0	1
0	0.00974659
0	1
0	0.00974659
0	0.00779727
0	0.00389864
0	0.00584795
0	0.00779727
0	1
0	1
0	0.0136452
0	0.0779727
0	0.00389864
0	1
0	1
0	0.0214425
0	1
0	0.0175439
0	1
0	1
0	0.0272904
0	1
0	1
0	1
0	1
0	0.0116959
0	1
0	1
0	0.0116959
0	0.0331384
0	1
0	1
0	0.00974659
0	1
0	0.0155945
0	1
0	0.0116959
0	0.0350877
0	1
0	1
0	0.0175439
0	1
0	1
0	1
0	0.00974659
0	1
0	0.00584795
0	1
0	1
0	0.00389864
0	1
0	1
0	0.0311891
0	0.0331384
0	0.0116959
0	1
0	1
0	0.0116959
0	1
0	0.0155945
0	1
0	0.0214425
0	0.0155945
0	0.00779727
0	0.0136452
0	0.00974659
0	1
0	0.00584795
0	1
0	1
0	1
0	0.0779727
0	0.00584795
0	1
0	1
0	0.0779727
0	0.0779727
0	1
0	0.00584795
0	0.0389864
0	0.0779727
0	1
0	1
0	1
0	1
0	1
0	0.0311891
0	0.0311891
0	1
0	0.0272904
0	1
0	1
0	0.00389864
0	0.00974659
0	0.0779727
0	1
0	0.0136452
0	0.00584795
0	0.00974659
0	1
0	1
0	0.00974659
0	0.0116959
0	1
0	0.0389864
0	0.00584795
0	0.0116959
0	1
0	1
0	0.00389864
0	0.00584795
0	0.00974659
0	1
0	0.00974659
0	0.0350877
0	1
0	1
0	0.0214425
0	1
0	1
0	1
0	0.00779727
0	0.0155945
0	0.00779727
0	1
0	0.00389864
0	0.0116959
0	0.0331384
0	0.00584795
0	1
0	0.00389864
0	1
0	0.0155945
0	1
0	1
0	0.00974659
0	1
0	0.00779727
0	0.0155945
0	0.00584795
0	1
0	1
0	0.00389864
0	1
0	1
0	0.00389864
0	1
0	1
0	0.0233918
0	1
0	1
0	0.0272904
0	1
0	1
0	1
0	0.00584795
0	1
0	0.0116959
0	1
0	1
0	0.00779727
0	1
0	1
0	1
0	1
0	0.00974659
0	0.0116959
0	0.00584795
0	0.00779727
0	1
0	0.0136452
0	1
0	1
0	1
0	1
0	1
0	0.00584795
0	0.0779727
0	1
0	0.00584795
0	1
0	0.0116959
0	1
0	1
0	0.00779727
0	0.0272904
0	1
0	0.00779727
0	0.0116959
0	1
0	1
0	1
0	0.0116959
0	1
0	1
0	0.0350877
0	0.0389864
0	0.0331384
0	1
0	0.0233918
0	1
0	1
0	0.00389864
0	0.0389864
0	0.0779727
0	0.00584795
0	1
0	1
0	1
0	1
0	1
0	1
0	1
0	1
0	0.0389864
0	0.00584795
0	1
0	1
0	0.00584795
0	0.0779727
0	1
0	0.00779727
0	0.0116959
0	0.0389864
0	0.0272904
0	0.00389864
0	0.00389864
0	0.00779727
0	1
0	1
0	1
0	1
0	0.0311891
0	1
0	1
0	0.0155945
0	0.0272904
0	1
0	1
0	1
0	1
0	0.00779727
0	1
0	1
0	0.0116959
0	0.00389864
0	0.0155945
0	0.00974659
0	0.00974659
0	1
0	0.00389864
0	1
0	1
0	0.00779727
0	1
0	1
0	1
0	1
0	1
0	1
0	0.0389864
0	1
0	0.00584795
0	1
0	0.00974659
0	1
0	0.0116959
0	1
0	1
0	1
0	1
0	1
0	1
0	0.00779727
0	0.00389864
0	1
0	0.00584795
0	0.00389864
0	1
0	1
0	0.00974659
0	1
0	1
0	1
0	0.00389864
0	0.00389864
0	1
0	1
0	1
0	1
0	0.0116959
0	1
0	0.00974659
0	0.0233918
0	0.00974659
0	1
0	1
0	0.0136452
0	1
0	0.00974659
0	1
0	1
0	1
0	0.00779727
0	0.00389864
0	0.00974659
0	1
0	0.0116959
0	0.00779727
0	0.00389864
0	1
0	1
0	1
0	1
0	0.00389864
0	1
0	0.0389864
0	0.00389864
0	0.00389864
0	1
0	0.00779727
0	1
0	1
0	0.0331384
0	1
0	0.00389864
0	1
0	0.00779727
0	0.00389864
0	0.00584795
0	0.00779727
0	0.00584795
0	1
0	0.00779727
0	1
0	0.00389864
0	1
0	1
0	1
0	1
0	1
0	0.00779727
0	0.00389864
0	0.0350877
0	0.0116959
0	0.0155945
0	1
0	1
0	0.00389864
0	0.0116959
0	0.00974659
0	0.00584795
0	0.00974659
0	1
0	0.00584795
0	0.00389864
0	0.00779727
0	1
0	0.00389864
0	1
0	1
0	0.0116959
0	0.0116959
0	1
0	1
0	1
0	1
0	1
0	1
0	1
0	1
0	0.00974659
0	0.00779727
0	1
0	0.00974659
0	1
0	1
0	0.00584795
0	1
0	0.00779727
0	0.0272904
0	0.0331384
0	0.00779727
0	1
0	1
0	0.00584795
0	0.00974659
0	1
0	0.00389864
0	1
0	1
0	1
0	1
0	0.00584795
0	1
0	0.0350877
0	0.00389864
0	1
0	1
0	0.00779727
0	0.00779727
0	1
0	1
0	0.0116959
0	0.0116959
0	0.00974659
0	1
0	1
0	1
0	0.00584795
0	1
0	0.00389864
0	0.0214425
0	1
0	0.0389864
0	0.00389864
0	0.00584795
0	1
0	0.00584795
0	0.00779727
0	0.00779727
0	0.00389864
0	0.0233918
0	1
0	1
0	1
0	0.00974659
0	0.0155945
0	1
0	1
0	0.00584795
0	1
0	0.0155945
0	0.00584795
0	0.00974659
0	0.00584795
0	0.0175439
0	0.00584795
0	1
0	1
0	1
0	0.0116959
0	0.00974659
0	0.00584795
0	0.00974659
0	0.0116959
0	1
0	0.00389864
0	0.00779727
0	1
0	0.00584795
0	1
0	0.00584795
0	1
0	1
0	0.00389864
0	0.00779727
0	0.00389864
0	0.00584795
0	0.0779727
0	0.00974659
0	1
0	1
0	1
0	0.0175439
0	0.00779727
0	0.00584795
0	0.00389864
0	0.00584795
0	1
0	1
0	0.0233918
0	0.00584795
0	1
0	0.0155945
0	0.0155945
0	1
0	0.0155945
0	0.0155945
0	1
0	1
0	1
0	0.00974659
0	0.0272904
0	1
0	1
0	0.0779727
0	0.0350877
0	1
0	0.00389864
0	1
0	1
0	1
0	0.00779727
0	1
0	1
0	0.00779727
0	0.00389864
0	0.00779727
0	1
0	1
0	0.0116959
0	0.0272904
0	1
0	1
0	1
0	1
0	0.00779727
0	0.0779727
0	1
0	1
0	0.00779727
0	1
0	1
0	1
0	1
0	0.00974659
0	1
0	1
0	0.0779727
0	0.00974659
0	1
0	0.0136452
0	1
0	0.00389864
0	0.00389864
0	0.0116959
0	0.00389864
0	0.0116959
0	0.00584795
0	0.00389864
0	0.00584795
0	1
0	1
0	1
0	0.0116959
0	0.0389864
0	0.0155945
0	0.00779727
0	0.0233918
0	1


