# Persistence diagram <GML/1179.gml>
#
# Dimension   : 0
# Entries     : 338
# Betti number: 1
0	inf
0	0.56338
0	1
0	0.56338
0	0.56338
0	0.0187793
0	0.56338
0	1
0	1
0	1
0	0.56338
0	0.56338
0	0.56338
0	0.56338
0	1
0	0.56338
0	0.56338
0	1
0	1
0	0.56338
0	0.56338
0	1
0	0.56338
0	1
0	0.56338
0	1
0	1
0	1
0	0.56338
0	0.56338
0	0.56338
0	0.56338
0	0.0140845
0	0.56338
0	0.56338
0	0.56338
0	1
0	1
0	0.56338
0	1
0	0.56338
0	1
0	0.56338
0	1
0	0.0422535
0	0.56338
0	0.56338
0	0.0187793
0	1
0	0.0187793
0	0.00938967
0	1
0	0.56338
0	1
0	1
0	1
0	0.56338
0	0.0234742
0	1
0	0.0187793
0	0.56338
0	1
0	0.56338
0	0.56338
0	1
0	0.56338
0	1
0	1
0	0.56338
0	1
0	0.56338
0	0.56338
0	0.56338
0	0.56338
0	1
0	1
0	0.0422535
0	0.00938967
0	1
0	1
0	0.0187793
0	1
0	1
0	1
0	0.00938967
0	0.0234742
0	1
0	0.0187793
0	1
0	1
0	1
0	0.0140845
0	0.56338
0	0.00938967
0	0.56338
0	1
0	0.56338
0	0.00938967
0	0.0187793
0	0.56338
0	1
0	0.0187793
0	0.56338
0	0.56338
0	0.0234742
0	1
0	1
0	1
0	0.0187793
0	0.0422535
0	0.56338
0	0.56338
0	1
0	1
0	1
0	1
0	1
0	0.56338
0	1
0	1
0	1
0	1
0	0.56338
0	0.56338
0	0.56338
0	0.0140845
0	0.56338
0	0.0234742
0	0.56338
0	0.00938967
0	0.00938967
0	0.56338
0	0.0187793
0	1
0	1
0	0.56338
0	1
0	0.56338
0	1
0	1
0	1
0	0.56338
0	1
0	0.56338
0	1
0	1
0	1
0	0.56338
0	1
0	0.00938967
0	0.0187793
0	0.56338
0	1
0	1
0	0.0140845
0	1
0	1
0	1
0	0.56338
0	0.56338
0	1
0	0.56338
0	0.0187793
0	0.00938967
0	0.56338
0	1
0	1
0	0.0187793
0	0.56338
0	0.56338
0	1
0	0.028169
0	1
0	1
0	0.0234742
0	0.56338
0	0.0187793
0	1
0	1
0	0.56338
0	0.0140845
0	1
0	0.56338
0	0.56338
0	0.56338
0	0.0187793
0	0.00938967
0	1
0	1
0	0.028169
0	0.028169
0	0.00938967
0	0.0187793
0	1
0	1
0	0.56338
0	0.028169
0	0.028169
0	0.56338
0	0.0187793
0	0.0187793
0	1
0	0.0140845
0	0.0187793
0	0.56338
0	0.56338
0	0.56338
0	0.0234742
0	0.56338
0	1
0	1
0	0.0187793
0	0.0140845
0	0.0234742
0	0.00938967
0	1
0	0.0187793
0	1
0	0.56338
0	0.0187793
0	0.0140845
0	0.00938967
0	1
0	1
0	0.0140845
0	1
0	0.56338
0	0.56338
0	0.0140845
0	0.0422535
0	1
0	1
0	1
0	0.56338
0	1
0	1
0	0.56338
0	1
0	0.0422535
0	0.0422535
0	0.56338
0	1
0	1
0	1
0	0.00938967
0	1
0	1
0	1
0	0.56338
0	0.0187793
0	1
0	0.0140845
0	0.56338
0	1
0	0.56338
0	1
0	0.56338
0	0.0187793
0	1
0	1
0	0.0187793
0	1
0	0.56338
0	1
0	0.0187793
0	0.56338
0	1
0	0.56338
0	1
0	0.0187793
0	1
0	1
0	1
0	0.00938967
0	1
0	1
0	1
0	0.00938967
0	1
0	0.0187793
0	0.56338
0	0.56338
0	1
0	0.56338
0	1
0	1
0	0.56338
0	0.56338
0	1
0	1
0	0.56338
0	1
0	0.56338
0	0.56338
0	1
0	1
0	0.56338
0	1
0	0.56338
0	1
0	1
0	1
0	1
0	1
0	0.0187793
0	1
0	0.56338
0	0.0187793
0	1
0	0.56338
0	1
0	1
0	1
0	1
0	0.0187793
0	0.56338
0	0.56338
0	0.56338
0	0.00938967
0	0.0422535
0	1
0	0.0140845
0	0.56338
0	0.0422535
0	0.0187793
0	1
0	1
0	0.00938967
0	1
0	1
0	1
0	0.56338
0	1
0	1
0	1
0	0.0187793
0	0.0140845
0	1


