# Persistence diagram <GML/1180.gml>
#
# Dimension   : 0
# Entries     : 393
# Betti number: 1
0	inf
0	1
0	1
0	1
0	1
0	1
0	0.391304
0	1
0	1
0	0.391304
0	0.391304
0	0.391304
0	0.0347826
0	1
0	0.391304
0	1
0	1
0	0.391304
0	1
0	1
0	1
0	0.391304
0	1
0	1
0	0.391304
0	0.391304
0	1
0	0.391304
0	0.391304
0	1
0	1
0	0.391304
0	0.00869565
0	1
0	0.391304
0	0.0173913
0	1
0	1
0	1
0	1
0	0.391304
0	0.391304
0	1
0	0.391304
0	0.0347826
0	0.0130435
0	1
0	0.026087
0	0.391304
0	1
0	0.391304
0	0.391304
0	1
0	1
0	1
0	0.0347826
0	1
0	0.026087
0	0.0130435
0	1
0	0.391304
0	1
0	1
0	1
0	1
0	0.391304
0	1
0	0.391304
0	1
0	0.0130435
0	1
0	0.391304
0	1
0	0.391304
0	1
0	1
0	1
0	1
0	0.00869565
0	1
0	1
0	1
0	1
0	1
0	0.391304
0	0.391304
0	0.391304
0	0.391304
0	0.391304
0	0.00869565
0	0.0347826
0	1
0	1
0	0.0130435
0	1
0	1
0	1
0	1
0	1
0	1
0	0.391304
0	1
0	0.026087
0	1
0	0.0130435
0	0.0217391
0	0.0217391
0	0.026087
0	0.0347826
0	0.0347826
0	0.0217391
0	1
0	1
0	1
0	0.391304
0	1
0	0.0217391
0	1
0	1
0	1
0	0.391304
0	1
0	0.0173913
0	1
0	0.391304
0	0.0173913
0	0.391304
0	1
0	0.0217391
0	1
0	1
0	0.0130435
0	0.00869565
0	0.0173913
0	0.0130435
0	0.391304
0	1
0	1
0	0.0173913
0	0.00869565
0	1
0	0.0217391
0	0.0173913
0	1
0	1
0	0.391304
0	0.00869565
0	0.026087
0	0.00869565
0	1
0	1
0	1
0	0.391304
0	1
0	1
0	1
0	1
0	0.0130435
0	1
0	0.391304
0	1
0	0.391304
0	0.0173913
0	1
0	0.391304
0	0.391304
0	0.391304
0	1
0	0.0130435
0	1
0	0.0217391
0	0.391304
0	0.00869565
0	0.026087
0	0.0217391
0	0.391304
0	0.00869565
0	0.391304
0	1
0	0.391304
0	1
0	1
0	1
0	1
0	1
0	1
0	1
0	0.391304
0	0.0347826
0	1
0	0.0130435
0	0.026087
0	1
0	0.391304
0	0.0130435
0	1
0	1
0	1
0	1
0	0.391304
0	0.391304
0	0.391304
0	1
0	1
0	0.391304
0	0.00869565
0	0.391304
0	0.391304
0	1
0	1
0	1
0	1
0	1
0	0.0347826
0	0.00869565
0	0.00869565
0	0.0130435
0	1
0	0.391304
0	0.0173913
0	0.0130435
0	1
0	1
0	1
0	0.0130435
0	1
0	0.391304
0	1
0	1
0	1
0	1
0	1
0	0.391304
0	0.0130435
0	1
0	1
0	0.0130435
0	1
0	1
0	1
0	1
0	1
0	1
0	1
0	0.0130435
0	1
0	0.0130435
0	0.0130435
0	1
0	0.0173913
0	0.0173913
0	1
0	0.0217391
0	0.00869565
0	0.391304
0	0.391304
0	0.0130435
0	1
0	0.391304
0	1
0	0.391304
0	0.0173913
0	1
0	1
0	0.391304
0	1
0	0.391304
0	0.391304
0	0.391304
0	0.00869565
0	1
0	1
0	1
0	1
0	1
0	0.00869565
0	1
0	0.0130435
0	1
0	0.00869565
0	1
0	0.0130435
0	1
0	1
0	1
0	0.0217391
0	0.0130435
0	1
0	1
0	1
0	0.0173913
0	0.0347826
0	0.00869565
0	1
0	0.00869565
0	0.391304
0	0.0130435
0	0.391304
0	0.391304
0	0.391304
0	0.0130435
0	1
0	0.026087
0	0.0217391
0	0.00869565
0	0.391304
0	0.391304
0	0.0347826
0	1
0	0.0130435
0	0.00869565
0	1
0	1
0	1
0	1
0	0.00869565
0	1
0	0.00869565
0	1
0	0.0130435
0	1
0	1
0	1
0	0.391304
0	0.0173913
0	1
0	0.391304
0	0.391304
0	1
0	0.391304
0	0.391304
0	1
0	0.0130435
0	0.0173913
0	1
0	0.0217391
0	0.391304
0	1
0	0.0130435
0	1
0	0.0130435
0	0.391304
0	1
0	1
0	0.00869565
0	1
0	1
0	1
0	1
0	0.391304
0	0.391304
0	0.0173913
0	0.391304
0	0.391304
0	1
0	0.0130435
0	1
0	1
0	0.391304
0	1
0	1
0	0.00869565
0	0.0130435
0	0.0130435
0	0.00869565
0	0.391304
0	0.00869565
0	1
0	1
0	1
0	0.391304
0	0.026087
0	0.0173913
0	0.00869565
0	1
0	0.00869565
0	1
0	1
0	0.0347826
0	1
0	1
0	0.391304
0	1
0	1
0	0.0130435
0	0.0130435
0	1
0	1
0	1
0	0.00869565
0	0.0130435
0	1
0	1


