# Persistence diagram <GML/1183.gml>
#
# Dimension   : 0
# Entries     : 331
# Betti number: 1
0	inf
0	1
0	0.0972222
0	1
0	1
0	1
0	1
0	0.0902778
0	1
0	0.0347222
0	0.0347222
0	1
0	0.4375
0	0.0486111
0	0.0972222
0	1
0	1
0	0.4375
0	1
0	0.0486111
0	1
0	0.0972222
0	0.0902778
0	0.0972222
0	0.0347222
0	0.0486111
0	0.0277778
0	1
0	1
0	1
0	0.4375
0	0.0902778
0	0.4375
0	0.0277778
0	0.0416667
0	0.0347222
0	0.0347222
0	0.0277778
0	1
0	0.0277778
0	0.0972222
0	0.4375
0	1
0	0.0972222
0	0.0416667
0	0.0416667
0	1
0	1
0	0.4375
0	0.0277778
0	0.4375
0	0.0347222
0	0.0902778
0	0.0416667
0	0.4375
0	1
0	0.0208333
0	0.0972222
0	0.4375
0	0.0347222
0	0.0486111
0	0.0972222
0	0.0277778
0	0.0277778
0	1
0	0.0972222
0	1
0	0.4375
0	0.0902778
0	0.4375
0	0.0277778
0	0.4375
0	1
0	0.0416667
0	1
0	0.0138889
0	0.0277778
0	1
0	0.0347222
0	1
0	0.0347222
0	0.4375
0	0.0208333
0	0.4375
0	0.4375
0	0.0138889
0	0.4375
0	0.0277778
0	1
0	0.0208333
0	0.0625
0	0.0277778
0	0.111111
0	1
0	0.0277778
0	0.4375
0	0.0138889
0	0.0138889
0	1
0	0.0138889
0	0.0416667
0	0.0625
0	1
0	0.0208333
0	0.0486111
0	1
0	0.0347222
0	0.0208333
0	1
0	0.0138889
0	1
0	0.4375
0	0.0277778
0	0.4375
0	1
0	0.0138889
0	0.0486111
0	0.111111
0	0.4375
0	0.0138889
0	0.0347222
0	0.0277778
0	0.0347222
0	1
0	0.0208333
0	1
0	0.0277778
0	0.0277778
0	0.0208333
0	0.0486111
0	0.0138889
0	1
0	0.0208333
0	0.0972222
0	0.0347222
0	0.0208333
0	0.0277778
0	1
0	0.0277778
0	0.0138889
0	0.0138889
0	0.0208333
0	0.0138889
0	0.0138889
0	0.0277778
0	0.0138889
0	0.0208333
0	0.0277778
0	1
0	0.0625
0	0.0208333
0	0.0347222
0	0.0138889
0	0.0277778
0	0.0902778
0	0.0486111
0	0.0277778
0	0.111111
0	0.4375
0	0.4375
0	0.111111
0	1
0	0.0208333
0	0.4375
0	0.0208333
0	0.0277778
0	0.0277778
0	0.0138889
0	1
0	0.0138889
0	1
0	1
0	1
0	0.0138889
0	0.0208333
0	0.0277778
0	0.4375
0	0.4375
0	0.0138889
0	0.0208333
0	0.111111
0	0.4375
0	1
0	0.0277778
0	0.4375
0	0.0138889
0	0.0208333
0	1
0	1
0	1
0	0.0138889
0	0.4375
0	0.4375
0	0.0277778
0	0.0416667
0	0.4375
0	0.0347222
0	0.0208333
0	0.0277778
0	0.0208333
0	0.0972222
0	0.0277778
0	0.0902778
0	0.0208333
0	0.0138889
0	0.4375
0	0.0277778
0	0.0347222
0	0.0902778
0	0.111111
0	0.0208333
0	1
0	0.0902778
0	0.0208333
0	1
0	0.0208333
0	0.0208333
0	0.4375
0	1
0	0.0347222
0	0.0138889
0	0.0347222
0	0.0902778
0	1
0	0.0625
0	0.0208333
0	0.0138889
0	1
0	0.4375
0	0.0208333
0	0.0416667
0	1
0	0.0277778
0	0.0347222
0	1
0	1
0	0.4375
0	0.0902778
0	0.0277778
0	0.0208333
0	0.0277778
0	0.0416667
0	0.0138889
0	0.0277778
0	1
0	1
0	0.4375
0	0.0972222
0	0.0347222
0	0.4375
0	1
0	0.0208333
0	0.111111
0	1
0	1
0	0.0208333
0	0.4375
0	0.0625
0	0.0208333
0	0.0902778
0	1
0	1
0	0.0208333
0	0.0347222
0	0.0138889
0	0.0138889
0	0.0138889
0	0.0347222
0	0.0208333
0	0.0208333
0	0.111111
0	0.111111
0	0.0138889
0	0.0138889
0	0.0277778
0	0.0347222
0	0.0416667
0	0.4375
0	0.4375
0	1
0	0.0138889
0	0.4375
0	0.111111
0	1
0	1
0	1
0	1
0	0.111111
0	0.0277778
0	0.0208333
0	1
0	1
0	0.4375
0	0.0277778
0	0.0277778
0	0.4375
0	0.0486111
0	0.0625
0	0.0208333
0	0.0277778
0	0.0138889
0	0.0138889
0	0.0277778
0	1
0	0.0138889
0	0.0208333
0	0.0138889
0	0.0347222
0	0.0138889
0	0.0208333
0	0.4375
0	0.4375
0	1
0	0.4375
0	1
0	0.0625
0	0.0277778
0	0.0416667
0	0.0208333
0	0.0208333
0	1
0	0.0486111
0	0.0347222
0	0.0347222
0	0.0347222
0	0.111111
0	0.0277778
0	0.0208333
0	0.0277778
0	1
0	0.0138889


