# Persistence diagram <GML/1197.gml>
#
# Dimension   : 0
# Entries     : 316
# Betti number: 1
0	inf
0	1
0	1
0	1
0	1
0	1
0	1
0	1
0	1
0	1
0	1
0	1
0	1
0	1
0	0.0261438
0	1
0	1
0	1
0	1
0	1
0	1
0	1
0	1
0	1
0	0.0392157
0	1
0	1
0	1
0	1
0	1
0	1
0	1
0	1
0	1
0	0.0392157
0	1
0	1
0	1
0	1
0	1
0	0.0196078
0	1
0	0.0326797
0	1
0	1
0	1
0	0.0130719
0	0.0392157
0	0.0392157
0	1
0	1
0	0.0326797
0	1
0	1
0	1
0	1
0	1
0	1
0	1
0	0.0261438
0	1
0	1
0	1
0	1
0	0.0261438
0	1
0	1
0	1
0	1
0	1
0	1
0	1
0	0.0326797
0	1
0	1
0	1
0	1
0	1
0	0.0326797
0	0.0196078
0	1
0	1
0	1
0	0.0261438
0	0.0261438
0	1
0	0.0196078
0	1
0	0.0261438
0	1
0	0.0196078
0	1
0	1
0	1
0	0.0457516
0	0.0326797
0	0.0326797
0	1
0	0.0261438
0	1
0	0.0130719
0	0.0196078
0	1
0	0.0196078
0	0.0196078
0	0.0130719
0	1
0	1
0	0.0392157
0	1
0	0.0130719
0	1
0	0.0457516
0	1
0	0.0457516
0	1
0	1
0	0.0392157
0	1
0	0.0130719
0	0.0457516
0	1
0	1
0	1
0	0.0392157
0	1
0	1
0	0.0261438
0	0.0261438
0	0.0196078
0	0.0261438
0	0.0392157
0	0.0196078
0	1
0	1
0	1
0	1
0	1
0	0.0457516
0	1
0	0.0261438
0	0.0130719
0	0.0326797
0	1
0	0.0261438
0	1
0	1
0	0.0261438
0	1
0	0.0196078
0	1
0	0.0261438
0	1
0	1
0	1
0	1
0	1
0	0.0326797
0	1
0	1
0	0.0196078
0	1
0	0.0261438
0	1
0	1
0	1
0	1
0	0.0261438
0	1
0	1
0	1
0	1
0	0.0130719
0	1
0	1
0	1
0	0.0457516
0	1
0	1
0	1
0	0.0130719
0	0.0196078
0	0.0261438
0	1
0	1
0	1
0	0.0196078
0	1
0	0.0261438
0	0.0261438
0	1
0	1
0	1
0	0.0130719
0	0.0326797
0	1
0	0.0130719
0	1
0	1
0	1
0	1
0	1
0	1
0	0.0130719
0	0.0130719
0	1
0	0.0261438
0	0.0457516
0	0.0130719
0	1
0	0.0392157
0	1
0	1
0	1
0	0.0457516
0	0.0196078
0	0.0196078
0	1
0	1
0	1
0	0.0261438
0	0.0196078
0	0.0130719
0	1
0	0.0261438
0	0.0392157
0	1
0	0.0457516
0	1
0	0.0196078
0	0.0130719
0	0.0457516
0	1
0	1
0	0.0130719
0	1
0	1
0	1
0	0.0261438
0	0.0130719
0	1
0	1
0	1
0	0.0326797
0	1
0	1
0	1
0	1
0	0.0130719
0	0.0261438
0	1
0	1
0	1
0	0.0196078
0	0.0196078
0	0.0392157
0	1
0	1
0	1
0	0.0392157
0	1
0	1
0	1
0	0.0261438
0	0.0196078
0	1
0	0.0196078
0	1
0	1
0	1
0	1
0	1
0	0.0130719
0	1
0	0.0196078
0	0.0130719
0	1
0	1
0	0.0130719
0	1
0	1
0	1
0	0.0196078
0	0.0326797
0	1
0	0.0196078
0	1
0	0.0130719
0	0.0326797
0	0.0457516
0	1
0	0.0130719
0	1
0	1
0	0.0261438
0	1
0	1
0	1
0	0.0261438
0	1
0	1
0	1
0	0.0261438
0	1
0	1
0	0.0326797
0	1
0	1
0	0.0130719
0	0.0196078
0	1
0	0.0130719
0	1
0	1
0	1
0	1


