# Persistence diagram <GML/1199.gml>
#
# Dimension   : 0
# Entries     : 374
# Betti number: 1
0	inf
0	1
0	1
0	1
0	0.354839
0	0.354839
0	1
0	1
0	0.354839
0	0.0276498
0	0.0276498
0	0.354839
0	1
0	1
0	1
0	1
0	0.0276498
0	1
0	0.354839
0	0.354839
0	1
0	1
0	0.354839
0	1
0	1
0	1
0	0.0368664
0	1
0	1
0	1
0	1
0	0.354839
0	1
0	0.0368664
0	1
0	0.0276498
0	1
0	1
0	0.354839
0	0.354839
0	0.0368664
0	0.354839
0	1
0	1
0	1
0	1
0	0.354839
0	0.354839
0	0.354839
0	0.0184332
0	0.354839
0	1
0	1
0	1
0	1
0	1
0	0.354839
0	1
0	1
0	0.0138249
0	1
0	0.0276498
0	0.0322581
0	0.354839
0	0.354839
0	1
0	1
0	1
0	0.354839
0	1
0	0.354839
0	1
0	0.0184332
0	0.354839
0	1
0	1
0	0.0322581
0	0.354839
0	0.0184332
0	0.0276498
0	0.0414747
0	0.0322581
0	1
0	0.0230415
0	0.354839
0	1
0	0.0184332
0	1
0	1
0	0.354839
0	1
0	1
0	0.0184332
0	1
0	0.0138249
0	0.0184332
0	0.354839
0	0.354839
0	1
0	1
0	1
0	1
0	0.354839
0	0.0184332
0	0.354839
0	0.0184332
0	1
0	1
0	1
0	0.354839
0	0.0184332
0	0.0184332
0	0.0138249
0	1
0	0.0368664
0	0.00921659
0	0.354839
0	1
0	1
0	0.0138249
0	1
0	1
0	1
0	0.0138249
0	0.00921659
0	0.354839
0	0.0184332
0	0.0184332
0	0.354839
0	1
0	0.00921659
0	0.354839
0	1
0	1
0	0.0184332
0	0.00921659
0	0.0184332
0	0.0138249
0	1
0	1
0	1
0	1
0	1
0	0.00921659
0	1
0	0.354839
0	0.00921659
0	0.00921659
0	1
0	0.354839
0	0.0322581
0	1
0	1
0	1
0	0.0368664
0	1
0	0.0138249
0	0.00921659
0	0.0230415
0	1
0	1
0	0.00921659
0	0.354839
0	0.354839
0	0.354839
0	1
0	0.0184332
0	1
0	0.354839
0	1
0	0.354839
0	0.0184332
0	0.0184332
0	0.00921659
0	1
0	1
0	1
0	1
0	0.0184332
0	1
0	1
0	1
0	1
0	1
0	1
0	0.0184332
0	1
0	0.0138249
0	1
0	1
0	1
0	1
0	0.0322581
0	0.0184332
0	1
0	0.0184332
0	1
0	0.0184332
0	1
0	1
0	1
0	0.0414747
0	1
0	1
0	1
0	1
0	0.354839
0	1
0	1
0	0.0368664
0	1
0	1
0	0.354839
0	0.0276498
0	0.354839
0	1
0	1
0	1
0	1
0	1
0	0.0184332
0	0.00921659
0	1
0	0.00921659
0	0.0184332
0	1
0	0.354839
0	0.0138249
0	1
0	0.00921659
0	0.00921659
0	0.354839
0	1
0	0.00921659
0	1
0	1
0	0.354839
0	0.00921659
0	0.0184332
0	0.354839
0	1
0	0.0138249
0	0.0138249
0	0.0138249
0	1
0	0.0322581
0	1
0	1
0	0.00921659
0	1
0	0.0138249
0	1
0	1
0	1
0	1
0	1
0	1
0	0.354839
0	1
0	0.00921659
0	0.354839
0	1
0	1
0	0.00921659
0	1
0	0.354839
0	1
0	1
0	1
0	1
0	0.0184332
0	0.354839
0	1
0	0.0138249
0	1
0	1
0	1
0	0.00921659
0	0.00921659
0	0.0138249
0	1
0	1
0	0.0276498
0	0.0184332
0	1
0	0.0414747
0	0.00921659
0	0.0138249
0	1
0	0.0184332
0	0.354839
0	0.0138249
0	1
0	1
0	1
0	0.00921659
0	1
0	1
0	0.00921659
0	0.354839
0	0.0138249
0	1
0	1
0	1
0	0.0414747
0	1
0	0.0138249
0	0.354839
0	0.0138249
0	1
0	0.354839
0	0.0184332
0	1
0	1
0	1
0	0.0138249
0	0.0184332
0	0.354839
0	0.0138249
0	1
0	0.0138249
0	0.0184332
0	1
0	1
0	0.354839
0	0.354839
0	1
0	1
0	0.354839
0	0.00921659
0	1
0	0.0138249
0	0.00921659
0	0.0184332
0	1
0	0.354839
0	0.00921659
0	0.0276498
0	0.0276498
0	1
0	1
0	0.0414747
0	1
0	0.00921659
0	0.0276498
0	1
0	1
0	0.0138249
0	0.354839
0	0.00921659
0	1
0	1
0	0.00921659
0	1
0	0.0230415
0	0.354839
0	0.0138249
0	1
0	0.00921659
0	1
0	0.354839
0	1
0	0.0138249
0	1
0	0.00921659
0	0.0414747
0	1
0	0.354839
0	0.0184332
0	0.354839
0	0.00921659
0	0.0138249
0	0.0184332
0	0.00921659


