# Persistence diagram <GML/1203.gml>
#
# Dimension   : 0
# Entries     : 356
# Betti number: 2
0	inf
0	1
0	1
0	1
0	1
0	1
0	1
0	1
0	1
0	1
0	0.439153
0	0.439153
0	1
0	1
0	1
0	0.031746
0	1
0	1
0	1
0	1
0	0.021164
0	0.031746
0	1
0	0.439153
0	0.042328
0	0.439153
0	1
0	0.015873
0	1
0	1
0	0.439153
0	1
0	1
0	0.042328
0	1
0	1
0	0.026455
0	0.439153
0	0.031746
0	0.031746
0	0.026455
0	1
0	1
0	1
0	1
0	0.042328
0	0.015873
0	1
0	0.439153
0	0.439153
0	0.015873
0	0.439153
0	1
0	1
0	0.015873
0	1
0	0.439153
0	0.439153
0	0.021164
0	0.439153
0	0.010582
0	0.439153
0	0.021164
0	0.439153
0	1
0	0.021164
0	0.439153
0	1
0	0.031746
0	0.021164
0	0.439153
0	0.021164
0	0.439153
0	0.439153
0	0.015873
0	0.015873
0	1
0	1
0	1
0	1
0	0.021164
0	1
0	0.031746
0	0.037037
0	1
0	0.439153
0	0.439153
0	0.031746
0	1
0	0.439153
0	0.439153
0	0.037037
0	0.031746
0	0.015873
0	1
0	0.439153
0	1
0	0.031746
0	1
0	0.439153
0	1
0	0.010582
0	0.042328
0	0.439153
0	0.010582
0	0.439153
0	0.031746
0	1
0	1
0	1
0	0.015873
0	1
0	0.021164
0	0.439153
0	1
0	1
0	0.439153
0	0.026455
0	1
0	0.026455
0	0.439153
0	0.015873
0	0.015873
0	0.010582
0	0.042328
0	1
0	0.042328
0	1
0	0.439153
0	1
0	inf
0	1
0	1
0	0.021164
0	1
0	0.015873
0	0.015873
0	0.010582
0	0.439153
0	1
0	1
0	0.021164
0	1
0	1
0	0.439153
0	0.031746
0	0.439153
0	0.015873
0	0.439153
0	0.042328
0	1
0	0.010582
0	1
0	0.010582
0	0.021164
0	0.439153
0	1
0	1
0	0.015873
0	0.439153
0	1
0	0.037037
0	0.042328
0	1
0	1
0	0.026455
0	0.021164
0	1
0	1
0	0.021164
0	0.439153
0	1
0	0.439153
0	1
0	0.010582
0	0.439153
0	1
0	0.439153
0	0.031746
0	0.021164
0	1
0	0.010582
0	1
0	0.439153
0	0.439153
0	0.439153
0	1
0	1
0	0.439153
0	0.439153
0	0.026455
0	0.015873
0	0.010582
0	0.015873
0	0.010582
0	0.026455
0	0.010582
0	0.439153
0	0.439153
0	1
0	0.439153
0	0.010582
0	1
0	0.026455
0	0.021164
0	0.010582
0	0.439153
0	1
0	0.010582
0	0.439153
0	0.010582
0	0.439153
0	0.439153
0	0.010582
0	1
0	0.021164
0	0.031746
0	0.015873
0	0.021164
0	0.026455
0	0.015873
0	0.439153
0	1
0	0.010582
0	0.439153
0	0.010582
0	0.042328
0	0.439153
0	1
0	0.010582
0	0.439153
0	1
0	0.439153
0	0.439153
0	0.021164
0	0.010582
0	1
0	0.042328
0	0.439153
0	0.010582
0	1
0	0.010582
0	0.010582
0	1
0	0.439153
0	0.015873
0	0.015873
0	0.439153
0	0.015873
0	1
0	0.00529101
0	0.026455
0	0.010582
0	0.021164
0	1
0	0.015873
0	0.026455
0	0.010582
0	1
0	0.015873
0	0.015873
0	0.037037
0	0.042328
0	0.031746
0	0.010582
0	1
0	0.439153
0	0.021164
0	0.439153
0	0.015873
0	0.015873
0	0.439153
0	0.042328
0	0.010582
0	0.015873
0	0.015873
0	0.439153
0	0.010582
0	0.015873
0	0.031746
0	0.026455
0	0.439153
0	0.010582
0	1
0	0.015873
0	0.010582
0	0.010582
0	0.010582
0	0.015873
0	1
0	0.015873
0	0.037037
0	0.015873
0	0.015873
0	0.031746
0	0.010582
0	1
0	1
0	0.015873
0	0.439153
0	0.021164
0	0.042328
0	0.010582
0	0.439153
0	0.015873
0	0.015873
0	0.439153
0	1
0	0.010582
0	0.439153
0	0.010582
0	0.015873
0	1
0	0.015873
0	0.026455
0	0.010582
0	0.439153
0	1
0	0.439153
0	1
0	1
0	0.010582
0	0.015873
0	0.439153
0	0.439153
0	0.010582
0	0.439153
0	0.439153
0	0.439153
0	0.439153
0	1
0	1
0	1
0	0.010582
0	1
0	0.015873
0	1
0	1
0	0.021164
0	0.439153
0	0.015873
0	0.010582
0	0.010582
0	0.010582
0	0.439153
0	0.439153
0	0.042328
0	0.021164
0	0.010582
0	0.015873
0	0.037037
0	0.021164
0	0.015873
0	0.015873
0	1
0	0.021164


