# Persistence diagram <GML/1209.gml>
#
# Dimension   : 0
# Entries     : 379
# Betti number: 1
0	inf
0	0.535211
0	1
0	0.112676
0	0.535211
0	0.112676
0	1
0	0.535211
0	1
0	0.535211
0	1
0	0.535211
0	1
0	1
0	0.112676
0	0.535211
0	1
0	0.0422535
0	1
0	0.056338
0	0.112676
0	0.535211
0	1
0	0.0633803
0	0.535211
0	1
0	0.056338
0	1
0	0.112676
0	1
0	0.0211268
0	0.0704225
0	0.0211268
0	0.0633803
0	0.0633803
0	0.0140845
0	0.0633803
0	0.0211268
0	0.112676
0	0.112676
0	0.535211
0	0.0774648
0	1
0	0.535211
0	1
0	1
0	0.0422535
0	0.112676
0	0.0422535
0	1
0	1
0	1
0	1
0	0.535211
0	0.0633803
0	0.0352113
0	0.0422535
0	0.535211
0	1
0	0.0140845
0	1
0	0.112676
0	0.0422535
0	0.028169
0	0.0422535
0	0.0352113
0	0.0422535
0	0.0211268
0	1
0	0.028169
0	0.535211
0	0.0352113
0	0.535211
0	0.0422535
0	0.0140845
0	0.535211
0	0.0211268
0	0.535211
0	0.0774648
0	0.112676
0	1
0	0.0704225
0	0.535211
0	0.112676
0	0.0211268
0	0.0422535
0	0.535211
0	0.0422535
0	1
0	0.535211
0	0.535211
0	1
0	0.0352113
0	0.112676
0	0.535211
0	0.0422535
0	0.0352113
0	0.0633803
0	0.0422535
0	0.0633803
0	0.0633803
0	0.0422535
0	0.112676
0	0.0352113
0	0.535211
0	0.0211268
0	0.056338
0	0.0211268
0	1
0	0.028169
0	0.056338
0	0.535211
0	0.0140845
0	0.0774648
0	1
0	1
0	0.0774648
0	0.0211268
0	0.028169
0	0.0422535
0	0.535211
0	0.0211268
0	1
0	0.0140845
0	0.112676
0	0.0704225
0	0.112676
0	0.056338
0	1
0	0.028169
0	0.028169
0	0.0211268
0	0.535211
0	0.0704225
0	0.0211268
0	0.028169
0	0.0774648
0	0.535211
0	0.0633803
0	0.0140845
0	0.0774648
0	0.0211268
0	1
0	0.0704225
0	0.0422535
0	0.0422535
0	0.0352113
0	0.0422535
0	0.0352113
0	0.535211
0	0.056338
0	0.535211
0	0.0633803
0	1
0	0.535211
0	0.0422535
0	0.112676
0	0.028169
0	1
0	0.0211268
0	0.028169
0	0.0140845
0	0.0211268
0	0.028169
0	0.0140845
0	0.535211
0	1
0	0.028169
0	1
0	0.0704225
0	0.0422535
0	0.535211
0	0.535211
0	0.0352113
0	1
0	1
0	1
0	0.535211
0	0.0422535
0	0.0352113
0	0.0211268
0	1
0	0.0352113
0	0.028169
0	0.028169
0	1
0	1
0	0.0140845
0	1
0	0.0352113
0	0.0140845
0	0.0140845
0	1
0	1
0	1
0	0.0211268
0	0.535211
0	0.0211268
0	0.0140845
0	0.028169
0	0.028169
0	0.028169
0	0.0211268
0	0.0211268
0	1
0	0.535211
0	0.028169
0	0.0352113
0	0.535211
0	0.535211
0	0.0422535
0	0.0211268
0	0.0140845
0	0.0140845
0	0.0211268
0	0.028169
0	0.028169
0	1
0	0.535211
0	0.535211
0	0.0140845
0	0.535211
0	0.0422535
0	0.0352113
0	0.0140845
0	0.535211
0	0.535211
0	0.0422535
0	1
0	0.535211
0	1
0	1
0	1
0	1
0	0.0211268
0	1
0	0.535211
0	0.0140845
0	0.535211
0	0.0211268
0	1
0	0.0140845
0	0.535211
0	0.535211
0	0.112676
0	1
0	0.535211
0	0.535211
0	0.0211268
0	0.0211268
0	0.0140845
0	0.535211
0	0.0140845
0	0.0140845
0	0.0140845
0	0.0140845
0	0.535211
0	0.0633803
0	1
0	0.0422535
0	0.0140845
0	0.0211268
0	0.0422535
0	0.0352113
0	0.0140845
0	1
0	1
0	0.0774648
0	0.112676
0	0.0211268
0	0.0211268
0	0.028169
0	0.028169
0	0.0140845
0	0.112676
0	0.0352113
0	0.535211
0	0.0704225
0	0.0352113
0	0.0140845
0	1
0	1
0	0.028169
0	0.0422535
0	0.535211
0	0.535211
0	1
0	0.0352113
0	0.028169
0	0.0704225
0	1
0	0.0422535
0	0.0140845
0	0.0774648
0	0.535211
0	0.0352113
0	0.056338
0	0.0211268
0	0.0140845
0	0.0211268
0	0.0140845
0	1
0	0.112676
0	0.0422535
0	1
0	0.0422535
0	0.0211268
0	1
0	0.0422535
0	0.535211
0	1
0	0.112676
0	0.0211268
0	0.0352113
0	0.0633803
0	0.0140845
0	0.112676
0	0.0140845
0	0.112676
0	0.0140845
0	0.0140845
0	0.112676
0	1
0	0.535211
0	0.535211
0	1
0	0.112676
0	0.0352113
0	1
0	0.0774648
0	0.0140845
0	0.0211268
0	0.112676
0	0.028169
0	0.0140845
0	0.0633803
0	0.028169
0	0.0140845
0	1
0	0.0211268
0	0.0140845
0	0.028169
0	0.0211268
0	0.535211
0	0.535211
0	0.0140845
0	0.0352113
0	0.535211
0	1
0	0.0211268
0	0.112676
0	0.0211268
0	0.0422535
0	0.0211268
0	1
0	1
0	0.0211268
0	0.535211
0	1
0	0.0422535
0	0.0140845
0	1
0	0.0422535
0	0.0211268
0	0.0352113
0	1
0	0.0140845
0	1
0	1
0	0.535211
0	0.535211
0	0.112676
0	0.0774648
0	0.112676
0	0.0140845
0	0.535211
0	1
0	1
0	1


