# Persistence diagram <GML/1212.gml>
#
# Dimension   : 0
# Entries     : 293
# Betti number: 1
0	inf
0	1
0	0.552381
0	0.552381
0	0.552381
0	0.552381
0	0.552381
0	1
0	1
0	0.047619
0	0.552381
0	1
0	1
0	1
0	1
0	1
0	1
0	1
0	0.552381
0	0.552381
0	0.552381
0	0.552381
0	0.552381
0	0.552381
0	0.552381
0	0.552381
0	1
0	1
0	1
0	1
0	0.0333333
0	0.0238095
0	0.552381
0	0.552381
0	1
0	1
0	0.0190476
0	0.552381
0	0.0285714
0	1
0	1
0	0.552381
0	1
0	1
0	1
0	1
0	0.552381
0	0.552381
0	0.0333333
0	1
0	0.0333333
0	0.0333333
0	0.552381
0	0.552381
0	1
0	0.552381
0	1
0	0.552381
0	1
0	0.552381
0	1
0	1
0	0.552381
0	0.552381
0	1
0	0.552381
0	0.552381
0	1
0	1
0	0.552381
0	0.552381
0	1
0	1
0	0.552381
0	0.552381
0	1
0	1
0	1
0	1
0	1
0	1
0	1
0	0.552381
0	0.047619
0	0.552381
0	0.047619
0	0.552381
0	1
0	0.0190476
0	0.552381
0	1
0	1
0	1
0	1
0	1
0	0.552381
0	0.552381
0	0.0142857
0	0.552381
0	0.047619
0	1
0	1
0	0.00952381
0	1
0	1
0	0.047619
0	1
0	0.552381
0	0.552381
0	0.0238095
0	1
0	0.552381
0	1
0	1
0	0.552381
0	0.0142857
0	0.552381
0	1
0	1
0	0.552381
0	0.552381
0	0.552381
0	0.552381
0	0.0190476
0	0.552381
0	1
0	1
0	0.552381
0	0.552381
0	1
0	1
0	1
0	0.552381
0	1
0	0.0333333
0	0.552381
0	1
0	0.552381
0	0.552381
0	0.552381
0	1
0	0.0142857
0	1
0	1
0	0.552381
0	0.552381
0	1
0	1
0	0.552381
0	0.552381
0	1
0	0.552381
0	1
0	0.552381
0	0.552381
0	1
0	1
0	0.552381
0	1
0	0.552381
0	0.552381
0	1
0	0.00952381
0	1
0	1
0	0.00952381
0	0.0142857
0	0.552381
0	1
0	1
0	0.552381
0	0.552381
0	1
0	0.552381
0	0.00952381
0	0.00952381
0	1
0	0.0142857
0	1
0	0.0142857
0	1
0	0.552381
0	1
0	0.552381
0	1
0	0.552381
0	0.0190476
0	1
0	0.552381
0	0.0333333
0	1
0	0.00952381
0	0.00952381
0	1
0	1
0	1
0	1
0	1
0	1
0	0.00952381
0	0.552381
0	0.552381
0	1
0	1
0	1
0	0.0285714
0	0.552381
0	0.552381
0	1
0	1
0	0.552381
0	1
0	1
0	1
0	0.552381
0	0.0142857
0	1
0	1
0	0.552381
0	0.552381
0	1
0	0.00952381
0	0.552381
0	1
0	0.552381
0	0.552381
0	1
0	0.552381
0	0.0142857
0	0.047619
0	0.552381
0	0.552381
0	0.0190476
0	0.0285714
0	0.0238095
0	0.552381
0	0.552381
0	0.00952381
0	0.552381
0	0.552381
0	0.0333333
0	0.0333333
0	0.0333333
0	1
0	0.552381
0	1
0	1
0	1
0	0.00952381
0	1
0	0.552381
0	1
0	0.552381
0	1
0	0.552381
0	0.552381
0	0.552381
0	0.552381
0	0.552381
0	1
0	0.552381
0	0.552381
0	1
0	1
0	0.552381
0	1
0	1
0	0.552381
0	1
0	0.552381
0	0.552381
0	1
0	1
0	0.0190476
0	1
0	1
0	0.047619
0	1
0	0.552381
0	0.00952381
0	0.0285714
0	0.552381
0	1
0	1
0	0.0142857
0	1
0	1
0	1
0	1
0	0.552381
0	0.552381
0	0.552381
0	1


