# Persistence diagram <GML/1215.gml>
#
# Dimension   : 0
# Entries     : 331
# Betti number: 1
0	inf
0	0.772021
0	0.772021
0	0.772021
0	1
0	1
0	1
0	1
0	1
0	1
0	1
0	0.772021
0	1
0	1
0	0.772021
0	0.772021
0	0.772021
0	1
0	0.772021
0	0.772021
0	0.0207254
0	0.0259067
0	1
0	0.772021
0	0.772021
0	1
0	1
0	0.772021
0	0.772021
0	0.772021
0	0.772021
0	0.0207254
0	1
0	0.772021
0	1
0	0.772021
0	0.772021
0	0.0310881
0	0.772021
0	1
0	0.0207254
0	0.772021
0	0.772021
0	1
0	1
0	0.772021
0	0.015544
0	0.0259067
0	0.772021
0	1
0	0.0207254
0	0.0103627
0	0.015544
0	1
0	0.772021
0	0.772021
0	0.0103627
0	0.772021
0	0.772021
0	1
0	0.772021
0	0.772021
0	0.772021
0	1
0	1
0	0.772021
0	0.772021
0	1
0	0.772021
0	0.015544
0	0.772021
0	1
0	0.772021
0	0.772021
0	1
0	1
0	0.772021
0	1
0	0.772021
0	0.015544
0	0.772021
0	0.772021
0	0.772021
0	1
0	0.0310881
0	1
0	0.0207254
0	1
0	0.0259067
0	0.0259067
0	0.015544
0	1
0	0.0259067
0	0.772021
0	0.772021
0	0.772021
0	0.015544
0	0.0414508
0	0.0414508
0	0.772021
0	1
0	0.772021
0	0.772021
0	0.015544
0	0.772021
0	0.0207254
0	0.772021
0	0.772021
0	0.0103627
0	1
0	0.772021
0	0.772021
0	0.0207254
0	0.772021
0	0.0103627
0	0.772021
0	1
0	0.0259067
0	0.015544
0	0.772021
0	0.772021
0	0.0207254
0	0.0207254
0	1
0	0.772021
0	0.772021
0	0.772021
0	0.0103627
0	0.0310881
0	0.772021
0	0.772021
0	1
0	0.015544
0	0.0259067
0	0.772021
0	0.772021
0	0.772021
0	0.0207254
0	0.772021
0	0.772021
0	1
0	1
0	0.0103627
0	0.0207254
0	0.0207254
0	0.772021
0	0.0414508
0	0.772021
0	1
0	1
0	1
0	0.0310881
0	0.0207254
0	0.772021
0	1
0	0.772021
0	0.0414508
0	0.772021
0	0.772021
0	0.772021
0	1
0	0.015544
0	0.015544
0	0.772021
0	1
0	0.772021
0	0.0259067
0	0.772021
0	0.772021
0	0.772021
0	0.772021
0	1
0	1
0	1
0	0.0103627
0	1
0	1
0	1
0	1
0	0.772021
0	0.772021
0	0.772021
0	0.772021
0	0.772021
0	0.772021
0	1
0	1
0	0.772021
0	0.772021
0	0.015544
0	0.0103627
0	0.772021
0	0.015544
0	0.772021
0	0.772021
0	0.772021
0	0.772021
0	0.772021
0	0.772021
0	0.772021
0	1
0	0.772021
0	1
0	0.772021
0	0.772021
0	0.772021
0	0.015544
0	0.0414508
0	0.772021
0	0.772021
0	0.015544
0	0.015544
0	1
0	0.772021
0	0.772021
0	0.0259067
0	0.772021
0	1
0	0.015544
0	1
0	0.015544
0	0.772021
0	0.772021
0	0.772021
0	1
0	0.0103627
0	0.0207254
0	1
0	0.772021
0	1
0	0.0414508
0	1
0	0.015544
0	0.0103627
0	1
0	0.015544
0	0.772021
0	1
0	0.0207254
0	0.0103627
0	0.0103627
0	0.772021
0	0.0207254
0	1
0	0.0103627
0	0.015544
0	0.0103627
0	0.0103627
0	0.015544
0	0.772021
0	1
0	1
0	0.0103627
0	0.0207254
0	0.0207254
0	0.772021
0	0.772021
0	0.772021
0	0.015544
0	0.0207254
0	0.0207254
0	1
0	0.772021
0	0.772021
0	0.015544
0	0.772021
0	1
0	0.0414508
0	0.772021
0	0.015544
0	0.0259067
0	0.772021
0	0.772021
0	0.0103627
0	0.015544
0	0.0207254
0	0.015544
0	1
0	1
0	0.772021
0	0.0103627
0	1
0	0.772021
0	0.0207254
0	0.0207254
0	0.772021
0	0.0207254
0	0.0310881
0	0.015544
0	0.772021
0	0.772021
0	1
0	0.0103627
0	0.0207254
0	0.0207254
0	0.772021
0	0.772021
0	1
0	0.0310881
0	0.772021
0	1
0	0.772021
0	1
0	0.0207254
0	0.772021
0	0.772021
0	0.0259067
0	0.0103627
0	0.0259067
0	0.772021
0	0.015544
0	0.772021
0	0.0103627
0	0.772021
0	0.0103627
0	0.0103627
0	0.772021
0	0.0103627
0	0.0259067
0	0.772021
0	0.015544
0	0.0207254
0	1
0	0.772021
0	0.0103627
0	0.772021
0	0.015544
0	1
0	1
0	0.0103627
0	1


