# Persistence diagram <GML/1216.gml>
#
# Dimension   : 0
# Entries     : 358
# Betti number: 2
0	inf
0	0.541176
0	0.541176
0	0.541176
0	0.541176
0	0.541176
0	1
0	1
0	1
0	0.0470588
0	1
0	0.541176
0	0.541176
0	1
0	0.541176
0	0.541176
0	1
0	0.0176471
0	1
0	0.541176
0	0.0411765
0	0.0588235
0	1
0	0.0411765
0	0.541176
0	1
0	0.0470588
0	0.0411765
0	1
0	0.0176471
0	1
0	0.541176
0	0.541176
0	0.541176
0	0.0470588
0	0.0411765
0	1
0	1
0	0.0176471
0	0.541176
0	0.541176
0	0.541176
0	1
0	1
0	0.541176
0	1
0	0.0176471
0	0.541176
0	0.541176
0	0.0588235
0	1
0	1
0	0.541176
0	1
0	1
0	0.0176471
0	0.0176471
0	0.0588235
0	0.0411765
0	0.0470588
0	0.0117647
0	0.541176
0	0.0470588
0	0.541176
0	1
0	0.541176
0	0.0176471
0	0.0176471
0	1
0	1
0	0.541176
0	0.541176
0	1
0	0.541176
0	0.541176
0	0.0117647
0	0.0117647
0	1
0	0.0117647
0	0.0294118
0	1
0	0.541176
0	0.541176
0	0.541176
0	1
0	0.541176
0	0.541176
0	1
0	0.541176
0	0.0470588
0	0.0470588
0	0.0294118
0	0.541176
0	0.541176
0	1
0	1
0	1
0	0.541176
0	0.541176
0	0.0411765
0	1
0	0.541176
0	1
0	0.541176
0	0.0176471
0	0.0117647
0	0.0294118
0	0.0470588
0	0.0294118
0	1
0	1
0	0.541176
0	0.0117647
0	0.0117647
0	0.0470588
0	0.541176
0	1
0	0.0117647
0	1
0	0.541176
0	0.0411765
0	0.0117647
0	0.0117647
0	1
0	1
0	0.0117647
0	0.0176471
0	0.541176
0	0.541176
0	0.0117647
0	0.0176471
0	0.541176
0	0.541176
0	0.0117647
0	0.0117647
0	1
0	0.541176
0	0.0411765
0	0.0176471
0	1
0	0.541176
0	0.0294118
0	0.0176471
0	0.0176471
0	1
0	1
0	0.541176
0	1
0	0.0411765
0	0.541176
0	0.0176471
0	1
0	0.0117647
0	1
0	0.0294118
0	0.541176
0	0.541176
0	1
0	0.0294118
0	0.0470588
0	0.0294118
0	0.0235294
0	1
0	0.0176471
0	1
0	1
0	0.541176
0	0.0176471
0	0.0588235
0	0.0176471
0	0.0470588
0	1
0	0.0470588
0	0.0470588
0	1
0	0.541176
0	0.0588235
0	0.0235294
0	0.0470588
0	0.541176
0	0.0117647
0	1
0	0.0117647
0	1
0	0.541176
0	1
0	1
0	0.0117647
0	0.0117647
0	0.541176
0	0.0470588
0	1
0	0.0176471
0	0.0117647
0	0.541176
0	0.0176471
0	0.0294118
0	0.541176
0	0.0176471
0	0.0235294
0	1
0	0.0117647
0	0.0588235
0	0.541176
0	1
0	1
0	0.541176
0	inf
0	1
0	0.541176
0	0.0117647
0	0.0176471
0	1
0	1
0	0.0235294
0	0.541176
0	0.541176
0	1
0	0.0176471
0	0.0117647
0	1
0	0.541176
0	0.0176471
0	0.0470588
0	0.0176471
0	0.0352941
0	0.0117647
0	0.0235294
0	1
0	0.0294118
0	0.0176471
0	1
0	0.0176471
0	0.0117647
0	0.0117647
0	0.0117647
0	0.541176
0	0.541176
0	1
0	0.0117647
0	0.0176471
0	0.0235294
0	0.0235294
0	0.0235294
0	0.0352941
0	0.0294118
0	0.0176471
0	0.0117647
0	0.0117647
0	0.0117647
0	0.541176
0	0.541176
0	0.0294118
0	0.0235294
0	0.0117647
0	0.0117647
0	0.0588235
0	1
0	0.0235294
0	0.0470588
0	0.0117647
0	0.0294118
0	0.541176
0	0.0117647
0	0.0176471
0	0.0470588
0	0.541176
0	0.0588235
0	0.0176471
0	0.541176
0	0.541176
0	0.0117647
0	0.0176471
0	0.0117647
0	0.0411765
0	1
0	0.0176471
0	0.541176
0	0.0117647
0	0.0117647
0	1
0	0.0176471
0	1
0	0.0176471
0	0.0117647
0	0.0117647
0	1
0	0.0117647
0	1
0	0.0117647
0	0.0235294
0	0.0470588
0	1
0	0.541176
0	0.0117647
0	0.0117647
0	0.0117647
0	0.0117647
0	0.0176471
0	0.0117647
0	0.0117647
0	0.0176471
0	0.0117647
0	0.541176
0	0.0117647
0	0.541176
0	1
0	0.0176471
0	0.0176471
0	0.0117647
0	0.0117647
0	1
0	0.0176471
0	0.541176
0	1
0	0.0176471
0	0.541176
0	0.541176
0	0.0176471
0	0.0117647
0	0.541176
0	0.0117647
0	0.0176471
0	0.0588235
0	0.541176
0	0.0470588
0	0.541176
0	0.0176471
0	0.0117647
0	0.0117647
0	0.0117647
0	0.0117647
0	0.0117647
0	0.541176
0	0.0117647
0	0.0176471
0	0.0117647
0	1
0	0.541176
0	1
0	0.0117647
0	0.541176
0	0.0176471
0	0.0176471
0	0.0176471
0	0.0176471
0	1
0	0.541176
0	0.0117647
0	0.0117647
0	0.0235294
0	0.0117647
0	0.0176471
0	0.0117647
0	0.0352941
0	0.0117647
0	0.0176471
0	0.541176


