# Persistence diagram <GML/1222.gml>
#
# Dimension   : 0
# Entries     : 267
# Betti number: 2
0	inf
0	1
0	0.778571
0	0.778571
0	0.778571
0	1
0	1
0	0.15
0	0.0142857
0	0.778571
0	0.778571
0	0.05
0	0.778571
0	0.778571
0	0.778571
0	0.0214286
0	0.778571
0	1
0	0.778571
0	1
0	0.778571
0	0.0214286
0	0.778571
0	0.778571
0	0.778571
0	0.778571
0	1
0	1
0	1
0	0.15
0	0.778571
0	0.05
0	1
0	0.778571
0	0.778571
0	0.778571
0	0.778571
0	0.778571
0	0.0214286
0	0.0357143
0	0.778571
0	0.0357143
0	1
0	inf
0	1
0	0.778571
0	0.0357143
0	0.778571
0	0.778571
0	0.778571
0	0.778571
0	0.0214286
0	0.778571
0	1
0	0.778571
0	0.0285714
0	0.0357143
0	0.778571
0	0.778571
0	0.778571
0	1
0	0.778571
0	0.0142857
0	0.778571
0	0.15
0	0.0214286
0	0.778571
0	0.778571
0	1
0	0.0357143
0	0.778571
0	0.15
0	1
0	0.778571
0	0.778571
0	0.778571
0	0.778571
0	1
0	0.0357143
0	0.778571
0	0.0357143
0	0.778571
0	0.15
0	0.778571
0	0.15
0	0.15
0	1
0	0.778571
0	0.778571
0	0.15
0	0.0214286
0	0.0357143
0	0.778571
0	0.0357143
0	0.778571
0	0.0285714
0	1
0	0.0142857
0	0.0214286
0	0.778571
0	0.05
0	0.778571
0	1
0	0.0285714
0	0.0285714
0	0.778571
0	0.05
0	1
0	0.0142857
0	0.0357143
0	0.0214286
0	0.778571
0	0.778571
0	0.15
0	0.0214286
0	0.0285714
0	0.0285714
0	0.05
0	1
0	0.05
0	0.778571
0	1
0	0.0285714
0	1
0	0.0214286
0	0.0214286
0	0.0142857
0	0.0214286
0	0.15
0	0.0214286
0	0.778571
0	0.00714286
0	0.778571
0	1
0	0.0214286
0	0.15
0	0.778571
0	0.0357143
0	0.0357143
0	0.0285714
0	0.15
0	0.778571
0	0.778571
0	1
0	0.0214286
0	0.778571
0	0.778571
0	0.0142857
0	1
0	0.778571
0	0.0214286
0	0.15
0	0.0214286
0	1
0	0.0285714
0	0.778571
0	0.778571
0	0.778571
0	0.778571
0	0.778571
0	0.778571
0	0.0214286
0	0.0357143
0	0.0142857
0	0.0214286
0	0.0214286
0	1
0	0.0214286
0	0.0214286
0	0.0214286
0	0.0285714
0	0.0285714
0	0.0357143
0	0.15
0	0.15
0	0.778571
0	0.05
0	0.778571
0	0.0285714
0	1
0	0.778571
0	0.0285714
0	0.0142857
0	0.778571
0	0.0142857
0	0.05
0	1
0	0.15
0	0.778571
0	0.0214286
0	0.0214286
0	0.0214286
0	1
0	0.0142857
0	0.0285714
0	0.778571
0	0.778571
0	1
0	0.778571
0	0.0285714
0	0.15
0	1
0	1
0	0.778571
0	0.778571
0	0.778571
0	0.0142857
0	0.0357143
0	0.0142857
0	0.778571
0	0.778571
0	0.0214286
0	0.15
0	0.778571
0	0.778571
0	0.0357143
0	1
0	1
0	1
0	0.0214286
0	1
0	0.778571
0	0.778571
0	0.0285714
0	0.0142857
0	0.0285714
0	0.778571
0	0.0214286
0	0.05
0	0.778571
0	0.0357143
0	0.0142857
0	0.0142857
0	0.05
0	0.0142857
0	0.0357143
0	0.778571
0	0.0214286
0	1
0	1
0	0.0142857
0	0.778571
0	1
0	1
0	1
0	0.0214286
0	0.778571
0	0.0214286
0	0.0357143
0	0.0142857
0	0.0142857
0	1
0	0.0214286
0	0.0357143
0	0.778571
0	0.778571
0	1
0	0.0214286
0	0.0285714
0	1
0	0.778571
0	0.0357143
0	1
0	0.778571
0	0.0142857
0	0.778571
0	1


