# Persistence diagram <GML/1225.gml>
#
# Dimension   : 0
# Entries     : 375
# Betti number: 1
0	inf
0	1
0	1
0	1
0	0.516588
0	1
0	0.516588
0	1
0	1
0	0.516588
0	0.516588
0	1
0	1
0	1
0	0.516588
0	1
0	1
0	1
0	0.0189573
0	1
0	0.516588
0	0.516588
0	0.516588
0	0.516588
0	0.516588
0	0.516588
0	0.516588
0	1
0	0.516588
0	0.516588
0	0.516588
0	0.516588
0	0.516588
0	0.516588
0	1
0	0.516588
0	0.516588
0	1
0	0.516588
0	0.516588
0	1
0	0.516588
0	0.014218
0	1
0	1
0	1
0	1
0	0.516588
0	1
0	0.516588
0	1
0	0.516588
0	1
0	1
0	0.516588
0	1
0	0.516588
0	0.028436
0	1
0	0.028436
0	1
0	0.516588
0	0.516588
0	1
0	0.516588
0	1
0	0.516588
0	1
0	0.0189573
0	0.516588
0	0.014218
0	1
0	1
0	0.014218
0	1
0	0.516588
0	0.00947867
0	1
0	0.0473934
0	1
0	1
0	0.516588
0	0.014218
0	0.516588
0	1
0	1
0	0.516588
0	1
0	1
0	0.516588
0	0.516588
0	1
0	0.516588
0	0.014218
0	1
0	0.0473934
0	1
0	0.516588
0	1
0	1
0	0.0379147
0	1
0	1
0	1
0	1
0	0.014218
0	1
0	1
0	1
0	0.0236967
0	1
0	0.516588
0	0.028436
0	0.516588
0	0.0473934
0	1
0	0.516588
0	1
0	0.516588
0	1
0	1
0	1
0	0.00947867
0	1
0	1
0	1
0	0.0189573
0	0.014218
0	1
0	0.0189573
0	1
0	0.014218
0	1
0	1
0	0.00947867
0	0.516588
0	0.014218
0	0.00947867
0	0.014218
0	1
0	0.0236967
0	0.014218
0	0.516588
0	0.516588
0	0.00947867
0	0.0189573
0	1
0	1
0	1
0	0.516588
0	1
0	0.014218
0	0.00947867
0	1
0	0.0236967
0	0.0473934
0	0.516588
0	0.0473934
0	0.014218
0	0.516588
0	1
0	0.516588
0	0.516588
0	1
0	1
0	1
0	0.516588
0	0.516588
0	0.516588
0	1
0	1
0	1
0	0.0236967
0	1
0	0.00947867
0	1
0	0.516588
0	0.516588
0	1
0	0.516588
0	0.00947867
0	1
0	1
0	0.516588
0	1
0	0.0189573
0	0.516588
0	1
0	1
0	0.0236967
0	0.516588
0	0.516588
0	1
0	1
0	1
0	0.516588
0	0.014218
0	0.014218
0	0.014218
0	0.0189573
0	0.0236967
0	0.516588
0	0.0189573
0	1
0	0.014218
0	0.516588
0	0.516588
0	1
0	0.516588
0	0.0473934
0	1
0	0.014218
0	1
0	0.014218
0	0.516588
0	0.014218
0	1
0	1
0	1
0	1
0	1
0	1
0	0.0473934
0	1
0	0.516588
0	0.0189573
0	1
0	0.516588
0	0.516588
0	0.00947867
0	1
0	0.0379147
0	1
0	0.516588
0	0.0189573
0	1
0	1
0	1
0	0.014218
0	1
0	1
0	1
0	1
0	0.00947867
0	0.014218
0	0.00947867
0	0.014218
0	1
0	0.516588
0	0.00947867
0	0.0189573
0	0.516588
0	1
0	0.014218
0	1
0	0.516588
0	1
0	1
0	0.0236967
0	0.028436
0	1
0	0.516588
0	0.014218
0	0.516588
0	1
0	1
0	0.00947867
0	0.516588
0	0.516588
0	0.014218
0	0.0379147
0	1
0	0.516588
0	0.014218
0	1
0	1
0	1
0	1
0	0.00947867
0	0.0379147
0	1
0	0.014218
0	1
0	1
0	0.014218
0	0.0236967
0	0.0473934
0	1
0	1
0	0.516588
0	0.00947867
0	0.516588
0	0.0236967
0	0.014218
0	0.0236967
0	1
0	1
0	1
0	0.516588
0	0.516588
0	0.516588
0	1
0	0.516588
0	0.516588
0	0.0189573
0	0.516588
0	1
0	0.516588
0	1
0	1
0	0.516588
0	0.0189573
0	1
0	0.516588
0	0.516588
0	1
0	1
0	0.014218
0	1
0	0.516588
0	1
0	0.0236967
0	0.0379147
0	0.00947867
0	0.0379147
0	1
0	1
0	0.516588
0	1
0	0.0189573
0	0.516588
0	1
0	0.516588
0	1
0	0.014218
0	0.014218
0	0.014218
0	0.014218
0	0.014218
0	1
0	0.014218
0	0.014218
0	0.0379147
0	1
0	1
0	0.00947867
0	0.516588
0	0.516588
0	0.00947867
0	0.0189573
0	0.516588
0	0.00947867
0	0.014218
0	1
0	0.014218
0	1
0	0.00947867
0	1
0	1
0	0.516588
0	1
0	0.014218
0	0.516588
0	0.00947867
0	0.516588
0	0.00947867
0	1
0	1
0	0.014218
0	0.00947867
0	0.014218
0	0.00947867
0	0.00947867
0	0.516588
0	1


