# Persistence diagram <GML/1227.gml>
#
# Dimension   : 0
# Entries     : 333
# Betti number: 1
0	inf
0	1
0	1
0	1
0	1
0	1
0	1
0	1
0	1
0	1
0	1
0	0.141935
0	1
0	1
0	1
0	1
0	1
0	1
0	1
0	1
0	1
0	1
0	1
0	1
0	1
0	1
0	1
0	1
0	1
0	1
0	1
0	0.141935
0	1
0	1
0	1
0	1
0	1
0	0.141935
0	1
0	1
0	0.0225806
0	1
0	1
0	0.141935
0	0.141935
0	0.141935
0	0.141935
0	0.141935
0	1
0	1
0	1
0	1
0	1
0	0.141935
0	1
0	1
0	0.141935
0	1
0	0.141935
0	1
0	0.141935
0	0.141935
0	1
0	0.0129032
0	0.00967742
0	1
0	1
0	1
0	1
0	1
0	0.0225806
0	0.141935
0	1
0	0.141935
0	1
0	0.0193548
0	1
0	1
0	1
0	1
0	0.016129
0	1
0	1
0	1
0	1
0	1
0	1
0	1
0	1
0	1
0	0.00967742
0	1
0	1
0	1
0	1
0	1
0	0.141935
0	1
0	0.141935
0	0.141935
0	1
0	0.00645161
0	1
0	1
0	1
0	1
0	1
0	1
0	0.016129
0	1
0	1
0	1
0	1
0	1
0	1
0	0.0193548
0	0.141935
0	1
0	0.141935
0	1
0	1
0	1
0	1
0	1
0	1
0	1
0	0.141935
0	1
0	1
0	1
0	1
0	0.141935
0	1
0	1
0	1
0	1
0	1
0	0.141935
0	1
0	1
0	0.141935
0	1
0	0.141935
0	1
0	1
0	1
0	0.141935
0	1
0	1
0	1
0	1
0	1
0	1
0	1
0	1
0	1
0	0.0193548
0	1
0	1
0	1
0	1
0	1
0	1
0	1
0	0.016129
0	1
0	1
0	0.141935
0	1
0	1
0	1
0	0.016129
0	1
0	0.0193548
0	1
0	1
0	1
0	1
0	0.016129
0	1
0	1
0	1
0	1
0	1
0	1
0	1
0	1
0	0.141935
0	0.0129032
0	1
0	1
0	0.00967742
0	1
0	0.141935
0	1
0	1
0	1
0	1
0	1
0	1
0	1
0	1
0	1
0	1
0	0.141935
0	1
0	0.00967742
0	1
0	1
0	1
0	1
0	1
0	1
0	1
0	1
0	1
0	1
0	1
0	1
0	1
0	1
0	1
0	1
0	1
0	1
0	1
0	1
0	0.00645161
0	1
0	1
0	1
0	0.0129032
0	1
0	1
0	1
0	1
0	0.141935
0	1
0	0.0193548
0	0.141935
0	1
0	1
0	1
0	1
0	1
0	1
0	1
0	1
0	1
0	0.141935
0	1
0	1
0	1
0	1
0	1
0	1
0	1
0	0.141935
0	1
0	1
0	1
0	1
0	1
0	0.141935
0	0.141935
0	1
0	1
0	1
0	1
0	1
0	0.141935
0	1
0	1
0	1
0	1
0	1
0	1
0	1
0	1
0	1
0	1
0	1
0	1
0	1
0	1
0	1
0	1
0	1
0	1
0	1
0	0.0193548
0	1
0	0.0193548
0	0.141935
0	0.0193548
0	0.141935
0	0.0193548
0	1
0	0.0225806
0	1
0	1
0	1
0	1
0	1
0	1
0	1
0	0.0129032
0	0.00645161
0	0.141935
0	1
0	0.0129032
0	1
0	1
0	1
0	0.00967742
0	1
0	1
0	1
0	1
0	1
0	1
0	1
0	1
0	0.0225806
0	1
0	1
0	0.00967742
0	1
0	1
0	1
0	1
0	1
0	0.0225806


