# Persistence diagram <GML/1228.gml>
#
# Dimension   : 0
# Entries     : 337
# Betti number: 1
0	inf
0	1
0	1
0	1
0	0.13099
0	1
0	1
0	1
0	1
0	1
0	1
0	1
0	1
0	0.13099
0	1
0	0.13099
0	1
0	1
0	1
0	0.13099
0	1
0	1
0	1
0	1
0	1
0	1
0	0.00638978
0	0.13099
0	1
0	1
0	1
0	1
0	1
0	1
0	0.13099
0	1
0	1
0	1
0	1
0	1
0	1
0	1
0	1
0	1
0	1
0	1
0	1
0	1
0	0.13099
0	1
0	1
0	0.13099
0	1
0	1
0	1
0	1
0	1
0	1
0	1
0	0.13099
0	0.13099
0	1
0	1
0	1
0	0.13099
0	1
0	1
0	1
0	1
0	1
0	0.00638978
0	1
0	1
0	1
0	1
0	1
0	1
0	1
0	1
0	1
0	1
0	1
0	1
0	0.00638978
0	1
0	1
0	1
0	1
0	1
0	0.13099
0	1
0	0.13099
0	1
0	1
0	1
0	1
0	1
0	1
0	1
0	1
0	0.13099
0	1
0	1
0	1
0	1
0	1
0	1
0	1
0	0.13099
0	1
0	1
0	0.00638978
0	0.00958466
0	1
0	1
0	1
0	1
0	0.13099
0	1
0	0.13099
0	1
0	1
0	1
0	1
0	1
0	1
0	1
0	0.13099
0	0.0127796
0	0.13099
0	1
0	1
0	1
0	1
0	1
0	1
0	1
0	1
0	1
0	1
0	1
0	1
0	1
0	0.13099
0	1
0	1
0	1
0	1
0	1
0	1
0	0.00638978
0	1
0	1
0	1
0	1
0	1
0	1
0	1
0	1
0	1
0	1
0	1
0	1
0	0.13099
0	1
0	1
0	0.0159744
0	1
0	1
0	1
0	0.00958466
0	1
0	1
0	1
0	1
0	1
0	1
0	0.13099
0	1
0	1
0	1
0	1
0	1
0	1
0	1
0	0.13099
0	1
0	1
0	1
0	1
0	1
0	1
0	1
0	1
0	0.0159744
0	1
0	1
0	0.00958466
0	1
0	1
0	1
0	1
0	1
0	1
0	1
0	1
0	1
0	1
0	1
0	1
0	1
0	1
0	1
0	1
0	0.00958466
0	1
0	0.13099
0	1
0	1
0	0.13099
0	1
0	1
0	0.13099
0	0.0159744
0	1
0	1
0	0.13099
0	1
0	1
0	1
0	1
0	1
0	1
0	1
0	1
0	1
0	1
0	0.00958466
0	1
0	1
0	1
0	1
0	1
0	1
0	1
0	1
0	1
0	1
0	1
0	1
0	1
0	1
0	1
0	0.0127796
0	1
0	1
0	1
0	1
0	1
0	1
0	0.00638978
0	0.13099
0	1
0	0.13099
0	1
0	1
0	1
0	0.13099
0	1
0	1
0	1
0	1
0	1
0	1
0	1
0	1
0	0.13099
0	1
0	1
0	1
0	1
0	1
0	1
0	1
0	1
0	1
0	0.13099
0	1
0	1
0	0.13099
0	0.00638978
0	1
0	1
0	1
0	1
0	1
0	1
0	1
0	1
0	1
0	1
0	1
0	1
0	1
0	1
0	1
0	1
0	1
0	1
0	1
0	1
0	1
0	1
0	0.13099
0	1
0	1
0	1
0	1
0	1
0	1
0	1
0	1
0	1
0	0.00638978
0	1
0	1
0	1
0	1
0	1
0	1
0	1
0	1
0	1
0	0.13099
0	1
0	1
0	1


