# Persistence diagram <GML/1231.gml>
#
# Dimension   : 0
# Entries     : 351
# Betti number: 1
0	inf
0	1
0	1
0	1
0	1
0	0.301887
0	1
0	0.0628931
0	0.0377358
0	1
0	0.301887
0	0.0377358
0	0.0188679
0	0.301887
0	1
0	0.301887
0	0.0377358
0	0.301887
0	0.0503145
0	0.0377358
0	1
0	1
0	0.301887
0	1
0	0.0377358
0	1
0	0.0314465
0	1
0	0.0628931
0	0.0628931
0	0.301887
0	1
0	1
0	1
0	0.301887
0	1
0	0.301887
0	0.0503145
0	0.0503145
0	0.0251572
0	0.0251572
0	0.0377358
0	0.0251572
0	0.301887
0	0.0628931
0	0.0188679
0	0.0377358
0	1
0	1
0	1
0	0.0125786
0	1
0	0.0251572
0	1
0	0.0377358
0	0.0188679
0	1
0	0.0377358
0	0.0125786
0	1
0	1
0	1
0	1
0	0.301887
0	1
0	0.0125786
0	0.0125786
0	0.0125786
0	0.0377358
0	0.0314465
0	0.0125786
0	1
0	0.0251572
0	1
0	0.0251572
0	0.0377358
0	0.0503145
0	0.301887
0	0.0628931
0	0.0628931
0	0.301887
0	0.301887
0	1
0	0.0125786
0	1
0	0.0251572
0	1
0	1
0	1
0	0.0188679
0	0.0251572
0	1
0	0.0377358
0	1
0	0.0377358
0	0.0188679
0	0.0125786
0	1
0	1
0	0.0314465
0	0.301887
0	1
0	0.0251572
0	0.301887
0	0.301887
0	1
0	0.0125786
0	0.0125786
0	1
0	0.301887
0	1
0	0.301887
0	0.0314465
0	0.0314465
0	0.0251572
0	0.0377358
0	0.0503145
0	0.0188679
0	0.0314465
0	0.0251572
0	0.0314465
0	1
0	0.0628931
0	1
0	1
0	0.0314465
0	1
0	0.0188679
0	0.301887
0	0.0314465
0	0.301887
0	0.0377358
0	0.0503145
0	0.0377358
0	0.0314465
0	1
0	0.0314465
0	1
0	0.0251572
0	0.301887
0	0.0188679
0	0.301887
0	0.0251572
0	1
0	1
0	1
0	0.301887
0	1
0	1
0	0.0251572
0	0.0125786
0	0.0314465
0	0.301887
0	1
0	0.0628931
0	0.0188679
0	0.0314465
0	0.0125786
0	0.0188679
0	1
0	1
0	0.0125786
0	0.0377358
0	0.0377358
0	0.301887
0	1
0	0.0125786
0	0.0125786
0	0.0251572
0	0.0125786
0	0.0314465
0	0.0188679
0	0.0628931
0	0.0503145
0	0.301887
0	0.0628931
0	0.301887
0	0.0314465
0	1
0	0.0188679
0	0.301887
0	0.0503145
0	0.301887
0	0.0251572
0	0.301887
0	0.0377358
0	0.0125786
0	1
0	0.0125786
0	0.0188679
0	0.0125786
0	1
0	1
0	1
0	0.0125786
0	0.301887
0	1
0	0.0125786
0	0.0377358
0	0.0377358
0	0.0188679
0	0.0125786
0	0.0125786
0	1
0	0.0188679
0	0.0125786
0	0.301887
0	0.301887
0	0.0377358
0	1
0	1
0	0.0125786
0	0.0125786
0	0.301887
0	0.0251572
0	0.0314465
0	0.0314465
0	1
0	0.0628931
0	1
0	0.0188679
0	0.0314465
0	0.0314465
0	0.0125786
0	0.0628931
0	0.0188679
0	0.0188679
0	1
0	0.0503145
0	0.0125786
0	0.0251572
0	0.301887
0	0.0125786
0	0.301887
0	0.0377358
0	0.0188679
0	1
0	0.0503145
0	1
0	0.0377358
0	0.0314465
0	1
0	0.0188679
0	0.0125786
0	0.0251572
0	0.0314465
0	0.0188679
0	1
0	0.0188679
0	1
0	0.0125786
0	0.0377358
0	0.0377358
0	0.0188679
0	0.0188679
0	0.0188679
0	0.0125786
0	0.0188679
0	0.0314465
0	0.0377358
0	0.0377358
0	0.0188679
0	1
0	0.0314465
0	0.0125786
0	0.0188679
0	0.0125786
0	1
0	0.0503145
0	0.0377358
0	0.0125786
0	0.0125786
0	1
0	0.0314465
0	0.0125786
0	0.301887
0	0.0251572
0	0.0125786
0	0.0125786
0	0.301887
0	1
0	0.0503145
0	0.0314465
0	0.0377358
0	0.0125786
0	0.0314465
0	0.0628931
0	0.0503145
0	0.0188679
0	0.0251572
0	0.0125786
0	0.0125786
0	0.0125786
0	1
0	0.301887
0	1
0	0.0251572
0	0.0125786
0	1
0	0.0125786
0	1
0	0.0188679
0	1
0	1
0	0.0188679
0	0.0125786
0	0.0125786
0	0.0251572
0	0.0125786
0	0.0377358
0	0.0125786
0	0.0125786
0	1
0	0.0628931
0	0.301887
0	0.0314465
0	1
0	1
0	0.0377358
0	0.0503145
0	0.0314465
0	0.0251572
0	1
0	0.0125786
0	0.0125786
0	0.0125786
0	0.0628931
0	0.0251572
0	0.0125786
0	0.0125786
0	0.0188679
0	1
0	0.0251572
0	0.301887
0	0.0251572
0	0.0251572
0	0.0188679
0	0.0314465
0	0.0125786
0	0.0125786
0	0.0125786
0	0.0125786
0	0.0125786
0	0.0125786
0	0.0188679
0	0.301887
0	0.0125786
0	0.0314465
0	0.0125786
0	0.0251572
0	1


