# Persistence diagram <GML/1233.gml>
#
# Dimension   : 0
# Entries     : 332
# Betti number: 1
0	inf
0	1
0	0.689076
0	0.689076
0	0.571429
0	0.689076
0	0.571429
0	0.571429
0	0.0168067
0	0.0840336
0	0.0840336
0	0.571429
0	1
0	0.571429
0	0.689076
0	0.571429
0	1
0	0.571429
0	0.689076
0	0.689076
0	1
0	0.571429
0	0.0840336
0	0.571429
0	0.571429
0	0.571429
0	1
0	0.689076
0	1
0	1
0	0.689076
0	0.571429
0	1
0	0.689076
0	0.571429
0	1
0	0.571429
0	0.689076
0	0.689076
0	0.689076
0	0.571429
0	1
0	0.689076
0	0.689076
0	0.0588235
0	0.689076
0	0.689076
0	0.571429
0	1
0	1
0	0.689076
0	0.689076
0	0.689076
0	1
0	1
0	0.571429
0	0.571429
0	0.0252101
0	0.571429
0	0.571429
0	0.571429
0	1
0	0.0336134
0	0.571429
0	0.0336134
0	0.689076
0	1
0	0.571429
0	0.0168067
0	0.571429
0	0.0588235
0	0.0588235
0	1
0	0.0588235
0	0.571429
0	1
0	0.689076
0	0.571429
0	0.689076
0	1
0	1
0	1
0	0.0420168
0	0.689076
0	1
0	0.0336134
0	0.689076
0	0.689076
0	0.0840336
0	0.0588235
0	0.571429
0	0.0336134
0	1
0	0.0168067
0	0.0168067
0	0.571429
0	0.571429
0	0.689076
0	0.571429
0	0.689076
0	0.571429
0	0.571429
0	0.571429
0	1
0	1
0	0.0252101
0	0.571429
0	0.0336134
0	1
0	0.0336134
0	0.0420168
0	0.571429
0	1
0	0.0252101
0	0.0840336
0	1
0	1
0	0.0252101
0	0.571429
0	0.0588235
0	1
0	0.0336134
0	0.689076
0	0.571429
0	0.0252101
0	0.0840336
0	1
0	0.0588235
0	0.689076
0	0.689076
0	0.0252101
0	0.0168067
0	1
0	0.0168067
0	0.571429
0	0.0168067
0	0.0336134
0	0.0252101
0	0.689076
0	1
0	0.571429
0	0.0336134
0	0.0420168
0	0.689076
0	0.0252101
0	0.571429
0	0.689076
0	0.0588235
0	0.0168067
0	0.0168067
0	0.0336134
0	0.0336134
0	0.689076
0	1
0	0.0252101
0	0.571429
0	0.0252101
0	0.0336134
0	0.0168067
0	0.0168067
0	0.0168067
0	0.0336134
0	0.0168067
0	0.571429
0	1
0	0.0420168
0	0.0252101
0	1
0	0.0336134
0	0.0588235
0	0.0336134
0	0.689076
0	0.0588235
0	1
0	1
0	0.0420168
0	0.571429
0	0.0336134
0	0.0336134
0	0.571429
0	1
0	0.0336134
0	0.689076
0	0.689076
0	0.0588235
0	1
0	0.0336134
0	0.0252101
0	0.571429
0	0.571429
0	1
0	0.571429
0	0.0252101
0	1
0	0.0252101
0	1
0	1
0	0.0336134
0	0.689076
0	0.689076
0	0.689076
0	0.689076
0	0.571429
0	0.0336134
0	0.571429
0	0.0252101
0	0.0252101
0	0.0252101
0	1
0	0.0420168
0	0.0420168
0	0.0168067
0	0.0252101
0	0.689076
0	0.0420168
0	0.0336134
0	0.571429
0	0.0252101
0	0.0168067
0	1
0	0.0168067
0	0.571429
0	0.571429
0	1
0	0.689076
0	1
0	0.0252101
0	0.689076
0	0.571429
0	0.0252101
0	0.571429
0	0.571429
0	1
0	0.0252101
0	0.689076
0	0.689076
0	0.0168067
0	0.0252101
0	0.0336134
0	0.0168067
0	1
0	1
0	0.0168067
0	0.0588235
0	0.0336134
0	1
0	0.0336134
0	0.0336134
0	0.0252101
0	0.571429
0	1
0	0.571429
0	0.571429
0	0.0168067
0	0.0588235
0	1
0	0.0336134
0	1
0	0.0336134
0	0.0168067
0	0.0168067
0	0.0588235
0	0.571429
0	0.0840336
0	0.0336134
0	1
0	0.571429
0	0.571429
0	0.0168067
0	0.0588235
0	0.0168067
0	0.0336134
0	0.0168067
0	0.0588235
0	0.571429
0	1
0	0.689076
0	0.689076
0	0.0420168
0	0.0168067
0	1
0	0.0336134
0	0.689076
0	0.0336134
0	0.0168067
0	0.689076
0	0.689076
0	0.0252101
0	0.689076
0	0.0588235
0	0.571429
0	0.0168067
0	1
0	0.689076
0	0.0588235
0	0.689076
0	0.0336134
0	0.0252101
0	0.0168067
0	0.0168067
0	0.0840336
0	0.0588235
0	1
0	0.0588235
0	0.0168067
0	0.0168067
0	0.689076
0	0.689076
0	0.0168067
0	1
0	0.689076
0	0.0336134
0	0.0168067
0	0.0840336
0	0.0168067
0	0.0336134
0	0.0420168
0	0.571429
0	0.0168067
0	0.0252101
0	0.0168067
0	0.0252101
0	0.0168067
0	1
0	0.689076
0	0.0336134
0	0.0336134
0	0.0168067
0	0.0336134
0	0.689076
0	0.689076
0	0.0420168


