# Persistence diagram <GML/1234.gml>
#
# Dimension   : 0
# Entries     : 295
# Betti number: 1
0	inf
0	1
0	1
0	1
0	1
0	0.711268
0	1
0	1
0	0.711268
0	0.0774648
0	0.711268
0	0.711268
0	0.056338
0	1
0	0.711268
0	0.0422535
0	0.0774648
0	1
0	0.711268
0	0.711268
0	0.0422535
0	0.0633803
0	1
0	0.0352113
0	0.0352113
0	1
0	0.0774648
0	1
0	1
0	0.711268
0	0.0211268
0	0.0774648
0	0.0140845
0	0.0422535
0	0.0422535
0	0.0352113
0	0.711268
0	0.0774648
0	0.0774648
0	0.0422535
0	0.711268
0	0.711268
0	0.711268
0	1
0	0.711268
0	0.0774648
0	1
0	1
0	0.711268
0	1
0	0.711268
0	0.711268
0	1
0	1
0	0.711268
0	0.028169
0	0.711268
0	0.711268
0	0.028169
0	0.056338
0	0.0422535
0	0.0633803
0	0.711268
0	0.711268
0	1
0	1
0	0.711268
0	0.056338
0	0.711268
0	0.711268
0	0.028169
0	1
0	1
0	0.056338
0	0.0633803
0	1
0	0.0140845
0	0.028169
0	0.056338
0	0.0140845
0	0.0352113
0	0.0422535
0	0.711268
0	0.0422535
0	1
0	0.0422535
0	0.0774648
0	0.711268
0	0.0211268
0	0.711268
0	0.711268
0	0.0352113
0	0.0140845
0	1
0	0.056338
0	1
0	1
0	0.711268
0	0.0985915
0	1
0	0.0211268
0	1
0	0.0422535
0	0.0774648
0	0.0211268
0	0.0985915
0	0.0352113
0	0.0352113
0	0.028169
0	1
0	0.711268
0	0.0211268
0	0.0352113
0	0.028169
0	0.056338
0	1
0	1
0	0.0422535
0	1
0	0.028169
0	0.0140845
0	0.711268
0	1
0	0.0633803
0	1
0	1
0	0.711268
0	0.0774648
0	0.711268
0	0.711268
0	0.056338
0	1
0	0.0211268
0	1
0	0.711268
0	0.711268
0	0.711268
0	0.056338
0	0.028169
0	0.711268
0	0.0422535
0	0.0774648
0	1
0	0.028169
0	0.0211268
0	0.0352113
0	0.0492958
0	0.711268
0	0.028169
0	0.0211268
0	0.0211268
0	0.711268
0	0.0422535
0	0.056338
0	0.711268
0	0.0352113
0	1
0	1
0	0.711268
0	1
0	0.0352113
0	0.0422535
0	0.0211268
0	0.028169
0	0.0774648
0	0.0140845
0	0.0211268
0	0.711268
0	0.0140845
0	0.028169
0	0.711268
0	0.0211268
0	0.711268
0	0.0422535
0	0.028169
0	0.0140845
0	1
0	0.0422535
0	0.0211268
0	0.711268
0	0.0422535
0	0.711268
0	0.0140845
0	0.0140845
0	0.0140845
0	0.711268
0	0.028169
0	0.056338
0	0.028169
0	0.0774648
0	0.711268
0	1
0	0.711268
0	0.0422535
0	1
0	0.0422535
0	0.0352113
0	0.0140845
0	1
0	1
0	0.0774648
0	1
0	1
0	0.711268
0	0.0774648
0	1
0	0.056338
0	0.0211268
0	0.711268
0	0.0422535
0	0.0633803
0	0.711268
0	0.0422535
0	0.0211268
0	0.0985915
0	0.028169
0	1
0	0.0774648
0	1
0	0.0352113
0	0.0352113
0	1
0	0.711268
0	0.0422535
0	0.0985915
0	1
0	1
0	0.028169
0	0.0352113
0	0.711268
0	0.711268
0	0.0211268
0	1
0	0.028169
0	0.0211268
0	0.0492958
0	1
0	1
0	0.0352113
0	0.0211268
0	1
0	0.056338
0	0.056338
0	0.0140845
0	0.0422535
0	1
0	0.0211268
0	0.711268
0	1
0	1
0	0.0140845
0	1
0	0.0985915
0	1
0	0.0352113
0	1
0	0.711268
0	0.0422535
0	0.711268
0	0.0774648
0	0.0140845
0	0.0422535
0	1
0	1
0	0.028169
0	0.0422535
0	1
0	0.711268
0	0.0422535
0	0.028169
0	0.0140845
0	0.0774648
0	0.0211268
0	1
0	0.0211268
0	0.0140845
0	0.711268
0	1
0	0.028169
0	1
0	0.711268
0	0.0492958
0	1
0	0.711268
0	0.0211268
0	0.711268
0	1
0	0.028169
0	0.0492958
0	0.0140845
0	0.0211268
0	0.0422535
0	0.0774648
0	0.711268
0	0.0140845


