# Persistence diagram <GML/1235.gml>
#
# Dimension   : 0
# Entries     : 371
# Betti number: 2
0	inf
0	1
0	0.772059
0	1
0	0.772059
0	0.772059
0	0.0661765
0	0.772059
0	1
0	0.772059
0	0.772059
0	0.0661765
0	0.772059
0	1
0	0.772059
0	1
0	1
0	0.772059
0	1
0	0.772059
0	0.772059
0	1
0	1
0	0.0147059
0	1
0	1
0	0.772059
0	1
0	0.772059
0	0.772059
0	0.772059
0	1
0	0.772059
0	0.772059
0	0.772059
0	0.772059
0	0.772059
0	0.772059
0	0.772059
0	1
0	0.0147059
0	1
0	0.772059
0	0.0147059
0	1
0	0.0588235
0	0.772059
0	0.0514706
0	0.772059
0	0.0661765
0	1
0	0.772059
0	0.0588235
0	0.0588235
0	0.0514706
0	0.772059
0	0.0441176
0	0.0441176
0	1
0	0.772059
0	1
0	0.0588235
0	0.0588235
0	0.772059
0	0.0220588
0	0.0661765
0	0.0147059
0	0.0220588
0	0.772059
0	1
0	0.0220588
0	0.0661765
0	0.0588235
0	0.772059
0	0.0661765
0	0.772059
0	0.772059
0	1
0	0.0661765
0	0.0367647
0	0.772059
0	0.0588235
0	1
0	1
0	0.772059
0	1
0	0.772059
0	0.0294118
0	0.0147059
0	0.772059
0	0.0588235
0	0.772059
0	0.0441176
0	0.772059
0	0.0441176
0	1
0	0.0441176
0	0.0367647
0	0.0367647
0	0.0588235
0	0.772059
0	0.0220588
0	1
0	1
0	1
0	0.0441176
0	0.0220588
0	0.0147059
0	0.0441176
0	0.772059
0	1
0	0.772059
0	0.772059
0	0.0294118
0	0.0367647
0	0.772059
0	0.0220588
0	1
0	0.772059
0	0.0147059
0	0.772059
0	0.772059
0	1
0	0.0294118
0	inf
0	0.0588235
0	1
0	0.0441176
0	0.0588235
0	0.772059
0	0.0147059
0	1
0	0.0220588
0	0.0220588
0	0.0367647
0	0.772059
0	0.0220588
0	0.0294118
0	0.0367647
0	0.772059
0	1
0	1
0	0.0294118
0	0.0294118
0	0.772059
0	0.0294118
0	0.0441176
0	0.0220588
0	0.0220588
0	0.0294118
0	1
0	0.0220588
0	0.0514706
0	1
0	1
0	1
0	0.0441176
0	0.0147059
0	1
0	0.0367647
0	0.0588235
0	0.0367647
0	0.0220588
0	0.0588235
0	0.0147059
0	0.772059
0	0.0147059
0	0.0220588
0	0.0220588
0	0.0147059
0	0.0588235
0	1
0	0.0220588
0	0.0661765
0	0.0220588
0	1
0	0.0441176
0	1
0	1
0	0.0514706
0	0.772059
0	0.0441176
0	0.0294118
0	0.0294118
0	0.772059
0	0.0367647
0	1
0	0.0661765
0	0.772059
0	0.0367647
0	0.0147059
0	0.0220588
0	1
0	0.0294118
0	0.772059
0	0.0294118
0	0.772059
0	0.0220588
0	0.0220588
0	0.0588235
0	0.772059
0	0.0294118
0	0.772059
0	0.0220588
0	0.0661765
0	0.772059
0	0.772059
0	0.772059
0	1
0	0.0441176
0	0.0367647
0	0.0220588
0	0.0367647
0	0.0147059
0	1
0	0.772059
0	0.0661765
0	0.772059
0	0.0661765
0	0.772059
0	0.0220588
0	0.772059
0	0.0294118
0	0.0661765
0	0.0588235
0	0.772059
0	0.0147059
0	0.0441176
0	0.772059
0	0.772059
0	0.0220588
0	0.0147059
0	0.772059
0	1
0	0.772059
0	0.0367647
0	0.0441176
0	0.0220588
0	0.0220588
0	0.0441176
0	0.0147059
0	0.772059
0	0.772059
0	0.0147059
0	1
0	0.0588235
0	0.0367647
0	0.0147059
0	1
0	1
0	0.0147059
0	0.0367647
0	0.0147059
0	0.0147059
0	0.772059
0	0.772059
0	0.0220588
0	0.0147059
0	0.0220588
0	0.772059
0	0.0588235
0	1
0	0.0147059
0	0.0294118
0	0.772059
0	1
0	0.0441176
0	0.0147059
0	0.0367647
0	1
0	0.772059
0	0.0441176
0	1
0	0.0220588
0	0.772059
0	0.772059
0	0.0147059
0	0.772059
0	0.0294118
0	1
0	0.0514706
0	0.0588235
0	1
0	0.772059
0	1
0	0.0441176
0	0.0220588
0	0.0441176
0	0.0147059
0	0.772059
0	0.0220588
0	1
0	0.0294118
0	0.0441176
0	0.772059
0	1
0	0.772059
0	0.0220588
0	0.0147059
0	0.772059
0	0.772059
0	0.772059
0	0.0220588
0	0.772059
0	0.0220588
0	0.0147059
0	0.0220588
0	0.0588235
0	0.0220588
0	0.0588235
0	0.0294118
0	0.772059
0	0.0294118
0	0.0147059
0	0.0220588
0	0.772059
0	0.772059
0	0.0294118
0	0.0147059
0	0.772059
0	0.0294118
0	0.0220588
0	0.0147059
0	0.772059
0	0.0220588
0	0.0220588
0	0.772059
0	0.0661765
0	0.0441176
0	0.0294118
0	0.772059
0	0.772059
0	0.0147059
0	0.0588235
0	0.0441176
0	0.772059
0	0.0661765
0	1
0	0.0147059
0	0.0220588
0	0.0147059
0	0.772059
0	0.0588235
0	0.0514706
0	0.0220588
0	0.0147059
0	0.0294118
0	1
0	0.0220588
0	0.0588235
0	0.772059
0	0.0147059
0	0.0220588
0	0.0147059
0	0.0147059
0	0.0367647
0	0.0220588
0	0.0147059
0	0.0147059
0	0.0220588
0	0.772059
0	1
0	1
0	0.0294118
0	0.0220588
0	0.772059
0	0.0294118
0	1
0	0.0294118
0	0.0220588
0	0.0514706


