# Persistence diagram <GML/1237.gml>
#
# Dimension   : 0
# Entries     : 389
# Betti number: 1
0	inf
0	1
0	0.546763
0	0.546763
0	0.546763
0	0.546763
0	1
0	0.546763
0	0.546763
0	0.546763
0	1
0	1
0	0.546763
0	0.546763
0	1
0	0.546763
0	0.546763
0	1
0	0.546763
0	0.0143885
0	0.546763
0	1
0	0.0359712
0	1
0	0.546763
0	0.546763
0	0.0503597
0	1
0	0.546763
0	0.546763
0	0.028777
0	0.546763
0	0.546763
0	1
0	1
0	0.028777
0	0.546763
0	0.0503597
0	0.057554
0	0.0719424
0	0.057554
0	0.546763
0	0.546763
0	0.0359712
0	0.0359712
0	0.0719424
0	0.0719424
0	0.0359712
0	0.028777
0	0.028777
0	1
0	0.0503597
0	0.0359712
0	1
0	0.0359712
0	0.0503597
0	1
0	0.0215827
0	0.0215827
0	0.0503597
0	0.028777
0	0.546763
0	0.057554
0	0.028777
0	0.0215827
0	1
0	1
0	1
0	0.0215827
0	0.546763
0	0.546763
0	1
0	1
0	0.546763
0	1
0	1
0	1
0	0.0143885
0	0.0215827
0	0.0359712
0	0.028777
0	0.0215827
0	0.0359712
0	1
0	1
0	1
0	0.0431655
0	0.0143885
0	0.028777
0	0.028777
0	1
0	0.0359712
0	0.0215827
0	0.057554
0	1
0	0.0503597
0	0.546763
0	0.546763
0	0.0143885
0	0.0143885
0	1
0	0.0143885
0	0.0215827
0	1
0	0.0143885
0	1
0	0.546763
0	0.546763
0	0.546763
0	0.0359712
0	1
0	0.0359712
0	0.0143885
0	0.546763
0	0.028777
0	1
0	0.028777
0	0.057554
0	0.546763
0	1
0	0.0143885
0	1
0	0.546763
0	0.0503597
0	1
0	0.0215827
0	1
0	0.0215827
0	0.0215827
0	1
0	0.028777
0	0.0143885
0	0.546763
0	0.0215827
0	0.0503597
0	1
0	0.0215827
0	0.0215827
0	0.0359712
0	0.028777
0	0.0215827
0	1
0	0.0719424
0	0.0143885
0	0.0215827
0	0.0143885
0	0.057554
0	0.0503597
0	0.0503597
0	0.546763
0	0.0359712
0	0.546763
0	0.028777
0	0.028777
0	0.057554
0	1
0	0.546763
0	1
0	0.057554
0	0.0215827
0	0.0143885
0	0.028777
0	0.028777
0	1
0	0.0431655
0	0.0215827
0	0.0503597
0	0.0143885
0	0.0359712
0	0.0215827
0	0.0143885
0	0.028777
0	0.0359712
0	1
0	1
0	0.0719424
0	0.0215827
0	0.028777
0	0.0359712
0	1
0	0.546763
0	0.546763
0	0.546763
0	0.546763
0	0.028777
0	0.546763
0	0.028777
0	0.0215827
0	0.0359712
0	1
0	0.0143885
0	0.0143885
0	0.057554
0	0.0719424
0	0.0215827
0	0.0719424
0	0.0143885
0	0.0143885
0	0.546763
0	0.028777
0	0.028777
0	0.0719424
0	0.0143885
0	0.028777
0	0.028777
0	0.0503597
0	1
0	0.0215827
0	0.028777
0	0.0359712
0	0.0431655
0	0.546763
0	0.028777
0	0.0359712
0	0.546763
0	0.546763
0	0.057554
0	0.057554
0	0.0215827
0	0.028777
0	0.0215827
0	0.0215827
0	0.0215827
0	0.546763
0	0.0359712
0	0.0143885
0	0.546763
0	0.0359712
0	0.0143885
0	0.0143885
0	0.028777
0	0.0215827
0	1
0	0.0215827
0	0.028777
0	0.0143885
0	0.0215827
0	0.0215827
0	0.028777
0	0.0143885
0	0.028777
0	0.028777
0	0.546763
0	0.028777
0	0.0215827
0	0.0215827
0	0.0503597
0	1
0	0.0143885
0	0.546763
0	0.546763
0	0.057554
0	0.0143885
0	0.0503597
0	0.057554
0	1
0	0.0215827
0	0.0143885
0	0.0143885
0	0.0143885
0	0.028777
0	1
0	0.0215827
0	1
0	1
0	0.0359712
0	1
0	0.546763
0	0.0143885
0	0.0143885
0	1
0	0.0431655
0	0.0143885
0	0.028777
0	0.0215827
0	0.0359712
0	0.0143885
0	0.0215827
0	0.028777
0	0.028777
0	1
0	0.0215827
0	0.028777
0	0.0143885
0	0.0143885
0	1
0	0.0143885
0	0.0143885
0	0.028777
0	0.546763
0	0.0143885
0	0.028777
0	0.0215827
0	0.0359712
0	0.0143885
0	0.0215827
0	1
0	0.0503597
0	0.028777
0	0.0359712
0	1
0	0.546763
0	0.028777
0	0.0143885
0	0.546763
0	0.028777
0	0.546763
0	0.0215827
0	0.546763
0	0.546763
0	1
0	0.0143885
0	1
0	0.546763
0	0.0215827
0	0.546763
0	0.0143885
0	0.0719424
0	0.546763
0	0.0143885
0	0.0143885
0	1
0	0.0215827
0	0.546763
0	0.0143885
0	1
0	0.0143885
0	0.0359712
0	0.0215827
0	0.028777
0	0.028777
0	0.546763
0	0.0215827
0	1
0	0.0215827
0	0.0143885
0	0.0143885
0	0.0215827
0	0.0431655
0	0.0143885
0	0.0359712
0	0.028777
0	0.0215827
0	0.0143885
0	0.0143885
0	0.0359712
0	0.0143885
0	0.0143885
0	0.546763
0	0.0215827
0	0.0143885
0	1
0	0.028777
0	0.546763
0	0.0143885
0	0.0215827
0	0.0143885
0	0.028777
0	0.0143885
0	1
0	1
0	0.0143885
0	0.0503597
0	0.0215827
0	0.0503597
0	0.0215827
0	0.546763
0	0.546763
0	0.0215827
0	0.546763
0	0.028777
0	0.0143885
0	0.546763
0	0.0215827
0	0.0143885
0	1
0	0.0215827
0	0.0143885
0	0.0143885
0	0.546763
0	0.0503597
0	0.0143885
0	0.0143885
0	0.0215827
0	0.0143885
0	0.0143885
0	1
0	0.0215827
0	0.0143885


