# Persistence diagram <GML/1244.gml>
#
# Dimension   : 0
# Entries     : 354
# Betti number: 1
0	inf
0	1
0	1
0	0.461111
0	1
0	1
0	1
0	0.461111
0	1
0	0.0277778
0	0.0166667
0	0.461111
0	1
0	0.0166667
0	0.461111
0	1
0	1
0	0.461111
0	1
0	1
0	1
0	1
0	0.461111
0	0.0222222
0	0.461111
0	1
0	1
0	0.461111
0	0.461111
0	0.461111
0	0.461111
0	0.0277778
0	0.461111
0	1
0	0.0111111
0	0.0444444
0	0.0111111
0	0.0277778
0	1
0	0.0166667
0	0.0111111
0	0.0333333
0	0.461111
0	0.0222222
0	1
0	0.461111
0	0.0277778
0	1
0	0.0222222
0	1
0	0.461111
0	0.0277778
0	0.0555556
0	1
0	1
0	0.0277778
0	1
0	1
0	1
0	1
0	0.0555556
0	0.461111
0	1
0	0.0111111
0	1
0	0.0222222
0	0.461111
0	1
0	1
0	0.0555556
0	0.0333333
0	0.461111
0	1
0	0.0333333
0	0.461111
0	0.0111111
0	1
0	0.0277778
0	0.461111
0	0.0277778
0	1
0	0.0111111
0	0.0444444
0	0.0333333
0	1
0	0.461111
0	1
0	0.0555556
0	0.461111
0	0.0111111
0	0.461111
0	0.0277778
0	0.0333333
0	0.461111
0	0.0277778
0	1
0	1
0	1
0	1
0	0.0166667
0	0.0555556
0	0.0222222
0	0.0555556
0	0.0166667
0	1
0	0.461111
0	0.461111
0	1
0	0.461111
0	0.461111
0	0.0166667
0	0.0388889
0	1
0	0.0111111
0	0.461111
0	0.0166667
0	0.0333333
0	0.461111
0	1
0	1
0	0.0277778
0	0.0111111
0	1
0	0.0333333
0	1
0	0.461111
0	0.461111
0	1
0	0.461111
0	0.0444444
0	0.0277778
0	1
0	0.461111
0	0.461111
0	0.0166667
0	1
0	0.0444444
0	0.0166667
0	1
0	0.0166667
0	0.461111
0	1
0	0.461111
0	0.0277778
0	0.461111
0	0.0444444
0	0.0222222
0	0.0166667
0	0.0111111
0	0.461111
0	1
0	0.0111111
0	1
0	0.461111
0	0.0277778
0	0.0111111
0	0.0166667
0	0.0222222
0	0.0111111
0	0.0222222
0	0.0333333
0	1
0	0.0277778
0	0.0111111
0	0.0166667
0	0.0222222
0	0.0166667
0	0.461111
0	1
0	0.461111
0	1
0	0.0222222
0	1
0	0.0277778
0	0.461111
0	0.461111
0	1
0	0.0111111
0	1
0	0.0277778
0	0.0111111
0	1
0	0.461111
0	0.0111111
0	0.461111
0	0.0111111
0	0.0166667
0	0.0111111
0	0.0111111
0	0.461111
0	1
0	0.0111111
0	0.0111111
0	0.0166667
0	0.0333333
0	0.461111
0	0.0555556
0	0.0111111
0	0.0222222
0	0.0222222
0	0.461111
0	1
0	0.0166667
0	1
0	0.0111111
0	0.461111
0	0.461111
0	1
0	0.0166667
0	0.0277778
0	0.0166667
0	0.0166667
0	0.0166667
0	0.0222222
0	0.0166667
0	0.461111
0	0.0111111
0	0.461111
0	0.0111111
0	0.461111
0	1
0	1
0	1
0	0.0111111
0	0.0166667
0	0.0111111
0	0.461111
0	0.461111
0	0.0111111
0	0.0388889
0	0.461111
0	1
0	0.461111
0	0.0166667
0	0.461111
0	0.0111111
0	0.0111111
0	1
0	0.0166667
0	0.461111
0	1
0	1
0	0.461111
0	0.461111
0	1
0	0.0166667
0	1
0	0.461111
0	0.0111111
0	0.0333333
0	0.461111
0	0.0166667
0	0.0444444
0	1
0	1
0	0.0111111
0	1
0	0.0111111
0	0.0111111
0	1
0	0.461111
0	0.461111
0	0.0166667
0	0.0166667
0	0.0277778
0	0.461111
0	1
0	0.0111111
0	0.0222222
0	1
0	1
0	0.0111111
0	0.0111111
0	0.0388889
0	0.0166667
0	1
0	0.461111
0	0.0111111
0	0.461111
0	0.0111111
0	0.461111
0	1
0	0.0166667
0	0.0555556
0	0.0388889
0	0.461111
0	0.0277778
0	0.0166667
0	1
0	0.0166667
0	0.0111111
0	1
0	0.0111111
0	0.0222222
0	0.0111111
0	0.0222222
0	0.0166667
0	0.0111111
0	0.0166667
0	0.0111111
0	1
0	1
0	1
0	0.0111111
0	0.461111
0	0.461111
0	0.0111111
0	0.461111
0	0.0166667
0	0.0111111
0	1
0	1
0	0.0166667
0	0.461111
0	0.0333333
0	0.0555556
0	0.0111111
0	0.0166667
0	0.461111
0	1
0	0.0222222
0	0.461111
0	0.0111111
0	0.0333333
0	0.0277778
0	0.461111
0	0.0111111
0	0.0111111
0	0.0111111
0	0.0166667
0	0.0277778
0	0.0111111
0	0.0111111
0	1
0	0.0444444
0	0.461111
0	0.0166667
0	0.0111111
0	0.0333333
0	0.0111111
0	0.0222222
0	0.461111
0	0.461111
0	0.0222222
0	0.0166667
0	0.0111111
0	0.0277778
0	0.0277778
0	0.0166667
0	1
0	0.0111111
0	0.0166667
0	1
0	0.0166667


