# Persistence diagram <GML/1247.gml>
#
# Dimension   : 0
# Entries     : 276
# Betti number: 5
0	inf
0	1
0	0.0503597
0	0.0503597
0	1
0	0.115108
0	0.0503597
0	1
0	0.0791367
0	0.0791367
0	1
0	0.0791367
0	0.0503597
0	0.0503597
0	0.0359712
0	1
0	0.0143885
0	0.0431655
0	0.0791367
0	0.0503597
0	1
0	0.0503597
0	1
0	1
0	0.0791367
0	1
0	0.0503597
0	1
0	1
0	0.115108
0	0.0215827
0	0.0647482
0	0.115108
0	0.0503597
0	1
0	0.0503597
0	1
0	1
0	0.0359712
0	1
0	1
0	0.0359712
0	1
0	0.0431655
0	1
0	1
0	1
0	1
0	0.0359712
0	0.0215827
0	1
0	0.0431655
0	1
0	1
0	1
0	0.0503597
0	0.0143885
0	1
0	0.0359712
0	0.0503597
0	0.0431655
0	1
0	0.0503597
0	1
0	1
0	0.0143885
0	1
0	0.0503597
0	1
0	0.0143885
0	1
0	0.0647482
0	0.028777
0	0.0215827
0	1
0	0.0503597
0	1
0	inf
0	0.0359712
0	1
0	inf
0	0.0503597
0	0.028777
0	0.0143885
0	1
0	0.0359712
0	0.0359712
0	1
0	1
0	1
0	0.0359712
0	1
0	0.0215827
0	0.115108
0	0.0359712
0	1
0	1
0	1
0	1
0	0.0431655
0	0.0431655
0	1
0	0.0791367
0	inf
0	1
0	1
0	0.0431655
0	0.0215827
0	0.0791367
0	0.0359712
0	0.0215827
0	0.028777
0	0.0215827
0	1
0	0.0359712
0	0.0359712
0	1
0	0.0215827
0	0.0215827
0	1
0	0.0431655
0	0.0143885
0	0.00719424
0	1
0	0.028777
0	1
0	0.0359712
0	0.0215827
0	inf
0	0.028777
0	1
0	1
0	0.0143885
0	0.0215827
0	0.0359712
0	1
0	0.0503597
0	0.0431655
0	1
0	0.0215827
0	1
0	1
0	1
0	0.0647482
0	0.028777
0	0.0215827
0	1
0	1
0	1
0	0.0215827
0	1
0	0.0215827
0	1
0	0.115108
0	0.0143885
0	1
0	1
0	0.0143885
0	0.0143885
0	1
0	0.0503597
0	0.0215827
0	0.0143885
0	1
0	0.0359712
0	0.0143885
0	0.0215827
0	0.0143885
0	1
0	0.0215827
0	1
0	0.0503597
0	1
0	0.0503597
0	1
0	0.0143885
0	0.115108
0	1
0	0.0431655
0	0.028777
0	1
0	0.0359712
0	0.0431655
0	1
0	0.0647482
0	1
0	0.0359712
0	0.0503597
0	0.0503597
0	0.028777
0	0.028777
0	1
0	0.0143885
0	0.0647482
0	0.0431655
0	0.0503597
0	1
0	0.0215827
0	1
0	0.0143885
0	0.0359712
0	0.028777
0	1
0	0.0431655
0	1
0	1
0	0.028777
0	0.0359712
0	0.0359712
0	0.0215827
0	0.0215827
0	0.0215827
0	0.028777
0	0.0143885
0	1
0	1
0	1
0	0.0215827
0	0.0215827
0	1
0	0.028777
0	1
0	0.0359712
0	0.0215827
0	0.0143885
0	0.0215827
0	0.0359712
0	1
0	0.00719424
0	0.0143885
0	0.0143885
0	0.0215827
0	0.115108
0	0.0359712
0	1
0	0.0215827
0	1
0	1
0	1
0	1
0	0.0791367
0	0.0359712
0	0.115108
0	1
0	0.0143885
0	0.028777
0	0.0359712
0	0.028777
0	1
0	1
0	0.028777
0	0.0215827
0	0.0215827
0	0.0143885
0	0.115108
0	0.0215827
0	1
0	0.0143885
0	1
0	0.0215827
0	0.0647482
0	0.0647482
0	0.0359712
0	1
0	0.0503597
0	1
0	1
0	1
0	0.0215827
0	0.0215827
0	1
0	0.00719424
0	0.0503597
0	1
0	1
0	1


