# Persistence diagram <GML/1250.gml>
#
# Dimension   : 0
# Entries     : 363
# Betti number: 3
0	inf
0	1
0	0.980769
0	0.980769
0	0.980769
0	0.980769
0	0.980769
0	0.980769
0	1
0	0.980769
0	1
0	1
0	0.980769
0	0.980769
0	0.0673077
0	inf
0	0.980769
0	0.0480769
0	0.980769
0	0.980769
0	0.980769
0	0.0673077
0	1
0	0.0673077
0	0.0288462
0	0.980769
0	0.0288462
0	1
0	0.0673077
0	0.980769
0	1
0	0.0576923
0	0.0480769
0	0.0480769
0	0.134615
0	0.980769
0	1
0	0.980769
0	1
0	0.980769
0	0.0192308
0	0.0384615
0	0.0384615
0	0.134615
0	0.134615
0	1
0	0.980769
0	0.105769
0	0.980769
0	0.980769
0	0.980769
0	1
0	0.105769
0	1
0	1
0	0.134615
0	1
0	0.980769
0	0.980769
0	1
0	0.980769
0	0.0384615
0	0.0576923
0	0.980769
0	0.0288462
0	0.980769
0	0.0480769
0	0.0673077
0	0.0288462
0	0.980769
0	0.0480769
0	0.0480769
0	0.980769
0	0.0576923
0	1
0	inf
0	0.0384615
0	0.980769
0	0.980769
0	1
0	0.980769
0	0.0480769
0	0.0288462
0	1
0	0.0480769
0	0.980769
0	0.0288462
0	1
0	0.0288462
0	0.980769
0	0.0480769
0	0.980769
0	0.0480769
0	1
0	0.980769
0	0.0480769
0	0.0288462
0	1
0	0.980769
0	0.0480769
0	1
0	1
0	0.0480769
0	0.0480769
0	0.0192308
0	0.0480769
0	0.0192308
0	0.134615
0	0.980769
0	0.0288462
0	0.0576923
0	0.0384615
0	1
0	0.0384615
0	1
0	0.0480769
0	0.980769
0	0.105769
0	0.980769
0	0.0288462
0	0.0288462
0	0.134615
0	0.0288462
0	0.105769
0	0.980769
0	0.0576923
0	1
0	0.0288462
0	0.105769
0	0.0384615
0	1
0	0.105769
0	0.980769
0	0.0288462
0	0.0288462
0	0.0480769
0	0.134615
0	0.980769
0	0.980769
0	0.980769
0	0.0288462
0	0.0288462
0	0.980769
0	0.0192308
0	0.980769
0	0.0288462
0	0.0384615
0	0.980769
0	0.0480769
0	0.0288462
0	0.980769
0	0.980769
0	0.980769
0	0.0576923
0	0.134615
0	0.0480769
0	0.0480769
0	0.0384615
0	0.0480769
0	0.980769
0	0.0192308
0	0.0384615
0	0.0288462
0	0.0288462
0	0.0576923
0	0.0673077
0	0.980769
0	0.0480769
0	0.0384615
0	0.0192308
0	0.0192308
0	1
0	0.0192308
0	0.980769
0	0.980769
0	1
0	1
0	0.0480769
0	1
0	1
0	1
0	0.0480769
0	1
0	0.980769
0	0.0288462
0	0.0384615
0	0.0192308
0	0.0192308
0	0.0384615
0	1
0	0.980769
0	0.0480769
0	0.0480769
0	0.980769
0	0.980769
0	0.0576923
0	0.0288462
0	1
0	1
0	0.0288462
0	0.0192308
0	0.980769
0	0.0384615
0	0.0192308
0	0.980769
0	0.0288462
0	0.0384615
0	0.0288462
0	0.0192308
0	1
0	0.980769
0	0.980769
0	0.0673077
0	0.0384615
0	1
0	0.0192308
0	1
0	1
0	0.0384615
0	0.980769
0	0.0384615
0	0.0673077
0	0.0288462
0	0.0192308
0	0.0384615
0	0.0288462
0	0.0192308
0	1
0	0.0288462
0	0.980769
0	0.0192308
0	1
0	1
0	0.0480769
0	0.0384615
0	1
0	1
0	1
0	0.980769
0	0.0288462
0	0.0384615
0	0.0480769
0	0.980769
0	0.105769
0	0.0288462
0	0.134615
0	0.0288462
0	0.0384615
0	0.0192308
0	0.980769
0	0.0480769
0	1
0	0.980769
0	0.0288462
0	0.980769
0	0.0288462
0	0.0576923
0	1
0	0.134615
0	0.134615
0	0.0288462
0	1
0	0.0192308
0	0.0192308
0	0.0192308
0	0.980769
0	0.0288462
0	1
0	0.0288462
0	1
0	0.0288462
0	0.0384615
0	0.0480769
0	0.0288462
0	1
0	0.0192308
0	0.0673077
0	0.0384615
0	0.0288462
0	0.0288462
0	0.0480769
0	1
0	1
0	0.980769
0	0.0480769
0	0.0673077
0	0.0288462
0	0.0480769
0	0.0288462
0	1
0	0.0288462
0	0.0384615
0	0.980769
0	0.0288462
0	0.980769
0	0.0288462
0	0.0288462
0	0.0192308
0	0.0384615
0	0.0288462
0	0.0384615
0	1
0	1
0	0.0192308
0	0.0288462
0	0.0192308
0	0.980769
0	0.0288462
0	0.134615
0	0.0288462
0	0.0384615
0	0.134615
0	0.980769
0	0.0384615
0	0.0288462
0	1
0	0.980769
0	0.980769
0	0.0384615
0	0.00961538
0	0.0288462
0	0.980769
0	1
0	0.105769
0	0.0192308
0	0.0480769
0	0.0288462
0	1
0	0.0288462
0	0.0288462
0	0.0192308
0	0.0576923
0	1
0	0.0288462
0	0.0480769
0	0.980769
0	1
0	0.980769
0	0.0192308
0	0.980769
0	0.0192308
0	0.0384615
0	0.980769
0	0.0288462
0	0.0480769
0	0.0192308
0	0.980769
0	0.0384615
0	0.0192308
0	0.0384615
0	0.0192308
0	1
0	0.0192308
0	0.980769
0	0.0288462
0	1
0	0.0480769
0	0.0192308
0	0.0192308
0	0.0384615
0	0.0288462
0	0.980769
0	1


