# Persistence diagram <GML/1252.gml>
#
# Dimension   : 0
# Entries     : 339
# Betti number: 1
0	inf
0	1
0	1
0	0.493827
0	1
0	0.493827
0	0.493827
0	0.493827
0	0.493827
0	1
0	0.493827
0	0.493827
0	1
0	0.493827
0	1
0	1
0	0.493827
0	1
0	0.493827
0	0.493827
0	0.493827
0	0.493827
0	1
0	0.493827
0	1
0	0.493827
0	1
0	0.493827
0	0.493827
0	1
0	0.0123457
0	1
0	1
0	0.493827
0	1
0	1
0	0.0205761
0	0.493827
0	1
0	1
0	0.493827
0	0.0123457
0	0.493827
0	0.493827
0	0.0123457
0	1
0	0.493827
0	1
0	1
0	0.493827
0	0.493827
0	0.493827
0	0.493827
0	0.493827
0	1
0	0.493827
0	1
0	1
0	1
0	0.493827
0	1
0	0.493827
0	0.493827
0	1
0	0.0123457
0	1
0	1
0	1
0	0.493827
0	0.493827
0	0.493827
0	1
0	1
0	0.493827
0	0.0205761
0	0.493827
0	0.493827
0	0.493827
0	0.493827
0	0.493827
0	0.493827
0	0.493827
0	1
0	0.493827
0	0.493827
0	0.00823045
0	0.493827
0	1
0	1
0	0.493827
0	1
0	0.493827
0	1
0	0.0164609
0	0.493827
0	1
0	0.0205761
0	0.00823045
0	0.0164609
0	0.00823045
0	0.0164609
0	1
0	0.493827
0	1
0	1
0	1
0	1
0	1
0	1
0	1
0	0.0123457
0	0.0205761
0	0.493827
0	0.493827
0	1
0	0.493827
0	1
0	0.493827
0	1
0	0.493827
0	0.0205761
0	0.0205761
0	0.493827
0	0.0205761
0	1
0	0.0123457
0	1
0	1
0	0.493827
0	0.493827
0	1
0	0.00823045
0	0.493827
0	0.493827
0	0.493827
0	0.493827
0	0.493827
0	0.00823045
0	1
0	1
0	1
0	0.493827
0	1
0	1
0	1
0	1
0	1
0	1
0	1
0	0.493827
0	0.493827
0	1
0	1
0	1
0	1
0	1
0	0.493827
0	1
0	0.493827
0	0.493827
0	0.493827
0	0.493827
0	0.493827
0	0.0123457
0	1
0	0.0123457
0	0.493827
0	1
0	1
0	0.493827
0	0.493827
0	1
0	0.0164609
0	1
0	1
0	1
0	0.00823045
0	1
0	0.493827
0	0.00823045
0	1
0	1
0	1
0	1
0	0.493827
0	1
0	1
0	0.493827
0	1
0	0.493827
0	1
0	1
0	1
0	1
0	1
0	0.493827
0	0.0205761
0	0.493827
0	1
0	1
0	0.0164609
0	1
0	0.493827
0	0.493827
0	1
0	0.493827
0	0.0205761
0	1
0	0.493827
0	0.0123457
0	1
0	1
0	0.00823045
0	1
0	0.493827
0	1
0	1
0	0.493827
0	0.493827
0	1
0	1
0	0.0205761
0	0.493827
0	1
0	0.493827
0	1
0	0.493827
0	0.493827
0	0.00823045
0	1
0	1
0	0.493827
0	1
0	1
0	0.493827
0	1
0	0.00823045
0	0.0123457
0	0.0164609
0	0.493827
0	1
0	0.493827
0	0.0205761
0	0.0164609
0	1
0	1
0	0.00823045
0	0.00823045
0	1
0	0.493827
0	1
0	0.0123457
0	1
0	0.493827
0	1
0	1
0	1
0	1
0	1
0	1
0	0.493827
0	0.0164609
0	0.493827
0	1
0	0.0123457
0	1
0	1
0	1
0	0.493827
0	1
0	0.0205761
0	1
0	1
0	1
0	1
0	1
0	0.493827
0	0.0164609
0	1
0	1
0	1
0	0.0123457
0	0.00823045
0	1
0	1
0	0.0205761
0	0.00823045
0	0.493827
0	1
0	0.493827
0	0.00823045
0	1
0	1
0	1
0	1
0	1
0	1
0	1
0	0.00823045
0	0.0164609
0	1
0	1
0	1
0	0.493827
0	0.0123457
0	0.493827
0	0.493827
0	0.0164609
0	1
0	0.493827
0	1
0	1
0	1
0	0.0164609
0	1
0	1
0	0.00823045
0	0.493827
0	0.493827
0	0.0164609
0	1
0	0.493827
0	0.0164609
0	1
0	1
0	1
0	0.0123457
0	0.0123457
0	1
0	1
0	1
0	1
0	0.00823045
0	1
0	1
0	1
0	1
0	0.0205761
0	0.493827


