# Persistence diagram <GML/1253.gml>
#
# Dimension   : 0
# Entries     : 376
# Betti number: 1
0	inf
0	1
0	1
0	1
0	1
0	0.483444
0	0.483444
0	1
0	0.483444
0	0.483444
0	1
0	0.0397351
0	0.0397351
0	1
0	1
0	1
0	1
0	1
0	1
0	0.483444
0	0.483444
0	0.483444
0	0.0463576
0	0.483444
0	0.483444
0	0.0331126
0	0.0397351
0	1
0	0.483444
0	0.0397351
0	1
0	0.013245
0	0.0198675
0	1
0	0.0397351
0	0.483444
0	0.0198675
0	0.483444
0	1
0	0.483444
0	0.0264901
0	0.0397351
0	0.483444
0	0.0198675
0	0.483444
0	0.0198675
0	1
0	0.0331126
0	0.483444
0	0.483444
0	0.0331126
0	0.483444
0	0.483444
0	0.483444
0	0.483444
0	0.0331126
0	0.0331126
0	1
0	0.483444
0	1
0	0.483444
0	0.013245
0	0.0198675
0	0.483444
0	1
0	0.013245
0	0.483444
0	1
0	0.483444
0	1
0	0.013245
0	0.0198675
0	0.0397351
0	1
0	1
0	0.0463576
0	0.013245
0	0.483444
0	0.013245
0	0.483444
0	0.013245
0	0.013245
0	0.483444
0	1
0	0.0397351
0	0.0198675
0	0.483444
0	0.013245
0	1
0	1
0	0.483444
0	0.0331126
0	0.483444
0	0.0331126
0	0.0198675
0	0.483444
0	0.013245
0	1
0	0.483444
0	0.0331126
0	0.0463576
0	0.483444
0	0.0331126
0	1
0	0.483444
0	1
0	0.483444
0	0.0264901
0	0.0264901
0	0.483444
0	0.0331126
0	0.013245
0	0.0198675
0	0.483444
0	0.0198675
0	0.0198675
0	0.483444
0	1
0	1
0	0.0331126
0	0.483444
0	1
0	1
0	0.013245
0	0.0331126
0	0.0198675
0	1
0	0.0397351
0	1
0	0.0198675
0	0.0264901
0	0.013245
0	0.483444
0	0.0264901
0	1
0	1
0	0.0198675
0	1
0	1
0	1
0	0.0331126
0	0.0198675
0	0.0397351
0	0.483444
0	0.0198675
0	0.483444
0	0.0198675
0	0.0331126
0	1
0	0.0264901
0	0.0264901
0	0.0264901
0	1
0	0.483444
0	0.0331126
0	0.483444
0	0.013245
0	1
0	0.013245
0	0.0264901
0	0.013245
0	0.013245
0	0.0198675
0	0.013245
0	1
0	1
0	0.0198675
0	0.0198675
0	0.013245
0	1
0	1
0	0.0264901
0	0.013245
0	0.013245
0	0.0198675
0	0.0264901
0	1
0	0.013245
0	0.0198675
0	0.0198675
0	0.013245
0	0.0198675
0	0.0198675
0	0.013245
0	0.0331126
0	0.0264901
0	0.483444
0	0.483444
0	0.0331126
0	0.483444
0	0.483444
0	0.013245
0	0.483444
0	1
0	0.013245
0	0.0198675
0	0.0397351
0	0.0198675
0	0.0264901
0	0.0264901
0	0.0198675
0	0.0198675
0	0.013245
0	0.013245
0	0.013245
0	0.483444
0	0.483444
0	0.0264901
0	0.0331126
0	0.0264901
0	0.013245
0	0.0264901
0	0.483444
0	0.0198675
0	1
0	1
0	0.013245
0	0.0397351
0	0.483444
0	0.0198675
0	1
0	0.013245
0	0.013245
0	0.0397351
0	0.0264901
0	0.0264901
0	0.0198675
0	1
0	0.483444
0	0.0331126
0	1
0	0.0397351
0	0.0198675
0	0.0198675
0	0.013245
0	1
0	0.013245
0	1
0	0.0264901
0	0.483444
0	0.0331126
0	0.013245
0	0.0331126
0	0.013245
0	0.483444
0	1
0	1
0	0.013245
0	0.013245
0	0.013245
0	0.0198675
0	0.0198675
0	0.013245
0	0.483444
0	0.013245
0	0.0331126
0	0.0264901
0	1
0	0.483444
0	1
0	0.0397351
0	1
0	0.0264901
0	0.0264901
0	1
0	0.0264901
0	0.013245
0	0.0198675
0	0.0264901
0	0.483444
0	0.013245
0	0.0264901
0	1
0	0.0331126
0	0.0264901
0	0.483444
0	0.013245
0	0.013245
0	1
0	1
0	0.0331126
0	0.013245
0	1
0	1
0	1
0	1
0	0.013245
0	1
0	0.0264901
0	0.013245
0	0.483444
0	0.013245
0	0.483444
0	0.013245
0	0.013245
0	0.483444
0	0.0198675
0	0.0331126
0	1
0	1
0	0.483444
0	1
0	0.0264901
0	0.0463576
0	0.0198675
0	0.0198675
0	0.0198675
0	0.013245
0	1
0	0.013245
0	1
0	0.0397351
0	0.0198675
0	0.013245
0	0.0397351
0	0.0264901
0	0.0264901
0	0.013245
0	0.0198675
0	0.0198675
0	0.013245
0	0.0264901
0	0.0264901
0	0.0198675
0	0.0397351
0	0.0198675
0	0.483444
0	1
0	0.0198675
0	0.0198675
0	0.0198675
0	0.013245
0	0.0198675
0	0.0198675
0	0.013245
0	0.0264901
0	0.0397351
0	0.0198675
0	0.483444
0	0.013245
0	0.013245
0	1
0	0.0264901
0	0.0397351
0	0.0198675
0	0.013245
0	0.483444
0	0.0198675
0	0.013245
0	0.0264901
0	0.483444
0	0.0198675
0	0.0198675
0	0.0331126
0	0.0331126
0	0.013245
0	1
0	0.013245
0	0.013245
0	0.483444
0	0.0264901
0	0.013245
0	0.013245
0	0.483444
0	0.0463576
0	0.013245
0	1
0	1
0	0.0331126
0	0.0264901
0	0.0264901
0	0.0264901
0	0.013245
0	0.013245
0	0.013245
0	0.0397351


