# Persistence diagram <GML/1256.gml>
#
# Dimension   : 0
# Entries     : 405
# Betti number: 2
0	inf
0	1
0	1
0	1
0	0.458647
0	0.0526316
0	0.0300752
0	0.0526316
0	0.458647
0	1
0	1
0	0.458647
0	0.458647
0	0.0300752
0	1
0	0.458647
0	0.0300752
0	0.0225564
0	1
0	0.0526316
0	1
0	1
0	1
0	1
0	0.0225564
0	1
0	0.0225564
0	1
0	0.037594
0	1
0	1
0	0.0300752
0	1
0	0.458647
0	1
0	1
0	1
0	1
0	0.0451128
0	0.0451128
0	0.0451128
0	0.458647
0	0.458647
0	0.0526316
0	0.0300752
0	0.0300752
0	1
0	0.458647
0	0.037594
0	0.037594
0	0.0225564
0	0.458647
0	0.458647
0	0.0676692
0	0.0526316
0	0.0225564
0	0.458647
0	0.0451128
0	0.0225564
0	1
0	0.458647
0	1
0	0.0526316
0	0.0150376
0	1
0	0.458647
0	0.458647
0	0.458647
0	0.0300752
0	1
0	0.0451128
0	1
0	0.0150376
0	0.0300752
0	0.458647
0	0.0150376
0	0.458647
0	0.458647
0	0.458647
0	0.0150376
0	0.458647
0	0.037594
0	1
0	1
0	1
0	0.0676692
0	0.0526316
0	0.0150376
0	1
0	0.0300752
0	0.0225564
0	0.0451128
0	1
0	0.0150376
0	1
0	0.0526316
0	0.458647
0	0.037594
0	0.458647
0	0.458647
0	0.458647
0	0.0150376
0	0.037594
0	0.458647
0	0.0451128
0	0.0451128
0	0.0150376
0	1
0	0.0150376
0	0.0150376
0	0.458647
0	0.0150376
0	0.458647
0	1
0	0.0225564
0	0.0150376
0	0.037594
0	0.0150376
0	0.0676692
0	0.0150376
0	1
0	0.0225564
0	0.0225564
0	0.0150376
0	0.0300752
0	0.0225564
0	1
0	0.0225564
0	0.0451128
0	1
0	1
0	0.458647
0	0.0526316
0	1
0	0.0526316
0	0.0300752
0	1
0	1
0	0.0225564
0	0.0451128
0	1
0	0.0225564
0	1
0	1
0	1
0	0.0526316
0	0.037594
0	0.0225564
0	0.0300752
0	0.0451128
0	0.0150376
0	1
0	0.0225564
0	0.0300752
0	inf
0	0.0451128
0	0.0300752
0	0.0225564
0	0.458647
0	0.0300752
0	0.0451128
0	0.0150376
0	0.0300752
0	0.0676692
0	0.0225564
0	0.0300752
0	0.0150376
0	0.0150376
0	0.0526316
0	0.037594
0	0.458647
0	0.458647
0	0.458647
0	0.037594
0	1
0	0.0225564
0	1
0	0.0300752
0	0.458647
0	0.037594
0	0.0526316
0	0.458647
0	0.0526316
0	0.0451128
0	0.458647
0	0.458647
0	0.037594
0	1
0	0.0300752
0	0.0526316
0	0.0451128
0	0.0150376
0	0.0300752
0	0.037594
0	1
0	0.0300752
0	0.037594
0	0.0150376
0	0.458647
0	0.0225564
0	1
0	1
0	0.0451128
0	0.0150376
0	1
0	0.0225564
0	0.037594
0	0.0300752
0	0.0150376
0	1
0	0.0150376
0	0.0225564
0	0.0300752
0	0.0150376
0	0.0526316
0	0.458647
0	0.0225564
0	0.0526316
0	0.037594
0	0.0150376
0	0.0150376
0	0.0150376
0	0.037594
0	0.0451128
0	0.0300752
0	0.0225564
0	0.0526316
0	0.0451128
0	0.0225564
0	0.0451128
0	0.037594
0	0.458647
0	0.0150376
0	1
0	0.0225564
0	0.0225564
0	0.458647
0	0.0300752
0	0.0526316
0	0.0676692
0	0.0526316
0	0.0676692
0	0.0300752
0	0.458647
0	0.0150376
0	0.458647
0	0.458647
0	0.0225564
0	0.458647
0	0.458647
0	0.0225564
0	0.037594
0	1
0	1
0	0.0225564
0	1
0	0.0300752
0	0.0150376
0	0.0225564
0	0.0225564
0	0.0150376
0	0.0150376
0	0.0300752
0	0.0451128
0	0.037594
0	0.0225564
0	0.0526316
0	0.0225564
0	0.458647
0	0.0225564
0	0.0300752
0	0.0150376
0	0.0300752
0	0.458647
0	0.0451128
0	0.037594
0	0.0300752
0	0.0676692
0	0.0451128
0	0.037594
0	0.0676692
0	0.0526316
0	0.0300752
0	0.037594
0	0.458647
0	1
0	0.0150376
0	0.0150376
0	0.0225564
0	0.0150376
0	0.458647
0	0.0225564
0	0.0150376
0	1
0	0.037594
0	1
0	0.0526316
0	0.0150376
0	0.458647
0	1
0	0.0150376
0	0.0150376
0	0.0451128
0	0.037594
0	1
0	0.0150376
0	1
0	0.0150376
0	0.0526316
0	0.458647
0	0.0526316
0	0.0300752
0	1
0	0.0225564
0	0.0225564
0	1
0	0.0150376
0	1
0	1
0	1
0	0.0225564
0	0.0300752
0	0.0150376
0	0.458647
0	0.0225564
0	0.0225564
0	0.0225564
0	0.458647
0	0.0150376
0	0.0075188
0	0.0150376
0	0.0225564
0	1
0	0.458647
0	0.0451128
0	0.0225564
0	0.0225564
0	0.0225564
0	0.0150376
0	0.0225564
0	0.458647
0	0.0150376
0	1
0	0.0451128
0	0.458647
0	0.0150376
0	0.0300752
0	0.0150376
0	0.0225564
0	1
0	0.0150376
0	0.0225564
0	0.0225564
0	0.0225564
0	0.0150376
0	0.0150376
0	0.0150376
0	0.0225564
0	1
0	1
0	0.0300752
0	0.0150376
0	0.0451128
0	0.0150376
0	0.0150376
0	0.0150376
0	1
0	1
0	0.0225564
0	0.037594
0	0.0300752
0	0.0225564
0	0.0225564
0	0.0225564
0	0.0150376
0	0.0225564
0	0.037594
0	0.0225564
0	0.0300752
0	0.0526316
0	0.0225564
0	0.0225564
0	0.0451128
0	0.0300752
0	1
0	0.0300752
0	0.0225564
0	0.0451128
0	0.0225564
0	1
0	1
0	0.0526316
0	0.458647
0	0.0225564
0	0.0526316
0	0.0225564
0	0.0451128
0	0.0526316
0	1
0	1
0	1
0	0.0225564
0	0.0300752
0	1
0	0.0150376


