# Persistence diagram <GML/1261.gml>
#
# Dimension   : 0
# Entries     : 316
# Betti number: 1
0	inf
0	1
0	0.768473
0	0.768473
0	0.768473
0	0.768473
0	0.0295567
0	0.768473
0	1
0	1
0	0.768473
0	1
0	0.768473
0	0.768473
0	1
0	0.768473
0	0.768473
0	0.768473
0	0.768473
0	1
0	0.0295567
0	0.768473
0	0.768473
0	0.768473
0	1
0	1
0	1
0	0.768473
0	0.768473
0	0.768473
0	0.0246305
0	0.768473
0	1
0	0.768473
0	1
0	1
0	0.768473
0	1
0	0.768473
0	0.768473
0	0.768473
0	1
0	0.768473
0	0.768473
0	0.768473
0	0.768473
0	0.768473
0	0.768473
0	0.0246305
0	0.0295567
0	0.768473
0	1
0	0.0197044
0	0.0295567
0	1
0	0.768473
0	0.768473
0	0.0197044
0	0.768473
0	0.0147783
0	0.768473
0	0.768473
0	0.0197044
0	0.768473
0	1
0	0.768473
0	0.00985222
0	0.768473
0	0.00985222
0	1
0	0.768473
0	1
0	0.768473
0	0.0197044
0	0.768473
0	1
0	1
0	0.0246305
0	1
0	0.768473
0	0.0197044
0	1
0	0.768473
0	0.768473
0	1
0	1
0	0.00985222
0	0.768473
0	0.00985222
0	0.768473
0	0.768473
0	0.0394089
0	0.768473
0	0.768473
0	0.0147783
0	0.768473
0	0.768473
0	0.0295567
0	1
0	0.0147783
0	1
0	0.0394089
0	1
0	1
0	0.768473
0	0.0295567
0	1
0	0.0394089
0	0.0394089
0	1
0	0.768473
0	0.768473
0	1
0	0.0246305
0	0.768473
0	0.768473
0	0.768473
0	0.00985222
0	0.0246305
0	1
0	0.768473
0	0.768473
0	0.768473
0	0.00985222
0	0.768473
0	1
0	0.768473
0	0.0246305
0	0.768473
0	0.768473
0	0.0147783
0	0.768473
0	0.0197044
0	0.0147783
0	1
0	0.768473
0	1
0	0.0197044
0	0.768473
0	0.0295567
0	0.00985222
0	1
0	0.00985222
0	0.768473
0	0.768473
0	0.768473
0	0.768473
0	0.768473
0	0.768473
0	0.768473
0	0.0197044
0	0.0197044
0	1
0	0.0246305
0	1
0	0.0197044
0	0.768473
0	1
0	0.768473
0	0.768473
0	0.768473
0	0.768473
0	0.768473
0	0.768473
0	0.768473
0	1
0	0.0147783
0	1
0	0.768473
0	0.00985222
0	1
0	0.768473
0	0.0147783
0	0.768473
0	0.768473
0	1
0	1
0	0.768473
0	0.768473
0	0.00985222
0	0.768473
0	0.768473
0	0.0394089
0	0.768473
0	0.768473
0	0.0197044
0	0.00985222
0	0.00985222
0	1
0	0.0295567
0	0.768473
0	1
0	0.768473
0	0.768473
0	1
0	0.768473
0	0.768473
0	0.768473
0	1
0	1
0	0.768473
0	0.0197044
0	0.768473
0	1
0	0.768473
0	1
0	0.768473
0	0.0147783
0	0.00985222
0	0.0147783
0	1
0	0.768473
0	0.768473
0	0.768473
0	0.768473
0	0.0246305
0	1
0	0.0197044
0	0.0197044
0	0.00985222
0	1
0	0.768473
0	0.768473
0	0.768473
0	1
0	0.768473
0	1
0	0.768473
0	1
0	0.0197044
0	1
0	1
0	0.0147783
0	0.0197044
0	1
0	0.768473
0	0.768473
0	0.0147783
0	0.0394089
0	0.768473
0	0.768473
0	1
0	0.0295567
0	1
0	0.768473
0	0.768473
0	0.768473
0	1
0	0.0197044
0	0.768473
0	0.768473
0	0.0147783
0	1
0	0.0147783
0	0.0147783
0	0.768473
0	0.0147783
0	0.00985222
0	0.768473
0	0.0197044
0	0.768473
0	0.768473
0	0.0147783
0	0.00985222
0	0.768473
0	0.0197044
0	0.768473
0	0.768473
0	1
0	0.768473
0	0.768473
0	0.768473
0	0.768473
0	0.768473
0	0.768473
0	0.768473
0	0.768473
0	0.768473
0	0.0147783
0	0.768473
0	0.768473
0	0.0197044
0	1
0	0.768473
0	0.0147783
0	1
0	0.0147783
0	0.768473
0	1
0	0.0197044
0	0.768473
0	0.768473
0	0.768473
0	0.768473
0	0.0246305
0	0.768473
0	0.00985222
0	0.00985222
0	1
0	0.768473
0	0.768473
0	0.768473
0	0.768473
0	0.768473
0	0.00985222
0	1
0	0.0246305
0	1
0	0.00985222
0	0.00985222
0	0.768473
0	1
0	0.0197044
0	0.0197044
0	0.0197044
0	0.768473


