# Persistence diagram <GML/1265.gml>
#
# Dimension   : 0
# Entries     : 185
# Betti number: 1
0	inf
0	1
0	1
0	1
0	1
0	0.47619
0	0.47619
0	0.47619
0	1
0	0.47619
0	1
0	1
0	0.47619
0	1
0	0.47619
0	1
0	1
0	0.47619
0	0.0238095
0	0.47619
0	1
0	0.47619
0	1
0	1
0	1
0	1
0	0.47619
0	0.47619
0	0.47619
0	0.0396825
0	1
0	0.47619
0	1
0	0.47619
0	0.47619
0	1
0	0.0396825
0	0.47619
0	0.0396825
0	0.031746
0	1
0	1
0	1
0	1
0	1
0	1
0	0.47619
0	1
0	0.0396825
0	1
0	1
0	0.47619
0	0.47619
0	0.031746
0	0.031746
0	0.47619
0	0.47619
0	0.0952381
0	0.47619
0	0.0952381
0	1
0	0.47619
0	0.47619
0	1
0	0.0952381
0	0.47619
0	0.47619
0	0.031746
0	0.0396825
0	1
0	1
0	0.0238095
0	0.0396825
0	0.47619
0	0.015873
0	1
0	0.0952381
0	1
0	0.0238095
0	1
0	1
0	1
0	1
0	1
0	1
0	0.015873
0	0.0396825
0	0.0396825
0	0.47619
0	0.47619
0	0.47619
0	1
0	1
0	1
0	1
0	1
0	1
0	0.015873
0	0.47619
0	1
0	0.015873
0	0.015873
0	1
0	0.0238095
0	1
0	1
0	0.0396825
0	1
0	1
0	1
0	1
0	1
0	1
0	0.47619
0	0.47619
0	1
0	0.031746
0	0.47619
0	0.015873
0	1
0	0.47619
0	0.0396825
0	1
0	0.0238095
0	0.031746
0	0.47619
0	0.47619
0	1
0	0.47619
0	1
0	0.015873
0	1
0	0.0952381
0	0.0952381
0	0.0952381
0	1
0	1
0	1
0	1
0	1
0	0.47619
0	0.0238095
0	1
0	1
0	1
0	1
0	0.0238095
0	1
0	1
0	0.015873
0	1
0	1
0	0.47619
0	0.47619
0	0.47619
0	0.0952381
0	1
0	1
0	0.0238095
0	0.47619
0	0.0238095
0	0.47619
0	0.47619
0	1
0	0.0238095
0	0.015873
0	0.0952381
0	0.47619
0	1
0	1
0	1
0	0.47619
0	1
0	0.47619
0	1
0	1
0	1
0	0.0238095
0	0.0952381
0	1
0	0.47619
0	1
0	0.47619
0	0.031746
0	0.47619


