# Persistence diagram <GML/1268.gml>
#
# Dimension   : 0
# Entries     : 233
# Betti number: 1
0	inf
0	0.5625
0	1
0	0.0125
0	0.5625
0	0.08125
0	0.5625
0	0.5625
0	1
0	1
0	0.5625
0	0.08125
0	1
0	0.5625
0	0.5625
0	0.5625
0	0.5625
0	0.5625
0	0.0625
0	0.025
0	0.5625
0	1
0	0.025
0	0.08125
0	0.04375
0	0.025
0	1
0	1
0	0.03125
0	0.03125
0	0.08125
0	1
0	0.03125
0	0.08125
0	0.03125
0	1
0	0.5625
0	0.01875
0	1
0	0.08125
0	1
0	1
0	0.5625
0	0.04375
0	0.5625
0	0.5625
0	0.5625
0	0.5625
0	0.5625
0	0.5625
0	0.0625
0	0.0125
0	0.5625
0	0.03125
0	0.5625
0	0.5625
0	0.0125
0	1
0	0.01875
0	0.03125
0	1
0	1
0	1
0	0.08125
0	0.5625
0	0.05
0	0.5625
0	0.05
0	0.5625
0	0.05
0	1
0	0.5625
0	1
0	1
0	0.025
0	0.5625
0	1
0	0.5625
0	0.0125
0	0.5625
0	0.5625
0	1
0	0.025
0	0.5625
0	0.025
0	0.01875
0	1
0	0.5625
0	0.0625
0	0.01875
0	0.0125
0	0.025
0	0.5625
0	1
0	0.5625
0	0.5625
0	1
0	0.025
0	0.01875
0	0.0125
0	0.0625
0	1
0	0.0125
0	0.025
0	1
0	0.5625
0	0.5625
0	1
0	1
0	0.5625
0	0.08125
0	0.025
0	0.5625
0	0.025
0	0.01875
0	0.5625
0	1
0	0.5625
0	0.01875
0	0.5625
0	0.5625
0	0.01875
0	0.01875
0	1
0	0.0625
0	0.04375
0	0.5625
0	0.05
0	0.08125
0	0.5625
0	0.01875
0	0.0125
0	0.5625
0	0.5625
0	0.025
0	1
0	0.5625
0	0.5625
0	0.08125
0	1
0	1
0	0.05
0	1
0	0.0125
0	0.5625
0	0.5625
0	0.025
0	0.5625
0	0.5625
0	0.01875
0	0.5625
0	0.5625
0	0.5625
0	0.5625
0	0.03125
0	0.03125
0	0.01875
0	0.01875
0	0.04375
0	0.0125
0	0.5625
0	0.03125
0	0.5625
0	0.01875
0	0.5625
0	1
0	0.0625
0	0.5625
0	0.5625
0	0.03125
0	0.01875
0	1
0	0.5625
0	0.0125
0	0.08125
0	0.01875
0	1
0	0.0125
0	0.03125
0	0.0125
0	1
0	1
0	0.0125
0	0.05
0	0.0125
0	1
0	0.01875
0	0.01875
0	0.5625
0	0.5625
0	0.5625
0	0.5625
0	0.03125
0	0.03125
0	0.08125
0	0.03125
0	0.5625
0	0.5625
0	0.5625
0	0.5625
0	0.03125
0	0.5625
0	0.01875
0	0.01875
0	0.05
0	0.5625
0	0.5625
0	0.0125
0	0.0125
0	0.025
0	1
0	0.5625
0	0.5625
0	0.5625
0	0.5625
0	0.5625
0	0.5625
0	1
0	0.5625
0	0.08125
0	0.5625
0	0.01875
0	0.01875
0	1
0	0.5625
0	0.5625
0	0.0625
0	0.025
0	1
0	0.01875
0	1
0	0.5625
0	0.04375


