# Persistence diagram <GML/1272.gml>
#
# Dimension   : 0
# Entries     : 219
# Betti number: 1
0	inf
0	0.468354
0	0.120253
0	1
0	0.468354
0	0.120253
0	1
0	0.468354
0	0.101266
0	1
0	0.0696203
0	0.468354
0	0.468354
0	1
0	0.0632911
0	1
0	0.0379747
0	0.0316456
0	0.120253
0	0.468354
0	0.468354
0	1
0	0.468354
0	0.101266
0	1
0	1
0	0.0379747
0	0.120253
0	1
0	1
0	1
0	0.0632911
0	0.056962
0	0.0506329
0	0.0632911
0	1
0	0.0379747
0	1
0	0.0189873
0	0.0253165
0	0.120253
0	0.468354
0	0.056962
0	1
0	0.468354
0	1
0	1
0	0.0696203
0	1
0	1
0	0.0696203
0	0.0379747
0	1
0	1
0	1
0	0.468354
0	1
0	1
0	1
0	0.468354
0	0.468354
0	0.0632911
0	1
0	0.0316456
0	1
0	0.120253
0	1
0	1
0	0.468354
0	1
0	1
0	1
0	1
0	0.468354
0	0.0696203
0	0.468354
0	0.0189873
0	0.0379747
0	1
0	0.0379747
0	1
0	1
0	0.468354
0	0.468354
0	0.056962
0	0.101266
0	0.468354
0	1
0	0.0379747
0	0.0506329
0	1
0	0.101266
0	0.468354
0	0.468354
0	1
0	1
0	0.468354
0	0.468354
0	1
0	0.0379747
0	0.0316456
0	0.120253
0	0.0316456
0	0.468354
0	1
0	0.0316456
0	0.468354
0	0.0506329
0	0.0316456
0	1
0	0.0316456
0	1
0	0.0632911
0	0.0126582
0	0.120253
0	0.0316456
0	1
0	0.0189873
0	0.0253165
0	0.468354
0	1
0	0.468354
0	0.101266
0	0.0189873
0	0.468354
0	0.0253165
0	1
0	0.0316456
0	1
0	0.0696203
0	0.0253165
0	0.120253
0	1
0	1
0	0.0126582
0	0.0316456
0	0.468354
0	0.0506329
0	0.056962
0	0.120253
0	0.0253165
0	0.0316456
0	1
0	1
0	0.0253165
0	0.468354
0	1
0	1
0	0.0506329
0	0.0253165
0	0.0379747
0	0.0696203
0	1
0	0.0253165
0	0.0696203
0	1
0	0.0379747
0	1
0	0.0316456
0	0.120253
0	1
0	1
0	0.468354
0	1
0	0.0696203
0	1
0	1
0	0.0632911
0	0.468354
0	0.0126582
0	0.056962
0	0.101266
0	0.101266
0	0.0189873
0	0.0316456
0	0.120253
0	0.468354
0	1
0	1
0	0.0189873
0	0.0316456
0	0.0126582
0	0.0253165
0	1
0	0.0253165
0	1
0	1
0	1
0	0.0316456
0	1
0	0.468354
0	1
0	1
0	1
0	0.0253165
0	0.0189873
0	0.468354
0	1
0	1
0	1
0	0.0189873
0	0.0189873
0	0.468354
0	0.0316456
0	1
0	0.468354
0	0.0189873
0	0.0696203
0	1
0	0.468354
0	0.0126582
0	0.0316456
0	0.468354
0	0.0189873
0	0.0189873
0	0.0126582
0	0.0253165
0	1
0	0.056962


