# Persistence diagram <GML/1274.gml>
#
# Dimension   : 0
# Entries     : 98
# Betti number: 1
0	inf
0	0.916667
0	0.916667
0	0.916667
0	0.916667
0	0.916667
0	0.916667
0	0.916667
0	1
0	0.916667
0	0.916667
0	0.916667
0	0.916667
0	0.916667
0	1
0	0.916667
0	0.0357143
0	0.047619
0	0.047619
0	0.916667
0	1
0	0.916667
0	0.916667
0	0.0595238
0	0.916667
0	0.0238095
0	0.916667
0	0.916667
0	0.916667
0	0.916667
0	0.0357143
0	0.916667
0	0.916667
0	0.916667
0	0.0357143
0	0.0238095
0	0.916667
0	0.916667
0	0.916667
0	0.0595238
0	0.916667
0	0.916667
0	0.916667
0	0.916667
0	0.916667
0	0.916667
0	0.916667
0	0.916667
0	0.916667
0	0.047619
0	1
0	0.916667
0	0.916667
0	0.916667
0	0.916667
0	0.916667
0	0.047619
0	0.916667
0	0.916667
0	0.916667
0	0.916667
0	0.916667
0	0.916667
0	0.916667
0	0.0357143
0	0.0357143
0	0.916667
0	0.0357143
0	0.916667
0	0.916667
0	0.0357143
0	0.916667
0	0.916667
0	1
0	0.916667
0	0.0357143
0	0.0357143
0	0.916667
0	0.916667
0	0.0357143
0	0.916667
0	0.0595238
0	0.0238095
0	0.916667
0	0.0357143
0	0.916667
0	1
0	0.916667
0	0.916667
0	0.916667
0	0.916667
0	0.916667
0	0.916667
0	0.047619
0	1
0	0.916667
0	0.0357143
0	0.916667


