# Persistence diagram <GML/1276.gml>
#
# Dimension   : 0
# Entries     : 276
# Betti number: 1
0	inf
0	0.781609
0	0.781609
0	0.781609
0	1
0	0.781609
0	1
0	0.781609
0	0.781609
0	0.781609
0	1
0	0.0574713
0	1
0	0.781609
0	1
0	0.781609
0	0.781609
0	0.781609
0	0.781609
0	0.781609
0	1
0	0.0574713
0	0.781609
0	1
0	0.0172414
0	1
0	1
0	0.0574713
0	1
0	1
0	1
0	0.0804598
0	0.781609
0	0.0804598
0	0.781609
0	0.0804598
0	0.0804598
0	1
0	0.781609
0	0.0287356
0	1
0	0.781609
0	0.781609
0	0.781609
0	1
0	0.781609
0	0.781609
0	1
0	1
0	0.781609
0	0.781609
0	0.781609
0	0.0574713
0	0.781609
0	0.0287356
0	1
0	0.781609
0	1
0	0.781609
0	0.0804598
0	1
0	0.0574713
0	0.781609
0	0.781609
0	0.781609
0	0.781609
0	1
0	0.781609
0	1
0	0.781609
0	0.0229885
0	0.781609
0	1
0	1
0	0.0804598
0	1
0	0.781609
0	0.0114943
0	0.781609
0	0.781609
0	0.781609
0	0.781609
0	0.781609
0	0.781609
0	1
0	1
0	1
0	1
0	1
0	0.781609
0	0.781609
0	1
0	0.781609
0	1
0	1
0	1
0	0.781609
0	1
0	0.781609
0	0.0574713
0	0.781609
0	1
0	0.781609
0	0.0287356
0	0.781609
0	0.781609
0	1
0	0.0287356
0	0.781609
0	1
0	1
0	1
0	0.781609
0	1
0	1
0	0.781609
0	0.781609
0	0.0804598
0	0.781609
0	0.0287356
0	0.781609
0	0.0114943
0	0.0574713
0	0.781609
0	0.781609
0	1
0	0.781609
0	1
0	1
0	0.781609
0	0.781609
0	1
0	0.0172414
0	1
0	0.781609
0	1
0	0.781609
0	1
0	1
0	0.0172414
0	0.0287356
0	1
0	0.781609
0	1
0	1
0	1
0	0.781609
0	1
0	0.781609
0	0.0574713
0	0.781609
0	1
0	0.781609
0	0.0574713
0	1
0	0.0114943
0	0.0172414
0	0.0114943
0	0.781609
0	0.781609
0	0.0574713
0	0.781609
0	0.0287356
0	1
0	1
0	1
0	0.0229885
0	1
0	1
0	1
0	0.781609
0	0.781609
0	0.781609
0	0.0804598
0	0.781609
0	0.781609
0	1
0	0.781609
0	1
0	0.781609
0	0.781609
0	0.781609
0	0.781609
0	1
0	1
0	1
0	0.0229885
0	0.781609
0	0.0574713
0	1
0	0.0574713
0	0.781609
0	1
0	1
0	0.0172414
0	1
0	1
0	0.781609
0	0.781609
0	1
0	1
0	0.0172414
0	0.781609
0	1
0	1
0	0.781609
0	1
0	1
0	0.781609
0	0.781609
0	0.781609
0	0.781609
0	1
0	0.0114943
0	0.0172414
0	1
0	1
0	0.0172414
0	0.0114943
0	0.781609
0	1
0	0.781609
0	0.0114943
0	0.781609
0	0.0172414
0	1
0	0.781609
0	0.781609
0	1
0	1
0	0.0804598
0	0.781609
0	0.781609
0	1
0	0.781609
0	0.0114943
0	0.781609
0	0.781609
0	0.781609
0	1
0	1
0	0.0114943
0	0.781609
0	0.0172414
0	0.781609
0	0.781609
0	1
0	0.0114943
0	0.0114943
0	0.0574713
0	0.0172414
0	0.781609
0	0.0172414
0	0.781609
0	0.781609
0	0.781609
0	0.781609
0	0.0114943
0	0.0287356
0	0.781609
0	0.781609
0	0.781609
0	0.781609
0	0.0114943
0	1
0	0.0574713
0	1
0	0.781609
0	1
0	1
0	1
0	0.781609
0	0.0574713
0	0.781609
0	0.0287356
0	0.781609


