# Persistence diagram <GML/1288.gml>
#
# Dimension   : 0
# Entries     : 307
# Betti number: 1
0	inf
0	0.928571
0	0.928571
0	1
0	0.928571
0	0.928571
0	0.928571
0	0.0649351
0	0.0454545
0	0.0649351
0	0.928571
0	1
0	0.038961
0	0.928571
0	0.012987
0	0.928571
0	1
0	0.0194805
0	0.928571
0	1
0	0.928571
0	0.928571
0	0.928571
0	0.038961
0	0.025974
0	0.0324675
0	0.928571
0	1
0	0.928571
0	1
0	0.0649351
0	0.025974
0	0.928571
0	0.928571
0	0.0324675
0	0.0649351
0	0.928571
0	0.928571
0	0.928571
0	0.928571
0	0.0324675
0	0.928571
0	0.0649351
0	0.0324675
0	1
0	0.928571
0	1
0	0.928571
0	0.928571
0	0.928571
0	0.0454545
0	0.0194805
0	1
0	0.025974
0	1
0	0.038961
0	0.928571
0	1
0	0.928571
0	1
0	0.928571
0	0.928571
0	1
0	1
0	0.0194805
0	0.928571
0	1
0	0.928571
0	0.928571
0	0.0194805
0	1
0	0.928571
0	0.0454545
0	0.928571
0	0.928571
0	1
0	0.038961
0	0.038961
0	0.025974
0	0.0194805
0	0.928571
0	0.0649351
0	0.0194805
0	1
0	1
0	0.0519481
0	0.928571
0	0.928571
0	0.025974
0	0.928571
0	1
0	0.0519481
0	0.928571
0	0.0194805
0	1
0	0.012987
0	0.928571
0	0.928571
0	0.0649351
0	0.0194805
0	0.0454545
0	0.0324675
0	0.025974
0	0.0649351
0	1
0	0.928571
0	0.012987
0	1
0	0.025974
0	0.928571
0	0.928571
0	0.0519481
0	0.0454545
0	0.0194805
0	0.928571
0	0.928571
0	0.012987
0	0.928571
0	0.025974
0	0.0519481
0	0.928571
0	0.928571
0	1
0	0.0649351
0	0.012987
0	0.928571
0	0.0324675
0	1
0	1
0	0.928571
0	0.012987
0	0.025974
0	0.928571
0	0.0194805
0	0.928571
0	1
0	1
0	0.0519481
0	1
0	0.025974
0	0.038961
0	0.038961
0	1
0	0.0194805
0	0.928571
0	0.025974
0	1
0	0.0194805
0	0.928571
0	0.025974
0	0.928571
0	1
0	0.025974
0	1
0	0.928571
0	0.025974
0	0.928571
0	0.025974
0	0.038961
0	0.928571
0	0.025974
0	0.928571
0	0.0194805
0	0.0194805
0	0.0324675
0	1
0	1
0	0.0194805
0	0.025974
0	0.928571
0	0.928571
0	1
0	0.928571
0	0.928571
0	1
0	0.0454545
0	0.038961
0	0.928571
0	1
0	0.928571
0	0.0649351
0	0.038961
0	0.012987
0	0.928571
0	0.025974
0	1
0	0.0194805
0	1
0	0.025974
0	0.0194805
0	0.0324675
0	0.0649351
0	0.025974
0	0.012987
0	0.0194805
0	0.928571
0	0.928571
0	0.928571
0	1
0	0.0194805
0	1
0	0.0194805
0	1
0	0.038961
0	0.928571
0	1
0	1
0	0.928571
0	0.0649351
0	0.928571
0	0.012987
0	0.928571
0	0.928571
0	0.928571
0	0.0194805
0	0.928571
0	1
0	0.0194805
0	0.0194805
0	0.0519481
0	0.0519481
0	1
0	0.928571
0	0.928571
0	0.928571
0	0.928571
0	0.0519481
0	0.928571
0	0.0324675
0	0.0519481
0	0.928571
0	1
0	1
0	0.928571
0	0.928571
0	0.928571
0	0.928571
0	0.928571
0	0.012987
0	0.025974
0	0.0324675
0	0.928571
0	1
0	1
0	0.012987
0	0.928571
0	0.0649351
0	0.038961
0	0.025974
0	0.928571
0	0.928571
0	0.928571
0	0.0324675
0	1
0	0.0194805
0	0.928571
0	0.928571
0	0.0194805
0	0.928571
0	1
0	0.928571
0	0.928571
0	0.012987
0	0.928571
0	1
0	0.928571
0	0.012987
0	0.025974
0	0.038961
0	0.928571
0	0.0324675
0	0.928571
0	0.0324675
0	0.928571
0	0.928571
0	0.0324675
0	0.928571
0	0.025974
0	0.025974
0	0.928571
0	0.928571
0	0.928571
0	0.038961
0	0.928571
0	0.012987
0	0.038961
0	0.012987
0	0.0454545
0	0.0194805
0	0.012987
0	0.928571
0	0.928571
0	0.025974
0	0.038961
0	1
0	0.0519481
0	0.928571
0	0.928571
0	0.0324675
0	0.012987
0	0.928571
0	0.0324675
0	0.012987
0	0.928571
0	0.928571
0	0.025974
0	1


