# Persistence diagram <GML/1289.gml>
#
# Dimension   : 0
# Entries     : 304
# Betti number: 1
0	inf
0	1
0	1
0	0.76129
0	1
0	0.76129
0	1
0	1
0	0.76129
0	0.76129
0	0.76129
0	0.76129
0	0.76129
0	1
0	1
0	0.76129
0	0.0322581
0	0.76129
0	1
0	1
0	1
0	1
0	1
0	1
0	1
0	0.76129
0	0.0193548
0	0.0258065
0	0.76129
0	0.76129
0	1
0	0.0709677
0	1
0	0.76129
0	0.76129
0	1
0	1
0	0.0193548
0	0.76129
0	0.76129
0	0.76129
0	0.76129
0	1
0	0.76129
0	1
0	1
0	0.0451613
0	1
0	1
0	0.76129
0	0.0451613
0	0.0258065
0	0.76129
0	0.76129
0	0.76129
0	0.76129
0	0.0322581
0	0.76129
0	0.76129
0	0.76129
0	0.0129032
0	1
0	1
0	0.76129
0	0.76129
0	0.0129032
0	0.0322581
0	0.0258065
0	1
0	0.76129
0	0.0258065
0	0.76129
0	1
0	0.0258065
0	0.0258065
0	0.0258065
0	0.76129
0	0.0193548
0	1
0	0.76129
0	0.76129
0	0.76129
0	0.0387097
0	0.76129
0	0.76129
0	0.76129
0	0.76129
0	0.0709677
0	0.0193548
0	1
0	0.0258065
0	0.76129
0	0.0258065
0	0.76129
0	0.76129
0	0.0129032
0	0.76129
0	0.0193548
0	0.76129
0	1
0	0.0322581
0	1
0	0.76129
0	0.76129
0	1
0	0.0193548
0	0.0129032
0	0.0387097
0	1
0	1
0	0.0451613
0	0.0193548
0	0.76129
0	0.76129
0	0.0193548
0	0.76129
0	1
0	0.76129
0	0.76129
0	0.76129
0	0.0709677
0	1
0	0.76129
0	0.76129
0	0.76129
0	0.76129
0	1
0	0.0258065
0	0.0193548
0	1
0	0.0451613
0	0.0709677
0	0.0193548
0	0.0129032
0	0.0322581
0	0.76129
0	1
0	0.76129
0	1
0	0.0258065
0	0.0258065
0	1
0	0.0129032
0	0.0709677
0	1
0	0.0258065
0	1
0	0.76129
0	0.76129
0	0.76129
0	0.76129
0	0.0322581
0	0.76129
0	0.0193548
0	1
0	0.76129
0	0.76129
0	0.76129
0	0.0129032
0	0.0129032
0	0.0387097
0	1
0	0.0193548
0	0.76129
0	0.76129
0	0.0709677
0	0.0322581
0	1
0	0.0129032
0	0.0193548
0	0.0129032
0	0.76129
0	0.76129
0	0.0709677
0	0.76129
0	1
0	0.0193548
0	0.0193548
0	0.0129032
0	0.0129032
0	0.0387097
0	1
0	0.0451613
0	1
0	0.76129
0	0.76129
0	0.76129
0	0.76129
0	0.76129
0	0.0709677
0	0.0193548
0	0.76129
0	0.76129
0	0.0193548
0	0.76129
0	0.0258065
0	0.76129
0	1
0	0.0258065
0	1
0	0.0322581
0	0.76129
0	0.76129
0	1
0	1
0	0.76129
0	0.0709677
0	0.76129
0	0.0709677
0	0.0322581
0	0.0258065
0	0.76129
0	0.0129032
0	1
0	0.0129032
0	0.0193548
0	0.76129
0	0.0258065
0	0.0129032
0	1
0	1
0	0.0258065
0	0.0129032
0	0.76129
0	0.0451613
0	1
0	0.0129032
0	1
0	1
0	0.0258065
0	0.76129
0	1
0	0.0193548
0	0.76129
0	0.76129
0	0.76129
0	0.76129
0	1
0	0.0258065
0	0.0258065
0	1
0	0.0193548
0	0.76129
0	0.0129032
0	0.0129032
0	0.76129
0	1
0	1
0	1
0	0.0193548
0	0.76129
0	0.0129032
0	0.0129032
0	0.76129
0	0.0129032
0	0.0193548
0	0.76129
0	1
0	1
0	1
0	0.0258065
0	0.76129
0	0.0258065
0	0.0193548
0	0.0193548
0	0.76129
0	1
0	0.0193548
0	0.0387097
0	0.76129
0	0.76129
0	1
0	0.76129
0	0.0193548
0	1
0	0.76129
0	0.0258065
0	0.76129
0	0.76129
0	0.76129
0	1
0	0.76129
0	1
0	0.0709677
0	1
0	0.0258065
0	0.0258065
0	0.0258065
0	1
0	0.0129032
0	0.76129
0	1
0	0.76129
0	1
0	0.0193548
0	0.76129
0	0.0193548
0	0.76129
0	0.0129032
0	0.76129
0	1
0	0.76129
0	0.76129
0	0.76129


