# Persistence diagram <GML/1291.gml>
#
# Dimension   : 0
# Entries     : 75
# Betti number: 1
0	inf
0	0.666667
0	0.666667
0	0.597222
0	0.597222
0	0.597222
0	0.597222
0	0.597222
0	0.597222
0	0.666667
0	0.597222
0	0.597222
0	0.597222
0	1
0	0.666667
0	0.597222
0	0.666667
0	0.597222
0	0.666667
0	0.666667
0	0.666667
0	0.597222
0	0.597222
0	0.597222
0	0.0555556
0	0.597222
0	0.597222
0	1
0	0.597222
0	0.597222
0	0.666667
0	0.666667
0	0.597222
0	0.597222
0	0.597222
0	1
0	0.597222
0	0.666667
0	0.0416667
0	0.597222
0	0.597222
0	0.666667
0	0.597222
0	1
0	0.0416667
0	0.597222
0	0.0555556
0	0.597222
0	0.666667
0	0.666667
0	0.597222
0	0.597222
0	0.666667
0	0.597222
0	0.666667
0	0.666667
0	0.597222
0	0.597222
0	0.666667
0	0.597222
0	1
0	1
0	1
0	0.0555556
0	0.597222
0	0.597222
0	0.597222
0	0.666667
0	1
0	1
0	0.597222
0	0.597222
0	0.666667
0	0.597222
0	1


