# Persistence diagram <GML/1293.gml>
#
# Dimension   : 0
# Entries     : 206
# Betti number: 2
0	inf
0	1
0	0.649573
0	0.042735
0	0.649573
0	1
0	1
0	0.649573
0	1
0	1
0	0.649573
0	0.042735
0	0.649573
0	0.034188
0	0.042735
0	1
0	0.649573
0	0.649573
0	0.649573
0	0.649573
0	0.0598291
0	0.649573
0	0.025641
0	1
0	1
0	0.649573
0	1
0	1
0	0.649573
0	0.649573
0	1
0	0.034188
0	1
0	0.649573
0	0.649573
0	0.649573
0	0.034188
0	1
0	0.042735
0	0.0512821
0	0.034188
0	1
0	0.649573
0	0.649573
0	0.649573
0	0.649573
0	0.649573
0	0.649573
0	1
0	0.025641
0	1
0	1
0	1
0	0.042735
0	0.034188
0	0.025641
0	0.042735
0	0.034188
0	1
0	1
0	0.034188
0	0.0512821
0	0.649573
0	0.0598291
0	1
0	0.649573
0	0.649573
0	0.034188
0	0.649573
0	0.649573
0	0.649573
0	1
0	0.649573
0	inf
0	0.042735
0	1
0	0.649573
0	0.0683761
0	0.649573
0	0.042735
0	0.649573
0	0.025641
0	0.017094
0	0.025641
0	0.042735
0	0.0512821
0	0.025641
0	0.649573
0	0.034188
0	0.025641
0	0.649573
0	0.649573
0	0.0683761
0	0.649573
0	0.017094
0	0.042735
0	0.649573
0	0.042735
0	0.025641
0	0.649573
0	0.0598291
0	0.025641
0	0.649573
0	0.034188
0	0.0598291
0	0.649573
0	1
0	1
0	0.025641
0	0.042735
0	0.025641
0	0.025641
0	1
0	1
0	1
0	0.649573
0	0.649573
0	0.025641
0	0.034188
0	0.034188
0	0.649573
0	0.0598291
0	0.0683761
0	0.649573
0	1
0	0.042735
0	1
0	0.042735
0	0.649573
0	0.042735
0	0.649573
0	0.649573
0	0.649573
0	0.034188
0	1
0	0.025641
0	0.034188
0	0.025641
0	0.025641
0	0.042735
0	0.025641
0	0.0683761
0	0.649573
0	0.649573
0	0.0598291
0	0.649573
0	0.017094
0	0.649573
0	0.017094
0	0.649573
0	0.034188
0	0.034188
0	0.649573
0	0.649573
0	0.025641
0	0.649573
0	0.042735
0	1
0	0.017094
0	0.034188
0	0.034188
0	0.0512821
0	0.649573
0	0.025641
0	0.649573
0	0.042735
0	0.649573
0	0.042735
0	0.025641
0	0.034188
0	0.0683761
0	0.017094
0	0.042735
0	0.025641
0	0.034188
0	0.649573
0	0.017094
0	0.025641
0	1
0	0.00854701
0	0.034188
0	0.025641
0	0.025641
0	0.649573
0	0.017094
0	0.017094
0	0.0683761
0	0.017094
0	0.0512821
0	0.0683761
0	0.017094
0	1
0	0.017094
0	1
0	0.649573
0	0.649573
0	1
0	1
0	0.649573
0	0.042735
0	0.025641
0	0.649573
0	0.034188
0	0.649573
0	0.649573
0	0.034188


