# Persistence diagram <GML/1294.gml>
#
# Dimension   : 0
# Entries     : 138
# Betti number: 5
0	inf
0	1
0	0.0958904
0	0.150685
0	1
0	0.0958904
0	0.0958904
0	0.150685
0	1
0	0.150685
0	1
0	1
0	0.150685
0	1
0	0.164384
0	0.150685
0	0.0410959
0	1
0	0.0547945
0	0.0821918
0	1
0	1
0	1
0	0.0821918
0	1
0	1
0	0.164384
0	1
0	0.0410959
0	0.164384
0	0.0410959
0	0.0958904
0	0.0410959
0	1
0	inf
0	0.150685
0	0.0547945
0	0.150685
0	0.150685
0	0.0273973
0	1
0	1
0	1
0	0.0273973
0	0.0273973
0	0.150685
0	0.0410959
0	0.150685
0	inf
0	0.0273973
0	1
0	0.0958904
0	inf
0	1
0	1
0	0.164384
0	1
0	1
0	1
0	0.164384
0	0.0410959
0	1
0	1
0	0.150685
0	1
0	0.150685
0	0.150685
0	0.0547945
0	1
0	0.0273973
0	0.0273973
0	0.0958904
0	1
0	0.0958904
0	0.164384
0	0.0273973
0	1
0	inf
0	1
0	0.0821918
0	1
0	0.150685
0	0.150685
0	0.0821918
0	1
0	0.0273973
0	1
0	1
0	0.0410959
0	0.0273973
0	1
0	0.0410959
0	1
0	1
0	1
0	0.0547945
0	1
0	1
0	1
0	0.0958904
0	0.150685
0	1
0	1
0	0.150685
0	0.0410959
0	0.150685
0	0.0273973
0	1
0	0.0273973
0	1
0	0.164384
0	1
0	0.0273973
0	1
0	0.0410959
0	0.0273973
0	0.0136986
0	0.0821918
0	0.0410959
0	1
0	0.0136986
0	1
0	0.0273973
0	1
0	0.150685
0	1
0	1
0	1
0	0.0958904
0	1
0	0.150685
0	1
0	0.0136986
0	0.0684932
0	1
0	0.0273973
0	1
0	1


