# Persistence diagram <GML/1299.gml>
#
# Dimension   : 0
# Entries     : 308
# Betti number: 1
0	inf
0	0.779874
0	0.779874
0	0.0691824
0	1
0	1
0	0.0566038
0	0.779874
0	0.0503145
0	0.779874
0	0.779874
0	1
0	0.779874
0	0.779874
0	1
0	0.0566038
0	0.779874
0	1
0	0.779874
0	0.779874
0	0.779874
0	0.779874
0	1
0	0.0691824
0	0.779874
0	0.0691824
0	0.779874
0	0.0566038
0	0.0251572
0	0.779874
0	1
0	1
0	0.0125786
0	0.779874
0	0.779874
0	0.779874
0	0.779874
0	1
0	0.779874
0	0.0125786
0	0.081761
0	1
0	1
0	0.0188679
0	0.779874
0	1
0	0.0251572
0	1
0	0.0188679
0	0.0125786
0	1
0	1
0	0.779874
0	0.779874
0	1
0	0.0440252
0	0.779874
0	0.779874
0	0.0440252
0	0.081761
0	0.779874
0	0.779874
0	0.0503145
0	1
0	0.779874
0	0.081761
0	0.779874
0	0.0314465
0	0.0503145
0	1
0	0.0188679
0	1
0	0.0125786
0	0.081761
0	0.779874
0	0.0251572
0	0.0566038
0	1
0	0.779874
0	0.779874
0	1
0	0.779874
0	0.779874
0	0.779874
0	1
0	0.0251572
0	0.779874
0	1
0	1
0	0.779874
0	0.081761
0	0.0188679
0	0.779874
0	0.779874
0	1
0	0.779874
0	1
0	0.0691824
0	1
0	0.0125786
0	0.0188679
0	0.779874
0	0.779874
0	0.0188679
0	1
0	1
0	0.0314465
0	0.0566038
0	1
0	1
0	0.779874
0	0.0566038
0	0.0125786
0	0.0125786
0	0.0251572
0	0.0566038
0	0.0125786
0	1
0	0.0566038
0	1
0	1
0	0.0314465
0	0.779874
0	0.779874
0	0.0188679
0	0.0377358
0	0.779874
0	0.0503145
0	1
0	1
0	1
0	0.0440252
0	0.0251572
0	1
0	1
0	1
0	0.0251572
0	0.0125786
0	1
0	0.779874
0	0.779874
0	0.0125786
0	0.779874
0	1
0	0.779874
0	0.0125786
0	0.779874
0	0.779874
0	0.0503145
0	0.779874
0	0.081761
0	1
0	1
0	1
0	0.0440252
0	0.0251572
0	0.0314465
0	0.779874
0	0.0440252
0	0.779874
0	0.779874
0	1
0	0.779874
0	1
0	0.0314465
0	0.0377358
0	0.0125786
0	1
0	0.779874
0	0.0188679
0	0.0188679
0	0.779874
0	0.779874
0	0.779874
0	1
0	0.0314465
0	1
0	1
0	0.0377358
0	0.081761
0	0.0188679
0	0.0314465
0	1
0	0.779874
0	0.779874
0	0.779874
0	0.0377358
0	1
0	1
0	0.779874
0	0.0251572
0	0.0440252
0	1
0	0.0440252
0	0.0251572
0	0.779874
0	0.779874
0	0.779874
0	1
0	0.779874
0	0.0314465
0	0.779874
0	0.0188679
0	0.081761
0	0.779874
0	0.779874
0	1
0	0.0125786
0	0.0440252
0	0.779874
0	0.0314465
0	1
0	0.779874
0	0.779874
0	0.0251572
0	1
0	0.779874
0	1
0	0.0251572
0	0.0251572
0	0.779874
0	0.0188679
0	0.0188679
0	0.081761
0	0.0251572
0	0.779874
0	0.779874
0	0.0125786
0	0.081761
0	0.779874
0	1
0	1
0	0.0251572
0	0.779874
0	0.779874
0	0.779874
0	0.0251572
0	0.0188679
0	0.0691824
0	1
0	1
0	0.0251572
0	0.0188679
0	1
0	0.0251572
0	0.0251572
0	1
0	0.081761
0	1
0	0.0188679
0	1
0	0.0125786
0	0.779874
0	0.779874
0	1
0	0.0188679
0	0.779874
0	0.0691824
0	1
0	0.779874
0	0.779874
0	0.0125786
0	0.779874
0	1
0	0.779874
0	0.081761
0	0.0251572
0	0.0188679
0	0.0314465
0	1
0	0.0691824
0	0.0314465
0	1
0	0.0125786
0	0.779874
0	0.779874
0	0.0251572
0	1
0	0.0188679
0	0.779874
0	0.779874
0	0.0377358
0	1
0	0.779874
0	0.0503145
0	1
0	1
0	0.0314465
0	1
0	0.0125786
0	0.0188679
0	0.779874
0	1
0	1
0	0.779874
0	0.779874
0	0.0314465
0	0.779874
0	0.0188679
0	1
0	0.0377358
0	0.0125786
0	0.779874
0	0.0125786
0	1
0	0.0125786
0	0.0314465
0	0.0188679


