# Persistence diagram <GML/1306.gml>
#
# Dimension   : 0
# Entries     : 276
# Betti number: 1
0	inf
0	1
0	1
0	1
0	1
0	0.370518
0	1
0	1
0	1
0	0.370518
0	0.370518
0	0.370518
0	1
0	1
0	1
0	0.370518
0	1
0	0.370518
0	1
0	1
0	1
0	1
0	1
0	1
0	1
0	0.370518
0	1
0	0.370518
0	0.370518
0	0.370518
0	1
0	1
0	0.370518
0	1
0	0.0159363
0	1
0	1
0	1
0	0.370518
0	1
0	0.370518
0	1
0	1
0	1
0	0.370518
0	0.370518
0	0.370518
0	0.370518
0	0.370518
0	1
0	0.370518
0	0.0119522
0	0.370518
0	1
0	0.370518
0	1
0	0.370518
0	0.370518
0	1
0	1
0	1
0	0.370518
0	1
0	0.370518
0	1
0	1
0	1
0	1
0	1
0	1
0	1
0	0.370518
0	1
0	0.370518
0	0.370518
0	0.370518
0	1
0	0.370518
0	0.370518
0	0.370518
0	0.370518
0	0.370518
0	1
0	0.370518
0	0.370518
0	0.0159363
0	0.00796813
0	1
0	1
0	1
0	1
0	0.370518
0	0.0159363
0	0.0199203
0	0.370518
0	1
0	1
0	1
0	0.370518
0	1
0	1
0	1
0	0.370518
0	0.0159363
0	1
0	1
0	1
0	1
0	0.0159363
0	1
0	1
0	1
0	0.0199203
0	1
0	1
0	1
0	1
0	0.370518
0	1
0	1
0	0.370518
0	0.370518
0	1
0	1
0	1
0	1
0	0.0199203
0	0.370518
0	0.370518
0	0.370518
0	1
0	0.370518
0	1
0	1
0	1
0	0.370518
0	0.370518
0	1
0	1
0	1
0	1
0	1
0	1
0	1
0	1
0	1
0	0.370518
0	1
0	0.370518
0	0.0119522
0	1
0	0.370518
0	1
0	1
0	0.370518
0	1
0	1
0	1
0	0.370518
0	1
0	0.370518
0	1
0	1
0	1
0	1
0	1
0	1
0	1
0	0.0119522
0	0.370518
0	0.370518
0	0.0199203
0	1
0	0.370518
0	0.00796813
0	1
0	1
0	0.370518
0	0.0119522
0	1
0	0.370518
0	1
0	1
0	0.370518
0	0.370518
0	1
0	0.370518
0	1
0	0.370518
0	0.370518
0	1
0	1
0	1
0	1
0	1
0	0.0119522
0	1
0	0.370518
0	0.0159363
0	0.0199203
0	1
0	1
0	1
0	1
0	0.0199203
0	0.370518
0	1
0	1
0	0.370518
0	0.0119522
0	1
0	1
0	1
0	0.00796813
0	1
0	0.00796813
0	1
0	1
0	0.370518
0	0.370518
0	0.0159363
0	0.370518
0	1
0	1
0	1
0	0.370518
0	1
0	1
0	0.0119522
0	1
0	0.370518
0	0.370518
0	1
0	1
0	1
0	0.00796813
0	1
0	1
0	1
0	0.370518
0	1
0	1
0	1
0	1
0	0.0199203
0	1
0	1
0	1
0	0.00796813
0	0.370518
0	0.370518
0	0.0159363
0	0.370518
0	1
0	0.370518
0	1
0	1
0	1
0	0.0119522
0	1
0	0.370518
0	0.0119522
0	1
0	1
0	0.0159363
0	1
0	0.0199203
0	1
0	1
0	1
0	0.0119522
0	1
0	0.00796813
0	1
0	1
0	0.370518


