# Persistence diagram <GML/1307.gml>
#
# Dimension   : 0
# Entries     : 337
# Betti number: 1
0	inf
0	0.8125
0	0.0520833
0	0.5
0	0.0520833
0	0.8125
0	0.28125
0	0.8125
0	0.8125
0	1
0	0.8125
0	0.8125
0	0.8125
0	0.25
0	0.0520833
0	0.8125
0	0.5
0	0.25
0	0.0520833
0	0.28125
0	0.28125
0	0.0729167
0	0.8125
0	0.8125
0	0.8125
0	1
0	0.8125
0	0.0729167
0	0.28125
0	0.552083
0	0.28125
0	0.0208333
0	0.8125
0	0.0729167
0	0.8125
0	0.114583
0	0.552083
0	0.0625
0	0.5
0	0.5
0	1
0	0.5
0	0.25
0	0.25
0	0.552083
0	0.03125
0	0.0520833
0	0.03125
0	1
0	0.552083
0	0.25
0	0.552083
0	1
0	0.0729167
0	0.552083
0	0.0520833
0	0.8125
0	0.552083
0	0.28125
0	0.8125
0	0.552083
0	0.5
0	0.0520833
0	0.28125
0	0.8125
0	0.8125
0	0.0416667
0	0.03125
0	1
0	0.5
0	0.25
0	1
0	0.28125
0	0.8125
0	0.552083
0	0.25
0	0.8125
0	0.5
0	0.0208333
0	0.0625
0	0.5
0	0.0208333
0	0.552083
0	0.5
0	0.0208333
0	0.8125
0	0.0833333
0	0.5
0	1
0	0.552083
0	0.0208333
0	0.0520833
0	0.03125
0	0.28125
0	0.28125
0	0.5
0	0.552083
0	0.0520833
0	0.8125
0	0.0208333
0	0.0833333
0	0.0208333
0	0.5
0	0.0416667
0	0.8125
0	0.0625
0	0.8125
0	0.0208333
0	0.8125
0	0.114583
0	0.25
0	0.5
0	0.0833333
0	0.114583
0	0.8125
0	0.0208333
0	0.5
0	0.8125
0	0.5
0	0.8125
0	0.25
0	0.03125
0	0.0416667
0	0.8125
0	0.8125
0	0.0625
0	0.5
0	0.114583
0	1
0	0.8125
0	0.5
0	1
0	0.03125
0	0.5
0	0.03125
0	0.0520833
0	0.03125
0	0.0833333
0	0.0520833
0	0.552083
0	0.0208333
0	0.28125
0	0.5
0	0.03125
0	0.03125
0	0.0208333
0	0.8125
0	0.0208333
0	0.25
0	0.0416667
0	0.28125
0	0.0520833
0	0.28125
0	0.03125
0	0.552083
0	0.28125
0	0.8125
0	0.03125
0	0.03125
0	0.0208333
0	0.5
0	0.552083
0	0.28125
0	0.0416667
0	0.8125
0	0.25
0	0.114583
0	0.552083
0	0.0416667
0	0.03125
0	0.25
0	0.114583
0	0.0520833
0	0.552083
0	0.03125
0	0.8125
0	0.28125
0	0.5
0	0.0208333
0	0.552083
0	0.8125
0	0.0416667
0	0.28125
0	0.03125
0	0.8125
0	0.0520833
0	0.03125
0	0.0208333
0	0.0416667
0	0.5
0	0.25
0	0.552083
0	0.28125
0	0.5
0	0.25
0	0.0520833
0	0.25
0	0.0208333
0	0.552083
0	0.0208333
0	0.5
0	0.552083
0	0.0208333
0	0.28125
0	1
0	0.0416667
0	0.0208333
0	0.552083
0	0.8125
0	0.0520833
0	0.0208333
0	0.03125
0	0.552083
0	0.8125
0	0.552083
0	0.8125
0	0.25
0	0.8125
0	0.03125
0	0.552083
0	0.03125
0	0.8125
0	1
0	0.03125
0	0.03125
0	0.5
0	0.03125
0	0.0208333
0	0.0208333
0	0.552083
0	0.5
0	0.552083
0	0.0416667
0	0.5
0	0.0208333
0	0.0625
0	0.0520833
0	0.03125
0	0.8125
0	0.8125
0	0.552083
0	0.8125
0	0.03125
0	0.114583
0	0.0208333
0	0.03125
0	0.552083
0	0.0520833
0	0.0208333
0	0.03125
0	0.03125
0	0.28125
0	0.03125
0	0.28125
0	0.0520833
0	0.25
0	0.5
0	0.0208333
0	0.0729167
0	0.0208333
0	0.03125
0	0.5
0	0.0729167
0	1
0	0.03125
0	0.5
0	0.03125
0	0.0625
0	0.5
0	0.03125
0	0.25
0	0.114583
0	0.0208333
0	0.0208333
0	0.0416667
0	0.5
0	0.8125
0	0.552083
0	0.0520833
0	0.5
0	0.03125
0	0.552083
0	0.25
0	0.03125
0	0.5
0	0.0729167
0	0.03125
0	0.0520833
0	0.0416667
0	0.552083
0	0.5
0	0.28125
0	0.03125
0	0.0208333
0	0.8125
0	0.552083
0	0.25
0	0.03125
0	0.0208333
0	0.552083
0	0.03125
0	0.0833333
0	0.0208333
0	0.28125
0	0.8125
0	0.5
0	0.28125
0	0.25
0	0.28125
0	0.03125
0	0.0208333
0	0.5
0	0.03125
0	0.5
0	0.8125
0	0.28125
0	0.03125
0	0.03125
0	0.0208333
0	0.28125
0	0.25
0	0.0208333
0	0.0208333
0	0.0625
0	0.03125
0	0.0520833
0	0.8125
0	0.0208333
0	0.03125
0	0.0625
0	0.03125
0	1
0	0.03125
0	0.25
0	0.552083
0	0.25
0	0.0208333


