# Persistence diagram <GML/1313.gml>
#
# Dimension   : 0
# Entries     : 315
# Betti number: 1
0	inf
0	0.68599
0	0.68599
0	0.0434783
0	0.68599
0	1
0	0.68599
0	1
0	1
0	0.0338164
0	1
0	0.68599
0	0.0289855
0	1
0	0.68599
0	1
0	0.68599
0	1
0	0.0434783
0	0.68599
0	0.68599
0	0.68599
0	1
0	0.68599
0	1
0	0.68599
0	0.68599
0	0.68599
0	0.68599
0	0.68599
0	0.68599
0	0.68599
0	0.0289855
0	1
0	0.68599
0	0.0434783
0	0.68599
0	0.0289855
0	0.0193237
0	1
0	0.68599
0	1
0	1
0	0.68599
0	0.68599
0	0.68599
0	1
0	0.0338164
0	0.0144928
0	0.0241546
0	1
0	0.68599
0	0.0144928
0	0.0193237
0	0.68599
0	0.68599
0	1
0	0.68599
0	1
0	0.68599
0	0.68599
0	1
0	0.68599
0	0.68599
0	0.68599
0	0.0241546
0	1
0	0.68599
0	1
0	0.68599
0	0.68599
0	0.68599
0	0.68599
0	1
0	0.68599
0	0.68599
0	0.68599
0	1
0	0.0144928
0	0.0241546
0	0.68599
0	0.68599
0	0.68599
0	1
0	0.0193237
0	0.68599
0	0.0193237
0	0.00966184
0	0.68599
0	1
0	0.68599
0	0.68599
0	0.0144928
0	0.68599
0	0.0144928
0	0.68599
0	1
0	1
0	1
0	0.0434783
0	0.68599
0	0.00966184
0	1
0	0.00966184
0	1
0	0.68599
0	0.0241546
0	1
0	0.0193237
0	0.68599
0	0.68599
0	0.68599
0	1
0	0.0241546
0	1
0	1
0	1
0	1
0	0.68599
0	0.0241546
0	0.0241546
0	0.68599
0	1
0	0.0144928
0	0.68599
0	0.0241546
0	0.68599
0	1
0	0.0144928
0	1
0	0.68599
0	1
0	0.68599
0	0.0193237
0	0.68599
0	0.0241546
0	1
0	0.68599
0	0.68599
0	0.00966184
0	1
0	1
0	1
0	0.0241546
0	1
0	0.68599
0	0.68599
0	0.68599
0	0.68599
0	0.68599
0	0.68599
0	1
0	0.0289855
0	0.68599
0	1
0	0.0338164
0	0.68599
0	0.68599
0	1
0	0.68599
0	1
0	0.0144928
0	0.68599
0	1
0	1
0	0.68599
0	1
0	0.68599
0	1
0	0.00966184
0	0.0338164
0	1
0	0.0434783
0	1
0	0.68599
0	0.68599
0	0.0193237
0	0.68599
0	1
0	0.68599
0	1
0	0.68599
0	0.68599
0	1
0	0.68599
0	0.0193237
0	1
0	1
0	0.68599
0	1
0	0.68599
0	0.0434783
0	1
0	0.68599
0	1
0	1
0	0.68599
0	1
0	0.68599
0	0.68599
0	0.0144928
0	0.68599
0	0.68599
0	0.68599
0	0.0289855
0	0.68599
0	1
0	0.0193237
0	1
0	1
0	0.68599
0	1
0	0.68599
0	0.00966184
0	0.0241546
0	0.68599
0	1
0	0.0241546
0	0.68599
0	0.68599
0	1
0	1
0	0.68599
0	1
0	1
0	1
0	0.68599
0	1
0	0.68599
0	1
0	1
0	0.0193237
0	0.00966184
0	0.0289855
0	0.68599
0	1
0	0.68599
0	0.68599
0	0.0144928
0	0.0144928
0	0.68599
0	0.00966184
0	1
0	0.68599
0	0.68599
0	1
0	0.68599
0	0.0338164
0	0.0144928
0	0.0241546
0	0.0144928
0	1
0	1
0	0.0144928
0	1
0	0.0144928
0	0.68599
0	1
0	0.68599
0	1
0	0.68599
0	1
0	0.00966184
0	0.0144928
0	0.68599
0	1
0	0.0193237
0	0.0144928
0	0.0144928
0	0.68599
0	0.0144928
0	0.00966184
0	0.68599
0	0.68599
0	0.00966184
0	0.0144928
0	0.0144928
0	1
0	0.68599
0	1
0	0.68599
0	1
0	1
0	1
0	1
0	0.68599
0	1
0	0.00966184
0	0.68599
0	0.0193237
0	1
0	0.00966184
0	0.0289855
0	1
0	0.68599
0	0.68599
0	1
0	0.68599
0	0.00966184
0	1
0	0.68599
0	0.68599
0	0.68599
0	0.68599
0	0.68599
0	0.68599
0	1
0	0.68599
0	0.00966184
0	0.0338164
0	1
0	1
0	0.68599
0	1
0	0.68599


