# Persistence diagram <GML/1315.gml>
#
# Dimension   : 0
# Entries     : 225
# Betti number: 5
0	inf
0	1
0	0.333333
0	1
0	1
0	1
0	0.173333
0	0.333333
0	1
0	0.08
0	0.08
0	0.04
0	1
0	0.0266667
0	inf
0	0.0266667
0	0.333333
0	0.0533333
0	0.333333
0	0.0533333
0	0.333333
0	0.08
0	1
0	0.333333
0	0.0666667
0	inf
0	0.333333
0	1
0	1
0	1
0	0.08
0	1
0	0.04
0	1
0	1
0	1
0	0.0533333
0	0.0266667
0	0.0666667
0	0.0266667
0	0.333333
0	0.08
0	0.333333
0	0.12
0	0.333333
0	0.04
0	inf
0	1
0	0.0533333
0	0.0266667
0	0.12
0	1
0	0.173333
0	0.333333
0	1
0	1
0	0.0133333
0	0.173333
0	0.0533333
0	1
0	1
0	0.333333
0	1
0	0.173333
0	0.333333
0	0.0666667
0	0.12
0	1
0	0.04
0	0.04
0	0.08
0	0.0666667
0	0.04
0	0.0666667
0	1
0	0.333333
0	0.04
0	1
0	0.0533333
0	0.0266667
0	0.04
0	0.333333
0	0.04
0	1
0	0.08
0	0.0266667
0	0.0533333
0	0.08
0	1
0	0.04
0	0.0666667
0	0.0666667
0	1
0	0.04
0	0.04
0	1
0	1
0	0.0933333
0	0.0533333
0	0.333333
0	0.08
0	inf
0	0.12
0	0.0266667
0	0.0666667
0	0.08
0	1
0	0.333333
0	1
0	0.0266667
0	0.04
0	0.04
0	0.0266667
0	0.0266667
0	0.333333
0	0.0533333
0	0.333333
0	0.0933333
0	0.08
0	1
0	0.0266667
0	1
0	0.0266667
0	1
0	0.0533333
0	1
0	1
0	0.173333
0	0.173333
0	1
0	1
0	0.0266667
0	0.0533333
0	0.173333
0	1
0	0.333333
0	0.0933333
0	0.04
0	0.08
0	0.04
0	1
0	0.0133333
0	0.0666667
0	0.0266667
0	0.0266667
0	1
0	0.333333
0	1
0	1
0	0.08
0	1
0	0.04
0	0.08
0	0.0266667
0	1
0	0.0666667
0	0.0266667
0	0.0266667
0	1
0	0.0533333
0	0.0266667
0	0.0266667
0	0.333333
0	1
0	0.173333
0	1
0	0.04
0	1
0	0.04
0	1
0	1
0	0.0266667
0	0.0533333
0	0.12
0	1
0	1
0	1
0	1
0	0.04
0	0.0933333
0	0.08
0	1
0	0.08
0	0.08
0	0.12
0	0.0266667
0	1
0	1
0	0.0266667
0	0.0266667
0	0.0266667
0	0.04
0	0.0533333
0	1
0	0.04
0	0.0666667
0	0.173333
0	1
0	0.0266667
0	1
0	0.333333
0	1
0	1
0	0.0933333
0	0.173333
0	0.0266667
0	0.08
0	0.0266667
0	0.04
0	1
0	0.0266667
0	0.0666667
0	1
0	0.173333
0	0.0266667
0	0.0266667
0	0.0933333
0	0.08
0	0.08
0	0.12
0	0.0266667
0	0.12
0	0.0266667
0	1
0	1


