# Persistence diagram <GML/1324.gml>
#
# Dimension   : 0
# Entries     : 271
# Betti number: 1
0	inf
0	0.849673
0	1
0	1
0	0.849673
0	0.849673
0	1
0	0.849673
0	0.849673
0	0.849673
0	0.849673
0	0.849673
0	0.849673
0	0.0196078
0	1
0	0.849673
0	0.849673
0	0.0980392
0	0.849673
0	0.0980392
0	0.849673
0	0.849673
0	0.849673
0	1
0	1
0	1
0	0.849673
0	0.849673
0	0.0130719
0	0.849673
0	0.849673
0	1
0	1
0	0.0392157
0	0.849673
0	0.849673
0	0.0261438
0	1
0	1
0	1
0	0.849673
0	0.0261438
0	1
0	0.0326797
0	0.849673
0	0.849673
0	0.0261438
0	1
0	0.0196078
0	1
0	0.0326797
0	0.849673
0	0.849673
0	0.849673
0	0.849673
0	0.849673
0	0.0261438
0	0.849673
0	0.849673
0	0.849673
0	0.0261438
0	0.0196078
0	0.0130719
0	0.849673
0	0.0130719
0	1
0	0.849673
0	0.0588235
0	0.849673
0	1
0	0.849673
0	0.849673
0	0.849673
0	0.849673
0	0.0326797
0	0.849673
0	1
0	1
0	0.849673
0	0.0980392
0	0.0588235
0	0.0196078
0	0.0326797
0	1
0	0.849673
0	0.849673
0	0.849673
0	0.849673
0	1
0	0.0130719
0	0.849673
0	1
0	0.849673
0	0.849673
0	0.0196078
0	1
0	1
0	0.0196078
0	0.849673
0	0.0980392
0	0.849673
0	1
0	0.849673
0	0.0196078
0	1
0	0.849673
0	0.849673
0	0.849673
0	0.849673
0	0.849673
0	0.0392157
0	1
0	0.0196078
0	0.0326797
0	0.0588235
0	0.849673
0	0.849673
0	1
0	0.849673
0	1
0	0.0196078
0	0.849673
0	0.849673
0	0.849673
0	0.849673
0	0.0261438
0	0.0326797
0	0.0261438
0	0.849673
0	1
0	0.0588235
0	0.849673
0	0.0326797
0	0.849673
0	1
0	1
0	0.0261438
0	0.849673
0	1
0	0.0196078
0	0.849673
0	0.849673
0	1
0	0.849673
0	0.849673
0	1
0	0.0326797
0	0.0261438
0	1
0	0.0980392
0	0.849673
0	0.0326797
0	0.849673
0	0.0980392
0	0.849673
0	0.0980392
0	0.0130719
0	0.849673
0	0.0196078
0	0.849673
0	0.0261438
0	0.0588235
0	0.0130719
0	0.0196078
0	0.849673
0	0.0196078
0	0.849673
0	0.849673
0	1
0	0.849673
0	1
0	0.0196078
0	0.0261438
0	0.0130719
0	1
0	0.849673
0	0.849673
0	0.0130719
0	0.849673
0	0.849673
0	0.0130719
0	1
0	0.849673
0	0.849673
0	0.849673
0	0.849673
0	0.0196078
0	0.0261438
0	0.849673
0	0.0196078
0	0.0130719
0	1
0	0.849673
0	0.849673
0	0.0261438
0	0.0980392
0	0.0130719
0	0.0196078
0	0.849673
0	0.849673
0	0.0196078
0	0.849673
0	0.849673
0	0.849673
0	0.849673
0	0.0261438
0	0.849673
0	1
0	0.0980392
0	0.849673
0	0.849673
0	0.849673
0	1
0	1
0	1
0	0.0196078
0	0.0130719
0	0.849673
0	0.849673
0	0.849673
0	0.0588235
0	0.0196078
0	1
0	0.0261438
0	0.0196078
0	0.849673
0	0.849673
0	0.849673
0	0.0196078
0	0.0196078
0	0.849673
0	0.0196078
0	0.849673
0	0.849673
0	0.849673
0	0.849673
0	0.849673
0	0.0130719
0	0.849673
0	0.849673
0	0.0588235
0	1
0	0.849673
0	0.849673
0	0.849673
0	0.0130719
0	1
0	0.0196078
0	0.0196078
0	0.849673
0	1
0	0.0326797
0	0.0980392
0	0.849673
0	0.849673
0	1
0	0.849673
0	0.849673
0	0.849673
0	0.0261438
0	0.0130719
0	0.0392157
0	0.0130719
0	0.0130719
0	0.849673
0	0.849673
0	0.849673
0	0.0130719
0	0.0392157
0	0.0326797
0	0.0326797


