# Persistence diagram <GML/1327.gml>
#
# Dimension   : 0
# Entries     : 323
# Betti number: 1
0	inf
0	0.8875
0	0.8875
0	0.8875
0	1
0	1
0	0.05625
0	0.8875
0	1
0	0.8875
0	1
0	0.8875
0	0.8875
0	0.8875
0	0.8875
0	1
0	1
0	1
0	0.8875
0	0.04375
0	1
0	0.8875
0	1
0	0.04375
0	0.05
0	0.8875
0	0.05
0	0.8875
0	0.8875
0	1
0	1
0	0.03125
0	0.8875
0	0.8875
0	1
0	1
0	0.025
0	0.8875
0	0.01875
0	0.05625
0	0.01875
0	0.8875
0	0.8875
0	1
0	0.05625
0	1
0	0.8875
0	1
0	0.8875
0	0.8875
0	0.8875
0	1
0	1
0	0.0125
0	0.03125
0	0.8875
0	0.8875
0	1
0	0.025
0	0.8875
0	0.8875
0	0.025
0	0.8875
0	0.8875
0	0.05625
0	0.8875
0	0.01875
0	0.8875
0	0.8875
0	0.05625
0	1
0	0.8875
0	0.025
0	0.0375
0	0.8875
0	0.8875
0	0.8875
0	0.8875
0	0.8875
0	0.01875
0	0.05625
0	1
0	0.05625
0	0.025
0	0.8875
0	1
0	0.0125
0	0.8875
0	0.8875
0	0.025
0	0.025
0	0.8875
0	0.8875
0	0.8875
0	0.03125
0	0.8875
0	0.01875
0	0.0375
0	1
0	0.05625
0	0.04375
0	0.05
0	0.8875
0	0.8875
0	0.03125
0	1
0	1
0	0.03125
0	0.01875
0	1
0	0.8875
0	0.025
0	0.04375
0	1
0	0.025
0	0.8875
0	0.8875
0	0.8875
0	0.8875
0	0.01875
0	1
0	0.05
0	1
0	0.8875
0	0.01875
0	0.8875
0	1
0	0.03125
0	0.0125
0	1
0	0.8875
0	0.025
0	0.8875
0	0.8875
0	1
0	0.8875
0	0.8875
0	0.8875
0	0.8875
0	0.01875
0	0.03125
0	0.01875
0	0.04375
0	1
0	0.8875
0	0.0125
0	0.025
0	0.025
0	1
0	1
0	1
0	1
0	0.0125
0	1
0	1
0	1
0	0.0375
0	0.025
0	0.8875
0	0.03125
0	1
0	0.0375
0	0.0375
0	1
0	0.8875
0	0.8875
0	0.025
0	0.01875
0	1
0	0.04375
0	0.03125
0	0.8875
0	0.8875
0	0.8875
0	0.8875
0	0.8875
0	0.0125
0	0.025
0	0.01875
0	0.8875
0	1
0	1
0	0.05625
0	0.8875
0	0.8875
0	1
0	1
0	1
0	0.8875
0	0.8875
0	0.01875
0	0.01875
0	0.0125
0	0.03125
0	1
0	0.0125
0	1
0	0.04375
0	0.8875
0	0.04375
0	0.0125
0	0.0125
0	0.025
0	0.025
0	0.05625
0	1
0	0.03125
0	0.8875
0	0.01875
0	0.8875
0	0.8875
0	0.05
0	0.025
0	0.03125
0	0.0125
0	0.03125
0	0.8875
0	0.025
0	0.8875
0	0.8875
0	0.025
0	0.05625
0	1
0	1
0	1
0	0.8875
0	0.01875
0	0.025
0	0.03125
0	0.05625
0	0.8875
0	1
0	0.8875
0	0.0125
0	0.8875
0	0.8875
0	0.8875
0	0.8875
0	0.8875
0	1
0	0.0125
0	1
0	0.01875
0	0.8875
0	0.0125
0	0.01875
0	0.0125
0	0.0125
0	0.025
0	0.8875
0	1
0	1
0	0.8875
0	0.04375
0	0.0125
0	0.01875
0	0.05
0	0.8875
0	0.025
0	1
0	0.8875
0	0.0125
0	0.8875
0	0.025
0	1
0	0.0125
0	0.0125
0	1
0	0.01875
0	0.8875
0	1
0	0.01875
0	0.01875
0	0.8875
0	0.01875
0	0.03125
0	0.04375
0	0.8875
0	1
0	0.03125
0	0.01875
0	0.8875
0	1
0	0.8875
0	0.03125
0	0.01875
0	0.03125
0	0.01875
0	0.03125
0	1
0	0.0125
0	0.0125
0	1
0	0.0125
0	0.03125
0	0.03125
0	1
0	1
0	0.0125
0	0.0125
0	1
0	0.03125
0	1
0	0.0125
0	0.01875
0	0.05625
0	0.01875
0	0.8875
0	0.8875
0	0.01875
0	0.8875
0	0.025
0	1
0	0.025
0	1
0	0.8875
0	0.8875
0	1
0	0.05625
0	1
0	1
0	0.8875
0	0.01875


