# Persistence diagram <GML/1335.gml>
#
# Dimension   : 0
# Entries     : 339
# Betti number: 1
0	inf
0	0.763889
0	0.763889
0	0.763889
0	0.763889
0	0.763889
0	0.0277778
0	0.763889
0	1
0	1
0	0.763889
0	0.763889
0	0.0972222
0	0.0347222
0	1
0	0.763889
0	1
0	0.763889
0	0.763889
0	0.0486111
0	0.0347222
0	0.763889
0	1
0	0.104167
0	0.0972222
0	1
0	1
0	1
0	0.763889
0	0.104167
0	0.763889
0	1
0	0.0833333
0	0.0277778
0	0.0972222
0	1
0	0.763889
0	0.0277778
0	0.763889
0	0.0347222
0	0.763889
0	0.0833333
0	0.763889
0	0.763889
0	0.763889
0	0.763889
0	0.763889
0	0.0138889
0	0.0416667
0	0.763889
0	0.0555556
0	0.763889
0	0.0138889
0	1
0	0.763889
0	0.0555556
0	1
0	1
0	0.763889
0	0.0347222
0	1
0	0.763889
0	0.0208333
0	1
0	0.0555556
0	0.763889
0	0.763889
0	0.0416667
0	0.763889
0	0.0833333
0	0.0277778
0	0.763889
0	0.104167
0	0.0833333
0	0.0208333
0	0.0347222
0	0.0138889
0	0.0277778
0	0.104167
0	0.0277778
0	1
0	0.763889
0	0.763889
0	0.104167
0	0.0347222
0	0.0416667
0	0.763889
0	0.763889
0	1
0	0.0138889
0	0.0277778
0	0.763889
0	0.0138889
0	0.0277778
0	0.0833333
0	0.763889
0	0.763889
0	1
0	0.0208333
0	1
0	0.763889
0	1
0	1
0	1
0	1
0	1
0	1
0	1
0	0.0138889
0	0.0208333
0	1
0	0.763889
0	0.0416667
0	0.0138889
0	1
0	1
0	0.0138889
0	0.763889
0	1
0	0.763889
0	1
0	1
0	0.0416667
0	0.0138889
0	1
0	0.0277778
0	0.0555556
0	1
0	1
0	1
0	1
0	0.0208333
0	0.763889
0	0.0833333
0	1
0	0.763889
0	1
0	0.763889
0	0.0138889
0	0.763889
0	0.763889
0	0.104167
0	0.0138889
0	0.0208333
0	0.0277778
0	0.0208333
0	0.0138889
0	1
0	0.763889
0	1
0	1
0	0.0138889
0	1
0	0.0208333
0	0.0347222
0	0.0833333
0	1
0	0.0972222
0	1
0	0.0208333
0	1
0	0.0277778
0	0.763889
0	0.763889
0	0.763889
0	0.0486111
0	1
0	1
0	1
0	0.0416667
0	0.0208333
0	0.104167
0	0.104167
0	0.0347222
0	0.763889
0	0.763889
0	0.763889
0	0.0138889
0	0.0972222
0	1
0	0.763889
0	1
0	0.763889
0	1
0	1
0	0.763889
0	1
0	0.0138889
0	0.0347222
0	0.0972222
0	0.0208333
0	0.763889
0	0.0972222
0	0.0138889
0	0.0208333
0	0.0208333
0	0.0972222
0	0.0208333
0	0.0138889
0	0.0347222
0	0.0416667
0	1
0	0.763889
0	1
0	0.0972222
0	1
0	0.0138889
0	0.0972222
0	0.0138889
0	0.763889
0	0.763889
0	1
0	1
0	0.0138889
0	0.0486111
0	0.0347222
0	0.0208333
0	0.0138889
0	1
0	0.763889
0	0.0138889
0	0.0416667
0	0.0833333
0	0.0277778
0	0.0208333
0	0.763889
0	0.0208333
0	0.763889
0	0.763889
0	0.763889
0	0.763889
0	0.763889
0	0.763889
0	0.0486111
0	0.0277778
0	0.0972222
0	1
0	0.0277778
0	1
0	1
0	0.0416667
0	0.104167
0	1
0	0.0416667
0	0.0347222
0	1
0	1
0	1
0	1
0	0.763889
0	1
0	0.0138889
0	0.0972222
0	0.763889
0	0.0833333
0	0.104167
0	1
0	0.0208333
0	0.0138889
0	0.763889
0	0.763889
0	1
0	0.0208333
0	0.763889
0	0.0277778
0	0.0208333
0	0.763889
0	1
0	0.763889
0	0.763889
0	1
0	0.0208333
0	0.0138889
0	0.763889
0	0.763889
0	0.763889
0	0.0138889
0	1
0	1
0	0.104167
0	0.0277778
0	1
0	0.763889
0	0.0833333
0	0.0416667
0	0.763889
0	0.0138889
0	0.763889
0	0.763889
0	0.0277778
0	0.763889
0	0.0347222
0	0.0833333
0	0.0347222
0	1
0	0.0416667
0	0.0138889
0	0.0277778
0	1
0	1
0	1
0	1
0	0.763889
0	1
0	0.763889
0	0.0347222
0	0.763889
0	0.763889
0	0.104167
0	0.0138889
0	0.0138889
0	0.0486111
0	0.0208333
0	1
0	0.0277778
0	1
0	0.0138889
0	0.0347222
0	0.0347222
0	0.763889
0	0.0277778
0	0.0208333
0	1
0	0.0555556
0	0.0208333
0	0.0416667
0	1
0	0.0347222
0	0.0555556
0	1
0	0.104167
0	0.763889
0	0.0555556
0	0.0208333
0	0.0208333
0	0.0277778
0	1
0	1
0	0.0208333


