# Persistence diagram <GML/1338.gml>
#
# Dimension   : 0
# Entries     : 355
# Betti number: 1
0	inf
0	1
0	0.656863
0	0.656863
0	0.0882353
0	0.0882353
0	0.0686275
0	0.656863
0	0.656863
0	0.656863
0	0.656863
0	1
0	0.0686275
0	1
0	1
0	0.0882353
0	0.0784314
0	0.0490196
0	0.0882353
0	0.0686275
0	0.0392157
0	0.656863
0	0.0588235
0	0.0882353
0	0.656863
0	0.0686275
0	0.0784314
0	0.0588235
0	0.0882353
0	0.0294118
0	1
0	0.0784314
0	0.0882353
0	0.0588235
0	0.0588235
0	0.656863
0	0.0686275
0	0.0686275
0	0.656863
0	0.656863
0	0.0392157
0	1
0	0.0588235
0	0.0882353
0	0.0588235
0	0.656863
0	0.656863
0	0.0882353
0	1
0	0.0392157
0	0.0784314
0	0.0490196
0	0.0294118
0	0.0490196
0	0.0882353
0	0.0784314
0	0.0882353
0	0.0294118
0	0.0686275
0	0.0588235
0	0.0490196
0	0.656863
0	1
0	0.0686275
0	0.0392157
0	0.0882353
0	0.0686275
0	0.0882353
0	1
0	0.0294118
0	0.0392157
0	0.0784314
0	0.656863
0	1
0	1
0	0.0686275
0	0.0196078
0	0.656863
0	0.0294118
0	0.0392157
0	1
0	1
0	0.656863
0	1
0	0.0392157
0	0.0392157
0	0.0490196
0	0.0784314
0	1
0	1
0	0.0588235
0	0.656863
0	0.656863
0	0.0882353
0	0.0588235
0	0.0196078
0	0.0490196
0	0.0588235
0	0.656863
0	0.0196078
0	0.0686275
0	1
0	0.0588235
0	0.0392157
0	0.0784314
0	0.0196078
0	0.656863
0	0.0196078
0	0.0882353
0	1
0	0.0882353
0	0.656863
0	0.0392157
0	0.0686275
0	0.0392157
0	0.0588235
0	0.0784314
0	0.0294118
0	0.0588235
0	0.0686275
0	1
0	0.656863
0	0.0196078
0	1
0	0.656863
0	0.0294118
0	0.656863
0	0.0294118
0	0.0196078
0	0.0392157
0	0.0686275
0	0.0882353
0	0.0490196
0	0.0490196
0	0.0490196
0	0.0588235
0	0.0392157
0	0.0588235
0	0.0294118
0	0.0392157
0	0.656863
0	0.656863
0	0.0490196
0	1
0	1
0	0.656863
0	0.0294118
0	0.0882353
0	0.0392157
0	0.0392157
0	0.0490196
0	0.0196078
0	0.0882353
0	0.0392157
0	0.0294118
0	1
0	0.656863
0	0.0490196
0	0.0294118
0	0.0392157
0	1
0	0.0686275
0	0.0294118
0	0.0490196
0	0.656863
0	0.0294118
0	0.0588235
0	0.0882353
0	0.0294118
0	1
0	0.0490196
0	0.0294118
0	0.0686275
0	0.0882353
0	0.0588235
0	0.0294118
0	0.0490196
0	0.0392157
0	0.0196078
0	0.0392157
0	0.0294118
0	0.0392157
0	0.656863
0	0.0588235
0	0.0588235
0	0.0490196
0	0.0392157
0	1
0	0.0686275
0	0.0490196
0	0.656863
0	0.0490196
0	0.0294118
0	0.0882353
0	0.656863
0	0.0294118
0	0.0882353
0	0.0392157
0	0.0490196
0	0.656863
0	0.0196078
0	0.0294118
0	0.0294118
0	0.656863
0	0.0686275
0	0.0882353
0	0.0196078
0	0.0490196
0	0.0490196
0	0.0392157
0	0.0392157
0	0.0196078
0	1
0	0.0196078
0	0.0294118
0	0.656863
0	0.0196078
0	0.0882353
0	0.0294118
0	0.0882353
0	0.0490196
0	0.0882353
0	0.0490196
0	0.0294118
0	0.0686275
0	1
0	0.656863
0	0.0490196
0	0.656863
0	0.0490196
0	0.656863
0	0.0294118
0	0.0882353
0	0.656863
0	0.0294118
0	0.0392157
0	0.0882353
0	0.0882353
0	0.0294118
0	0.0588235
0	0.0686275
0	1
0	0.0392157
0	0.0686275
0	0.0490196
0	0.0196078
0	0.0490196
0	0.0294118
0	0.0392157
0	0.0392157
0	0.0882353
0	0.656863
0	0.0882353
0	0.0196078
0	0.0686275
0	1
0	0.0196078
0	0.0294118
0	0.656863
0	0.0392157
0	0.0196078
0	0.0392157
0	0.656863
0	0.0196078
0	0.0588235
0	0.0588235
0	0.0294118
0	0.0294118
0	0.0294118
0	0.0392157
0	0.0196078
0	0.656863
0	0.0196078
0	0.0490196
0	0.0490196
0	0.0392157
0	1
0	0.656863
0	0.0490196
0	0.0294118
0	0.656863
0	0.656863
0	0.0784314
0	0.0882353
0	0.0196078
0	0.0196078
0	0.0196078
0	0.0196078
0	0.0882353
0	0.0490196
0	0.0490196
0	0.0294118
0	0.0196078
0	0.656863
0	0.0588235
0	0.0392157
0	0.656863
0	0.656863
0	0.0196078
0	0.0196078
0	0.656863
0	0.0196078
0	0.0196078
0	0.0392157
0	0.0196078
0	0.0686275
0	1
0	0.0196078
0	0.0588235
0	0.0392157
0	0.0392157
0	0.0294118
0	0.0392157
0	0.0882353
0	0.0196078
0	0.0882353
0	0.0196078
0	0.0784314
0	0.0588235
0	0.0196078
0	0.0784314
0	0.0588235
0	0.0196078
0	0.0392157
0	0.0196078
0	1
0	0.656863
0	0.0294118
0	0.0784314
0	0.0392157
0	0.0490196
0	0.0392157
0	0.0588235
0	0.0882353
0	0.0196078
0	0.656863
0	0.0294118
0	0.0294118
0	0.0882353
0	0.0196078
0	0.0294118
0	0.0294118
0	0.0196078
0	1
0	0.0392157
0	0.0196078
0	0.0784314
0	0.656863
0	0.0196078
0	0.0588235
0	0.656863
0	0.0686275
0	0.0490196
0	0.0196078
0	0.656863


