# Persistence diagram <GML/1349.gml>
#
# Dimension   : 0
# Entries     : 67
# Betti number: 1
0	inf
0	1
0	0.824561
0	1
0	0.824561
0	0.824561
0	0.824561
0	0.824561
0	0.824561
0	0.824561
0	0.824561
0	0.824561
0	0.824561
0	1
0	0.824561
0	0.824561
0	1
0	0.824561
0	0.824561
0	0.0701754
0	0.824561
0	0.824561
0	0.824561
0	0.0877193
0	0.824561
0	0.824561
0	0.824561
0	0.824561
0	0.824561
0	0.0701754
0	0.824561
0	0.824561
0	0.824561
0	1
0	0.824561
0	1
0	0.824561
0	0.0526316
0	0.824561
0	0.824561
0	1
0	0.824561
0	0.824561
0	0.0526316
0	0.824561
0	0.824561
0	0.824561
0	0.824561
0	1
0	0.824561
0	0.0526316
0	0.0526316
0	0.824561
0	0.0877193
0	0.0526316
0	0.824561
0	1
0	0.0526316
0	0.824561
0	0.0877193
0	0.0526316
0	0.824561
0	0.0350877
0	0.824561
0	0.824561
0	0.824561
0	1


