# Persistence diagram <GML/1351.gml>
#
# Dimension   : 0
# Entries     : 345
# Betti number: 1
0	inf
0	1
0	1
0	1
0	1
0	1
0	1
0	1
0	1
0	1
0	1
0	0.0142349
0	0.352313
0	0.352313
0	1
0	1
0	0.352313
0	0.0177936
0	0.352313
0	1
0	1
0	1
0	0.0213523
0	0.352313
0	1
0	1
0	0.0142349
0	1
0	0.352313
0	0.0213523
0	1
0	1
0	0.352313
0	1
0	0.352313
0	1
0	1
0	1
0	0.0106762
0	1
0	1
0	1
0	0.352313
0	1
0	1
0	0.352313
0	1
0	1
0	0.352313
0	1
0	1
0	0.352313
0	1
0	0.352313
0	1
0	1
0	1
0	0.0177936
0	1
0	1
0	0.352313
0	0.352313
0	0.352313
0	1
0	0.352313
0	0.352313
0	0.0106762
0	0.352313
0	1
0	1
0	0.352313
0	1
0	1
0	1
0	0.352313
0	1
0	1
0	0.352313
0	0.352313
0	1
0	1
0	0.352313
0	0.352313
0	1
0	1
0	1
0	1
0	0.352313
0	1
0	0.352313
0	1
0	0.352313
0	0.352313
0	1
0	1
0	1
0	1
0	0.00711744
0	0.352313
0	1
0	1
0	0.0142349
0	0.0177936
0	1
0	0.352313
0	1
0	1
0	0.352313
0	1
0	1
0	0.0213523
0	1
0	0.352313
0	0.0177936
0	1
0	0.00711744
0	0.0106762
0	0.352313
0	0.352313
0	1
0	1
0	1
0	1
0	0.352313
0	1
0	1
0	0.0106762
0	1
0	0.352313
0	0.352313
0	0.352313
0	1
0	1
0	0.352313
0	1
0	0.0213523
0	1
0	1
0	1
0	0.00711744
0	0.0177936
0	1
0	1
0	0.00711744
0	1
0	1
0	0.352313
0	1
0	0.352313
0	0.352313
0	0.352313
0	1
0	0.352313
0	1
0	0.0106762
0	1
0	1
0	1
0	0.0106762
0	1
0	1
0	1
0	0.352313
0	1
0	0.0142349
0	1
0	1
0	0.0213523
0	0.352313
0	0.0106762
0	0.352313
0	0.352313
0	1
0	1
0	1
0	1
0	1
0	1
0	1
0	1
0	1
0	1
0	1
0	1
0	0.352313
0	0.0177936
0	1
0	0.352313
0	0.352313
0	1
0	1
0	1
0	0.352313
0	1
0	0.352313
0	1
0	1
0	1
0	1
0	1
0	1
0	0.00711744
0	1
0	0.352313
0	0.352313
0	1
0	1
0	0.352313
0	0.00711744
0	0.00711744
0	1
0	1
0	0.0106762
0	1
0	0.0177936
0	0.352313
0	0.352313
0	1
0	0.352313
0	1
0	0.0177936
0	1
0	0.352313
0	1
0	1
0	1
0	1
0	1
0	1
0	1
0	0.00711744
0	1
0	1
0	1
0	1
0	1
0	1
0	1
0	1
0	1
0	1
0	0.352313
0	0.0106762
0	1
0	0.352313
0	0.352313
0	0.352313
0	0.0106762
0	1
0	0.00711744
0	0.352313
0	1
0	1
0	1
0	1
0	1
0	0.352313
0	1
0	0.0142349
0	0.352313
0	0.352313
0	0.00711744
0	0.0142349
0	1
0	1
0	1
0	1
0	1
0	1
0	0.352313
0	0.352313
0	1
0	1
0	1
0	1
0	1
0	1
0	0.352313
0	1
0	1
0	0.352313
0	1
0	1
0	1
0	0.0142349
0	1
0	1
0	1
0	1
0	1
0	1
0	0.352313
0	1
0	0.0142349
0	1
0	1
0	0.352313
0	0.352313
0	1
0	0.352313
0	0.352313
0	1
0	0.00711744
0	1
0	1
0	0.352313
0	0.352313
0	0.352313
0	1
0	0.00711744
0	1
0	1
0	0.352313
0	1
0	1
0	1
0	1
0	1
0	0.00711744
0	1
0	0.352313
0	0.352313
0	1
0	1
0	1
0	1
0	1
0	1
0	1
0	1
0	0.00711744
0	0.352313
0	1
0	0.352313
0	0.352313
0	1
0	1
0	0.352313
0	0.352313
0	1
0	1
0	1
0	1
0	1
0	1


