# Persistence diagram <GML/1355.gml>
#
# Dimension   : 0
# Entries     : 354
# Betti number: 1
0	inf
0	1
0	1
0	1
0	1
0	0.396825
0	0.396825
0	0.396825
0	1
0	1
0	0.396825
0	0.396825
0	0.396825
0	1
0	1
0	1
0	0.0119048
0	1
0	1
0	1
0	0.0277778
0	1
0	0.396825
0	1
0	0.396825
0	0.396825
0	0.396825
0	1
0	1
0	0.396825
0	0.396825
0	1
0	1
0	0.396825
0	1
0	1
0	1
0	0.396825
0	0.396825
0	0.396825
0	1
0	0.396825
0	1
0	0.396825
0	1
0	0.396825
0	1
0	1
0	1
0	1
0	1
0	0.0277778
0	0.0119048
0	1
0	0.396825
0	1
0	0.396825
0	0.396825
0	1
0	0.0119048
0	0.396825
0	1
0	0.0119048
0	1
0	0.396825
0	1
0	0.0198413
0	0.396825
0	1
0	0.0119048
0	1
0	1
0	0.396825
0	0.015873
0	1
0	1
0	0.396825
0	0.396825
0	0.0277778
0	0.396825
0	1
0	0.396825
0	1
0	1
0	0.0198413
0	1
0	1
0	0.396825
0	1
0	0.396825
0	0.396825
0	1
0	1
0	1
0	1
0	0.00793651
0	0.0119048
0	1
0	1
0	1
0	1
0	0.0119048
0	1
0	0.0238095
0	0.0238095
0	1
0	1
0	0.0119048
0	1
0	1
0	0.396825
0	0.396825
0	0.396825
0	1
0	0.396825
0	0.396825
0	0.396825
0	0.396825
0	1
0	0.396825
0	0.396825
0	0.396825
0	1
0	1
0	0.00793651
0	0.015873
0	1
0	0.0119048
0	1
0	1
0	1
0	1
0	1
0	1
0	0.015873
0	1
0	1
0	1
0	0.396825
0	1
0	0.396825
0	0.396825
0	1
0	1
0	0.396825
0	1
0	0.0119048
0	0.396825
0	0.396825
0	0.396825
0	1
0	1
0	1
0	1
0	1
0	0.0119048
0	1
0	0.396825
0	0.00793651
0	0.015873
0	1
0	0.396825
0	0.0119048
0	1
0	1
0	0.015873
0	0.396825
0	1
0	0.015873
0	1
0	1
0	0.396825
0	0.015873
0	1
0	1
0	1
0	1
0	1
0	0.396825
0	0.396825
0	1
0	1
0	1
0	1
0	1
0	0.0119048
0	1
0	0.396825
0	0.00793651
0	0.00793651
0	0.0238095
0	1
0	1
0	1
0	1
0	1
0	0.015873
0	1
0	0.396825
0	0.015873
0	0.396825
0	1
0	1
0	1
0	0.0119048
0	1
0	0.396825
0	1
0	1
0	0.396825
0	0.396825
0	1
0	0.015873
0	1
0	1
0	0.015873
0	0.015873
0	1
0	0.396825
0	1
0	0.396825
0	1
0	1
0	0.00793651
0	1
0	1
0	0.396825
0	0.396825
0	1
0	0.396825
0	1
0	1
0	0.0198413
0	0.0119048
0	1
0	0.0119048
0	1
0	0.00793651
0	0.396825
0	0.396825
0	0.396825
0	1
0	0.00793651
0	0.0119048
0	0.00793651
0	0.0119048
0	0.396825
0	0.396825
0	0.396825
0	1
0	0.396825
0	1
0	0.396825
0	1
0	0.396825
0	1
0	1
0	1
0	1
0	1
0	1
0	1
0	1
0	0.00793651
0	0.0119048
0	0.00793651
0	0.396825
0	1
0	0.396825
0	0.015873
0	0.396825
0	1
0	1
0	1
0	1
0	0.0198413
0	0.396825
0	1
0	0.00793651
0	1
0	0.0119048
0	0.00793651
0	1
0	0.0119048
0	0.396825
0	1
0	1
0	1
0	1
0	1
0	0.396825
0	1
0	1
0	1
0	1
0	0.0119048
0	0.0119048
0	0.396825
0	0.0277778
0	0.396825
0	0.015873
0	1
0	1
0	1
0	1
0	1
0	1
0	0.396825
0	0.0238095
0	0.396825
0	0.015873
0	0.0119048
0	0.396825
0	1
0	1
0	0.396825
0	0.00793651
0	0.396825
0	0.396825
0	0.0119048
0	0.015873
0	0.00793651
0	1
0	1
0	1
0	1
0	0.00793651
0	0.00793651
0	1
0	0.396825
0	0.396825
0	0.015873
0	1
0	0.00793651
0	0.015873
0	1
0	1
0	1
0	1
0	0.00793651
0	0.00793651
0	1
0	1
0	0.00793651
0	1
0	0.015873
0	1
0	0.396825
0	0.0119048
0	1
0	1
0	0.0277778
0	0.00793651
0	0.015873


