# Persistence diagram <GML/1358.gml>
#
# Dimension   : 0
# Entries     : 399
# Betti number: 5
0	inf
0	1
0	0.5
0	1
0	0.5
0	0.5
0	0.5
0	0.5
0	0.5
0	0.5
0	0.0964912
0	0.0964912
0	0.0175439
0	0.0614035
0	0.0350877
0	0.0614035
0	0.0438596
0	0.0526316
0	0.5
0	0.0263158
0	0.0350877
0	0.5
0	1
0	inf
0	0.0350877
0	0.0438596
0	1
0	1
0	1
0	1
0	0.0964912
0	1
0	0.5
0	0.5
0	1
0	1
0	1
0	0.0350877
0	0.0263158
0	0.0438596
0	1
0	0.0350877
0	0.0350877
0	0.0263158
0	0.0175439
0	1
0	0.0350877
0	0.0964912
0	0.0350877
0	0.0350877
0	1
0	0.0350877
0	0.0175439
0	0.5
0	1
0	0.5
0	0.0350877
0	1
0	0.5
0	1
0	1
0	0.0175439
0	0.0964912
0	0.0350877
0	0.0350877
0	1
0	0.0438596
0	0.5
0	0.0526316
0	0.0438596
0	1
0	1
0	1
0	1
0	0.0350877
0	0.0350877
0	0.5
0	1
0	1
0	0.0964912
0	0.0263158
0	0.0350877
0	0.0350877
0	0.5
0	1
0	1
0	0.0438596
0	0.0263158
0	0.0614035
0	0.0263158
0	0.0438596
0	0.5
0	0.5
0	1
0	0.0175439
0	0.0175439
0	0.0263158
0	0.0263158
0	0.0350877
0	0.0614035
0	0.5
0	0.0263158
0	0.5
0	0.0438596
0	0.5
0	0.0263158
0	0.0350877
0	0.5
0	0.0350877
0	0.0263158
0	0.0350877
0	0.0350877
0	0.0175439
0	1
0	0.0964912
0	0.0438596
0	0.0350877
0	inf
0	0.00877193
0	0.0263158
0	0.0263158
0	0.0438596
0	1
0	0.0964912
0	0.0526316
0	0.0438596
0	1
0	0.0175439
0	0.0175439
0	0.5
0	1
0	1
0	0.0350877
0	0.0350877
0	0.0350877
0	1
0	0.5
0	0.0263158
0	inf
0	0.0263158
0	0.0263158
0	0.0263158
0	0.0263158
0	0.5
0	0.0175439
0	0.0438596
0	0.0526316
0	0.0263158
0	0.0263158
0	0.0263158
0	0.0350877
0	1
0	0.0263158
0	0.0263158
0	1
0	0.5
0	0.0263158
0	0.0263158
0	0.0175439
0	0.0263158
0	1
0	0.0350877
0	1
0	0.00877193
0	0.0263158
0	1
0	0.0438596
0	0.0263158
0	0.0614035
0	0.0263158
0	1
0	0.0964912
0	0.0263158
0	0.0350877
0	1
0	0.5
0	0.0350877
0	0.0175439
0	inf
0	0.5
0	0.0175439
0	0.0263158
0	0.0614035
0	0.0350877
0	0.5
0	0.0263158
0	0.5
0	0.5
0	0.0350877
0	0.0438596
0	0.0263158
0	0.0175439
0	0.0263158
0	0.0175439
0	1
0	0.0350877
0	0.0263158
0	0.0263158
0	0.0350877
0	0.0526316
0	0.0263158
0	0.0175439
0	0.0263158
0	1
0	0.0175439
0	0.0175439
0	0.0175439
0	0.5
0	0.0263158
0	1
0	1
0	0.0350877
0	0.0263158
0	0.0263158
0	0.0175439
0	0.0263158
0	0.0350877
0	0.0175439
0	0.0263158
0	0.5
0	0.0263158
0	1
0	0.0263158
0	0.0263158
0	0.0175439
0	0.0263158
0	0.0263158
0	0.0350877
0	0.0175439
0	0.0350877
0	0.0175439
0	0.0175439
0	0.0350877
0	0.0175439
0	0.0350877
0	0.5
0	1
0	1
0	0.0263158
0	0.0350877
0	0.0263158
0	0.0263158
0	0.0350877
0	0.0263158
0	0.0350877
0	0.0175439
0	0.0263158
0	0.0350877
0	0.5
0	0.0350877
0	0.0438596
0	1
0	0.0964912
0	0.5
0	0.0263158
0	0.0263158
0	0.0175439
0	0.0263158
0	0.0350877
0	0.0526316
0	0.0263158
0	0.0263158
0	0.0175439
0	1
0	0.0350877
0	0.5
0	0.0175439
0	0.0175439
0	0.0263158
0	0.0175439
0	0.0175439
0	1
0	0.5
0	0.0175439
0	0.0350877
0	0.0175439
0	0.5
0	0.0614035
0	0.5
0	0.0350877
0	0.5
0	1
0	0.0350877
0	0.0175439
0	0.0175439
0	0.0614035
0	0.5
0	0.0263158
0	0.0263158
0	0.0175439
0	0.0175439
0	0.0175439
0	0.0175439
0	0.0263158
0	0.0350877
0	1
0	0.0263158
0	0.0263158
0	0.0438596
0	1
0	1
0	0.0526316
0	0.0614035
0	0.0175439
0	0.0263158
0	0.0175439
0	1
0	0.0263158
0	0.0438596
0	0.0526316
0	0.0263158
0	0.0350877
0	0.0175439
0	0.0175439
0	1
0	0.5
0	1
0	0.0175439
0	0.5
0	0.0263158
0	0.0263158
0	0.0175439
0	0.0350877
0	0.0438596
0	0.0263158
0	0.0350877
0	0.0438596
0	0.5
0	0.0175439
0	0.0263158
0	0.0175439
0	0.0175439
0	0.0175439
0	0.0175439
0	0.0263158
0	0.0614035
0	0.0263158
0	0.0263158
0	0.0263158
0	0.5
0	0.0175439
0	0.0263158
0	0.0263158
0	1
0	0.0263158
0	0.0263158
0	0.0263158
0	0.0263158
0	0.0350877
0	0.0263158
0	0.0263158
0	0.0175439
0	0.0350877
0	0.0350877
0	0.0263158
0	0.0175439
0	0.0263158
0	0.0263158
0	0.0438596
0	0.0526316
0	0.0350877
0	0.0263158
0	0.0438596
0	0.0263158
0	0.0175439
0	0.0263158
0	0.0350877
0	0.0614035
0	0.5
0	0.0263158
0	0.0175439
0	0.0175439
0	0.0350877
0	0.0175439
0	0.0350877
0	0.0175439
0	1
0	0.0175439
0	0.0350877
0	0.0175439
0	0.0263158
0	0.5
0	0.0263158
0	1
0	0.0263158
0	0.0175439
0	0.0175439
0	0.0175439
0	0.0263158
0	0.0175439
0	1
0	0.0263158
0	0.0263158
0	0.5
0	0.0175439
0	0.5
0	0.0263158
0	0.0175439
0	0.0263158


