# Persistence diagram <GML/1361.gml>
#
# Dimension   : 0
# Entries     : 419
# Betti number: 1
0	inf
0	1
0	0.0364583
0	0.0520833
0	0.0364583
0	1
0	1
0	1
0	1
0	1
0	0.0625
0	1
0	0.0520833
0	0.0572917
0	1
0	0.0104167
0	0.0364583
0	1
0	0.03125
0	0.078125
0	0.0260417
0	0.0364583
0	0.078125
0	0.0572917
0	0.0677083
0	1
0	1
0	0.0260417
0	1
0	1
0	0.03125
0	1
0	0.0364583
0	1
0	1
0	0.0260417
0	0.0260417
0	0.0260417
0	0.0208333
0	1
0	1
0	1
0	0.0260417
0	0.0208333
0	0.015625
0	0.0625
0	1
0	0.0208333
0	1
0	0.0364583
0	1
0	1
0	0.0364583
0	1
0	1
0	0.0625
0	1
0	0.0260417
0	0.0625
0	1
0	0.03125
0	1
0	1
0	0.0364583
0	1
0	0.0208333
0	0.0208333
0	0.0208333
0	1
0	0.0104167
0	0.0572917
0	1
0	1
0	0.0677083
0	1
0	1
0	1
0	1
0	0.0208333
0	0.015625
0	1
0	0.03125
0	0.015625
0	0.0260417
0	0.0677083
0	0.0208333
0	1
0	0.0520833
0	1
0	0.0572917
0	0.015625
0	0.015625
0	0.0260417
0	0.0104167
0	1
0	1
0	0.046875
0	0.0572917
0	0.046875
0	1
0	1
0	1
0	1
0	0.0260417
0	1
0	0.0364583
0	1
0	1
0	1
0	0.015625
0	0.0520833
0	1
0	0.0208333
0	0.0104167
0	0.0364583
0	1
0	0.0260417
0	0.0104167
0	0.0208333
0	1
0	1
0	0.015625
0	1
0	1
0	0.03125
0	1
0	1
0	0.03125
0	0.0364583
0	0.046875
0	0.0208333
0	0.0260417
0	0.0104167
0	1
0	0.0364583
0	0.0208333
0	0.015625
0	1
0	0.0208333
0	1
0	0.03125
0	1
0	1
0	0.0572917
0	0.015625
0	0.046875
0	1
0	1
0	1
0	0.0260417
0	0.046875
0	0.0260417
0	1
0	0.0208333
0	1
0	0.0208333
0	1
0	1
0	0.0104167
0	1
0	1
0	0.015625
0	1
0	1
0	1
0	1
0	1
0	0.078125
0	0.078125
0	1
0	0.078125
0	0.015625
0	0.015625
0	0.0364583
0	0.0677083
0	0.0677083
0	1
0	0.0208333
0	0.0104167
0	1
0	1
0	1
0	0.0260417
0	0.0208333
0	0.0208333
0	0.0208333
0	0.0208333
0	1
0	1
0	0.0625
0	0.0677083
0	0.0364583
0	0.015625
0	1
0	1
0	0.015625
0	1
0	0.0260417
0	0.0572917
0	0.0677083
0	0.03125
0	0.015625
0	0.046875
0	0.015625
0	0.0625
0	1
0	1
0	1
0	0.046875
0	0.03125
0	0.0208333
0	1
0	0.0104167
0	0.0260417
0	1
0	1
0	1
0	1
0	1
0	0.0260417
0	0.0260417
0	0.03125
0	1
0	0.015625
0	1
0	0.0677083
0	0.046875
0	0.078125
0	0.0364583
0	0.03125
0	1
0	0.0677083
0	0.0104167
0	1
0	1
0	0.015625
0	0.0364583
0	1
0	0.0520833
0	1
0	1
0	0.015625
0	1
0	1
0	0.0208333
0	0.0520833
0	0.0208333
0	0.015625
0	1
0	0.0677083
0	0.0208333
0	1
0	0.0104167
0	0.015625
0	0.03125
0	0.0364583
0	0.0104167
0	1
0	0.078125
0	1
0	0.0208333
0	1
0	1
0	0.03125
0	0.0572917
0	1
0	1
0	0.0364583
0	0.0260417
0	0.03125
0	1
0	0.0104167
0	0.0208333
0	0.0260417
0	0.0104167
0	0.03125
0	1
0	0.0260417
0	0.015625
0	1
0	0.0677083
0	0.0104167
0	0.0677083
0	0.0104167
0	1
0	1
0	1
0	0.0260417
0	1
0	1
0	1
0	0.0625
0	0.0520833
0	1
0	0.015625
0	1
0	1
0	0.03125
0	1
0	0.0208333
0	0.0572917
0	1
0	1
0	1
0	0.015625
0	0.03125
0	0.0104167
0	1
0	1
0	1
0	1
0	0.0208333
0	0.0104167
0	1
0	0.0104167
0	0.0104167
0	0.0104167
0	0.0208333
0	0.0208333
0	0.0208333
0	0.015625
0	1
0	0.015625
0	0.0208333
0	0.015625
0	1
0	0.015625
0	0.0208333
0	1
0	0.0104167
0	0.0208333
0	1
0	1
0	0.0260417
0	1
0	0.0208333
0	0.0572917
0	0.0208333
0	1
0	0.078125
0	0.0364583
0	1
0	0.015625
0	0.0208333
0	0.015625
0	1
0	0.0104167
0	1
0	1
0	1
0	0.0364583
0	1
0	0.0260417
0	1
0	1
0	0.0104167
0	1
0	0.0208333
0	0.0104167
0	1
0	1
0	1
0	0.0104167
0	0.0520833
0	1
0	0.0364583
0	1
0	0.0208333
0	0.0260417
0	0.015625
0	1
0	1
0	0.015625
0	1
0	0.0104167
0	0.0104167
0	0.015625
0	0.015625
0	1
0	1
0	1
0	0.0364583
0	0.0104167
0	1
0	1
0	1
0	1
0	0.015625
0	0.015625
0	1
0	0.0260417
0	1
0	1
0	0.0208333
0	0.015625
0	0.0208333
0	1
0	1
0	0.0104167
0	0.0104167
0	1
0	0.015625
0	1
0	1
0	1
0	0.0104167
0	0.0208333
0	1
0	0.078125
0	0.0625
0	0.0208333
0	1
0	0.015625
0	0.0208333
0	0.0104167
0	0.0104167
0	0.015625
0	0.0208333
0	0.015625


