# Persistence diagram <GML/1365.gml>
#
# Dimension   : 0
# Entries     : 358
# Betti number: 2
0	inf
0	0.0769231
0	1
0	0.846154
0	0.107692
0	1
0	0.107692
0	0.323077
0	0.107692
0	0.0769231
0	0.138462
0	0.123077
0	0.138462
0	0.0307692
0	0.0769231
0	0.0461538
0	0.0615385
0	0.846154
0	0.323077
0	0.846154
0	0.4
0	0.323077
0	0.4
0	0.846154
0	0.107692
0	1
0	0.0923077
0	0.0769231
0	0.846154
0	0.0923077
0	0.0923077
0	0.107692
0	0.323077
0	0.0923077
0	0.107692
0	0.123077
0	0.123077
0	0.846154
0	0.0769231
0	0.0769231
0	0.107692
0	0.0923077
0	0.0615385
0	0.4
0	0.323077
0	0.0769231
0	0.0615385
0	0.0307692
0	0.0307692
0	0.846154
0	0.4
0	0.107692
0	0.107692
0	0.0923077
0	0.0461538
0	0.0461538
0	0.0923077
0	0.0615385
0	0.0923077
0	0.123077
0	0.0615385
0	0.0307692
0	0.0923077
0	0.0615385
0	0.107692
0	0.846154
0	0.846154
0	0.323077
0	1
0	0.846154
0	inf
0	0.153846
0	0.123077
0	0.0769231
0	0.107692
0	0.323077
0	0.323077
0	0.4
0	0.0307692
0	0.0307692
0	0.153846
0	0.0307692
0	0.0461538
0	0.123077
0	0.0615385
0	0.0615385
0	0.0769231
0	0.0307692
0	0.846154
0	0.846154
0	0.0615385
0	0.0615385
0	0.0615385
0	0.0615385
0	1
0	1
0	0.323077
0	1
0	0.0615385
0	0.107692
0	0.846154
0	0.4
0	0.846154
0	0.0769231
0	1
0	0.0923077
0	0.323077
0	0.0923077
0	0.123077
0	0.846154
0	0.846154
0	0.123077
0	0.0769231
0	0.0769231
0	0.846154
0	0.0923077
0	0.0769231
0	0.0769231
0	0.0615385
0	0.153846
0	0.153846
0	0.0307692
0	0.0923077
0	0.0615385
0	0.0461538
0	0.846154
0	0.0461538
0	0.0923077
0	0.107692
0	0.0307692
0	0.0615385
0	0.0769231
0	0.0769231
0	0.0769231
0	0.0923077
0	0.846154
0	0.0461538
0	0.0769231
0	0.0615385
0	0.0615385
0	0.0615385
0	0.0923077
0	0.0461538
0	0.107692
0	0.4
0	0.107692
0	0.0461538
0	0.323077
0	0.0461538
0	0.0461538
0	0.0923077
0	0.107692
0	1
0	1
0	0.323077
0	0.0461538
0	0.0615385
0	1
0	0.0307692
0	0.0769231
0	1
0	0.0461538
0	0.123077
0	0.0307692
0	0.0769231
0	0.0615385
0	0.0615385
0	0.846154
0	0.0307692
0	0.123077
0	0.846154
0	0.0769231
0	0.0615385
0	0.846154
0	0.0307692
0	0.153846
0	0.0615385
0	0.4
0	0.153846
0	0.846154
0	0.0461538
0	0.0769231
0	0.138462
0	1
0	0.323077
0	0.323077
0	0.0769231
0	0.846154
0	0.846154
0	1
0	0.0307692
0	0.153846
0	0.107692
0	0.0461538
0	0.0307692
0	0.846154
0	0.0307692
0	0.846154
0	0.107692
0	0.0307692
0	0.107692
0	0.846154
0	0.0307692
0	0.107692
0	0.0615385
0	0.0769231
0	0.0615385
0	0.846154
0	0.0615385
0	0.0461538
0	0.0769231
0	0.323077
0	0.846154
0	0.846154
0	0.0615385
0	0.846154
0	0.0923077
0	0.0769231
0	0.0769231
0	0.107692
0	0.0769231
0	0.846154
0	1
0	0.0615385
0	0.0615385
0	1
0	0.0615385
0	0.138462
0	0.0461538
0	0.4
0	0.0461538
0	0.0769231
0	0.138462
0	0.846154
0	0.0461538
0	0.846154
0	0.138462
0	0.0461538
0	0.123077
0	0.0461538
0	0.846154
0	0.4
0	0.0461538
0	0.0923077
0	0.0923077
0	0.0461538
0	0.0461538
0	0.846154
0	1
0	0.0461538
0	0.0615385
0	0.323077
0	0.0923077
0	0.846154
0	0.846154
0	0.846154
0	0.846154
0	0.0615385
0	0.0461538
0	0.0461538
0	0.4
0	0.0307692
0	0.107692
0	0.0307692
0	0.0307692
0	0.138462
0	0.0615385
0	0.846154
0	0.0307692
0	1
0	0.846154
0	0.0307692
0	0.0769231
0	0.4
0	0.0769231
0	1
0	0.0307692
0	0.123077
0	0.0769231
0	0.0615385
0	0.0307692
0	0.0307692
0	0.0615385
0	0.153846
0	0.846154
0	0.846154
0	0.4
0	0.0461538
0	0.0615385
0	0.0615385
0	0.846154
0	0.0307692
0	0.0461538
0	0.107692
0	0.0307692
0	0.123077
0	0.0461538
0	0.0769231
0	0.0923077
0	0.4
0	0.0769231
0	0.0923077
0	0.0615385
0	0.0923077
0	0.4
0	0.0769231
0	0.0461538
0	0.0769231
0	0.0307692
0	0.0307692
0	0.0923077
0	1
0	0.0461538
0	0.0615385
0	0.0615385
0	0.0307692
0	0.0307692
0	0.138462
0	0.0461538
0	0.0461538
0	0.0615385
0	0.846154
0	0.323077
0	0.0461538
0	0.107692
0	0.0615385
0	0.0615385
0	0.107692
0	0.0923077
0	0.0153846
0	0.0615385
0	0.0769231
0	1
0	0.0923077
0	0.4
0	0.846154
0	0.0307692
0	1
0	0.0461538
0	0.846154
0	0.0307692
0	0.0769231
0	0.0307692
0	1
0	0.0615385
0	0.846154
0	0.0307692
0	0.4
0	0.0307692
0	0.0307692
0	0.0769231
0	1
0	0.0461538
0	0.0307692
0	0.107692
0	0.0923077
0	0.107692
0	0.4


