# Persistence diagram <GML/1366.gml>
#
# Dimension   : 0
# Entries     : 374
# Betti number: 1
0	inf
0	0.643678
0	1
0	0.114943
0	1
0	0.149425
0	0.16092
0	1
0	0.114943
0	0.643678
0	0.103448
0	1
0	0.643678
0	0.103448
0	0.137931
0	1
0	0.0804598
0	0.0574713
0	0.103448
0	0.0804598
0	1
0	0.643678
0	0.0804598
0	0.0229885
0	0.045977
0	1
0	0.091954
0	0.091954
0	0.16092
0	0.0689655
0	0.643678
0	0.0229885
0	0.0804598
0	0.126437
0	0.114943
0	1
0	0.103448
0	0.0574713
0	0.114943
0	0.643678
0	1
0	0.0229885
0	0.643678
0	0.643678
0	0.045977
0	0.643678
0	0.114943
0	0.0574713
0	0.137931
0	1
0	0.091954
0	0.103448
0	0.137931
0	0.643678
0	0.0574713
0	0.643678
0	0.0344828
0	1
0	0.045977
0	1
0	0.114943
0	0.103448
0	0.126437
0	1
0	0.0344828
0	0.0574713
0	1
0	0.091954
0	0.137931
0	0.103448
0	0.103448
0	1
0	1
0	0.16092
0	1
0	0.126437
0	0.0689655
0	0.0344828
0	0.103448
0	0.0574713
0	0.0229885
0	0.149425
0	0.643678
0	0.149425
0	0.091954
0	0.126437
0	1
0	0.0344828
0	1
0	1
0	0.045977
0	0.0229885
0	0.0574713
0	1
0	1
0	0.0804598
0	0.0574713
0	0.045977
0	1
0	0.0574713
0	1
0	1
0	0.091954
0	1
0	0.195402
0	0.0344828
0	0.103448
0	0.0689655
0	0.045977
0	0.045977
0	1
0	0.149425
0	0.643678
0	0.0344828
0	0.0574713
0	0.045977
0	1
0	0.103448
0	0.137931
0	0.643678
0	0.0344828
0	0.114943
0	0.0574713
0	0.045977
0	0.0689655
0	0.643678
0	0.16092
0	0.0344828
0	1
0	0.643678
0	0.114943
0	0.045977
0	0.643678
0	0.103448
0	0.643678
0	0.0344828
0	1
0	0.0689655
0	0.643678
0	1
0	0.0574713
0	1
0	0.045977
0	0.091954
0	0.643678
0	1
0	0.0229885
0	0.0804598
0	0.149425
0	0.103448
0	0.0574713
0	0.0229885
0	0.045977
0	0.114943
0	0.643678
0	1
0	0.0229885
0	0.643678
0	0.103448
0	0.16092
0	0.0689655
0	0.643678
0	0.103448
0	0.126437
0	0.045977
0	0.0574713
0	1
0	0.045977
0	0.149425
0	0.0574713
0	0.045977
0	0.045977
0	0.0689655
0	0.114943
0	0.643678
0	0.16092
0	0.045977
0	0.0344828
0	0.103448
0	0.0229885
0	0.643678
0	0.0689655
0	0.0574713
0	0.045977
0	0.0689655
0	0.045977
0	0.126437
0	1
0	1
0	0.643678
0	0.045977
0	0.045977
0	0.0574713
0	0.0229885
0	0.0689655
0	1
0	1
0	1
0	0.137931
0	0.103448
0	0.091954
0	0.643678
0	0.0804598
0	0.0344828
0	0.045977
0	0.0344828
0	0.643678
0	0.0229885
0	0.045977
0	0.114943
0	0.045977
0	0.0344828
0	0.0229885
0	0.0344828
0	0.045977
0	1
0	0.0574713
0	0.643678
0	0.045977
0	0.045977
0	0.0344828
0	0.045977
0	1
0	1
0	1
0	1
0	0.0229885
0	0.0229885
0	0.0344828
0	0.045977
0	0.195402
0	0.0344828
0	0.0229885
0	0.16092
0	1
0	1
0	1
0	1
0	0.149425
0	0.114943
0	1
0	0.0344828
0	0.643678
0	0.0574713
0	0.0574713
0	0.0574713
0	0.0229885
0	0.16092
0	0.045977
0	0.0229885
0	1
0	0.0229885
0	0.045977
0	0.0344828
0	0.0574713
0	0.16092
0	0.0229885
0	0.0574713
0	0.643678
0	0.0229885
0	0.0689655
0	0.0229885
0	0.16092
0	0.045977
0	0.0804598
0	0.045977
0	0.0229885
0	0.0229885
0	0.0229885
0	0.103448
0	0.114943
0	0.114943
0	0.114943
0	0.643678
0	1
0	0.0344828
0	0.643678
0	0.126437
0	1
0	0.0344828
0	0.045977
0	0.0574713
0	0.045977
0	0.0229885
0	0.0229885
0	0.0344828
0	0.0229885
0	0.045977
0	1
0	0.0574713
0	0.0344828
0	0.0229885
0	0.103448
0	1
0	0.643678
0	0.0804598
0	0.0689655
0	0.114943
0	1
0	0.0229885
0	0.16092
0	1
0	0.0229885
0	1
0	0.0344828
0	0.0344828
0	0.103448
0	0.137931
0	0.0804598
0	1
0	0.045977
0	0.0229885
0	0.0344828
0	0.0229885
0	1
0	0.114943
0	0.0344828
0	0.0574713
0	0.0574713
0	0.103448
0	0.0574713
0	1
0	0.0229885
0	1
0	0.0344828
0	0.0344828
0	0.0804598
0	0.0344828
0	0.0344828
0	0.045977
0	1
0	0.0229885
0	0.0229885
0	0.045977
0	1
0	0.045977
0	0.195402
0	0.103448
0	1
0	0.0229885
0	0.045977
0	0.0344828
0	0.195402
0	0.0574713
0	0.045977
0	0.643678
0	0.0229885
0	0.643678
0	0.643678
0	0.16092
0	0.0229885
0	0.045977
0	0.0689655
0	0.16092
0	0.149425
0	0.0344828
0	0.0344828
0	0.137931
0	0.045977
0	1
0	0.0229885
0	0.643678
0	0.0344828
0	0.643678
0	0.0344828
0	0.195402
0	0.643678
0	1
0	0.0344828
0	0.0689655
0	0.0229885
0	0.643678
0	0.643678
0	0.0229885


