# Persistence diagram <GML/1368.gml>
#
# Dimension   : 0
# Entries     : 282
# Betti number: 1
0	inf
0	1
0	1
0	1
0	0.491018
0	1
0	1
0	0.0598802
0	0.491018
0	1
0	0.491018
0	1
0	0.491018
0	0.491018
0	1
0	0.0299401
0	0.491018
0	0.491018
0	0.491018
0	0.491018
0	1
0	0.491018
0	0.491018
0	0.491018
0	0.491018
0	1
0	1
0	0.491018
0	0.491018
0	0.491018
0	1
0	1
0	1
0	0.0299401
0	0.0179641
0	0.0299401
0	1
0	1
0	0.0179641
0	0.0179641
0	0.0239521
0	0.491018
0	1
0	0.0598802
0	0.0419162
0	1
0	1
0	0.0239521
0	0.0179641
0	1
0	0.491018
0	0.491018
0	0.491018
0	1
0	1
0	0.491018
0	0.0598802
0	0.491018
0	0.0299401
0	1
0	0.491018
0	0.491018
0	1
0	0.491018
0	1
0	0.0299401
0	1
0	0.011976
0	0.0179641
0	0.0179641
0	1
0	0.491018
0	1
0	0.0299401
0	0.0299401
0	0.491018
0	0.0179641
0	1
0	0.0179641
0	0.491018
0	1
0	1
0	0.0239521
0	0.0299401
0	0.0299401
0	1
0	0.0239521
0	0.0419162
0	0.0179641
0	0.491018
0	0.0239521
0	0.0179641
0	1
0	0.011976
0	1
0	0.0239521
0	0.0598802
0	1
0	0.0359281
0	1
0	0.0299401
0	0.491018
0	1
0	0.491018
0	1
0	1
0	1
0	0.0299401
0	0.0299401
0	1
0	0.0598802
0	0.0179641
0	0.0239521
0	0.0179641
0	0.491018
0	0.011976
0	0.0239521
0	1
0	0.491018
0	1
0	1
0	1
0	0.491018
0	0.0239521
0	0.0179641
0	1
0	0.491018
0	1
0	0.491018
0	0.491018
0	0.011976
0	0.491018
0	0.491018
0	1
0	1
0	0.011976
0	0.0359281
0	0.491018
0	0.491018
0	1
0	0.491018
0	1
0	0.491018
0	0.491018
0	1
0	0.491018
0	0.0179641
0	0.0179641
0	0.0419162
0	0.0359281
0	1
0	1
0	0.0299401
0	1
0	0.011976
0	0.491018
0	0.0179641
0	0.491018
0	0.0419162
0	0.491018
0	1
0	1
0	0.011976
0	0.011976
0	0.0179641
0	0.491018
0	0.491018
0	0.491018
0	0.011976
0	0.0179641
0	0.0179641
0	0.0179641
0	0.011976
0	1
0	0.491018
0	0.0299401
0	0.491018
0	0.0179641
0	1
0	0.491018
0	0.011976
0	1
0	0.0299401
0	0.0419162
0	0.0299401
0	0.491018
0	1
0	0.0299401
0	0.0239521
0	0.491018
0	1
0	0.0239521
0	1
0	1
0	0.0179641
0	0.011976
0	0.491018
0	0.0239521
0	0.491018
0	0.491018
0	1
0	0.0239521
0	0.011976
0	0.491018
0	0.491018
0	1
0	0.491018
0	0.0239521
0	0.491018
0	0.491018
0	1
0	1
0	0.011976
0	0.0598802
0	1
0	0.491018
0	1
0	0.011976
0	0.491018
0	0.0598802
0	0.0179641
0	0.0179641
0	0.491018
0	0.0359281
0	0.0419162
0	0.491018
0	1
0	0.0179641
0	0.491018
0	1
0	0.011976
0	0.0239521
0	0.0239521
0	0.0179641
0	0.491018
0	0.011976
0	1
0	0.0239521
0	1
0	1
0	0.011976
0	0.0179641
0	0.491018
0	0.0179641
0	0.0239521
0	0.011976
0	0.0239521
0	0.491018
0	1
0	0.491018
0	0.0299401
0	0.491018
0	1
0	0.0179641
0	0.0419162
0	1
0	0.0179641
0	1
0	0.011976
0	0.491018
0	0.491018
0	0.011976
0	0.491018
0	1
0	0.011976
0	1
0	0.0299401
0	0.491018
0	0.011976
0	0.0179641
0	0.0598802
0	0.491018
0	0.0179641
0	0.011976
0	1
0	0.011976
0	1
0	0.011976
0	0.0299401
0	0.0359281
0	0.0179641
0	0.011976


