# Persistence diagram <GML/1370.gml>
#
# Dimension   : 0
# Entries     : 290
# Betti number: 1
0	inf
0	0.987578
0	1
0	0.987578
0	0.987578
0	0.987578
0	0.987578
0	0.987578
0	1
0	0.987578
0	0.987578
0	0.987578
0	1
0	0.987578
0	1
0	0.987578
0	0.987578
0	0.0124224
0	0.987578
0	0.987578
0	0.987578
0	0.987578
0	0.987578
0	0.987578
0	1
0	0.987578
0	1
0	0.987578
0	0.987578
0	0.0124224
0	0.987578
0	0.987578
0	0.987578
0	0.987578
0	0.987578
0	0.0310559
0	0.0496894
0	0.0496894
0	0.987578
0	1
0	0.987578
0	0.987578
0	1
0	0.987578
0	0.987578
0	0.987578
0	0.987578
0	0.987578
0	1
0	0.987578
0	1
0	0.987578
0	0.0248447
0	0.987578
0	0.987578
0	0.987578
0	0.987578
0	1
0	1
0	0.987578
0	0.987578
0	0.987578
0	0.987578
0	0.0186335
0	1
0	0.987578
0	0.987578
0	0.987578
0	0.987578
0	0.0372671
0	0.987578
0	1
0	1
0	0.0496894
0	1
0	1
0	0.0124224
0	0.0186335
0	1
0	0.987578
0	0.987578
0	0.987578
0	1
0	0.987578
0	0.987578
0	0.987578
0	0.987578
0	0.0186335
0	0.987578
0	1
0	0.987578
0	0.987578
0	0.0310559
0	0.987578
0	1
0	1
0	0.0496894
0	0.987578
0	0.987578
0	0.987578
0	0.987578
0	0.987578
0	1
0	1
0	0.987578
0	0.987578
0	0.987578
0	0.987578
0	0.0372671
0	0.987578
0	1
0	0.0186335
0	0.987578
0	0.0248447
0	0.987578
0	0.0372671
0	0.0124224
0	0.0124224
0	0.987578
0	0.987578
0	0.987578
0	1
0	1
0	1
0	0.987578
0	1
0	0.987578
0	0.987578
0	0.0124224
0	0.987578
0	0.987578
0	0.0186335
0	1
0	0.987578
0	0.987578
0	1
0	0.0310559
0	0.0124224
0	0.0186335
0	0.987578
0	0.0186335
0	0.987578
0	1
0	0.987578
0	0.987578
0	0.987578
0	0.0124224
0	1
0	0.0124224
0	0.0248447
0	1
0	0.987578
0	1
0	0.987578
0	1
0	0.987578
0	0.987578
0	0.0248447
0	0.987578
0	0.987578
0	0.0186335
0	1
0	0.0496894
0	1
0	0.0372671
0	1
0	0.0310559
0	0.987578
0	0.987578
0	1
0	1
0	0.0186335
0	0.987578
0	0.987578
0	0.0310559
0	1
0	0.987578
0	1
0	0.0186335
0	0.0186335
0	0.987578
0	0.0186335
0	0.987578
0	0.0124224
0	1
0	1
0	0.987578
0	0.0248447
0	0.0186335
0	0.987578
0	0.0310559
0	0.0186335
0	0.987578
0	0.0186335
0	0.987578
0	0.0124224
0	0.987578
0	0.0248447
0	0.987578
0	0.987578
0	0.987578
0	0.0186335
0	0.0186335
0	1
0	0.0310559
0	1
0	0.0310559
0	0.0248447
0	0.987578
0	0.987578
0	0.0124224
0	1
0	1
0	0.987578
0	0.987578
0	0.987578
0	1
0	1
0	0.987578
0	0.987578
0	0.0372671
0	0.987578
0	1
0	1
0	0.987578
0	0.987578
0	0.0186335
0	0.987578
0	0.987578
0	0.987578
0	0.0496894
0	0.987578
0	0.987578
0	1
0	1
0	0.987578
0	0.0124224
0	0.0496894
0	1
0	0.0124224
0	0.987578
0	1
0	1
0	0.0186335
0	0.0124224
0	0.987578
0	1
0	0.987578
0	1
0	0.0186335
0	1
0	0.0124224
0	0.987578
0	0.987578
0	0.0310559
0	1
0	0.0248447
0	0.987578
0	0.987578
0	0.987578
0	0.987578
0	0.987578
0	0.987578
0	0.0186335
0	0.987578
0	1
0	0.0124224
0	1
0	0.987578
0	0.0186335
0	0.0186335
0	1
0	1
0	0.987578
0	1
0	1
0	0.0186335
0	0.987578
0	1
0	0.987578
0	0.0124224
0	1
0	0.0186335
0	1
0	1
0	0.987578
0	0.987578
0	0.0186335
0	0.0186335
0	0.0124224


