# Persistence diagram <GML/1378.gml>
#
# Dimension   : 0
# Entries     : 80
# Betti number: 1
0	inf
0	0.537313
0	0.0746269
0	0.537313
0	0.537313
0	0.537313
0	1
0	1
0	1
0	0.537313
0	0.537313
0	0.537313
0	0.537313
0	0.537313
0	1
0	1
0	0.134328
0	0.134328
0	0.537313
0	0.537313
0	0.537313
0	0.0746269
0	1
0	1
0	0.537313
0	1
0	0.537313
0	1
0	0.537313
0	0.0447761
0	0.134328
0	1
0	0.0447761
0	0.0746269
0	0.537313
0	0.134328
0	0.134328
0	1
0	1
0	0.537313
0	1
0	0.0447761
0	1
0	0.537313
0	1
0	0.0746269
0	1
0	1
0	0.0447761
0	0.537313
0	0.537313
0	1
0	0.0298507
0	1
0	1
0	0.537313
0	0.0447761
0	1
0	0.537313
0	1
0	0.537313
0	0.537313
0	0.537313
0	1
0	1
0	0.537313
0	0.537313
0	0.537313
0	1
0	1
0	0.134328
0	0.537313
0	0.537313
0	0.0746269
0	1
0	0.134328
0	1
0	1
0	0.0447761
0	1


