# Persistence diagram <GML/1382.gml>
#
# Dimension   : 0
# Entries     : 370
# Betti number: 2
0	inf
0	0.389262
0	1
0	0.389262
0	1
0	1
0	0.389262
0	1
0	0.389262
0	0.389262
0	0.389262
0	1
0	inf
0	0.389262
0	1
0	0.389262
0	1
0	0.0268456
0	1
0	1
0	0.0268456
0	0.389262
0	0.0268456
0	0.389262
0	1
0	1
0	0.0536913
0	0.389262
0	0.389262
0	0.389262
0	1
0	1
0	1
0	0.389262
0	0.0268456
0	0.0402685
0	1
0	0.389262
0	1
0	0.0201342
0	1
0	1
0	0.389262
0	1
0	1
0	1
0	1
0	0.389262
0	0.0604027
0	0.0402685
0	1
0	0.389262
0	1
0	1
0	1
0	1
0	0.389262
0	0.389262
0	1
0	1
0	0.0268456
0	1
0	0.389262
0	0.0604027
0	0.0536913
0	0.0402685
0	0.0536913
0	0.0268456
0	0.0134228
0	0.033557
0	0.0201342
0	0.389262
0	0.0201342
0	1
0	0.389262
0	0.0134228
0	1
0	0.0268456
0	0.0134228
0	0.389262
0	0.0604027
0	0.389262
0	0.389262
0	0.389262
0	0.0604027
0	1
0	1
0	1
0	0.0402685
0	1
0	1
0	0.389262
0	0.0134228
0	0.0201342
0	0.0201342
0	0.0201342
0	0.0268456
0	1
0	0.389262
0	1
0	0.0268456
0	0.033557
0	0.0469799
0	0.0268456
0	0.389262
0	0.0201342
0	0.0201342
0	0.0536913
0	0.389262
0	0.0604027
0	1
0	0.389262
0	0.0134228
0	0.033557
0	0.0402685
0	0.0268456
0	1
0	1
0	1
0	0.0402685
0	0.0604027
0	0.389262
0	0.0402685
0	1
0	0.0536913
0	0.0536913
0	1
0	0.0134228
0	0.389262
0	0.0402685
0	1
0	0.389262
0	0.0402685
0	0.389262
0	0.389262
0	0.0201342
0	0.0134228
0	0.0268456
0	0.389262
0	0.0402685
0	1
0	0.0201342
0	0.0402685
0	0.389262
0	0.0134228
0	1
0	0.0201342
0	0.0134228
0	0.389262
0	1
0	0.0536913
0	0.0268456
0	0.389262
0	1
0	0.033557
0	0.033557
0	0.0268456
0	0.0469799
0	0.389262
0	0.0402685
0	0.389262
0	0.0201342
0	0.389262
0	0.0268456
0	0.0134228
0	0.0201342
0	1
0	0.0201342
0	0.0268456
0	0.0201342
0	1
0	1
0	0.0268456
0	0.0402685
0	0.0268456
0	0.0268456
0	0.0536913
0	0.0536913
0	0.0268456
0	0.0134228
0	0.389262
0	0.0268456
0	0.0201342
0	0.0268456
0	0.389262
0	0.0134228
0	0.0268456
0	0.033557
0	1
0	1
0	0.0201342
0	0.0268456
0	0.0201342
0	0.0536913
0	0.0134228
0	0.0201342
0	1
0	0.0134228
0	0.0268456
0	0.0536913
0	0.389262
0	1
0	0.0268456
0	0.033557
0	1
0	0.0134228
0	0.0201342
0	1
0	1
0	0.0134228
0	1
0	1
0	0.389262
0	0.0134228
0	0.0268456
0	0.0134228
0	0.0134228
0	0.0134228
0	0.0134228
0	1
0	0.0201342
0	1
0	0.0201342
0	0.0268456
0	0.0201342
0	0.0268456
0	0.389262
0	0.0134228
0	0.389262
0	0.0268456
0	0.0134228
0	0.0134228
0	0.0268456
0	0.0402685
0	0.0134228
0	0.0536913
0	0.0268456
0	0.0201342
0	0.0201342
0	1
0	0.0402685
0	0.0268456
0	0.033557
0	0.0604027
0	0.0134228
0	0.0134228
0	0.0402685
0	0.0201342
0	0.0201342
0	0.0201342
0	0.0201342
0	1
0	0.389262
0	0.0201342
0	0.0201342
0	0.033557
0	1
0	0.0536913
0	0.0134228
0	0.033557
0	0.389262
0	0.0268456
0	0.0268456
0	0.0536913
0	1
0	0.0201342
0	1
0	1
0	1
0	0.0201342
0	0.0201342
0	0.0469799
0	0.0201342
0	0.0268456
0	0.033557
0	0.0134228
0	0.0536913
0	0.0402685
0	0.0134228
0	1
0	0.0134228
0	0.389262
0	0.0134228
0	0.0134228
0	1
0	0.0134228
0	1
0	1
0	1
0	0.0201342
0	0.0201342
0	1
0	1
0	1
0	0.033557
0	0.0268456
0	0.0134228
0	0.0268456
0	0.0134228
0	0.033557
0	1
0	0.0402685
0	0.0201342
0	0.0402685
0	0.389262
0	0.0604027
0	0.0268456
0	0.0268456
0	0.0134228
0	0.0268456
0	0.0268456
0	0.0134228
0	0.389262
0	0.0134228
0	0.033557
0	0.0268456
0	0.0134228
0	0.0268456
0	1
0	1
0	0.0469799
0	0.0134228
0	0.0134228
0	0.0201342
0	0.0469799
0	0.0201342
0	1
0	0.0134228
0	0.0201342
0	0.0134228
0	1
0	0.389262
0	0.033557
0	0.0134228
0	1
0	1
0	0.0201342
0	0.389262
0	0.0201342
0	0.0402685
0	1
0	0.0134228
0	0.0469799
0	1
0	0.0268456
0	0.0268456
0	0.0604027
0	0.0134228
0	0.0268456
0	1
0	1
0	0.0536913
0	0.0268456
0	0.0134228
0	1
0	0.0402685
0	0.0134228
0	0.0134228
0	0.0134228
0	0.0268456
0	0.0268456
0	0.0268456
0	1
0	1
0	0.0201342
0	0.0402685
0	1
0	0.0134228
0	0.0201342
0	0.0134228


