# Persistence diagram <GML/1386.gml>
#
# Dimension   : 0
# Entries     : 227
# Betti number: 1
0	inf
0	0.910569
0	1
0	0.910569
0	0.910569
0	0.0487805
0	1
0	0.0650407
0	0.910569
0	0.910569
0	0.910569
0	0.910569
0	0.910569
0	1
0	1
0	0.0487805
0	1
0	0.910569
0	0.910569
0	0.910569
0	1
0	0.910569
0	0.910569
0	0.910569
0	0.910569
0	0.910569
0	0.910569
0	1
0	1
0	0.0650407
0	0.910569
0	0.910569
0	0.910569
0	0.0243902
0	0.910569
0	0.910569
0	0.910569
0	0.910569
0	0.0162602
0	0.910569
0	0.910569
0	0.113821
0	1
0	1
0	0.910569
0	0.910569
0	0.910569
0	0.910569
0	0.113821
0	0.0406504
0	0.0243902
0	1
0	0.910569
0	0.113821
0	1
0	0.910569
0	0.910569
0	0.910569
0	0.910569
0	0.113821
0	0.910569
0	0.910569
0	0.0243902
0	0.0243902
0	0.0487805
0	0.0487805
0	0.910569
0	0.0325203
0	0.0487805
0	0.910569
0	0.0650407
0	1
0	0.910569
0	0.113821
0	0.910569
0	0.0325203
0	0.0325203
0	0.910569
0	0.910569
0	0.113821
0	0.0243902
0	0.910569
0	0.0243902
0	0.910569
0	0.0325203
0	0.0162602
0	1
0	0.0243902
0	0.910569
0	0.910569
0	0.910569
0	0.910569
0	0.910569
0	0.910569
0	0.0406504
0	1
0	0.0162602
0	0.910569
0	0.910569
0	0.910569
0	0.910569
0	0.910569
0	0.0650407
0	0.0487805
0	0.0243902
0	1
0	1
0	0.910569
0	0.113821
0	0.910569
0	0.0162602
0	0.113821
0	0.910569
0	0.0162602
0	0.0325203
0	0.0243902
0	0.910569
0	0.0325203
0	0.113821
0	0.910569
0	0.0325203
0	0.0243902
0	0.910569
0	0.0162602
0	0.0406504
0	1
0	1
0	0.113821
0	0.0162602
0	0.910569
0	0.0162602
0	0.910569
0	0.910569
0	0.910569
0	0.910569
0	0.0487805
0	0.0650407
0	0.910569
0	0.0406504
0	0.0162602
0	1
0	0.0243902
0	1
0	0.910569
0	0.0243902
0	0.0406504
0	0.910569
0	0.0162602
0	0.910569
0	0.0487805
0	0.910569
0	0.910569
0	1
0	1
0	1
0	1
0	1
0	0.0162602
0	0.910569
0	0.910569
0	0.910569
0	0.910569
0	0.0487805
0	1
0	0.910569
0	0.0325203
0	1
0	0.0406504
0	0.0162602
0	0.910569
0	0.910569
0	0.113821
0	0.910569
0	0.910569
0	0.0325203
0	0.910569
0	0.0162602
0	0.0243902
0	0.0243902
0	1
0	0.0243902
0	0.0243902
0	0.0243902
0	0.0243902
0	0.0243902
0	0.0325203
0	0.910569
0	0.910569
0	0.0325203
0	1
0	0.0243902
0	0.0243902
0	0.0243902
0	0.910569
0	0.0487805
0	0.910569
0	0.0325203
0	0.910569
0	0.0162602
0	0.0243902
0	0.0487805
0	0.0162602
0	1
0	0.910569
0	0.910569
0	0.910569
0	0.910569
0	0.0243902
0	0.910569
0	1
0	0.0487805
0	0.910569
0	0.910569
0	0.0243902
0	0.910569
0	0.0243902
0	1
0	0.0162602
0	0.113821
0	0.0243902
0	0.0243902
0	0.0243902
0	1
0	0.0325203
0	0.0243902
0	0.0162602
0	0.0325203


