# Persistence diagram <GML/1389.gml>
#
# Dimension   : 0
# Entries     : 389
# Betti number: 2
0	inf
0	1
0	1
0	0.269663
0	0.11236
0	0.58427
0	0.58427
0	1
0	0.269663
0	0.11236
0	0.269663
0	0.58427
0	1
0	0.11236
0	1
0	0.0561798
0	0.58427
0	0.11236
0	0.58427
0	0.101124
0	0.0449438
0	0.0449438
0	1
0	1
0	0.58427
0	1
0	0.0337079
0	1
0	1
0	0.0449438
0	0.0224719
0	1
0	0.0449438
0	1
0	1
0	0.58427
0	0.0224719
0	0.0561798
0	0.0674157
0	0.269663
0	0.269663
0	0.0449438
0	0.11236
0	0.0224719
0	1
0	1
0	0.269663
0	0.0561798
0	0.0674157
0	0.0898876
0	0.0786517
0	0.0898876
0	0.269663
0	0.58427
0	1
0	0.101124
0	0.0449438
0	0.269663
0	0.58427
0	0.0449438
0	1
0	1
0	0.101124
0	0.0561798
0	0.269663
0	1
0	1
0	0.0224719
0	0.0449438
0	0.0449438
0	0.0449438
0	0.58427
0	0.11236
0	0.0337079
0	0.0337079
0	0.0786517
0	0.0898876
0	0.58427
0	0.58427
0	0.11236
0	0.0224719
0	0.0224719
0	0.0224719
0	0.0449438
0	0.101124
0	0.11236
0	0.0898876
0	0.0449438
0	0.0674157
0	0.0449438
0	0.0337079
0	0.101124
0	1
0	0.0449438
0	0.0224719
0	0.0674157
0	0.0449438
0	0.0337079
0	0.0898876
0	0.0449438
0	1
0	1
0	0.0224719
0	0.0337079
0	1
0	0.0337079
0	0.0337079
0	1
0	0.0224719
0	0.0449438
0	0.0224719
0	0.0561798
0	0.0337079
0	0.0561798
0	0.0224719
0	0.0449438
0	0.101124
0	0.11236
0	0.101124
0	0.101124
0	0.101124
0	0.0674157
0	0.0224719
0	0.0337079
0	0.0224719
0	0.101124
0	1
0	0.0337079
0	0.0224719
0	0.58427
0	0.0337079
0	0.0337079
0	0.0449438
0	1
0	0.0898876
0	1
0	0.0786517
0	0.0224719
0	0.58427
0	0.0449438
0	1
0	0.269663
0	0.0337079
0	0.0674157
0	0.0449438
0	1
0	0.0224719
0	0.0224719
0	0.0449438
0	0.0449438
0	0.0224719
0	0.0898876
0	0.269663
0	0.0449438
0	0.0337079
0	0.58427
0	0.0224719
0	0.0561798
0	0.0337079
0	0.58427
0	0.0449438
0	0.0224719
0	0.0674157
0	0.58427
0	0.0337079
0	0.58427
0	0.0224719
0	0.269663
0	1
0	1
0	0.58427
0	0.0224719
0	0.0337079
0	0.0561798
0	inf
0	0.0449438
0	0.0561798
0	0.0674157
0	0.101124
0	0.58427
0	0.58427
0	0.269663
0	0.0224719
0	0.0224719
0	0.269663
0	0.0224719
0	0.269663
0	0.0449438
0	0.0674157
0	0.0786517
0	0.011236
0	0.0337079
0	0.11236
0	0.0561798
0	0.0337079
0	0.0337079
0	1
0	0.101124
0	0.0449438
0	0.0449438
0	1
0	0.0449438
0	1
0	0.0337079
0	0.0337079
0	0.0337079
0	0.0561798
0	0.58427
0	0.101124
0	0.0224719
0	0.0337079
0	1
0	0.0898876
0	0.0449438
0	1
0	1
0	0.0224719
0	0.269663
0	1
0	0.0674157
0	0.0337079
0	0.0561798
0	0.0674157
0	0.58427
0	0.0449438
0	0.0224719
0	0.0224719
0	0.0898876
0	0.0674157
0	0.0224719
0	0.0449438
0	0.0674157
0	0.0224719
0	0.101124
0	0.0449438
0	0.0224719
0	0.0224719
0	0.0337079
0	0.101124
0	0.0449438
0	0.0449438
0	0.0561798
0	0.0337079
0	0.58427
0	0.0224719
0	0.0224719
0	0.11236
0	0.11236
0	0.0224719
0	0.0224719
0	0.0337079
0	0.0337079
0	0.0449438
0	1
0	1
0	0.101124
0	0.0224719
0	0.0337079
0	0.0224719
0	0.0224719
0	0.0449438
0	1
0	0.0224719
0	0.58427
0	0.0449438
0	0.0224719
0	0.0898876
0	0.0561798
0	0.0449438
0	0.0786517
0	0.0224719
0	0.58427
0	0.0449438
0	0.0224719
0	0.58427
0	0.101124
0	0.0224719
0	0.0449438
0	1
0	0.0337079
0	0.11236
0	0.0449438
0	0.0224719
0	0.0337079
0	0.0674157
0	0.0449438
0	1
0	0.269663
0	0.0337079
0	0.0224719
0	0.0674157
0	0.0337079
0	0.0786517
0	0.0786517
0	0.0449438
0	0.0224719
0	1
0	1
0	0.58427
0	0.58427
0	0.0224719
0	0.0224719
0	0.0449438
0	0.0449438
0	0.0449438
0	0.0561798
0	0.0224719
0	0.0224719
0	0.101124
0	0.0224719
0	0.0449438
0	0.0449438
0	0.58427
0	0.0337079
0	0.0337079
0	0.0786517
0	0.0224719
0	0.0337079
0	0.0224719
0	0.0224719
0	0.0449438
0	0.11236
0	0.0337079
0	0.58427
0	0.0224719
0	0.0337079
0	0.0449438
0	0.0449438
0	0.0224719
0	1
0	0.269663
0	0.101124
0	1
0	0.0674157
0	0.0224719
0	0.0337079
0	0.0561798
0	0.0224719
0	1
0	0.0561798
0	0.0224719
0	0.0449438
0	1
0	1
0	0.0337079
0	0.0224719
0	0.11236
0	0.0337079
0	0.0449438
0	0.101124
0	0.0224719
0	1
0	0.101124
0	0.0224719
0	0.0224719
0	0.0898876
0	0.0224719
0	0.0224719
0	0.0337079
0	0.0224719
0	0.0674157
0	0.0337079
0	0.0786517
0	1
0	0.58427
0	0.0898876
0	0.0674157
0	0.101124
0	1
0	0.0337079
0	0.0561798
0	0.101124
0	0.0224719
0	0.0224719
0	0.0224719
0	0.101124
0	0.0337079
0	0.0224719
0	0.0449438
0	0.0337079
0	0.0898876
0	0.0337079
0	0.0337079
0	0.58427
0	0.0337079
0	1
0	0.0449438
0	0.0337079
0	0.0449438


