# Persistence diagram <GML/1390.gml>
#
# Dimension   : 0
# Entries     : 267
# Betti number: 1
0	inf
0	0.863014
0	0.863014
0	0.863014
0	1
0	0.863014
0	1
0	0.863014
0	0.863014
0	0.863014
0	0.863014
0	0.863014
0	0.0273973
0	0.863014
0	0.863014
0	0.863014
0	0.863014
0	0.863014
0	0.863014
0	0.863014
0	0.863014
0	0.0479452
0	1
0	1
0	0.0273973
0	0.863014
0	0.863014
0	0.863014
0	0.0205479
0	1
0	0.863014
0	0.863014
0	0.863014
0	0.863014
0	0.0273973
0	0.0273973
0	0.0410959
0	0.0205479
0	0.0616438
0	0.0479452
0	1
0	0.0410959
0	0.0273973
0	0.0479452
0	0.863014
0	0.863014
0	0.863014
0	0.863014
0	0.863014
0	1
0	0.863014
0	0.863014
0	0.0273973
0	0.0273973
0	0.863014
0	0.0342466
0	0.863014
0	0.863014
0	1
0	1
0	0.0273973
0	1
0	0.863014
0	1
0	1
0	0.0136986
0	0.863014
0	0.863014
0	0.863014
0	0.0342466
0	0.863014
0	0.863014
0	0.0273973
0	0.0410959
0	0.0205479
0	0.0479452
0	0.863014
0	0.863014
0	0.0136986
0	0.0273973
0	0.863014
0	0.0136986
0	0.0136986
0	0.0205479
0	1
0	0.0136986
0	0.0205479
0	0.863014
0	0.0410959
0	0.863014
0	0.0205479
0	0.0136986
0	1
0	0.863014
0	0.0205479
0	0.0616438
0	1
0	0.863014
0	0.0136986
0	0.0273973
0	0.863014
0	0.863014
0	0.0205479
0	0.863014
0	0.0136986
0	0.863014
0	0.0136986
0	1
0	1
0	0.0273973
0	0.863014
0	0.0273973
0	0.0136986
0	0.0205479
0	0.0342466
0	1
0	1
0	0.0342466
0	0.0136986
0	0.0205479
0	1
0	1
0	0.0342466
0	0.0273973
0	0.863014
0	0.0205479
0	0.863014
0	0.863014
0	1
0	0.863014
0	1
0	0.863014
0	0.863014
0	0.863014
0	1
0	0.0273973
0	0.863014
0	0.863014
0	0.0205479
0	0.0136986
0	0.863014
0	0.863014
0	0.863014
0	1
0	0.863014
0	0.863014
0	0.863014
0	1
0	1
0	0.863014
0	0.863014
0	0.0136986
0	0.0205479
0	0.863014
0	0.0616438
0	0.0136986
0	0.863014
0	0.0136986
0	0.863014
0	0.863014
0	0.0342466
0	0.0410959
0	1
0	0.863014
0	0.0479452
0	0.0410959
0	0.0205479
0	0.0205479
0	0.0136986
0	0.863014
0	0.0136986
0	1
0	0.0273973
0	1
0	0.863014
0	0.0205479
0	1
0	0.0136986
0	0.0479452
0	1
0	1
0	1
0	0.0616438
0	0.0410959
0	0.863014
0	0.863014
0	0.0342466
0	0.863014
0	1
0	0.863014
0	0.863014
0	1
0	0.863014
0	0.863014
0	0.0205479
0	0.863014
0	0.0136986
0	1
0	0.0136986
0	0.0205479
0	0.0136986
0	0.0273973
0	0.863014
0	0.863014
0	1
0	0.0136986
0	1
0	0.863014
0	0.0136986
0	0.0136986
0	1
0	0.863014
0	0.0205479
0	0.863014
0	0.863014
0	0.0136986
0	0.0136986
0	0.0205479
0	0.0205479
0	0.0205479
0	0.0273973
0	0.0616438
0	0.0205479
0	1
0	0.0136986
0	0.0410959
0	1
0	0.863014
0	0.863014
0	0.0205479
0	0.0136986
0	0.0205479
0	0.863014
0	0.863014
0	1
0	0.863014
0	0.863014
0	0.0410959
0	0.0342466
0	0.0136986
0	0.863014
0	1
0	0.863014
0	0.0616438
0	0.0205479
0	1
0	1
0	0.863014
0	0.863014
0	0.863014
0	0.0273973
0	0.863014
0	1
0	1
0	0.863014
0	0.0136986
0	0.0342466
0	0.0136986
0	0.0410959
0	0.0205479
0	0.863014
0	0.863014
0	0.0136986
0	0.0273973
0	0.863014
0	0.863014
0	0.863014


