# Persistence diagram <GML/1404.gml>
#
# Dimension   : 0
# Entries     : 279
# Betti number: 1
0	inf
0	1
0	1
0	1
0	1
0	0.535714
0	0.0153061
0	1
0	1
0	0.535714
0	1
0	1
0	1
0	0.535714
0	1
0	1
0	0.535714
0	1
0	1
0	0.535714
0	1
0	1
0	0.535714
0	1
0	1
0	1
0	0.535714
0	1
0	0.0102041
0	1
0	1
0	0.535714
0	1
0	1
0	1
0	0.535714
0	0.0612245
0	1
0	1
0	1
0	1
0	0.535714
0	0.0153061
0	0.535714
0	0.535714
0	0.535714
0	0.0612245
0	1
0	1
0	0.535714
0	1
0	1
0	0.535714
0	0.0306122
0	1
0	1
0	1
0	1
0	0.535714
0	1
0	0.535714
0	0.535714
0	0.0102041
0	0.0612245
0	1
0	1
0	0.0612245
0	0.535714
0	0.535714
0	0.535714
0	1
0	0.535714
0	1
0	0.535714
0	1
0	0.0204082
0	0.0612245
0	1
0	1
0	0.535714
0	1
0	0.0204082
0	0.0204082
0	0.535714
0	0.535714
0	1
0	1
0	0.535714
0	0.535714
0	0.535714
0	1
0	0.535714
0	0.535714
0	1
0	1
0	1
0	1
0	1
0	0.535714
0	0.535714
0	1
0	1
0	0.535714
0	1
0	1
0	0.535714
0	1
0	0.535714
0	1
0	1
0	0.0102041
0	1
0	1
0	1
0	1
0	0.535714
0	0.535714
0	1
0	1
0	0.535714
0	0.535714
0	0.0612245
0	0.535714
0	0.535714
0	0.535714
0	0.0102041
0	1
0	1
0	1
0	1
0	1
0	0.535714
0	0.535714
0	0.0204082
0	0.0102041
0	0.535714
0	0.0612245
0	0.535714
0	0.535714
0	0.0204082
0	1
0	1
0	0.0204082
0	0.535714
0	0.535714
0	0.535714
0	1
0	0.535714
0	0.535714
0	0.0306122
0	0.535714
0	1
0	1
0	0.535714
0	0.0153061
0	1
0	0.535714
0	1
0	0.0612245
0	1
0	0.0408163
0	1
0	1
0	0.535714
0	0.535714
0	1
0	0.0153061
0	0.535714
0	0.535714
0	0.535714
0	1
0	1
0	0.535714
0	0.0102041
0	1
0	0.0153061
0	0.0204082
0	0.535714
0	1
0	0.0612245
0	1
0	0.0204082
0	1
0	1
0	1
0	0.535714
0	1
0	0.535714
0	1
0	1
0	0.535714
0	0.535714
0	0.0153061
0	1
0	0.535714
0	0.535714
0	0.0153061
0	1
0	0.535714
0	0.535714
0	0.535714
0	0.535714
0	0.0612245
0	0.535714
0	0.535714
0	0.535714
0	1
0	0.535714
0	0.0204082
0	0.535714
0	0.535714
0	0.0102041
0	0.0153061
0	1
0	1
0	1
0	0.0612245
0	0.0102041
0	1
0	1
0	0.535714
0	0.535714
0	1
0	1
0	0.0153061
0	0.535714
0	0.535714
0	1
0	0.0153061
0	1
0	0.0102041
0	0.535714
0	1
0	0.535714
0	0.0408163
0	1
0	1
0	0.535714
0	1
0	0.0408163
0	1
0	0.0204082
0	1
0	0.0204082
0	0.0408163
0	1
0	1
0	0.0306122
0	0.0408163
0	0.0102041
0	1
0	0.535714
0	0.535714
0	0.0306122
0	1
0	0.0153061
0	0.0102041
0	0.535714
0	0.0102041
0	1
0	0.0408163
0	1
0	1
0	0.535714
0	0.535714
0	0.535714
0	0.0102041
0	0.535714
0	1
0	0.535714
0	0.535714
0	1
0	1
0	0.535714
0	1
0	1
0	0.535714
0	0.0102041
0	1


