# Persistence diagram <GML/1405.gml>
#
# Dimension   : 0
# Entries     : 227
# Betti number: 9
0	inf
0	0.178571
0	1
0	0.238095
0	0.0833333
0	0.178571
0	0.0833333
0	1
0	0.047619
0	0.238095
0	1
0	0.22619
0	0.0357143
0	inf
0	1
0	0.0952381
0	0.0833333
0	0.27381
0	inf
0	inf
0	1
0	0.27381
0	1
0	0.0833333
0	0.107143
0	0.27381
0	1
0	inf
0	1
0	0.178571
0	0.0238095
0	0.238095
0	0.047619
0	0.107143
0	0.0357143
0	0.107143
0	0.0238095
0	0.047619
0	0.0833333
0	0.0595238
0	1
0	0.178571
0	0.178571
0	1
0	0.27381
0	1
0	1
0	0.0357143
0	0.27381
0	0.107143
0	1
0	0.0952381
0	0.178571
0	1
0	0.0357143
0	1
0	0.107143
0	0.22619
0	1
0	1
0	0.047619
0	1
0	1
0	0.0357143
0	0.047619
0	1
0	1
0	0.22619
0	0.0952381
0	0.0238095
0	1
0	0.178571
0	0.0357143
0	0.27381
0	0.0238095
0	0.107143
0	0.178571
0	1
0	0.0595238
0	0.107143
0	1
0	0.238095
0	0.238095
0	0.0357143
0	0.0238095
0	0.107143
0	1
0	0.0833333
0	0.0357143
0	1
0	1
0	0.0357143
0	0.0357143
0	0.107143
0	0.107143
0	0.0238095
0	inf
0	0.0833333
0	0.0357143
0	0.0357143
0	1
0	0.107143
0	0.0357143
0	1
0	0.22619
0	1
0	0.107143
0	0.047619
0	1
0	0.27381
0	0.0238095
0	0.047619
0	0.0238095
0	0.0357143
0	0.238095
0	0.047619
0	0.0595238
0	1
0	0.0238095
0	1
0	0.22619
0	0.22619
0	0.178571
0	1
0	0.047619
0	0.0357143
0	0.0357143
0	1
0	0.107143
0	0.0357143
0	1
0	0.0595238
0	0.0357143
0	inf
0	0.238095
0	0.22619
0	0.22619
0	0.107143
0	inf
0	0.047619
0	0.047619
0	0.0357143
0	0.22619
0	0.0357143
0	1
0	inf
0	1
0	0.0238095
0	0.27381
0	0.047619
0	0.0833333
0	0.0357143
0	0.047619
0	0.107143
0	0.0238095
0	1
0	1
0	0.0357143
0	0.0238095
0	0.22619
0	0.0952381
0	0.0357143
0	0.0238095
0	0.047619
0	1
0	0.238095
0	0.047619
0	0.0238095
0	0.0238095
0	1
0	0.0238095
0	0.22619
0	0.22619
0	0.238095
0	0.178571
0	1
0	0.0357143
0	0.0357143
0	1
0	0.0238095
0	0.0238095
0	0.0357143
0	0.0833333
0	0.22619
0	0.0119048
0	0.047619
0	1
0	0.0238095
0	0.0952381
0	0.0357143
0	0.0357143
0	0.0357143
0	0.0119048
0	0.0238095
0	0.0238095
0	0.0119048
0	1
0	1
0	1
0	0.0119048
0	0.0357143
0	0.0238095
0	0.0238095
0	1
0	0.22619
0	0.0595238
0	0.047619
0	0.27381
0	0.047619
0	0.0357143
0	1
0	0.0357143
0	0.0119048
0	0.0952381
0	0.0952381
0	0.0357143
0	0.107143
0	0.0238095
0	0.0238095
0	1
0	0.0357143
0	0.0357143
0	0.27381
0	0.0238095
0	0.0357143
0	0.0238095
0	0.0833333


