# Persistence diagram <GML/1408.gml>
#
# Dimension   : 0
# Entries     : 341
# Betti number: 1
0	inf
0	1
0	1
0	0.0424528
0	1
0	0.485849
0	1
0	0.485849
0	0.0424528
0	0.485849
0	1
0	1
0	0.485849
0	0.485849
0	0.0424528
0	0.485849
0	1
0	0.00943396
0	0.0188679
0	1
0	0.485849
0	0.485849
0	1
0	0.485849
0	0.0424528
0	1
0	0.485849
0	0.485849
0	0.485849
0	0.485849
0	1
0	1
0	0.0188679
0	0.485849
0	1
0	0.0141509
0	1
0	1
0	0.00943396
0	1
0	0.0141509
0	0.485849
0	0.00943396
0	0.485849
0	0.00943396
0	0.0141509
0	0.485849
0	0.0188679
0	0.485849
0	0.00943396
0	1
0	1
0	1
0	0.0141509
0	0.485849
0	0.0424528
0	1
0	1
0	1
0	1
0	0.485849
0	0.0424528
0	0.485849
0	1
0	1
0	1
0	1
0	0.0283019
0	0.485849
0	0.485849
0	1
0	1
0	1
0	1
0	0.485849
0	0.485849
0	1
0	0.00943396
0	0.0141509
0	0.0141509
0	0.00943396
0	1
0	1
0	0.0188679
0	1
0	1
0	0.485849
0	0.0188679
0	0.485849
0	0.485849
0	0.485849
0	0.0188679
0	1
0	1
0	0.0188679
0	0.0424528
0	0.485849
0	0.485849
0	0.0424528
0	0.00943396
0	0.00943396
0	0.0188679
0	0.00943396
0	1
0	0.00943396
0	0.485849
0	1
0	0.485849
0	0.485849
0	0.0424528
0	1
0	1
0	1
0	1
0	1
0	1
0	1
0	0.485849
0	1
0	0.0188679
0	1
0	0.485849
0	0.00943396
0	0.485849
0	1
0	1
0	0.485849
0	1
0	1
0	1
0	0.485849
0	1
0	0.00943396
0	0.0141509
0	0.485849
0	0.0283019
0	0.00943396
0	0.0141509
0	0.0424528
0	0.0141509
0	1
0	0.0141509
0	1
0	0.485849
0	1
0	1
0	0.485849
0	0.0141509
0	1
0	0.485849
0	0.00943396
0	0.0188679
0	0.0141509
0	1
0	0.0424528
0	0.0283019
0	0.0141509
0	0.00943396
0	0.0141509
0	0.0141509
0	1
0	0.0424528
0	0.485849
0	0.485849
0	0.485849
0	0.485849
0	0.485849
0	0.0424528
0	0.0141509
0	0.485849
0	0.0188679
0	0.485849
0	1
0	0.00943396
0	0.00943396
0	1
0	0.485849
0	0.485849
0	1
0	0.0141509
0	0.485849
0	0.0188679
0	1
0	1
0	1
0	1
0	1
0	0.485849
0	0.485849
0	0.485849
0	0.0424528
0	1
0	0.485849
0	0.485849
0	1
0	0.0188679
0	0.485849
0	0.485849
0	0.0283019
0	0.00943396
0	1
0	1
0	0.0141509
0	1
0	0.0141509
0	0.485849
0	0.00943396
0	0.0283019
0	0.00943396
0	1
0	1
0	0.485849
0	1
0	0.485849
0	1
0	0.00943396
0	0.0141509
0	0.485849
0	0.00943396
0	0.485849
0	1
0	0.485849
0	1
0	0.485849
0	0.0141509
0	1
0	0.485849
0	1
0	0.0188679
0	0.485849
0	0.0141509
0	0.485849
0	0.485849
0	1
0	1
0	1
0	0.0141509
0	0.485849
0	0.485849
0	1
0	1
0	0.485849
0	1
0	0.485849
0	0.0141509
0	0.485849
0	0.485849
0	0.485849
0	1
0	0.0188679
0	0.485849
0	0.0188679
0	1
0	0.485849
0	0.00943396
0	1
0	0.00943396
0	1
0	0.0188679
0	0.485849
0	0.0188679
0	0.0141509
0	0.0188679
0	0.485849
0	0.00943396
0	0.0188679
0	0.00943396
0	0.0141509
0	0.0141509
0	0.0141509
0	1
0	0.0188679
0	1
0	0.485849
0	0.00943396
0	1
0	0.485849
0	0.485849
0	0.00943396
0	0.485849
0	0.00943396
0	0.485849
0	1
0	0.00943396
0	0.00943396
0	0.00943396
0	0.485849
0	0.0188679
0	0.0141509
0	1
0	1
0	0.00943396
0	0.485849
0	0.00943396
0	1
0	0.00943396
0	1
0	0.00943396
0	0.00943396
0	0.00943396
0	0.0424528
0	0.00943396
0	0.0188679
0	0.0188679
0	0.00943396
0	0.0141509
0	0.00943396
0	0.00943396
0	0.485849
0	1
0	0.0141509
0	1
0	0.00943396
0	0.485849
0	0.0188679
0	0.0424528
0	0.00943396
0	0.485849
0	0.00943396
0	0.00943396
0	1
0	0.00943396
0	1
0	1
0	0.485849
0	0.485849
0	1
0	0.00943396
0	0.485849
0	0.485849
0	0.485849
0	0.0141509
0	1
0	1
0	0.485849
0	0.00943396
0	0.00943396
0	0.0141509
0	0.485849
0	0.00943396
0	1


