# Persistence diagram <GML/1415.gml>
#
# Dimension   : 0
# Entries     : 343
# Betti number: 1
0	inf
0	0.146789
0	1
0	0.146789
0	0.0550459
0	1
0	0.100917
0	0.0642202
0	0.0642202
0	0.0733945
0	0.100917
0	1
0	0.100917
0	1
0	1
0	1
0	0.0733945
0	1
0	0.0550459
0	0.0550459
0	0.0550459
0	0.0366972
0	0.100917
0	1
0	1
0	0.0642202
0	0.0366972
0	0.0458716
0	0.0642202
0	0.0550459
0	1
0	0.0366972
0	0.146789
0	0.0458716
0	1
0	1
0	0.0183486
0	1
0	1
0	0.0458716
0	0.0183486
0	0.0733945
0	0.0458716
0	1
0	1
0	0.0366972
0	0.0733945
0	0.0550459
0	0.229358
0	0.0733945
0	0.100917
0	0.0642202
0	0.0183486
0	0.0458716
0	0.0733945
0	0.0642202
0	0.0917431
0	0.0458716
0	0.0183486
0	0.0275229
0	0.0275229
0	0.0183486
0	0.0366972
0	0.0642202
0	0.0458716
0	0.0733945
0	0.0642202
0	0.0642202
0	1
0	1
0	1
0	1
0	0.146789
0	0.229358
0	0.0733945
0	1
0	1
0	0.0917431
0	1
0	0.0366972
0	0.0458716
0	1
0	1
0	0.229358
0	0.0458716
0	1
0	0.0733945
0	0.0275229
0	0.0642202
0	0.0275229
0	0.229358
0	0.0458716
0	0.0458716
0	0.0366972
0	0.0550459
0	0.146789
0	0.0366972
0	0.0458716
0	0.229358
0	0.0366972
0	0.0458716
0	1
0	0.0275229
0	0.0275229
0	1
0	0.0550459
0	0.0183486
0	0.0183486
0	0.0366972
0	0.0733945
0	0.0183486
0	0.0642202
0	1
0	0.0275229
0	1
0	0.0366972
0	1
0	0.0366972
0	0.0458716
0	1
0	0.229358
0	1
0	0.0183486
0	0.0458716
0	0.0550459
0	0.0366972
0	1
0	0.0458716
0	0.0550459
0	0.0275229
0	0.0275229
0	0.0458716
0	0.0550459
0	0.0183486
0	0.0366972
0	1
0	1
0	1
0	0.0275229
0	0.0366972
0	0.0366972
0	0.0366972
0	1
0	1
0	0.0458716
0	0.0275229
0	1
0	1
0	1
0	1
0	1
0	0.229358
0	0.0366972
0	0.0275229
0	1
0	0.0366972
0	0.0366972
0	0.0275229
0	0.0183486
0	0.229358
0	0.0183486
0	0.0366972
0	0.0458716
0	0.0366972
0	0.0366972
0	0.0183486
0	0.229358
0	1
0	0.0275229
0	0.0366972
0	0.0183486
0	0.0183486
0	0.0366972
0	0.0275229
0	1
0	0.0917431
0	0.229358
0	0.229358
0	0.0550459
0	0.0366972
0	0.0366972
0	0.0642202
0	0.0458716
0	0.229358
0	0.0275229
0	1
0	0.0642202
0	1
0	0.0183486
0	0.0183486
0	0.0275229
0	1
0	0.0366972
0	1
0	0.0183486
0	0.146789
0	1
0	0.0275229
0	0.0458716
0	0.0275229
0	0.0183486
0	1
0	0.146789
0	0.0642202
0	0.0733945
0	1
0	1
0	0.100917
0	0.0733945
0	0.0275229
0	0.0183486
0	0.0275229
0	0.0458716
0	0.0366972
0	0.0366972
0	0.0550459
0	1
0	0.0183486
0	1
0	0.146789
0	0.0642202
0	1
0	0.0642202
0	0.0183486
0	0.0275229
0	0.0183486
0	0.0183486
0	1
0	0.0275229
0	0.0275229
0	0.0458716
0	1
0	1
0	1
0	0.0183486
0	0.0458716
0	0.0366972
0	0.0183486
0	0.0183486
0	0.229358
0	0.0275229
0	0.0275229
0	0.0458716
0	0.0733945
0	1
0	0.0275229
0	0.0366972
0	0.0275229
0	0.0183486
0	0.0275229
0	0.0275229
0	0.0733945
0	1
0	0.0733945
0	0.0275229
0	0.0275229
0	0.0642202
0	0.0275229
0	0.0642202
0	1
0	0.0917431
0	0.0275229
0	0.0183486
0	0.0642202
0	0.229358
0	1
0	0.0183486
0	0.0366972
0	0.0366972
0	1
0	1
0	0.0183486
0	0.0642202
0	0.0275229
0	1
0	0.0366972
0	0.0366972
0	0.0366972
0	0.0183486
0	0.0275229
0	0.0275229
0	0.0550459
0	1
0	1
0	0.0366972
0	1
0	0.0366972
0	0.0366972
0	0.0642202
0	0.0275229
0	1
0	0.0733945
0	0.0183486
0	0.0366972
0	0.0275229
0	0.0183486
0	0.0275229
0	0.0183486
0	0.0183486
0	0.0183486
0	0.0733945
0	0.0458716
0	0.0183486
0	0.0183486
0	0.0366972
0	0.0458716
0	0.0917431
0	0.0275229
0	1
0	0.0458716
0	1
0	1
0	0.0275229
0	0.229358
0	1
0	0.146789
0	0.229358
0	0.0183486
0	1
0	0.0642202
0	0.0183486
0	1
0	0.100917
0	0.0366972
0	1
0	0.0366972
0	0.0733945
0	1
0	0.0275229
0	0.0550459
0	0.0366972
0	1
0	0.229358
0	0.0183486
0	0.0275229
0	0.0183486
0	0.0366972
0	0.0642202
0	0.0183486
0	1
0	0.0183486
0	0.0183486
0	0.0642202


