# Persistence diagram <GML/1422.gml>
#
# Dimension   : 0
# Entries     : 334
# Betti number: 1
0	inf
0	1
0	0.364372
0	1
0	1
0	1
0	1
0	1
0	1
0	1
0	1
0	1
0	1
0	1
0	0.364372
0	1
0	1
0	0.048583
0	1
0	0.364372
0	0.364372
0	0.364372
0	1
0	1
0	0.364372
0	1
0	1
0	1
0	1
0	0.364372
0	1
0	1
0	1
0	0.364372
0	1
0	0.364372
0	1
0	0.048583
0	0.364372
0	1
0	0.364372
0	1
0	1
0	1
0	0.364372
0	0.364372
0	1
0	0.364372
0	1
0	0.364372
0	0.0202429
0	0.364372
0	1
0	1
0	0.364372
0	1
0	1
0	0.0121457
0	1
0	1
0	1
0	1
0	1
0	0.364372
0	0.364372
0	0.048583
0	1
0	0.048583
0	1
0	1
0	1
0	0.364372
0	1
0	1
0	0.364372
0	1
0	1
0	0.364372
0	0.364372
0	0.048583
0	1
0	1
0	0.364372
0	0.048583
0	1
0	0.364372
0	1
0	1
0	1
0	1
0	1
0	1
0	0.048583
0	1
0	0.364372
0	1
0	0.364372
0	1
0	0.364372
0	0.364372
0	0.364372
0	1
0	0.364372
0	1
0	1
0	0.364372
0	1
0	0.048583
0	0.00809717
0	1
0	0.364372
0	0.0242915
0	0.0121457
0	1
0	1
0	1
0	0.0121457
0	1
0	0.0121457
0	0.364372
0	0.0202429
0	1
0	1
0	1
0	1
0	1
0	0.0161943
0	1
0	1
0	0.364372
0	1
0	0.364372
0	0.048583
0	0.364372
0	0.364372
0	0.364372
0	0.364372
0	1
0	1
0	1
0	1
0	0.364372
0	0.364372
0	1
0	1
0	0.364372
0	0.364372
0	1
0	0.364372
0	1
0	1
0	0.048583
0	1
0	0.00809717
0	1
0	0.364372
0	1
0	0.0161943
0	1
0	0.0121457
0	0.364372
0	1
0	1
0	1
0	0.0202429
0	0.0242915
0	0.0121457
0	0.364372
0	1
0	1
0	0.0242915
0	0.364372
0	0.0121457
0	0.00809717
0	1
0	0.364372
0	1
0	0.364372
0	0.0121457
0	0.00809717
0	1
0	0.364372
0	0.0242915
0	1
0	1
0	1
0	1
0	1
0	1
0	0.364372
0	0.364372
0	0.00809717
0	0.364372
0	1
0	0.364372
0	1
0	0.364372
0	0.364372
0	1
0	1
0	1
0	1
0	1
0	1
0	1
0	0.364372
0	1
0	0.00809717
0	1
0	1
0	0.364372
0	0.364372
0	0.364372
0	1
0	1
0	1
0	1
0	0.00809717
0	1
0	1
0	1
0	1
0	0.364372
0	1
0	1
0	0.364372
0	1
0	0.00809717
0	1
0	1
0	1
0	1
0	0.364372
0	1
0	1
0	1
0	1
0	0.364372
0	1
0	1
0	1
0	0.364372
0	0.364372
0	1
0	1
0	1
0	1
0	0.00809717
0	1
0	1
0	0.364372
0	0.00809717
0	1
0	1
0	1
0	1
0	1
0	1
0	0.00809717
0	0.00809717
0	1
0	0.00809717
0	1
0	0.0121457
0	1
0	0.364372
0	0.0202429
0	0.0121457
0	1
0	0.364372
0	1
0	0.364372
0	0.0121457
0	1
0	1
0	1
0	1
0	1
0	0.364372
0	0.00809717
0	1
0	1
0	0.364372
0	1
0	0.364372
0	0.0121457
0	1
0	1
0	0.364372
0	1
0	1
0	0.00809717
0	1
0	0.0121457
0	0.0121457
0	0.364372
0	1
0	1
0	1
0	0.364372
0	1
0	1
0	0.364372
0	0.364372
0	0.364372
0	1
0	1
0	1
0	1
0	0.0121457
0	1
0	1
0	1
0	0.00809717
0	0.00809717
0	0.364372
0	1
0	0.364372
0	0.0121457
0	1
0	0.364372
0	1
0	1
0	0.0161943
0	0.048583
0	1
0	0.364372
0	1
0	1
0	0.364372
0	1
0	0.364372
0	0.00809717
0	0.00809717


