# Persistence diagram <GML/1424.gml>
#
# Dimension   : 0
# Entries     : 146
# Betti number: 2
0	inf
0	0.078125
0	0.09375
0	1
0	0.078125
0	0.078125
0	0.203125
0	0.09375
0	0.203125
0	1
0	inf
0	0.09375
0	0.078125
0	1
0	0.0625
0	1
0	0.15625
0	0.078125
0	0.09375
0	0.0625
0	0.0625
0	0.046875
0	0.15625
0	0.203125
0	0.046875
0	0.046875
0	0.0625
0	1
0	1
0	0.15625
0	0.03125
0	0.078125
0	0.203125
0	1
0	0.03125
0	1
0	0.078125
0	0.046875
0	1
0	0.09375
0	0.078125
0	0.03125
0	1
0	0.046875
0	0.0625
0	0.078125
0	0.078125
0	0.0625
0	0.046875
0	1
0	0.09375
0	1
0	0.046875
0	1
0	0.09375
0	0.15625
0	0.046875
0	0.0625
0	1
0	1
0	0.078125
0	1
0	0.09375
0	1
0	1
0	1
0	0.0625
0	0.03125
0	0.0625
0	1
0	0.078125
0	1
0	0.046875
0	1
0	0.0625
0	0.03125
0	0.046875
0	0.078125
0	1
0	0.03125
0	1
0	0.203125
0	0.046875
0	0.046875
0	0.078125
0	0.046875
0	0.078125
0	0.078125
0	0.078125
0	0.15625
0	0.09375
0	1
0	0.046875
0	0.046875
0	1
0	1
0	0.046875
0	0.078125
0	1
0	0.0625
0	0.03125
0	0.0625
0	0.203125
0	0.0625
0	1
0	0.078125
0	0.046875
0	0.078125
0	0.09375
0	1
0	0.0625
0	1
0	1
0	0.15625
0	0.0625
0	1
0	1
0	1
0	1
0	0.046875
0	0.046875
0	1
0	0.046875
0	0.03125
0	1
0	0.046875
0	0.0625
0	0.0625
0	0.078125
0	0.046875
0	0.03125
0	0.03125
0	0.046875
0	0.03125
0	0.09375
0	1
0	0.0625
0	1
0	0.03125
0	1
0	0.046875
0	0.046875
0	1
0	0.078125
0	1
0	0.0625


