# Persistence diagram <GML/1428.gml>
#
# Dimension   : 0
# Entries     : 397
# Betti number: 1
0	inf
0	0.536765
0	0.0294118
0	0.536765
0	0.0294118
0	0.536765
0	0.0294118
0	1
0	0.0588235
0	1
0	0.0441176
0	0.0514706
0	0.0514706
0	1
0	0.0441176
0	0.0367647
0	0.0588235
0	0.0294118
0	1
0	0.0514706
0	0.0367647
0	0.0514706
0	1
0	0.117647
0	0.0294118
0	1
0	0.536765
0	1
0	0.0588235
0	1
0	1
0	1
0	0.536765
0	0.0220588
0	1
0	1
0	1
0	0.0441176
0	0.0294118
0	0.536765
0	1
0	0.0294118
0	0.0294118
0	0.0441176
0	0.0588235
0	0.536765
0	0.0441176
0	1
0	0.0220588
0	0.0367647
0	0.0367647
0	0.0441176
0	0.0294118
0	1
0	0.536765
0	0.536765
0	1
0	0.0367647
0	1
0	0.0294118
0	0.0441176
0	0.0367647
0	1
0	0.0220588
0	0.0441176
0	0.0441176
0	0.0367647
0	1
0	0.0220588
0	0.0367647
0	0.0441176
0	1
0	0.0220588
0	0.0588235
0	0.0367647
0	1
0	1
0	0.0220588
0	0.0294118
0	1
0	1
0	0.0294118
0	0.0220588
0	0.0294118
0	0.536765
0	0.0588235
0	0.0220588
0	0.0294118
0	0.0367647
0	1
0	0.117647
0	0.0220588
0	0.0441176
0	1
0	0.0220588
0	0.0294118
0	0.0220588
0	0.0441176
0	0.0220588
0	0.0367647
0	1
0	0.0514706
0	1
0	0.536765
0	0.117647
0	0.0294118
0	0.0294118
0	1
0	0.0220588
0	0.0147059
0	0.536765
0	0.536765
0	1
0	0.536765
0	0.0220588
0	0.0147059
0	1
0	0.0588235
0	0.0147059
0	0.117647
0	0.0294118
0	0.536765
0	0.0294118
0	0.0294118
0	0.0514706
0	1
0	0.0220588
0	0.0294118
0	0.0220588
0	0.0441176
0	0.0367647
0	0.0147059
0	1
0	1
0	0.0441176
0	1
0	0.0147059
0	0.536765
0	0.536765
0	0.0220588
0	0.536765
0	1
0	0.0147059
0	0.0588235
0	0.117647
0	0.0220588
0	1
0	0.536765
0	0.536765
0	0.536765
0	1
0	0.0441176
0	1
0	0.0294118
0	0.0441176
0	0.0294118
0	1
0	0.536765
0	0.536765
0	1
0	0.536765
0	0.536765
0	1
0	0.0514706
0	0.536765
0	0.0220588
0	1
0	1
0	0.0441176
0	0.117647
0	0.0294118
0	0.0220588
0	0.0147059
0	1
0	0.536765
0	1
0	0.0147059
0	0.0367647
0	1
0	0.536765
0	0.117647
0	1
0	0.536765
0	0.0294118
0	1
0	1
0	0.0220588
0	0.0147059
0	0.536765
0	0.0441176
0	0.0294118
0	0.0294118
0	1
0	0.0220588
0	0.0441176
0	0.0220588
0	0.536765
0	1
0	0.0367647
0	0.0441176
0	1
0	0.0441176
0	0.0220588
0	1
0	0.0147059
0	0.0367647
0	1
0	0.0220588
0	0.0147059
0	1
0	0.0220588
0	0.117647
0	1
0	1
0	1
0	1
0	0.0441176
0	1
0	0.0220588
0	1
0	0.0147059
0	1
0	1
0	0.536765
0	0.0441176
0	0.0588235
0	0.0294118
0	0.0294118
0	0.0294118
0	0.0294118
0	1
0	0.0294118
0	0.536765
0	0.0220588
0	0.0220588
0	1
0	0.0367647
0	0.0220588
0	1
0	0.0294118
0	0.0294118
0	0.0588235
0	0.0147059
0	0.0294118
0	1
0	0.0294118
0	0.0147059
0	0.536765
0	1
0	0.0441176
0	0.0294118
0	1
0	0.0294118
0	0.0294118
0	0.0294118
0	0.0220588
0	0.0220588
0	0.536765
0	0.536765
0	1
0	0.0294118
0	0.0441176
0	0.0367647
0	1
0	0.117647
0	0.0147059
0	0.0147059
0	0.0441176
0	0.0147059
0	1
0	1
0	1
0	1
0	1
0	0.0294118
0	0.0441176
0	1
0	1
0	0.0294118
0	0.536765
0	0.0147059
0	1
0	0.0147059
0	0.536765
0	1
0	0.0220588
0	1
0	0.0294118
0	0.0441176
0	0.0441176
0	0.0147059
0	1
0	0.0147059
0	0.0220588
0	1
0	0.0441176
0	0.0147059
0	0.536765
0	1
0	0.0441176
0	0.0147059
0	0.536765
0	0.0588235
0	0.0367647
0	0.0367647
0	0.0514706
0	0.0441176
0	0.536765
0	0.0367647
0	0.536765
0	0.0220588
0	1
0	0.0220588
0	1
0	0.536765
0	0.536765
0	0.536765
0	0.0147059
0	0.0294118
0	0.0147059
0	0.0220588
0	0.536765
0	0.0147059
0	0.0514706
0	0.0147059
0	1
0	0.0220588
0	0.0220588
0	1
0	0.0294118
0	0.0441176
0	0.0147059
0	0.0294118
0	0.0441176
0	0.0367647
0	0.0514706
0	0.0147059
0	1
0	1
0	0.0147059
0	0.0220588
0	0.0441176
0	0.0147059
0	0.0147059
0	1
0	0.117647
0	0.0514706
0	1
0	0.0441176
0	1
0	1
0	0.0147059
0	0.536765
0	0.0441176
0	0.0441176
0	0.0220588
0	0.0220588
0	0.0294118
0	0.0147059
0	1
0	0.536765
0	0.0220588
0	0.0220588
0	1
0	0.0220588
0	0.0294118
0	0.536765
0	0.117647
0	0.0514706
0	0.0220588
0	1
0	0.0147059
0	0.0220588
0	0.0294118
0	0.0441176
0	0.0294118
0	0.0294118
0	0.536765
0	0.0367647
0	0.0294118
0	0.0367647
0	0.0220588
0	1
0	1
0	0.0220588
0	0.536765
0	0.0147059
0	0.536765
0	1
0	1
0	0.536765
0	1
0	0.0294118
0	1
0	1
0	0.0220588
0	0.0294118


