# Persistence diagram <GML/1432.gml>
#
# Dimension   : 0
# Entries     : 322
# Betti number: 1
0	inf
0	0.681319
0	1
0	1
0	0.681319
0	1
0	1
0	0.681319
0	1
0	1
0	0.681319
0	0.681319
0	0.115385
0	0.681319
0	0.681319
0	0.115385
0	0.681319
0	0.681319
0	0.681319
0	1
0	0.681319
0	0.032967
0	0.681319
0	1
0	0.681319
0	0.043956
0	0.115385
0	0.021978
0	0.010989
0	1
0	1
0	1
0	1
0	1
0	0.681319
0	1
0	1
0	0.681319
0	0.681319
0	0.681319
0	1
0	0.681319
0	0.681319
0	0.681319
0	1
0	0.681319
0	0.043956
0	1
0	1
0	0.115385
0	1
0	0.0164835
0	0.681319
0	1
0	0.021978
0	1
0	1
0	0.043956
0	0.681319
0	0.681319
0	0.681319
0	1
0	0.681319
0	1
0	0.681319
0	0.681319
0	1
0	1
0	0.0164835
0	0.681319
0	0.115385
0	0.043956
0	0.043956
0	0.681319
0	1
0	0.032967
0	0.021978
0	0.021978
0	0.681319
0	1
0	0.681319
0	0.681319
0	0.021978
0	0.0164835
0	0.681319
0	0.021978
0	0.681319
0	0.0164835
0	1
0	0.681319
0	0.0164835
0	0.681319
0	0.681319
0	0.0164835
0	0.681319
0	0.115385
0	1
0	0.681319
0	1
0	0.010989
0	0.681319
0	1
0	0.681319
0	1
0	1
0	0.681319
0	0.681319
0	0.010989
0	1
0	0.681319
0	0.681319
0	0.681319
0	0.681319
0	0.681319
0	0.115385
0	0.681319
0	0.0164835
0	0.010989
0	0.032967
0	0.681319
0	0.681319
0	0.681319
0	0.681319
0	0.681319
0	0.681319
0	1
0	1
0	0.043956
0	1
0	0.681319
0	1
0	0.0164835
0	0.043956
0	1
0	0.115385
0	0.115385
0	0.021978
0	0.681319
0	0.681319
0	0.0164835
0	1
0	0.021978
0	0.681319
0	0.681319
0	1
0	0.115385
0	0.681319
0	0.021978
0	0.681319
0	0.0164835
0	0.681319
0	0.032967
0	1
0	0.0164835
0	0.681319
0	0.681319
0	1
0	1
0	1
0	0.681319
0	0.681319
0	0.115385
0	1
0	0.021978
0	0.681319
0	0.0164835
0	0.681319
0	0.021978
0	0.021978
0	1
0	0.681319
0	0.010989
0	0.681319
0	1
0	0.0164835
0	1
0	0.681319
0	1
0	1
0	1
0	0.115385
0	0.010989
0	1
0	0.681319
0	0.043956
0	0.032967
0	0.032967
0	0.010989
0	0.0164835
0	0.010989
0	0.681319
0	1
0	0.681319
0	0.681319
0	0.0274725
0	1
0	0.681319
0	0.681319
0	0.0164835
0	1
0	1
0	1
0	0.021978
0	0.681319
0	0.010989
0	0.681319
0	1
0	0.010989
0	0.681319
0	0.681319
0	0.043956
0	0.681319
0	0.681319
0	0.681319
0	1
0	0.032967
0	0.115385
0	0.681319
0	1
0	0.681319
0	1
0	0.043956
0	0.010989
0	1
0	0.021978
0	0.0164835
0	0.681319
0	1
0	0.681319
0	0.681319
0	0.115385
0	1
0	0.681319
0	0.021978
0	0.0164835
0	0.010989
0	0.681319
0	1
0	0.681319
0	0.681319
0	0.0164835
0	0.0164835
0	1
0	0.681319
0	0.681319
0	1
0	0.021978
0	1
0	1
0	0.681319
0	0.681319
0	0.0164835
0	0.681319
0	0.681319
0	0.0164835
0	0.0164835
0	1
0	0.0164835
0	0.681319
0	0.043956
0	0.115385
0	0.681319
0	0.0164835
0	0.0164835
0	1
0	0.681319
0	0.115385
0	0.115385
0	1
0	1
0	0.0274725
0	0.681319
0	1
0	0.010989
0	0.010989
0	1
0	0.010989
0	0.010989
0	0.115385
0	0.010989
0	0.681319
0	0.043956
0	0.0164835
0	0.0164835
0	0.681319
0	0.021978
0	0.0164835
0	0.021978
0	0.021978
0	0.681319
0	0.681319
0	0.681319
0	0.681319
0	1
0	0.0164835
0	1
0	0.021978
0	0.681319
0	0.0164835
0	0.021978
0	0.0164835
0	1
0	1
0	0.0164835
0	0.010989
0	0.010989
0	0.0164835
0	0.681319
0	1
0	0.681319
0	0.115385
0	0.021978
0	0.681319
0	0.0164835
0	1
0	0.681319
0	1
0	0.010989
0	0.681319
0	1
0	0.010989
0	1


