# Persistence diagram <GML/1440.gml>
#
# Dimension   : 0
# Entries     : 65
# Betti number: 1
0	inf
0	1
0	0.105263
0	0.877193
0	0.877193
0	0.105263
0	0.877193
0	1
0	0.877193
0	0.877193
0	1
0	0.877193
0	0.877193
0	0.877193
0	0.877193
0	0.877193
0	1
0	0.877193
0	0.877193
0	0.877193
0	0.877193
0	0.0526316
0	0.877193
0	0.877193
0	0.877193
0	0.877193
0	1
0	0.877193
0	0.877193
0	0.105263
0	0.0526316
0	1
0	0.877193
0	0.877193
0	0.877193
0	0.877193
0	0.877193
0	0.105263
0	0.877193
0	0.877193
0	0.877193
0	0.877193
0	0.877193
0	0.877193
0	0.877193
0	0.105263
0	0.877193
0	0.877193
0	0.877193
0	0.877193
0	0.877193
0	0.105263
0	0.0350877
0	0.877193
0	1
0	0.877193
0	0.877193
0	0.877193
0	0.877193
0	0.877193
0	0.877193
0	0.877193
0	0.877193
0	0.877193
0	0.877193
