# Persistence diagram <GML/1446.gml>
#
# Dimension   : 1
# Entries     : 75
# Betti number: 75
0.0843373	inf
0.0843373	inf
0.0843373	inf
0.0843373	inf
0.0963855	inf
0.0963855	inf
0.0963855	inf
0.0963855	inf
0.0963855	inf
0.0963855	inf
0.108434	inf
0.108434	inf
0.108434	inf
0.108434	inf
0.108434	inf
0.120482	inf
0.120482	inf
0.120482	inf
0.120482	inf
0.120482	inf
0.120482	inf
0.120482	inf
0.120482	inf
0.120482	inf
0.120482	inf
0.144578	inf
0.144578	inf
0.144578	inf
0.144578	inf
0.144578	inf
0.144578	inf
0.144578	inf
0.144578	inf
0.144578	inf
0.156627	inf
0.156627	inf
0.156627	inf
0.156627	inf
0.156627	inf
0.168675	inf
0.168675	inf
0.168675	inf
0.168675	inf
0.168675	inf
0.168675	inf
0.168675	inf
0.253012	inf
0.253012	inf
0.253012	inf
0.253012	inf
0.253012	inf
0.253012	inf
0.253012	inf
0.253012	inf
0.253012	inf
1	inf
1	inf
1	inf
1	inf
1	inf
1	inf
1	inf
1	inf
1	inf
1	inf
1	inf
1	inf
1	inf
1	inf
1	inf
1	inf
1	inf
1	inf
1	inf
1	inf
