# Persistence diagram <GML/1446.gml>
#
# Dimension   : 0
# Entries     : 336
# Betti number: 1
0	inf
0	0.0843373
0	0.108434
0	0.0963855
0	0.108434
0	0.0722892
0	0.060241
0	1
0	1
0	0.0843373
0	1
0	1
0	0.060241
0	0.060241
0	0.0963855
0	0.0843373
0	1
0	0.253012
0	0.108434
0	0.0963855
0	0.168675
0	0.0722892
0	0.0240964
0	0.168675
0	0.0722892
0	0.0843373
0	1
0	0.0722892
0	0.0481928
0	0.144578
0	0.0722892
0	0.0722892
0	1
0	0.0722892
0	0.0722892
0	0.0722892
0	0.0481928
0	0.108434
0	0.0481928
0	1
0	1
0	0.0963855
0	1
0	0.060241
0	0.060241
0	0.0722892
0	0.108434
0	0.0722892
0	1
0	0.0963855
0	0.0361446
0	0.060241
0	1
0	0.0963855
0	0.0722892
0	0.120482
0	0.0240964
0	1
0	0.120482
0	0.0843373
0	0.108434
0	0.253012
0	0.108434
0	0.0481928
0	0.0481928
0	0.0481928
0	0.0481928
0	0.108434
0	0.0361446
0	0.0361446
0	0.0963855
0	0.0722892
0	0.0722892
0	1
0	0.156627
0	0.060241
0	0.120482
0	1
0	0.0843373
0	0.108434
0	0.0722892
0	0.0722892
0	0.0361446
0	1
0	0.0361446
0	1
0	0.0963855
0	1
0	0.0722892
0	0.156627
0	0.0481928
0	0.0481928
0	0.253012
0	0.168675
0	0.0843373
0	0.0481928
0	0.0843373
0	0.253012
0	0.120482
0	0.0722892
0	0.0722892
0	0.120482
0	0.0722892
0	0.108434
0	0.0722892
0	0.0481928
0	0.0843373
0	0.0481928
0	1
0	0.0963855
0	0.253012
0	0.0361446
0	1
0	0.253012
0	0.0481928
0	1
0	0.0722892
0	0.253012
0	0.0722892
0	1
0	0.0361446
0	0.156627
0	0.0963855
0	0.0361446
0	0.253012
0	0.0481928
0	0.0722892
0	0.0843373
0	0.120482
0	0.060241
0	0.0361446
0	0.168675
0	0.0722892
0	0.0481928
0	0.253012
0	0.156627
0	0.060241
0	0.0843373
0	1
0	0.0481928
0	0.0481928
0	0.0481928
0	0.0240964
0	0.0843373
0	0.108434
0	0.0361446
0	0.0481928
0	0.0481928
0	0.253012
0	0.108434
0	0.0240964
0	0.060241
0	1
0	0.060241
0	1
0	0.060241
0	0.120482
0	1
0	0.0481928
0	0.0722892
0	0.060241
0	0.0361446
0	0.0722892
0	0.0722892
0	0.0240964
0	0.0481928
0	1
0	0.0240964
0	0.0843373
0	0.0963855
0	0.0481928
0	0.120482
0	0.0481928
0	0.108434
0	0.0240964
0	0.0240964
0	1
0	0.0361446
0	1
0	0.0361446
0	0.0481928
0	0.0722892
0	0.060241
0	0.120482
0	0.0722892
0	0.060241
0	0.0481928
0	0.0240964
0	0.0722892
0	0.156627
0	1
0	0.0361446
0	1
0	0.060241
0	1
0	0.0361446
0	0.120482
0	1
0	0.0481928
0	1
0	1
0	0.144578
0	0.120482
0	1
0	0.0963855
0	0.168675
0	0.0361446
0	0.0481928
0	1
0	0.0963855
0	0.0481928
0	0.0361446
0	0.0481928
0	0.108434
0	1
0	0.108434
0	0.0481928
0	0.0963855
0	1
0	0.0481928
0	1
0	0.108434
0	0.0361446
0	0.0722892
0	0.120482
0	0.108434
0	0.156627
0	0.0481928
0	0.120482
0	0.108434
0	1
0	0.0843373
0	0.060241
0	0.060241
0	1
0	0.0843373
0	0.0361446
0	0.0481928
0	0.0240964
0	0.120482
0	0.120482
0	0.168675
0	0.0240964
0	1
0	1
0	0.120482
0	0.0240964
0	0.0361446
0	0.060241
0	0.0361446
0	0.0722892
0	0.060241
0	0.0722892
0	0.0361446
0	0.120482
0	0.0481928
0	0.0481928
0	0.0240964
0	0.0240964
0	1
0	0.0481928
0	0.0361446
0	0.0240964
0	0.120482
0	1
0	0.0240964
0	0.0361446
0	0.060241
0	0.0361446
0	0.0963855
0	1
0	0.0843373
0	0.0481928
0	0.120482
0	0.0361446
0	0.156627
0	0.0722892
0	1
0	0.0240964
0	0.0481928
0	0.120482
0	0.120482
0	0.0361446
0	0.0963855
0	0.108434
0	0.0481928
0	1
0	0.0361446
0	0.120482
0	1
0	0.0240964
0	0.0481928
0	0.0361446
0	0.060241
0	0.0361446
0	0.0481928
0	0.0240964
0	0.0481928
0	0.120482
0	0.0361446
0	0.0361446
0	1
0	0.0481928
0	1
0	1
0	0.060241
0	0.0481928
0	0.0722892
0	0.0361446
0	0.0843373
0	0.0481928
0	0.0240964
0	0.0240964
0	0.0240964
0	0.0361446
0	0.060241
0	1
0	0.0481928
0	0.0843373
0	0.060241
0	0.108434
0	0.0843373
0	0.060241
0	0.0722892
0	1
0	0.0481928
0	0.060241
0	0.0481928
0	0.168675
0	0.0240964
0	0.0722892
0	0.0843373
0	0.0481928
0	0.0481928
0	0.0722892
0	0.0361446


