# Persistence diagram <GML/1456.gml>
#
# Dimension   : 0
# Entries     : 344
# Betti number: 2
0	inf
0	0.971831
0	0.267606
0	0.084507
0	0.0985915
0	0.084507
0	0.0985915
0	0.239437
0	0.971831
0	0.0704225
0	0.971831
0	0.267606
0	0.0704225
0	0.056338
0	0.971831
0	0.971831
0	0.084507
0	0.971831
0	0.056338
0	0.971831
0	0.225352
0	0.971831
0	0.056338
0	0.971831
0	0.225352
0	0.084507
0	1
0	0.239437
0	0.267606
0	0.169014
0	0.971831
0	0.0704225
0	0.239437
0	0.239437
0	0.0704225
0	0.971831
0	0.971831
0	0.084507
0	0.971831
0	0.0704225
0	0.0704225
0	0.056338
0	0.0704225
0	0.169014
0	0.084507
0	0.971831
0	0.239437
0	0.971831
0	0.084507
0	0.0704225
0	0.084507
0	0.0704225
0	0.056338
0	1
0	0.971831
0	0.971831
0	0.169014
0	0.0704225
0	0.28169
0	0.0704225
0	0.971831
0	1
0	1
0	0.971831
0	0.028169
0	0.225352
0	0.0704225
0	0.971831
0	0.0985915
0	0.028169
0	0.0704225
0	0.267606
0	0.239437
0	0.0422535
0	1
0	0.084507
0	0.169014
0	0.0985915
0	0.225352
0	0.971831
0	0.0985915
0	0.084507
0	0.971831
0	1
0	0.028169
0	0.0422535
0	0.028169
0	0.225352
0	0.028169
0	0.0985915
0	0.0985915
0	0.0422535
0	0.169014
0	0.084507
0	0.084507
0	0.028169
0	0.028169
0	0.28169
0	0.0985915
0	0.0704225
0	0.056338
0	0.056338
0	0.0704225
0	0.056338
0	0.28169
0	0.028169
0	0.225352
0	0.239437
0	0.0704225
0	0.267606
0	1
0	0.084507
0	1
0	0.056338
0	0.971831
0	0.971831
0	0.971831
0	0.0704225
0	0.0985915
0	0.028169
0	0.0422535
0	0.084507
0	0.225352
0	0.28169
0	0.084507
0	0.971831
0	0.056338
0	0.0985915
0	0.225352
0	0.084507
0	1
0	0.971831
0	0.169014
0	0.971831
0	0.056338
0	1
0	0.028169
0	0.28169
0	0.971831
0	0.225352
0	0.056338
0	0.028169
0	1
0	0.028169
0	0.28169
0	0.0985915
0	0.971831
0	0.0422535
0	0.0422535
0	0.239437
0	0.084507
0	1
0	0.0704225
0	inf
0	0.971831
0	0.28169
0	0.971831
0	0.0422535
0	0.239437
0	0.056338
0	0.028169
0	0.084507
0	1
0	0.971831
0	0.0704225
0	0.056338
0	0.028169
0	0.0422535
0	0.0422535
0	1
0	0.056338
0	0.239437
0	0.056338
0	0.971831
0	1
0	0.0985915
0	0.225352
0	0.169014
0	0.084507
0	0.0704225
0	0.0422535
0	0.028169
0	0.0422535
0	0.971831
0	0.056338
0	0.239437
0	0.084507
0	0.084507
0	0.028169
0	0.028169
0	0.028169
0	0.0422535
0	0.028169
0	0.084507
0	0.0422535
0	0.0704225
0	0.971831
0	1
0	0.084507
0	0.056338
0	0.084507
0	0.971831
0	0.971831
0	0.971831
0	0.0704225
0	0.239437
0	0.028169
0	0.056338
0	1
0	0.267606
0	0.971831
0	0.971831
0	0.0985915
0	0.084507
0	0.28169
0	0.971831
0	0.267606
0	0.084507
0	0.239437
0	1
0	0.0422535
0	0.056338
0	0.0704225
0	0.028169
0	1
0	0.084507
0	0.971831
0	0.971831
0	0.0704225
0	0.28169
0	0.971831
0	0.971831
0	0.971831
0	0.0422535
0	0.971831
0	0.0422535
0	0.971831
0	0.971831
0	0.056338
0	0.084507
0	0.056338
0	1
0	0.028169
0	0.971831
0	1
0	0.267606
0	0.0422535
0	0.971831
0	0.971831
0	0.084507
0	0.971831
0	0.0422535
0	0.056338
0	0.084507
0	0.056338
0	0.028169
0	0.971831
0	0.0704225
0	0.056338
0	0.0985915
0	0.028169
0	0.028169
0	0.225352
0	0.056338
0	0.028169
0	0.0422535
0	0.0422535
0	0.028169
0	0.169014
0	0.0422535
0	0.028169
0	0.0422535
0	0.0422535
0	0.0985915
0	0.084507
0	0.0422535
0	0.971831
0	1
0	0.0422535
0	0.267606
0	0.0422535
0	0.056338
0	0.267606
0	0.056338
0	0.169014
0	0.28169
0	0.0704225
0	0.056338
0	0.267606
0	1
0	0.056338
0	0.084507
0	0.0422535
0	0.0422535
0	0.056338
0	0.056338
0	0.056338
0	0.056338
0	0.169014
0	0.028169
0	0.028169
0	0.971831
0	1
0	0.0704225
0	0.225352
0	1
0	0.0422535
0	0.028169
0	0.028169
0	0.0422535
0	0.028169
0	0.056338
0	0.0704225
0	0.056338
0	0.084507
0	0.169014
0	0.0422535
0	0.028169
0	0.0704225
0	0.084507
0	1
0	1
0	0.0704225
0	0.056338
0	0.0422535
0	0.056338
0	0.971831
0	0.971831
0	0.056338
0	0.28169
0	0.0422535
0	0.0985915
0	0.0422535
0	0.0985915
0	1
0	0.225352
0	0.225352
0	0.028169
0	0.28169
0	0.056338
0	0.267606
0	1
0	0.028169
0	0.0704225


