# Persistence diagram <GML/1461.gml>
#
# Dimension   : 0
# Entries     : 372
# Betti number: 2
0	inf
0	0.73913
0	0.643478
0	0.643478
0	0.643478
0	0.643478
0	1
0	1
0	1
0	0.643478
0	0.73913
0	0.73913
0	0.643478
0	0.73913
0	0.643478
0	0.643478
0	0.643478
0	0.73913
0	1
0	0.73913
0	0.73913
0	1
0	1
0	0.643478
0	0.643478
0	0.643478
0	0.0521739
0	1
0	1
0	0.643478
0	0.643478
0	0.643478
0	0.73913
0	0.73913
0	0.643478
0	1
0	1
0	1
0	1
0	0.643478
0	0.643478
0	1
0	0.643478
0	0.0608696
0	0.643478
0	0.643478
0	0.0347826
0	inf
0	1
0	1
0	1
0	0.643478
0	0.0434783
0	0.643478
0	0.73913
0	0.643478
0	0.0521739
0	0.643478
0	0.643478
0	0.0521739
0	0.643478
0	0.026087
0	0.0347826
0	0.0347826
0	1
0	0.643478
0	1
0	1
0	0.0608696
0	1
0	0.643478
0	1
0	0.73913
0	0.643478
0	0.643478
0	1
0	0.0434783
0	0.73913
0	0.73913
0	0.026087
0	0.0434783
0	0.73913
0	0.0434783
0	1
0	0.73913
0	0.0521739
0	0.026087
0	0.73913
0	0.73913
0	0.0347826
0	0.0347826
0	0.026087
0	1
0	0.0608696
0	1
0	1
0	0.73913
0	0.0173913
0	1
0	0.0434783
0	0.643478
0	1
0	0.026087
0	0.643478
0	0.73913
0	0.0608696
0	1
0	1
0	0.0521739
0	0.0521739
0	0.0521739
0	1
0	0.643478
0	0.0173913
0	0.73913
0	0.643478
0	0.0347826
0	0.0434783
0	0.0173913
0	1
0	0.0608696
0	0.643478
0	0.643478
0	0.0173913
0	0.643478
0	0.643478
0	0.643478
0	1
0	0.0695652
0	0.0521739
0	0.0695652
0	0.643478
0	0.0173913
0	0.0173913
0	0.643478
0	0.643478
0	1
0	0.026087
0	0.0173913
0	1
0	0.73913
0	0.643478
0	0.73913
0	0.0521739
0	0.73913
0	0.0695652
0	0.73913
0	0.0434783
0	0.0521739
0	1
0	0.0173913
0	0.026087
0	0.643478
0	0.026087
0	0.0521739
0	1
0	0.026087
0	1
0	0.0347826
0	1
0	0.026087
0	0.026087
0	0.0173913
0	0.0521739
0	0.026087
0	0.0173913
0	0.0173913
0	0.0434783
0	0.0347826
0	0.643478
0	0.643478
0	0.026087
0	0.0434783
0	1
0	0.0608696
0	1
0	0.0173913
0	0.643478
0	0.0521739
0	0.0347826
0	0.0173913
0	0.0347826
0	0.0521739
0	0.026087
0	0.643478
0	0.643478
0	0.026087
0	0.0347826
0	0.026087
0	0.0347826
0	0.0434783
0	0.73913
0	0.643478
0	0.73913
0	1
0	0.0173913
0	0.0521739
0	1
0	0.0347826
0	0.643478
0	0.026087
0	0.73913
0	0.643478
0	0.0347826
0	0.73913
0	0.643478
0	0.73913
0	0.026087
0	0.0434783
0	0.0173913
0	0.643478
0	0.0434783
0	0.0173913
0	1
0	0.0173913
0	0.643478
0	0.73913
0	0.643478
0	1
0	0.73913
0	0.0173913
0	1
0	0.026087
0	1
0	0.643478
0	0.0173913
0	0.643478
0	0.0434783
0	0.643478
0	0.0347826
0	0.643478
0	0.0173913
0	0.0347826
0	0.643478
0	0.026087
0	0.0347826
0	0.0173913
0	0.0521739
0	0.73913
0	0.0521739
0	0.73913
0	0.73913
0	0.0173913
0	0.026087
0	0.643478
0	1
0	0.643478
0	0.026087
0	0.643478
0	0.0608696
0	0.0521739
0	0.73913
0	0.0347826
0	0.026087
0	0.0608696
0	0.643478
0	0.026087
0	1
0	0.0434783
0	1
0	0.73913
0	0.643478
0	0.026087
0	1
0	0.0521739
0	0.0695652
0	0.0347826
0	0.026087
0	1
0	0.0173913
0	0.73913
0	0.0173913
0	0.73913
0	0.026087
0	0.0173913
0	0.0521739
0	1
0	0.0173913
0	0.0173913
0	0.026087
0	0.73913
0	0.73913
0	0.0434783
0	0.0347826
0	0.026087
0	0.026087
0	0.0347826
0	0.73913
0	1
0	0.0695652
0	0.026087
0	0.73913
0	1
0	0.73913
0	0.73913
0	0.0173913
0	0.0521739
0	0.0521739
0	1
0	0.0173913
0	1
0	0.026087
0	0.0434783
0	0.026087
0	0.0347826
0	1
0	1
0	0.026087
0	0.0347826
0	0.0347826
0	0.0347826
0	0.73913
0	0.0173913
0	1
0	0.0173913
0	1
0	1
0	1
0	0.73913
0	0.643478
0	0.0434783
0	1
0	0.0173913
0	0.0173913
0	0.0521739
0	0.0521739
0	0.0173913
0	0.0173913
0	0.0347826
0	0.0521739
0	0.0347826
0	0.0173913
0	1
0	0.026087
0	0.0173913
0	0.0608696
0	1
0	0.0173913
0	0.0521739
0	0.0521739
0	1
0	0.0173913
0	0.643478
0	1
0	0.0608696
0	1
0	0.643478
0	0.0521739
0	0.0173913
0	0.0173913
0	0.026087
0	0.0347826
0	0.0521739
0	0.0521739
0	0.643478
0	0.0347826
0	0.73913
0	0.0608696
0	1
0	0.026087
0	0.643478
0	0.0173913
0	0.0173913
0	0.0173913
0	1
0	0.73913
0	0.0173913
0	0.0173913
0	0.0173913
0	0.0173913
0	0.026087
0	0.73913


