# Persistence diagram <GML/1472.gml>
#
# Dimension   : 0
# Entries     : 378
# Betti number: 2
0	inf
0	1
0	1
0	1
0	1
0	0.0597015
0	0.0895522
0	0.783582
0	0.0373134
0	0.783582
0	0.0373134
0	0.134328
0	0.783582
0	0.783582
0	0.134328
0	0.0597015
0	0.0970149
0	0.783582
0	1
0	1
0	1
0	0.0970149
0	0.0597015
0	0.783582
0	0.134328
0	1
0	0.783582
0	0.0895522
0	0.0970149
0	0.783582
0	1
0	0.134328
0	0.783582
0	0.783582
0	0.0447761
0	0.134328
0	0.783582
0	0.783582
0	0.134328
0	0.783582
0	0.783582
0	1
0	0.783582
0	0.783582
0	1
0	0.0970149
0	0.783582
0	0.783582
0	1
0	0.0373134
0	1
0	1
0	0.0895522
0	1
0	1
0	0.0149254
0	1
0	1
0	0.783582
0	0.783582
0	0.0522388
0	1
0	0.0970149
0	0.0447761
0	0.0373134
0	1
0	1
0	0.0373134
0	0.783582
0	0.0970149
0	0.0373134
0	0.134328
0	0.0597015
0	0.0447761
0	0.783582
0	1
0	0.0447761
0	0.0223881
0	0.783582
0	0.0522388
0	1
0	0.783582
0	1
0	0.0373134
0	0.783582
0	0.783582
0	0.0298507
0	0.0970149
0	0.0895522
0	0.0298507
0	1
0	0.0373134
0	1
0	0.0298507
0	1
0	0.0373134
0	1
0	1
0	0.0223881
0	0.0373134
0	0.783582
0	0.783582
0	0.0373134
0	0.0970149
0	0.0373134
0	0.0223881
0	0.783582
0	0.134328
0	0.0522388
0	0.783582
0	1
0	0.0149254
0	0.0373134
0	1
0	0.783582
0	0.783582
0	0.0373134
0	0.0447761
0	0.783582
0	0.0447761
0	0.0223881
0	0.0373134
0	0.0149254
0	0.0970149
0	0.783582
0	0.783582
0	0.134328
0	0.0149254
0	0.0373134
0	0.783582
0	0.0522388
0	0.0149254
0	0.0895522
0	0.0223881
0	1
0	0.0223881
0	0.0447761
0	1
0	0.0447761
0	0.0223881
0	1
0	0.783582
0	0.0522388
0	0.0895522
0	1
0	1
0	0.0223881
0	1
0	1
0	0.783582
0	0.783582
0	1
0	0.783582
0	0.783582
0	0.0447761
0	0.0447761
0	0.783582
0	1
0	0.0373134
0	0.0149254
0	0.0149254
0	0.0149254
0	0.0373134
0	1
0	inf
0	0.0149254
0	0.0149254
0	0.0970149
0	0.783582
0	0.0223881
0	0.783582
0	0.0298507
0	1
0	0.0522388
0	0.0970149
0	0.783582
0	0.134328
0	0.134328
0	0.0223881
0	0.0298507
0	0.783582
0	0.0223881
0	0.0223881
0	0.783582
0	0.0223881
0	0.0597015
0	0.783582
0	0.0373134
0	0.0447761
0	0.0970149
0	0.0522388
0	0.0223881
0	0.783582
0	0.0149254
0	0.0223881
0	0.0373134
0	0.0970149
0	0.0895522
0	0.783582
0	0.0447761
0	0.0447761
0	1
0	0.0298507
0	1
0	0.0447761
0	0.0373134
0	0.783582
0	0.0970149
0	1
0	0.0298507
0	0.0298507
0	0.0223881
0	0.0522388
0	0.0223881
0	0.0447761
0	0.783582
0	0.0298507
0	0.0373134
0	1
0	1
0	0.783582
0	0.783582
0	0.783582
0	0.0522388
0	1
0	0.783582
0	0.0522388
0	0.0223881
0	0.0522388
0	0.0447761
0	1
0	1
0	1
0	0.783582
0	0.783582
0	0.0970149
0	0.783582
0	0.783582
0	0.0970149
0	0.0373134
0	0.783582
0	0.0223881
0	0.0149254
0	0.0149254
0	0.0223881
0	0.0447761
0	0.0522388
0	0.0149254
0	0.0447761
0	0.783582
0	1
0	1
0	0.0223881
0	0.0298507
0	0.0223881
0	0.0223881
0	0.0373134
0	0.0447761
0	0.0373134
0	0.0373134
0	0.783582
0	0.0223881
0	0.0373134
0	0.0223881
0	0.0223881
0	0.0970149
0	0.783582
0	0.0597015
0	0.783582
0	0.783582
0	1
0	1
0	0.0895522
0	0.0223881
0	0.783582
0	0.783582
0	0.783582
0	0.783582
0	0.0223881
0	1
0	1
0	0.783582
0	0.783582
0	1
0	0.0597015
0	1
0	0.0522388
0	0.0298507
0	0.0223881
0	0.0149254
0	0.783582
0	0.0447761
0	0.0149254
0	0.0373134
0	0.0223881
0	0.0149254
0	0.783582
0	0.783582
0	0.783582
0	1
0	0.0373134
0	0.0447761
0	0.783582
0	0.783582
0	1
0	0.0149254
0	0.783582
0	0.0373134
0	0.0223881
0	0.0447761
0	0.134328
0	0.783582
0	0.0970149
0	0.0970149
0	0.783582
0	0.0298507
0	0.0522388
0	0.0522388
0	0.0223881
0	0.0223881
0	1
0	0.783582
0	0.0223881
0	0.783582
0	0.0149254
0	0.783582
0	0.783582
0	0.783582
0	0.0447761
0	0.00746269
0	0.0149254
0	0.0223881
0	1
0	0.783582
0	0.0149254
0	0.783582
0	0.0223881
0	0.0373134
0	0.783582
0	1
0	1
0	1
0	0.0149254
0	0.0447761
0	0.0447761
0	0.0373134
0	0.783582
0	1
0	0.0223881
0	0.0223881
0	0.0149254
0	0.0223881
0	0.0149254
0	0.783582
0	0.0223881
0	0.0970149
0	0.0522388
0	0.0447761
0	0.0149254
0	0.0223881
0	0.0522388
0	0.783582
0	0.783582
0	0.0373134
0	0.783582
0	0.0373134
0	0.0447761
0	0.0298507
0	0.0373134
0	0.0223881
0	0.0447761
0	0.134328
0	0.0447761
0	0.0970149
0	0.0223881
0	0.0223881
0	0.0223881
0	0.0149254


