# Persistence diagram <GML/1477.gml>
#
# Dimension   : 0
# Entries     : 213
# Betti number: 1
0	inf
0	0.979695
0	0.979695
0	0.979695
0	0.979695
0	0.979695
0	0.979695
0	0.979695
0	0.979695
0	0.979695
0	0.979695
0	0.979695
0	0.979695
0	0.979695
0	0.979695
0	0.979695
0	0.979695
0	0.979695
0	0.979695
0	0.979695
0	0.979695
0	0.979695
0	0.979695
0	0.979695
0	0.979695
0	0.979695
0	1
0	0.979695
0	0.0203046
0	0.979695
0	0.979695
0	0.979695
0	0.979695
0	0.979695
0	0.979695
0	0.979695
0	0.979695
0	0.979695
0	0.979695
0	0.979695
0	0.979695
0	0.979695
0	0.979695
0	0.979695
0	0.979695
0	0.979695
0	0.979695
0	0.979695
0	0.979695
0	0.979695
0	0.979695
0	1
0	0.979695
0	0.979695
0	0.979695
0	0.979695
0	0.979695
0	0.979695
0	0.979695
0	0.979695
0	0.979695
0	1
0	0.979695
0	0.979695
0	0.979695
0	0.979695
0	0.979695
0	1
0	0.979695
0	0.979695
0	0.979695
0	0.979695
0	0.979695
0	0.979695
0	0.979695
0	0.979695
0	0.979695
0	0.979695
0	0.979695
0	0.979695
0	0.979695
0	0.979695
0	0.979695
0	0.979695
0	0.979695
0	0.979695
0	0.979695
0	0.979695
0	0.979695
0	0.979695
0	0.979695
0	1
0	0.979695
0	0.979695
0	0.979695
0	0.979695
0	0.979695
0	0.979695
0	0.0203046
0	0.979695
0	0.0101523
0	0.979695
0	0.979695
0	0.979695
0	0.979695
0	0.979695
0	0.979695
0	0.0152284
0	0.979695
0	0.979695
0	0.979695
0	0.979695
0	0.979695
0	0.979695
0	0.979695
0	0.979695
0	0.979695
0	0.979695
0	0.979695
0	1
0	0.979695
0	0.979695
0	0.979695
0	0.979695
0	0.979695
0	1
0	0.979695
0	0.979695
0	0.979695
0	0.979695
0	0.979695
0	0.979695
0	0.979695
0	0.979695
0	0.0152284
0	0.979695
0	0.979695
0	0.979695
0	0.979695
0	0.0152284
0	0.0203046
0	0.979695
0	0.979695
0	0.979695
0	0.979695
0	0.979695
0	0.979695
0	0.979695
0	0.979695
0	0.979695
0	0.979695
0	1
0	0.979695
0	1
0	0.979695
0	0.979695
0	0.979695
0	0.979695
0	0.979695
0	0.979695
0	0.979695
0	0.979695
0	0.979695
0	0.0152284
0	0.979695
0	0.979695
0	0.979695
0	0.979695
0	0.979695
0	0.979695
0	0.0152284
0	0.979695
0	0.979695
0	0.979695
0	0.979695
0	0.979695
0	0.979695
0	0.979695
0	0.979695
0	0.979695
0	0.979695
0	0.979695
0	0.979695
0	0.979695
0	0.979695
0	0.979695
0	0.0152284
0	0.979695
0	1
0	0.979695
0	0.979695
0	0.979695
0	0.979695
0	0.979695
0	0.979695
0	0.979695
0	0.979695
0	0.979695
0	0.979695
0	0.979695
0	0.979695
0	0.979695
0	0.979695
0	0.979695
0	1
0	0.979695
0	0.0203046
0	0.979695
0	0.979695
0	1
0	1
0	0.979695
0	0.979695


