# Persistence diagram <GML/1478.gml>
#
# Dimension   : 0
# Entries     : 373
# Betti number: 1
0	inf
0	1
0	1
0	0.592593
0	0.592593
0	1
0	1
0	0.592593
0	0.592593
0	1
0	0.0444444
0	1
0	0.592593
0	0.0222222
0	1
0	0.592593
0	0.0444444
0	1
0	0.592593
0	0.037037
0	0.0444444
0	1
0	0.0222222
0	0.592593
0	0.037037
0	1
0	1
0	0.592593
0	0.592593
0	1
0	0.592593
0	0.592593
0	1
0	1
0	0.592593
0	1
0	1
0	0.592593
0	1
0	0.592593
0	0.0518519
0	0.037037
0	0.0444444
0	1
0	0.592593
0	1
0	0.592593
0	0.0444444
0	0.592593
0	0.037037
0	0.0444444
0	1
0	0.037037
0	0.0296296
0	0.0962963
0	1
0	0.592593
0	0.037037
0	0.0222222
0	0.0222222
0	0.037037
0	0.037037
0	0.037037
0	0.0222222
0	1
0	0.0296296
0	0.037037
0	0.592593
0	0.592593
0	1
0	1
0	0.0444444
0	0.592593
0	0.592593
0	0.592593
0	0.592593
0	1
0	0.037037
0	0.0592593
0	1
0	0.0296296
0	0.0592593
0	0.592593
0	1
0	0.592593
0	1
0	0.0148148
0	0.037037
0	0.0222222
0	0.0222222
0	0.037037
0	0.0296296
0	0.037037
0	0.0222222
0	0.0962963
0	0.0296296
0	0.592593
0	1
0	0.0296296
0	0.592593
0	0.037037
0	0.037037
0	0.0222222
0	0.0444444
0	0.0148148
0	0.592593
0	0.592593
0	0.037037
0	0.0962963
0	0.0222222
0	0.0222222
0	0.037037
0	0.592593
0	0.0518519
0	0.592593
0	0.0296296
0	0.0962963
0	0.0518519
0	0.037037
0	1
0	0.037037
0	0.0222222
0	0.0296296
0	0.0962963
0	1
0	1
0	0.0222222
0	1
0	0.0296296
0	0.0296296
0	0.0592593
0	0.0444444
0	0.037037
0	1
0	1
0	0.037037
0	0.0296296
0	1
0	0.592593
0	0.592593
0	0.0962963
0	0.037037
0	0.0222222
0	0.0222222
0	0.037037
0	0.0296296
0	0.0296296
0	0.0296296
0	0.0296296
0	0.592593
0	1
0	0.0296296
0	1
0	0.0296296
0	0.037037
0	1
0	1
0	0.0296296
0	0.0296296
0	0.0444444
0	0.0148148
0	0.0296296
0	0.037037
0	0.0222222
0	1
0	0.592593
0	1
0	0.592593
0	0.037037
0	0.0296296
0	0.0148148
0	0.0444444
0	1
0	0.0222222
0	0.037037
0	0.037037
0	0.037037
0	0.0222222
0	0.0222222
0	0.0148148
0	0.0222222
0	0.0222222
0	0.037037
0	0.0222222
0	1
0	0.0148148
0	1
0	0.0222222
0	0.037037
0	0.0222222
0	0.0444444
0	0.592593
0	1
0	0.0222222
0	0.0962963
0	0.037037
0	0.0222222
0	0.0444444
0	1
0	0.037037
0	0.0222222
0	1
0	0.037037
0	0.0962963
0	0.0444444
0	1
0	0.0222222
0	0.0222222
0	0.0148148
0	0.0962963
0	0.0148148
0	1
0	0.592593
0	1
0	0.592593
0	0.0296296
0	0.0296296
0	0.592593
0	0.592593
0	0.0148148
0	1
0	0.0222222
0	0.592593
0	0.0222222
0	0.037037
0	0.0148148
0	0.0296296
0	0.0296296
0	0.0222222
0	0.592593
0	0.0444444
0	0.592593
0	0.592593
0	0.0296296
0	1
0	0.0222222
0	0.0148148
0	0.592593
0	0.0444444
0	0.037037
0	1
0	0.592593
0	0.0148148
0	0.592593
0	0.592593
0	1
0	0.592593
0	1
0	1
0	1
0	0.592593
0	0.0222222
0	0.592593
0	0.0148148
0	0.0148148
0	0.0296296
0	0.0222222
0	0.592593
0	0.0296296
0	0.037037
0	0.0148148
0	1
0	1
0	0.0518519
0	0.592593
0	0.0592593
0	0.592593
0	0.592593
0	0.592593
0	0.0148148
0	0.0222222
0	0.0222222
0	0.0222222
0	0.0148148
0	0.0222222
0	1
0	1
0	0.0518519
0	0.0222222
0	0.592593
0	0.0592593
0	0.0148148
0	0.037037
0	0.0296296
0	0.0518519
0	0.037037
0	0.592593
0	0.0222222
0	0.037037
0	0.0222222
0	0.0222222
0	0.592593
0	0.592593
0	0.0222222
0	0.592593
0	0.0296296
0	0.037037
0	0.0148148
0	1
0	0.592593
0	0.0444444
0	0.0296296
0	1
0	0.0222222
0	0.0148148
0	0.0222222
0	1
0	0.0222222
0	0.0222222
0	1
0	0.0296296
0	0.0444444
0	0.0148148
0	0.592593
0	0.0222222
0	0.0148148
0	1
0	0.0222222
0	1
0	0.0296296
0	0.0222222
0	0.0148148
0	0.0222222
0	0.0444444
0	0.0148148
0	0.0296296
0	0.037037
0	0.037037
0	0.0148148
0	0.0148148
0	1
0	1
0	0.0222222
0	0.592593
0	0.592593
0	0.0592593
0	0.0148148
0	0.0222222
0	0.0962963
0	0.592593
0	0.0222222
0	0.0148148
0	0.0148148
0	0.592593
0	0.592593
0	0.0592593
0	0.0222222
0	0.0222222
0	0.0222222
0	0.592593
0	1
0	1
0	0.0296296
0	0.0222222
0	0.592593
0	0.592593
0	0.0222222
0	0.0962963
0	0.0148148
0	0.0148148
0	0.0962963
0	1
0	0.0148148
0	0.0296296
0	0.0148148
0	0.0222222
0	0.0148148
0	0.037037
0	0.0222222
0	0.0148148
0	0.0592593
0	0.0222222
0	0.592593


