# Persistence diagram <GML/1480.gml>
#
# Dimension   : 0
# Entries     : 398
# Betti number: 1
0	inf
0	1
0	0.747826
0	0.747826
0	0.747826
0	1
0	0.130435
0	1
0	0.130435
0	1
0	0.747826
0	1
0	0.130435
0	1
0	0.747826
0	1
0	1
0	1
0	1
0	0.0434783
0	1
0	0.130435
0	0.747826
0	0.0434783
0	0.747826
0	0.747826
0	0.0608696
0	1
0	1
0	0.026087
0	0.747826
0	0.0695652
0	0.0695652
0	0.0173913
0	0.0173913
0	0.747826
0	0.130435
0	0.026087
0	0.0608696
0	0.026087
0	0.747826
0	1
0	0.0434783
0	0.0521739
0	0.747826
0	0.0347826
0	0.0434783
0	1
0	1
0	0.0434783
0	0.026087
0	0.747826
0	0.747826
0	1
0	0.747826
0	0.026087
0	0.747826
0	0.747826
0	0.026087
0	0.0956522
0	0.0956522
0	1
0	0.0173913
0	0.0347826
0	0.747826
0	1
0	0.747826
0	0.747826
0	0.026087
0	0.0521739
0	0.747826
0	0.747826
0	0.0173913
0	0.747826
0	0.026087
0	0.747826
0	0.130435
0	0.747826
0	0.026087
0	0.0608696
0	0.0347826
0	0.0173913
0	0.0608696
0	1
0	0.026087
0	0.026087
0	0.026087
0	0.026087
0	1
0	0.0173913
0	0.026087
0	0.026087
0	0.747826
0	0.0434783
0	0.0695652
0	0.0434783
0	0.0347826
0	0.0956522
0	0.026087
0	0.747826
0	0.747826
0	0.747826
0	0.747826
0	1
0	1
0	0.026087
0	0.026087
0	0.0434783
0	0.026087
0	1
0	1
0	0.0434783
0	0.747826
0	0.026087
0	0.0608696
0	0.130435
0	0.0347826
0	0.0434783
0	1
0	1
0	0.747826
0	0.0608696
0	0.026087
0	0.747826
0	0.0173913
0	1
0	0.026087
0	1
0	0.747826
0	0.0347826
0	0.0434783
0	0.0173913
0	1
0	0.026087
0	1
0	0.747826
0	0.130435
0	0.747826
0	0.0956522
0	0.0173913
0	1
0	0.026087
0	0.026087
0	0.026087
0	0.747826
0	0.747826
0	0.026087
0	0.026087
0	0.026087
0	0.0434783
0	0.747826
0	0.026087
0	0.747826
0	0.130435
0	1
0	0.0521739
0	0.0173913
0	0.0173913
0	0.026087
0	1
0	0.0434783
0	0.026087
0	0.0434783
0	0.0434783
0	0.026087
0	0.0173913
0	0.0347826
0	0.0695652
0	0.747826
0	0.747826
0	0.0347826
0	0.026087
0	1
0	0.0173913
0	0.0173913
0	0.130435
0	0.0173913
0	1
0	0.026087
0	0.0173913
0	0.026087
0	0.026087
0	0.0173913
0	0.026087
0	0.747826
0	0.026087
0	0.026087
0	0.747826
0	0.0434783
0	0.0347826
0	0.747826
0	0.0347826
0	0.026087
0	0.026087
0	0.0347826
0	0.0347826
0	0.026087
0	0.0521739
0	0.747826
0	0.026087
0	1
0	0.026087
0	0.026087
0	0.026087
0	0.0434783
0	0.026087
0	0.130435
0	0.026087
0	0.747826
0	0.0695652
0	0.0173913
0	0.026087
0	0.747826
0	0.026087
0	0.0347826
0	0.0173913
0	0.026087
0	0.026087
0	0.026087
0	0.0173913
0	0.026087
0	0.0347826
0	0.0173913
0	0.0434783
0	1
0	0.026087
0	0.0434783
0	0.747826
0	0.026087
0	0.747826
0	0.026087
0	0.0956522
0	0.026087
0	0.130435
0	0.026087
0	0.0347826
0	0.026087
0	0.747826
0	0.0434783
0	0.0956522
0	0.026087
0	0.0956522
0	0.026087
0	1
0	1
0	0.0434783
0	0.0434783
0	0.026087
0	0.0173913
0	1
0	0.0347826
0	0.026087
0	0.026087
0	1
0	1
0	0.0347826
0	0.0347826
0	0.026087
0	0.0347826
0	0.747826
0	0.026087
0	0.0434783
0	1
0	0.026087
0	0.026087
0	0.0173913
0	0.026087
0	0.0347826
0	0.026087
0	0.0173913
0	0.0347826
0	0.747826
0	0.026087
0	0.747826
0	0.747826
0	0.0347826
0	0.747826
0	0.026087
0	0.747826
0	0.026087
0	0.026087
0	0.747826
0	0.0173913
0	0.747826
0	1
0	0.0173913
0	0.026087
0	0.026087
0	0.747826
0	0.0173913
0	0.026087
0	0.026087
0	0.0173913
0	0.0347826
0	0.0434783
0	0.0173913
0	0.0173913
0	0.747826
0	0.026087
0	0.747826
0	0.747826
0	1
0	0.747826
0	0.026087
0	0.0173913
0	0.026087
0	0.0521739
0	0.747826
0	0.0173913
0	0.0173913
0	0.026087
0	0.026087
0	0.747826
0	0.026087
0	0.026087
0	0.0956522
0	0.0173913
0	0.026087
0	0.026087
0	0.0173913
0	0.0608696
0	0.747826
0	0.026087
0	1
0	0.0173913
0	0.130435
0	0.0434783
0	0.0173913
0	0.0173913
0	1
0	0.0347826
0	1
0	0.0347826
0	0.0434783
0	0.747826
0	0.747826
0	0.747826
0	0.0608696
0	0.026087
0	0.026087
0	0.026087
0	0.0173913
0	0.747826
0	0.026087
0	1
0	0.0173913
0	0.747826
0	0.747826
0	0.747826
0	0.026087
0	0.0173913
0	0.0173913
0	0.0434783
0	0.747826
0	1
0	0.026087
0	0.0173913
0	0.0521739
0	1
0	0.0173913
0	0.0173913
0	0.0173913
0	0.0956522
0	0.747826
0	0.747826
0	1
0	0.0608696
0	0.747826
0	0.0434783
0	0.0347826
0	0.0608696
0	0.0173913
0	0.0434783
0	0.0608696
0	0.0434783
0	0.0956522
0	0.026087
0	0.0434783
0	1
0	0.0173913
0	0.026087
0	0.026087
0	0.026087
0	0.0173913
0	0.0434783
0	1
0	0.0347826
0	0.0173913
0	0.0173913
0	0.0173913
0	0.0173913
0	0.026087
0	0.0347826
0	0.0173913
0	0.0434783
0	0.0173913
0	0.0173913
0	0.0434783


