# Persistence diagram <GML/1485.gml>
#
# Dimension   : 0
# Entries     : 327
# Betti number: 1
0	inf
0	0.715447
0	0.715447
0	0.715447
0	0.0731707
0	1
0	0.715447
0	0.715447
0	0.715447
0	0.715447
0	0.715447
0	0.0487805
0	0.121951
0	0.0569106
0	0.0487805
0	0.715447
0	1
0	0.0487805
0	0.0406504
0	0.715447
0	0.0487805
0	0.0406504
0	0.0243902
0	0.715447
0	0.0406504
0	0.715447
0	0.0813008
0	0.0325203
0	0.715447
0	0.0487805
0	0.0487805
0	0.0162602
0	0.0243902
0	0.0487805
0	1
0	0.0487805
0	0.715447
0	0.0650407
0	0.715447
0	0.0243902
0	0.715447
0	0.0569106
0	0.121951
0	0.0162602
0	0.0406504
0	0.715447
0	0.0650407
0	1
0	1
0	0.0325203
0	0.0243902
0	0.0731707
0	0.0731707
0	1
0	0.0569106
0	1
0	0.121951
0	0.715447
0	1
0	0.0487805
0	0.0243902
0	0.0487805
0	0.0162602
0	0.0650407
0	1
0	0.0813008
0	0.0487805
0	0.0243902
0	0.715447
0	0.0406504
0	1
0	1
0	0.0487805
0	0.0325203
0	0.0813008
0	1
0	0.0813008
0	1
0	0.0731707
0	1
0	1
0	0.0487805
0	0.0569106
0	0.0162602
0	0.0406504
0	0.0325203
0	0.0487805
0	0.121951
0	0.0243902
0	0.715447
0	1
0	0.0406504
0	1
0	0.0813008
0	0.715447
0	0.0325203
0	1
0	1
0	1
0	0.715447
0	0.715447
0	1
0	0.0487805
0	0.0325203
0	0.0406504
0	1
0	1
0	0.0243902
0	0.0406504
0	0.0162602
0	0.0243902
0	1
0	0.0813008
0	0.0731707
0	0.715447
0	0.0243902
0	0.0162602
0	0.0243902
0	0.0569106
0	1
0	0.0650407
0	0.0487805
0	1
0	0.0650407
0	0.0243902
0	0.715447
0	0.0650407
0	0.0813008
0	0.0813008
0	0.0162602
0	1
0	0.0243902
0	0.0243902
0	0.715447
0	1
0	0.715447
0	1
0	1
0	1
0	1
0	0.715447
0	1
0	1
0	0.0406504
0	1
0	1
0	0.0243902
0	0.0650407
0	0.0813008
0	0.715447
0	0.715447
0	0.715447
0	0.0243902
0	0.715447
0	0.715447
0	0.715447
0	0.715447
0	0.715447
0	0.121951
0	0.715447
0	0.0243902
0	0.0243902
0	0.0243902
0	0.715447
0	0.121951
0	0.0487805
0	1
0	0.0243902
0	0.0162602
0	1
0	0.0325203
0	0.0243902
0	0.715447
0	0.715447
0	0.715447
0	0.0325203
0	0.0162602
0	1
0	0.715447
0	0.0813008
0	0.715447
0	1
0	0.0731707
0	0.0243902
0	0.0325203
0	0.0243902
0	0.715447
0	0.0243902
0	0.715447
0	0.0162602
0	0.715447
0	0.0243902
0	0.715447
0	0.0243902
0	0.0162602
0	0.0813008
0	1
0	1
0	0.0243902
0	0.0325203
0	0.0569106
0	0.715447
0	0.715447
0	1
0	0.715447
0	0.121951
0	1
0	1
0	0.715447
0	0.0243902
0	0.0243902
0	1
0	0.121951
0	0.0731707
0	0.0243902
0	0.715447
0	0.0243902
0	0.0406504
0	0.0325203
0	1
0	0.0325203
0	0.0487805
0	0.715447
0	1
0	0.0243902
0	0.0487805
0	1
0	0.121951
0	0.0569106
0	0.0406504
0	0.0325203
0	0.0162602
0	0.715447
0	1
0	0.0243902
0	0.715447
0	0.0325203
0	1
0	1
0	1
0	0.0243902
0	1
0	0.0243902
0	0.0243902
0	0.0487805
0	0.0162602
0	0.121951
0	0.0487805
0	0.0813008
0	0.0162602
0	0.715447
0	0.0243902
0	0.0162602
0	1
0	0.715447
0	0.715447
0	0.0243902
0	0.0813008
0	0.121951
0	1
0	0.0569106
0	0.0243902
0	0.0487805
0	0.715447
0	0.0406504
0	0.0406504
0	0.0243902
0	1
0	0.0162602
0	0.0243902
0	0.0243902
0	1
0	0.715447
0	0.715447
0	0.0487805
0	0.0569106
0	0.0162602
0	0.715447
0	0.0243902
0	0.0731707
0	0.0325203
0	0.715447
0	0.0243902
0	0.0487805
0	1
0	0.0243902
0	0.0243902
0	1
0	1
0	0.0162602
0	1
0	0.0813008
0	1
0	0.0325203
0	0.0243902
0	0.0243902
0	0.715447
0	0.0243902
0	0.0162602
0	0.715447
0	0.0243902
0	1
0	0.715447
0	0.0325203
0	0.0162602
0	1
0	0.0406504
0	0.0243902
0	0.715447
0	1
0	0.0162602
0	0.121951
0	1
0	0.0569106
0	1
0	1
0	0.0243902
0	0.715447
0	0.0569106
0	0.0813008
0	0.0162602
0	0.0243902
0	0.0243902
0	0.0162602
0	0.715447
0	0.715447
0	0.0162602


