# Persistence diagram <GML/1486.gml>
#
# Dimension   : 0
# Entries     : 373
# Betti number: 3
0	inf
0	0.554545
0	0.554545
0	0.0636364
0	inf
0	0.554545
0	0.0545455
0	1
0	1
0	0.554545
0	1
0	inf
0	0.0545455
0	0.554545
0	0.0363636
0	1
0	0.0909091
0	0.554545
0	0.0636364
0	0.0727273
0	0.0272727
0	0.0909091
0	1
0	0.0454545
0	0.0454545
0	0.554545
0	0.554545
0	0.554545
0	0.0363636
0	0.0272727
0	1
0	0.554545
0	0.0363636
0	0.0363636
0	1
0	0.554545
0	0.0363636
0	1
0	1
0	0.0363636
0	0.0363636
0	1
0	0.0636364
0	1
0	0.0363636
0	0.0454545
0	0.0636364
0	0.554545
0	1
0	0.554545
0	0.554545
0	1
0	0.0363636
0	0.0545455
0	0.0181818
0	0.0454545
0	0.0454545
0	1
0	0.0454545
0	0.0636364
0	0.0454545
0	1
0	0.0545455
0	0.0363636
0	0.554545
0	0.0181818
0	0.0363636
0	0.0272727
0	0.0545455
0	0.0272727
0	1
0	0.00909091
0	0.0909091
0	0.0545455
0	0.0454545
0	0.0909091
0	0.0363636
0	0.0454545
0	0.0181818
0	1
0	0.0363636
0	0.554545
0	0.0363636
0	0.0181818
0	0.0545455
0	0.0636364
0	0.0727273
0	0.0454545
0	0.0272727
0	0.554545
0	0.0363636
0	0.0454545
0	0.554545
0	0.0454545
0	0.0454545
0	0.0545455
0	0.554545
0	0.0545455
0	1
0	1
0	0.0363636
0	0.0363636
0	0.0454545
0	0.0363636
0	0.0272727
0	1
0	1
0	0.0545455
0	0.0636364
0	0.554545
0	0.0363636
0	0.554545
0	0.0636364
0	0.0545455
0	1
0	0.0454545
0	0.0545455
0	0.0363636
0	0.0272727
0	1
0	0.0181818
0	0.0909091
0	0.0181818
0	0.0272727
0	0.0727273
0	0.0909091
0	0.0272727
0	0.554545
0	0.0272727
0	0.0181818
0	0.554545
0	1
0	0.0363636
0	0.0727273
0	0.0181818
0	0.0181818
0	0.0181818
0	1
0	0.0272727
0	1
0	0.0363636
0	0.0272727
0	0.554545
0	0.0545455
0	0.0181818
0	0.0545455
0	1
0	0.554545
0	0.0363636
0	0.0272727
0	0.0454545
0	0.0363636
0	0.0363636
0	0.0363636
0	0.0363636
0	0.0363636
0	0.0181818
0	0.0181818
0	1
0	0.0363636
0	0.0363636
0	0.0545455
0	0.0181818
0	0.0181818
0	0.0272727
0	0.0545455
0	1
0	0.554545
0	0.554545
0	0.0454545
0	0.0272727
0	0.0363636
0	0.0272727
0	0.554545
0	0.554545
0	0.0454545
0	0.0272727
0	0.0545455
0	1
0	0.0272727
0	1
0	1
0	0.0454545
0	0.0363636
0	1
0	0.0272727
0	0.0363636
0	0.0545455
0	0.0272727
0	0.0363636
0	0.0909091
0	0.0181818
0	0.0545455
0	0.0272727
0	0.0272727
0	0.0181818
0	1
0	0.0636364
0	0.0272727
0	0.0363636
0	0.554545
0	0.0636364
0	0.0545455
0	0.554545
0	1
0	0.0545455
0	0.0272727
0	0.554545
0	0.554545
0	0.0272727
0	0.0454545
0	0.0363636
0	0.0272727
0	0.0454545
0	0.0545455
0	0.0181818
0	0.0545455
0	0.0545455
0	0.0272727
0	0.0272727
0	0.0181818
0	0.0272727
0	0.0272727
0	0.0181818
0	0.0181818
0	0.0181818
0	0.0363636
0	0.0727273
0	0.0181818
0	0.0181818
0	1
0	1
0	0.0363636
0	1
0	0.0181818
0	0.0545455
0	0.0363636
0	0.0363636
0	0.0363636
0	0.0272727
0	0.0454545
0	0.0363636
0	0.554545
0	0.0363636
0	1
0	0.554545
0	0.0363636
0	1
0	0.0363636
0	0.0181818
0	0.0363636
0	0.0909091
0	0.0272727
0	0.0181818
0	0.0272727
0	0.0181818
0	0.0181818
0	0.0181818
0	0.0181818
0	0.0545455
0	0.0454545
0	0.0727273
0	0.0454545
0	0.0363636
0	0.0181818
0	0.0545455
0	1
0	0.0272727
0	0.0272727
0	0.0909091
0	0.0181818
0	0.0272727
0	1
0	0.0181818
0	0.0454545
0	1
0	0.0181818
0	0.0363636
0	0.0454545
0	0.554545
0	0.0363636
0	0.0181818
0	0.0181818
0	0.0363636
0	0.0181818
0	0.554545
0	0.0454545
0	0.0909091
0	0.554545
0	0.0272727
0	0.0454545
0	0.0181818
0	0.0181818
0	0.554545
0	0.0454545
0	1
0	0.0181818
0	0.0181818
0	0.0181818
0	0.0181818
0	0.0181818
0	0.0181818
0	1
0	0.554545
0	0.0181818
0	0.0272727
0	0.0545455
0	0.0363636
0	0.0636364
0	0.0272727
0	0.0363636
0	0.0727273
0	0.0272727
0	1
0	1
0	0.0363636
0	0.0272727
0	0.0181818
0	0.0181818
0	0.0272727
0	0.554545
0	0.554545
0	0.0363636
0	0.0636364
0	0.0272727
0	0.0181818
0	0.0181818
0	0.0363636
0	0.0272727
0	0.0181818
0	0.0909091
0	0.0181818
0	0.0363636
0	0.0181818
0	0.0272727
0	0.0181818
0	0.0181818
0	0.0181818
0	0.0363636
0	0.0909091
0	0.0636364
0	0.0181818
0	0.0272727
0	0.0181818
0	0.0363636
0	0.0181818
0	0.0454545
0	0.0272727
0	0.0272727
0	0.0545455
0	0.0181818
0	0.0181818
0	0.0454545
0	0.554545
0	0.0909091
0	0.0272727
0	0.0272727
0	0.554545
0	0.554545
0	0.554545
0	0.0181818
0	0.0363636
0	0.0272727
0	0.0545455
0	0.0363636
0	0.554545
0	0.0363636
0	0.0454545
0	0.0363636
0	0.554545
0	1
0	0.554545
0	0.0454545


