# Persistence diagram <GML/1496.gml>
#
# Dimension   : 0
# Entries     : 54
# Betti number: 1
0	inf
0	1
0	0.914894
0	0.914894
0	0.914894
0	0.914894
0	0.914894
0	0.914894
0	0.914894
0	0.914894
0	0.914894
0	0.914894
0	0.914894
0	0.914894
0	0.914894
0	0.914894
0	0.914894
0	0.914894
0	0.914894
0	0.914894
0	1
0	0.914894
0	0.914894
0	0.914894
0	1
0	0.914894
0	0.914894
0	0.0638298
0	0.914894
0	0.914894
0	0.914894
0	1
0	0.914894
0	0.914894
0	0.914894
0	0.914894
0	0.914894
0	0.914894
0	0.914894
0	0.914894
0	0.0638298
0	1
0	0.914894
0	0.0638298
0	0.914894
0	0.0425532
0	1
0	0.914894
0	0.914894
0	0.914894
0	0.914894
0	0.914894
0	0.914894
0	0.914894
