# Persistence diagram <GML/1526.gml>
#
# Dimension   : 0
# Entries     : 91
# Betti number: 2
0	inf
0	0.454545
0	1
0	0.30303
0	0.454545
0	1
0	0.181818
0	0.30303
0	0.121212
0	0.30303
0	1
0	0.454545
0	1
0	0.454545
0	0.121212
0	0.0909091
0	1
0	0.0606061
0	1
0	0.454545
0	0.30303
0	1
0	0.454545
0	1
0	0.30303
0	0.454545
0	0.151515
0	1
0	0.0909091
0	0.0606061
0	0.454545
0	0.0606061
0	0.0606061
0	1
0	0.30303
0	0.181818
0	0.0606061
0	1
0	0.0909091
0	0.0606061
0	1
0	1
0	1
0	0.181818
0	1
0	0.454545
0	0.454545
0	0.121212
0	0.121212
0	0.30303
0	0.0909091
0	0.121212
0	0.0909091
0	0.121212
0	0.0606061
0	0.0606061
0	0.0606061
0	1
0	0.0909091
0	0.151515
0	0.0909091
0	1
0	inf
0	0.121212
0	0.454545
0	0.0909091
0	0.0909091
0	1
0	0.121212
0	0.0606061
0	0.0606061
0	0.0909091
0	0.454545
0	0.121212
0	0.030303
0	1
0	0.0909091
0	0.0909091
0	0.151515
0	0.0606061
0	0.0909091
0	0.0909091
0	0.0606061
0	1
0	0.0606061
0	1
0	0.121212
0	0.0606061
0	0.0606061
0	0.30303
0	0.30303


