# Persistence diagram <GML/1538.gml>
#
# Dimension   : 0
# Entries     : 61
# Betti number: 2
0	inf
0	1
0	1
0	1
0	1
0	0.0526316
0	1
0	0.105263
0	0.105263
0	0.0789474
0	1
0	0.0789474
0	1
0	1
0	1
0	0.105263
0	0.105263
0	0.0526316
0	1
0	0.0789474
0	0.105263
0	1
0	1
0	0.0789474
0	1
0	1
0	0.0789474
0	1
0	0.0789474
0	1
0	1
0	0.105263
0	0.0789474
0	0.105263
0	0.0526316
0	inf
0	1
0	1
0	0.0526316
0	1
0	1
0	0.0789474
0	1
0	1
0	0.0789474
0	1
0	1
0	1
0	0.0789474
0	0.0263158
0	1
0	0.0789474
0	0.105263
0	0.105263
0	1
0	1
0	0.0526316
0	1
0	1
0	1
0	1


