# Persistence diagram <GML/1552.gml>
#
# Dimension   : 0
# Entries     : 65
# Betti number: 1
0	inf
0	1
0	0.212121
0	1
0	0.212121
0	1
0	1
0	0.181818
0	1
0	1
0	0.212121
0	0.181818
0	0.151515
0	0.0909091
0	1
0	1
0	0.0909091
0	0.121212
0	1
0	1
0	1
0	0.151515
0	0.151515
0	0.121212
0	0.212121
0	0.0909091
0	0.0909091
0	0.181818
0	0.0606061
0	1
0	0.181818
0	0.151515
0	1
0	0.121212
0	1
0	1
0	0.121212
0	1
0	0.212121
0	0.0606061
0	1
0	1
0	0.0909091
0	0.151515
0	0.212121
0	0.0606061
0	0.0606061
0	0.121212
0	0.0909091
0	1
0	0.121212
0	0.121212
0	0.151515
0	0.181818
0	0.0606061
0	1
0	0.0606061
0	0.151515
0	1
0	0.0909091
0	0.181818
0	0.0606061
0	1
0	0.0909091
0	0.0909091


