# Persistence diagram <GML/1556.gml>
#
# Dimension   : 0
# Entries     : 83
# Betti number: 2
0	inf
0	inf
0	1
0	0.305556
0	0.166667
0	1
0	0.166667
0	0.138889
0	1
0	0.111111
0	0.111111
0	0.138889
0	1
0	1
0	1
0	1
0	0.111111
0	0.111111
0	1
0	1
0	0.305556
0	0.305556
0	0.0555556
0	0.305556
0	0.0833333
0	0.0555556
0	1
0	0.138889
0	0.0833333
0	0.0555556
0	1
0	0.111111
0	0.111111
0	1
0	0.166667
0	1
0	0.0555556
0	0.166667
0	1
0	0.0833333
0	0.0555556
0	0.111111
0	1
0	1
0	0.166667
0	0.111111
0	1
0	0.0833333
0	1
0	0.305556
0	1
0	0.111111
0	0.0833333
0	0.305556
0	0.111111
0	0.111111
0	0.0833333
0	1
0	0.111111
0	0.111111
0	0.0277778
0	1
0	0.0555556
0	0.305556
0	0.0555556
0	0.111111
0	0.111111
0	0.0555556
0	0.0833333
0	1
0	0.111111
0	1
0	1
0	0.111111
0	1
0	1
0	0.111111
0	0.138889
0	0.0555556
0	0.111111
0	1
0	0.0555556
0	0.111111


