# Persistence diagram <GML/1563.gml>
#
# Dimension   : 0
# Entries     : 56
# Betti number: 2
0	inf
0	1
0	1
0	1
0	1
0	0.263158
0	0.210526
0	1
0	0.210526
0	1
0	0.157895
0	0.105263
0	0.263158
0	0.157895
0	1
0	0.157895
0	0.157895
0	0.210526
0	0.263158
0	1
0	0.105263
0	0.157895
0	inf
0	1
0	1
0	1
0	0.157895
0	0.105263
0	1
0	0.105263
0	1
0	0.157895
0	0.157895
0	0.105263
0	0.105263
0	0.157895
0	0.263158
0	0.157895
0	0.105263
0	0.210526
0	1
0	0.157895
0	0.105263
0	0.210526
0	0.157895
0	1
0	0.105263
0	0.157895
0	0.210526
0	0.157895
0	0.157895
0	0.157895
0	0.0526316
0	0.210526
0	1
0	1


