# Persistence diagram <GML/1567.gml>
#
# Dimension   : 0
# Entries     : 64
# Betti number: 2
0	inf
0	1
0	1
0	0.571429
0	1
0	1
0	0.571429
0	0.571429
0	1
0	1
0	0.142857
0	0.142857
0	0.333333
0	0.571429
0	0.238095
0	1
0	0.571429
0	0.238095
0	0.0952381
0	0.142857
0	0.142857
0	0.571429
0	0.142857
0	0.142857
0	0.142857
0	1
0	0.333333
0	0.142857
0	0.142857
0	0.238095
0	inf
0	0.571429
0	0.238095
0	1
0	1
0	0.0952381
0	1
0	0.333333
0	1
0	0.0952381
0	0.333333
0	0.0952381
0	0.0952381
0	0.0952381
0	0.0952381
0	0.142857
0	1
0	0.571429
0	0.0952381
0	0.047619
0	1
0	0.333333
0	0.0952381
0	0.0952381
0	0.333333
0	0.333333
0	0.333333
0	0.571429
0	0.333333
0	0.333333
0	1
0	1
0	1
0	0.333333


