# Persistence diagram <GML/1571.gml>
#
# Dimension   : 0
# Entries     : 110
# Betti number: 2
0	inf
0	1
0	1
0	0.155172
0	1
0	0.155172
0	1
0	1
0	1
0	0.155172
0	1
0	0.0344828
0	0.0344828
0	1
0	0.0862069
0	0.155172
0	0.0862069
0	0.0517241
0	0.155172
0	1
0	1
0	0.0689655
0	0.0862069
0	1
0	1
0	0.0517241
0	0.155172
0	1
0	1
0	1
0	1
0	1
0	0.155172
0	0.0344828
0	1
0	1
0	0.0689655
0	0.0344828
0	1
0	1
0	1
0	1
0	1
0	0.0862069
0	1
0	1
0	1
0	1
0	1
0	0.0862069
0	0.155172
0	0.0517241
0	0.0344828
0	0.0862069
0	0.0517241
0	1
0	0.0689655
0	0.0517241
0	0.0689655
0	0.0689655
0	0.0344828
0	0.0344828
0	0.0344828
0	0.0689655
0	1
0	1
0	1
0	1
0	0.0862069
0	1
0	0.0517241
0	1
0	1
0	1
0	1
0	inf
0	1
0	0.0344828
0	0.0344828
0	1
0	1
0	0.0344828
0	1
0	1
0	0.0172414
0	0.0517241
0	0.0344828
0	1
0	0.0517241
0	1
0	1
0	0.0689655
0	0.0862069
0	1
0	1
0	1
0	1
0	0.0344828
0	0.0689655
0	1
0	0.155172
0	0.0517241
0	0.0517241
0	0.0344828
0	1
0	0.0517241
0	0.0344828
0	0.0517241
0	1
0	0.0344828
