# Persistence diagram <GML/1575.gml>
#
# Dimension   : 0
# Entries     : 152
# Betti number: 2
0	inf
0	1
0	0.0813953
0	0.0697674
0	inf
0	0.0930233
0	1
0	0.0581395
0	1
0	0.0930233
0	1
0	1
0	0.0465116
0	0.0581395
0	1
0	0.0581395
0	0.0581395
0	0.0697674
0	0.0697674
0	1
0	1
0	1
0	0.0930233
0	1
0	0.0581395
0	1
0	1
0	1
0	1
0	0.0581395
0	1
0	0.0348837
0	1
0	1
0	1
0	1
0	1
0	0.0465116
0	1
0	0.0232558
0	1
0	1
0	1
0	1
0	0.0465116
0	1
0	0.0348837
0	0.0348837
0	0.0930233
0	1
0	1
0	0.0697674
0	0.0465116
0	0.0697674
0	0.0232558
0	0.0232558
0	0.0697674
0	0.0465116
0	0.0232558
0	0.0697674
0	0.0581395
0	0.0465116
0	0.0348837
0	0.0348837
0	1
0	1
0	1
0	1
0	1
0	0.0697674
0	1
0	0.0348837
0	0.0232558
0	1
0	1
0	0.0232558
0	0.0348837
0	1
0	0.0348837
0	1
0	1
0	0.0348837
0	0.0813953
0	1
0	1
0	0.0581395
0	0.0348837
0	0.0232558
0	0.0348837
0	1
0	0.0581395
0	1
0	0.0348837
0	0.0232558
0	1
0	1
0	0.0697674
0	1
0	0.0465116
0	0.0581395
0	0.0232558
0	1
0	1
0	0.0348837
0	0.0348837
0	0.0930233
0	0.0232558
0	0.0465116
0	1
0	0.0465116
0	1
0	1
0	0.0348837
0	0.0348837
0	0.0232558
0	1
0	0.0465116
0	1
0	0.0930233
0	0.0465116
0	0.0813953
0	0.0348837
0	1
0	1
0	0.0232558
0	1
0	1
0	0.0348837
0	1
0	0.0581395
0	1
0	0.0581395
0	0.0930233
0	0.0232558
0	0.0813953
0	0.0232558
0	0.0232558
0	1
0	1
0	0.0348837
0	1
0	0.0348837
0	0.0348837
0	0.0697674
0	1
0	1
0	0.0232558
0	1
0	0.0465116
0	1
0	0.0465116
0	1


