# Persistence diagram <GML/1576.gml>
#
# Dimension   : 0
# Entries     : 72
# Betti number: 1
0	inf
0	1
0	1
0	1
0	1
0	0.133333
0	0.0888889
0	0.133333
0	0.133333
0	1
0	1
0	0.0888889
0	1
0	1
0	1
0	1
0	1
0	1
0	1
0	1
0	1
0	0.0666667
0	0.111111
0	1
0	1
0	1
0	1
0	0.133333
0	0.0666667
0	1
0	0.133333
0	0.0444444
0	0.133333
0	0.133333
0	0.0666667
0	0.0666667
0	0.0666667
0	1
0	1
0	0.111111
0	0.0666667
0	1
0	1
0	0.0666667
0	1
0	1
0	0.0666667
0	1
0	1
0	0.133333
0	1
0	1
0	0.133333
0	1
0	0.0666667
0	0.0888889
0	0.111111
0	0.111111
0	0.0444444
0	1
0	1
0	0.0444444
0	0.0666667
0	1
0	1
0	1
0	1
0	0.0666667
0	1
0	1
0	1
0	0.0444444


