# Persistence diagram <GML/1577.gml>
#
# Dimension   : 0
# Entries     : 50
# Betti number: 2
0	inf
0	1
0	0.642857
0	0.642857
0	0.642857
0	1
0	0.428571
0	0.428571
0	0.642857
0	0.142857
0	0.285714
0	0.285714
0	0.714286
0	1
0	1
0	inf
0	0.285714
0	0.714286
0	1
0	0.285714
0	0.285714
0	0.285714
0	0.357143
0	0.714286
0	0.357143
0	0.214286
0	0.285714
0	0.357143
0	0.285714
0	1
0	0.142857
0	0.285714
0	0.285714
0	0.642857
0	0.0714286
0	1
0	0.285714
0	0.714286
0	0.642857
0	0.285714
0	0.285714
0	1
0	1
0	0.285714
0	0.285714
0	0.714286
0	0.714286
0	0.285714
0	0.428571
0	0.714286


