# Persistence diagram <GML/1601.gml>
#
# Dimension   : 0
# Entries     : 53
# Betti number: 1
0	inf
0	1
0	1
0	1
0	0.192308
0	0.115385
0	1
0	0.192308
0	0.0769231
0	1
0	1
0	0.0769231
0	1
0	1
0	1
0	1
0	1
0	1
0	1
0	0.115385
0	0.192308
0	0.115385
0	1
0	0.0769231
0	0.0769231
0	0.0769231
0	0.192308
0	1
0	0.115385
0	0.192308
0	1
0	1
0	1
0	1
0	0.0769231
0	0.115385
0	0.0769231
0	0.0769231
0	1
0	1
0	1
0	0.192308
0	0.192308
0	0.0769231
0	1
0	0.0769231
0	0.115385
0	0.192308
0	0.0769231
0	0.115385
0	0.0769231
0	1
0	1


