# Persistence diagram <GML/1615.gml>
#
# Dimension   : 0
# Entries     : 69
# Betti number: 3
0	inf
0	1
0	1
0	inf
0	1
0	1
0	1
0	0.190476
0	1
0	1
0	0.142857
0	1
0	1
0	0.142857
0	1
0	0.142857
0	0.142857
0	1
0	1
0	0.142857
0	0.142857
0	0.238095
0	0.0952381
0	0.238095
0	1
0	0.190476
0	0.0952381
0	inf
0	1
0	0.0952381
0	0.142857
0	0.190476
0	1
0	0.142857
0	0.142857
0	0.142857
0	0.142857
0	0.142857
0	0.0952381
0	0.142857
0	1
0	0.142857
0	0.0952381
0	0.142857
0	1
0	0.0952381
0	0.0952381
0	0.0952381
0	0.142857
0	0.0952381
0	0.142857
0	0.142857
0	0.142857
0	0.0952381
0	0.190476
0	0.142857
0	0.0952381
0	1
0	0.0952381
0	0.142857
0	0.0952381
0	0.238095
0	0.190476
0	0.0952381
0	1
0	0.0952381
0	1
0	0.0952381
0	0.142857


