# Persistence diagram <GML/1616.gml>
#
# Dimension   : 0
# Entries     : 83
# Betti number: 1
0	inf
0	1
0	0.289474
0	0.105263
0	0.289474
0	0.105263
0	1
0	0.0789474
0	1
0	0.105263
0	0.184211
0	0.289474
0	0.105263
0	0.236842
0	0.105263
0	1
0	0.289474
0	0.184211
0	0.289474
0	0.0526316
0	1
0	0.0526316
0	1
0	0.0789474
0	0.289474
0	0.105263
0	1
0	1
0	0.105263
0	0.105263
0	1
0	0.105263
0	0.0789474
0	0.236842
0	0.0789474
0	1
0	0.0526316
0	1
0	1
0	0.0789474
0	0.0526316
0	0.0526316
0	0.105263
0	1
0	1
0	1
0	1
0	0.0789474
0	1
0	0.105263
0	1
0	0.184211
0	0.236842
0	0.184211
0	0.105263
0	1
0	1
0	0.236842
0	0.105263
0	1
0	0.0789474
0	0.289474
0	0.289474
0	0.236842
0	0.0789474
0	0.0526316
0	0.236842
0	0.236842
0	0.184211
0	0.0789474
0	0.0526316
0	1
0	0.105263
0	0.0789474
0	0.184211
0	0.0526316
0	1
0	0.289474
0	0.0526316
0	1
0	0.0789474
0	1
0	1


