# Persistence diagram <GML/1643.gml>
#
# Dimension   : 0
# Entries     : 64
# Betti number: 1
0	inf
0	1
0	0.111111
0	1
0	1
0	1
0	0.0555556
0	1
0	0.111111
0	0.277778
0	0.277778
0	0.277778
0	0.0833333
0	1
0	0.111111
0	1
0	0.277778
0	0.111111
0	0.277778
0	0.277778
0	1
0	0.0555556
0	1
0	1
0	0.277778
0	1
0	1
0	1
0	0.0555556
0	1
0	0.0555556
0	1
0	1
0	0.111111
0	0.0555556
0	0.111111
0	0.0833333
0	0.0833333
0	0.0555556
0	0.0833333
0	1
0	1
0	1
0	0.0833333
0	1
0	0.0555556
0	0.0555556
0	1
0	1
0	0.0833333
0	0.0833333
0	0.111111
0	1
0	0.111111
0	1
0	0.111111
0	0.0555556
0	0.277778
0	1
0	1
0	1
0	0.0555556
0	0.0555556
0	1


