# Persistence diagram <GML/1684.gml>
#
# Dimension   : 0
# Entries     : 130
# Betti number: 1
0	inf
0	1
0	0.0983607
0	1
0	0.0819672
0	0.0491803
0	1
0	0.0819672
0	1
0	0.0819672
0	0.114754
0	0.114754
0	0.114754
0	0.0491803
0	0.0819672
0	1
0	1
0	0.114754
0	0.114754
0	0.0491803
0	1
0	0.0983607
0	0.0655738
0	1
0	0.0491803
0	0.0819672
0	0.114754
0	0.0655738
0	1
0	0.0491803
0	1
0	0.114754
0	1
0	1
0	0.0819672
0	1
0	0.0491803
0	0.0491803
0	0.114754
0	0.0655738
0	1
0	1
0	0.0655738
0	0.0819672
0	0.0819672
0	0.0491803
0	0.0819672
0	1
0	1
0	1
0	0.0491803
0	1
0	0.0491803
0	0.0327869
0	1
0	0.0491803
0	0.0491803
0	0.0491803
0	0.0491803
0	0.0819672
0	0.0327869
0	1
0	1
0	0.0819672
0	1
0	1
0	0.0655738
0	0.0491803
0	1
0	0.0655738
0	0.0491803
0	0.0327869
0	0.114754
0	0.0491803
0	0.0491803
0	0.0491803
0	1
0	0.0491803
0	1
0	0.0655738
0	0.114754
0	0.0491803
0	0.0819672
0	0.114754
0	1
0	1
0	0.0983607
0	1
0	0.0655738
0	0.0327869
0	0.0327869
0	1
0	0.114754
0	1
0	0.0491803
0	0.114754
0	1
0	0.0819672
0	0.0491803
0	1
0	0.0327869
0	0.0327869
0	0.0491803
0	1
0	0.0491803
0	0.114754
0	0.114754
0	1
0	1
0	0.0491803
0	1
0	1
0	0.0655738
0	1
0	1
0	1
0	0.0327869
0	0.0327869
0	0.114754
0	1
0	1
0	1
0	0.0819672
0	0.0655738
0	0.0491803
0	0.0491803
0	0.0655738
0	0.0819672
0	0.0655738
0	1


