# Persistence diagram <GML/1706.gml>
#
# Dimension   : 0
# Entries     : 225
# Betti number: 1
0	inf
0	0.370968
0	0.290323
0	0.112903
0	1
0	0.0967742
0	1
0	1
0	0.370968
0	0.0645161
0	1
0	1
0	0.370968
0	0.129032
0	0.0967742
0	0.112903
0	1
0	0.290323
0	0.0806452
0	0.387097
0	1
0	0.112903
0	0.129032
0	0.0967742
0	0.387097
0	1
0	0.387097
0	0.0806452
0	0.0967742
0	0.0645161
0	0.0967742
0	0.129032
0	0.0645161
0	0.370968
0	0.387097
0	0.370968
0	0.370968
0	0.112903
0	0.0967742
0	0.0806452
0	0.0645161
0	1
0	0.290323
0	1
0	0.0645161
0	1
0	0.0806452
0	0.0806452
0	0.112903
0	0.0322581
0	0.112903
0	0.0645161
0	1
0	1
0	1
0	1
0	0.290323
0	0.112903
0	0.0645161
0	0.0967742
0	0.370968
0	1
0	0.0967742
0	1
0	0.0645161
0	0.387097
0	0.177419
0	0.370968
0	1
0	0.0322581
0	0.0967742
0	0.0806452
0	0.0483871
0	0.0806452
0	0.370968
0	0.0483871
0	0.290323
0	0.387097
0	0.0645161
0	0.0483871
0	0.112903
0	0.0322581
0	1
0	1
0	0.0483871
0	0.370968
0	0.112903
0	1
0	0.112903
0	0.0483871
0	1
0	0.0645161
0	0.0806452
0	0.0645161
0	0.0806452
0	0.290323
0	0.0483871
0	1
0	0.0483871
0	0.0645161
0	0.0322581
0	0.0806452
0	0.387097
0	0.290323
0	0.177419
0	0.177419
0	0.112903
0	0.0483871
0	0.0322581
0	0.0483871
0	1
0	0.112903
0	0.387097
0	0.0967742
0	0.387097
0	0.370968
0	0.0322581
0	1
0	1
0	1
0	0.0806452
0	0.387097
0	0.0322581
0	0.370968
0	0.0483871
0	0.177419
0	0.0322581
0	0.0967742
0	0.0322581
0	0.370968
0	0.0806452
0	0.112903
0	0.0967742
0	0.0483871
0	0.112903
0	0.177419
0	1
0	0.387097
0	0.177419
0	0.290323
0	0.387097
0	0.0483871
0	0.370968
0	1
0	0.0645161
0	1
0	0.0322581
0	0.0645161
0	0.0806452
0	0.0483871
0	0.129032
0	0.387097
0	0.0645161
0	0.0645161
0	1
0	0.370968
0	0.0322581
0	0.0806452
0	0.387097
0	0.0967742
0	0.0806452
0	1
0	0.0322581
0	1
0	0.112903
0	1
0	0.290323
0	0.112903
0	0.0322581
0	0.370968
0	0.0645161
0	0.0322581
0	1
0	0.387097
0	0.112903
0	0.290323
0	0.0322581
0	0.0322581
0	0.387097
0	0.387097
0	0.0483871
0	0.0645161
0	0.0645161
0	0.0322581
0	0.0483871
0	0.0645161
0	0.0967742
0	0.112903
0	0.0322581
0	0.0322581
0	0.0483871
0	0.0967742
0	0.0483871
0	0.0483871
0	1
0	0.0322581
0	1
0	0.0483871
0	0.0322581
0	0.0322581
0	0.0967742
0	0.0806452
0	0.0645161
0	0.0322581
0	1
0	0.0322581
0	0.0483871
0	1
0	0.0806452
0	0.0483871
0	0.370968
0	0.0322581
0	1
0	0.0806452
0	0.177419
0	0.290323
0	0.112903
0	0.0967742
0	0.0645161
0	0.387097
0	0.0322581
0	0.370968
0	0.0806452
0	0.0806452
0	0.0645161


