# Persistence diagram <GML/1710.gml>
#
# Dimension   : 0
# Entries     : 112
# Betti number: 1
0	inf
0	1
0	1
0	0.0566038
0	1
0	1
0	1
0	1
0	1
0	0.132075
0	0.226415
0	0.0566038
0	1
0	0.0754717
0	1
0	0.132075
0	1
0	1
0	0.0566038
0	0.0566038
0	0.226415
0	1
0	1
0	1
0	0.169811
0	1
0	0.226415
0	0.226415
0	0.0377358
0	1
0	0.169811
0	1
0	0.132075
0	1
0	1
0	1
0	0.0377358
0	1
0	1
0	0.226415
0	0.0754717
0	1
0	1
0	0.0566038
0	0.132075
0	0.0377358
0	0.0377358
0	0.226415
0	1
0	1
0	0.0377358
0	1
0	0.0754717
0	0.0566038
0	0.0566038
0	0.169811
0	0.0566038
0	1
0	0.132075
0	0.0377358
0	1
0	0.0377358
0	0.0754717
0	0.0566038
0	0.132075
0	0.0377358
0	0.0566038
0	0.132075
0	0.0566038
0	0.0377358
0	1
0	1
0	0.0377358
0	0.0377358
0	0.0377358
0	0.0377358
0	1
0	1
0	0.0566038
0	0.169811
0	1
0	0.0566038
0	1
0	0.0566038
0	1
0	1
0	0.169811
0	0.0566038
0	0.226415
0	0.0377358
0	1
0	0.0566038
0	1
0	1
0	1
0	0.132075
0	0.0754717
0	0.0377358
0	0.0377358
0	1
0	1
0	0.0566038
0	0.226415
0	1
0	0.0566038
0	0.0566038
0	0.0566038
0	0.226415
0	0.0566038
0	0.226415
0	0.0377358
0	0.226415


