# Persistence diagram <GML/1721.gml>
#
# Dimension   : 0
# Entries     : 119
# Betti number: 1
0	inf
0	1
0	1
0	1
0	0.142857
0	0.0714286
0	0.0238095
0	1
0	1
0	1
0	1
0	0.0833333
0	1
0	1
0	0.0714286
0	1
0	1
0	1
0	1
0	0.0833333
0	1
0	1
0	1
0	0.0714286
0	0.0357143
0	0.142857
0	0.142857
0	1
0	1
0	0.047619
0	0.0357143
0	0.0238095
0	0.047619
0	1
0	1
0	0.142857
0	1
0	0.142857
0	1
0	1
0	1
0	0.0833333
0	0.0238095
0	0.0357143
0	1
0	1
0	1
0	1
0	0.0357143
0	0.142857
0	0.0714286
0	1
0	1
0	1
0	0.142857
0	1
0	1
0	0.0357143
0	1
0	0.0238095
0	1
0	0.142857
0	1
0	1
0	1
0	1
0	0.142857
0	1
0	0.0833333
0	0.0357143
0	1
0	0.0238095
0	0.0833333
0	1
0	1
0	1
0	1
0	1
0	1
0	1
0	1
0	1
0	1
0	0.0238095
0	1
0	0.0238095
0	0.142857
0	0.0238095
0	1
0	1
0	1
0	1
0	1
0	0.047619
0	1
0	1
0	1
0	0.047619
0	0.0833333
0	1
0	1
0	1
0	1
0	1
0	1
0	1
0	1
0	1
0	1
0	0.0357143
0	1
0	1
0	0.047619
0	0.047619
0	1
0	0.142857
0	1
0	0.047619
0	1


