# Persistence diagram <GML/1726.gml>
#
# Dimension   : 0
# Entries     : 51
# Betti number: 2
0	inf
0	1
0	0.5
0	0.5
0	0.214286
0	0.285714
0	0.5
0	1
0	0.214286
0	0.214286
0	0.214286
0	0.357143
0	1
0	0.214286
0	0.5
0	0.142857
0	0.5
0	1
0	0.285714
0	0.285714
0	0.214286
0	1
0	0.142857
0	0.142857
0	0.214286
0	1
0	0.5
0	0.357143
0	0.214286
0	0.428571
0	1
0	0.357143
0	0.428571
0	inf
0	0.5
0	0.214286
0	0.142857
0	1
0	0.142857
0	0.428571
0	0.428571
0	0.142857
0	0.142857
0	0.357143
0	0.142857
0	1
0	0.214286
0	0.142857
0	0.428571
0	0.142857
0	0.0714286
