# Persistence diagram <GML/1743.gml>
#
# Dimension   : 0
# Entries     : 58
# Betti number: 3
0	inf
0	1
0	0.357143
0	1
0	0.571429
0	0.571429
0	0.357143
0	0.357143
0	0.571429
0	inf
0	0.285714
0	0.428571
0	0.285714
0	0.357143
0	1
0	0.285714
0	0.285714
0	0.142857
0	1
0	0.214286
0	0.428571
0	1
0	0.214286
0	inf
0	0.357143
0	0.142857
0	0.357143
0	0.214286
0	0.285714
0	0.357143
0	0.142857
0	0.571429
0	1
0	0.428571
0	1
0	0.357143
0	0.214286
0	0.571429
0	0.0714286
0	0.214286
0	1
0	0.142857
0	0.214286
0	0.0714286
0	0.214286
0	0.428571
0	0.214286
0	0.428571
0	0.357143
0	0.571429
0	0.214286
0	0.214286
0	1
0	0.142857
0	0.285714
0	0.142857
0	0.214286
0	0.357143


