# Persistence diagram <GML/1749.gml>
#
# Dimension   : 0
# Entries     : 98
# Betti number: 3
0	inf
0	0.0806452
0	1
0	1
0	1
0	0.0806452
0	0.0645161
0	0.0645161
0	0.0645161
0	1
0	inf
0	0.129032
0	inf
0	1
0	0.0645161
0	1
0	0.0967742
0	0.0322581
0	1
0	1
0	1
0	0.0322581
0	1
0	0.0967742
0	0.0483871
0	0.0645161
0	0.129032
0	0.0806452
0	1
0	1
0	0.0645161
0	0.0322581
0	1
0	1
0	0.0967742
0	1
0	0.0483871
0	1
0	0.129032
0	0.0806452
0	1
0	1
0	1
0	1
0	1
0	1
0	1
0	1
0	1
0	0.0645161
0	1
0	1
0	0.0645161
0	1
0	1
0	0.016129
0	1
0	0.0322581
0	0.016129
0	1
0	0.0322581
0	0.0645161
0	0.0806452
0	1
0	0.0967742
0	0.0483871
0	1
0	1
0	1
0	1
0	0.129032
0	1
0	1
0	0.0322581
0	1
0	0.0967742
0	1
0	0.129032
0	1
0	1
0	1
0	0.0645161
0	1
0	0.0806452
0	1
0	1
0	1
0	0.129032
0	0.0806452
0	0.0645161
0	1
0	1
0	1
0	0.0645161
0	0.0322581
0	1
0	1
0	0.0322581


