# Persistence diagram <GML/1755.gml>
#
# Dimension   : 0
# Entries     : 183
# Betti number: 5
0	inf
0	inf
0	0.152174
0	0.130435
0	inf
0	0.173913
0	1
0	0.195652
0	0.173913
0	0.130435
0	0.108696
0	0.108696
0	0.0869565
0	0.0217391
0	0.282609
0	0.282609
0	0.195652
0	0.130435
0	0.108696
0	0.0652174
0	0.0869565
0	1
0	0.130435
0	0.173913
0	0.0869565
0	0.0869565
0	0.0869565
0	0.108696
0	0.130435
0	0.0869565
0	0.0869565
0	0.173913
0	0.0652174
0	0.217391
0	1
0	0.0652174
0	0.0652174
0	0.130435
0	0.130435
0	1
0	0.108696
0	1
0	0.130435
0	0.0869565
0	0.0652174
0	0.0869565
0	0.0652174
0	1
0	0.217391
0	0.26087
0	1
0	1
0	1
0	0.0652174
0	1
0	inf
0	0.130435
0	0.130435
0	0.130435
0	0.173913
0	0.130435
0	0.217391
0	1
0	0.282609
0	0.130435
0	0.0652174
0	0.282609
0	0.0652174
0	0.130435
0	0.108696
0	0.0434783
0	1
0	0.282609
0	1
0	0.0652174
0	0.130435
0	0.282609
0	0.130435
0	0.0434783
0	0.282609
0	0.130435
0	0.108696
0	0.173913
0	0.0869565
0	0.0434783
0	0.152174
0	1
0	1
0	1
0	0.0652174
0	0.108696
0	inf
0	1
0	0.0869565
0	0.0869565
0	0.108696
0	0.0434783
0	0.130435
0	0.0434783
0	0.130435
0	0.130435
0	0.130435
0	0.0652174
0	0.0652174
0	0.0869565
0	0.0652174
0	0.108696
0	0.0652174
0	0.130435
0	0.0652174
0	0.0869565
0	0.0434783
0	0.130435
0	0.26087
0	0.130435
0	0.0652174
0	0.130435
0	0.130435
0	0.0434783
0	0.108696
0	0.217391
0	0.0217391
0	0.26087
0	0.130435
0	0.130435
0	1
0	0.130435
0	0.195652
0	0.0869565
0	0.0434783
0	0.0869565
0	0.130435
0	0.130435
0	0.0652174
0	0.0652174
0	0.0869565
0	0.130435
0	0.0869565
0	0.0652174
0	0.0434783
0	0.26087
0	0.108696
0	0.26087
0	0.108696
0	0.130435
0	0.0434783
0	0.195652
0	1
0	0.0434783
0	1
0	0.108696
0	0.0652174
0	0.0652174
0	0.0652174
0	0.0434783
0	0.0434783
0	0.108696
0	0.0434783
0	0.0434783
0	1
0	0.130435
0	1
0	0.0869565
0	0.130435
0	0.0652174
0	0.195652
0	0.217391
0	0.0869565
0	1
0	0.0434783
0	0.0434783
0	0.108696
0	0.130435
0	0.26087
0	0.26087
0	0.130435
0	0.0869565
0	0.0434783
0	0.173913
0	0.0652174
0	0.130435
0	0.152174
0	1


