# Persistence diagram <GML/1756.gml>
#
# Dimension   : 0
# Entries     : 56
# Betti number: 4
0	inf
0	1
0	1
0	1
0	1
0	1
0	0.111111
0	inf
0	0.111111
0	inf
0	1
0	1
0	0.148148
0	1
0	0.0740741
0	1
0	0.0740741
0	1
0	1
0	1
0	0.148148
0	1
0	1
0	0.148148
0	1
0	0.111111
0	1
0	inf
0	0.148148
0	0.0740741
0	0.111111
0	0.0740741
0	1
0	1
0	0.0740741
0	0.0740741
0	1
0	0.0740741
0	0.148148
0	0.148148
0	0.037037
0	0.0740741
0	0.0740741
0	0.148148
0	0.111111
0	1
0	1
0	0.111111
0	0.111111
0	0.037037
0	0.0740741
0	0.148148
0	1
0	1
0	1
0	1


