# Persistence diagram <GML/1777.gml>
#
# Dimension   : 0
# Entries     : 61
# Betti number: 1
0	inf
0	1
0	1
0	1
0	1
0	0.111111
0	1
0	1
0	1
0	0.111111
0	1
0	0.111111
0	0.0740741
0	0.148148
0	0.111111
0	1
0	0.148148
0	0.111111
0	0.111111
0	0.111111
0	1
0	0.0740741
0	1
0	0.111111
0	1
0	0.0740741
0	1
0	1
0	0.111111
0	1
0	1
0	0.111111
0	0.185185
0	0.148148
0	0.111111
0	0.111111
0	0.148148
0	0.148148
0	0.111111
0	1
0	0.111111
0	1
0	0.148148
0	0.185185
0	1
0	1
0	1
0	0.185185
0	0.111111
0	0.0740741
0	0.0740741
0	1
0	1
0	0.0740741
0	0.0740741
0	0.111111
0	1
0	0.111111
0	0.185185
0	0.0740741
0	0.0740741


