# Persistence diagram <GML/1778.gml>
#
# Dimension   : 0
# Entries     : 55
# Betti number: 2
0	inf
0	1
0	1
0	0.0714286
0	1
0	0.25
0	1
0	0.25
0	1
0	1
0	0.25
0	1
0	0.0714286
0	1
0	1
0	1
0	1
0	0.178571
0	0.25
0	0.0714286
0	1
0	0.0714286
0	0.25
0	0.0714286
0	0.0714286
0	1
0	0.0714286
0	0.142857
0	1
0	inf
0	1
0	0.214286
0	0.178571
0	0.214286
0	0.142857
0	0.178571
0	0.0714286
0	0.214286
0	1
0	0.0714286
0	1
0	0.0714286
0	1
0	0.178571
0	0.214286
0	1
0	1
0	0.0357143
0	1
0	0.0714286
0	1
0	0.0714286
0	1
0	0.142857
0	1


