# Persistence diagram <GML/1782.gml>
#
# Dimension   : 0
# Entries     : 165
# Betti number: 1
0	inf
0	0.111111
0	0.111111
0	0.111111
0	0.0952381
0	0.111111
0	0.174603
0	0.111111
0	1
0	0.142857
0	0.047619
0	0.0952381
0	1
0	0.0793651
0	1
0	0.0634921
0	0.047619
0	0.111111
0	0.222222
0	0.174603
0	0.0952381
0	0.174603
0	0.111111
0	1
0	0.174603
0	0.222222
0	0.222222
0	0.111111
0	0.0634921
0	0.0952381
0	0.111111
0	1
0	0.0952381
0	0.0952381
0	0.0634921
0	1
0	0.0952381
0	0.222222
0	1
0	0.0952381
0	1
0	1
0	1
0	0.0634921
0	0.0634921
0	1
0	0.174603
0	0.111111
0	0.0793651
0	0.031746
0	0.111111
0	0.047619
0	1
0	0.047619
0	0.0952381
0	0.0952381
0	0.047619
0	1
0	0.031746
0	0.047619
0	0.0793651
0	0.031746
0	0.047619
0	1
0	0.222222
0	0.222222
0	1
0	0.222222
0	0.0952381
0	1
0	0.0793651
0	0.0793651
0	0.0952381
0	0.031746
0	1
0	0.222222
0	0.142857
0	0.111111
0	0.0634921
0	0.222222
0	1
0	0.047619
0	0.0793651
0	1
0	1
0	0.174603
0	0.047619
0	0.0793651
0	0.0793651
0	0.0952381
0	0.047619
0	0.031746
0	0.047619
0	0.142857
0	0.174603
0	1
0	0.222222
0	0.222222
0	0.031746
0	0.031746
0	0.0634921
0	1
0	0.0634921
0	1
0	0.111111
0	0.174603
0	1
0	1
0	0.174603
0	0.031746
0	0.142857
0	1
0	0.031746
0	0.0952381
0	0.111111
0	0.0952381
0	0.031746
0	0.174603
0	1
0	0.174603
0	1
0	1
0	1
0	0.0952381
0	0.222222
0	0.0634921
0	0.0793651
0	0.222222
0	0.047619
0	0.031746
0	0.0793651
0	0.174603
0	0.0793651
0	0.031746
0	0.047619
0	1
0	0.0793651
0	0.031746
0	1
0	0.0793651
0	0.047619
0	0.047619
0	0.0952381
0	0.0793651
0	0.0952381
0	0.222222
0	1
0	0.222222
0	0.0793651
0	0.0793651
0	0.0634921
0	0.0634921
0	1
0	0.111111
0	0.222222
0	1
0	0.142857
0	0.222222
0	0.031746
0	0.031746
0	0.0952381
0	0.222222
0	1
0	1
0	0.0634921


