# Persistence diagram <GML/1834.gml>
#
# Dimension   : 0
# Entries     : 100
# Betti number: 1
0	inf
0	1
0	1
0	1
0	1
0	1
0	1
0	1
0	1
0	1
0	1
0	1
0	1
0	1
0	1
0	1
0	1
0	1
0	1
0	1
0	1
0	1
0	1
0	1
0	0.0361446
0	0.0240964
0	1
0	1
0	1
0	1
0	1
0	1
0	1
0	1
0	1
0	1
0	1
0	0.0240964
0	1
0	1
0	1
0	1
0	1
0	1
0	1
0	0.0240964
0	1
0	0.0361446
0	1
0	1
0	1
0	1
0	1
0	1
0	0.0361446
0	0.0361446
0	1
0	0.0240964
0	0.0240964
0	1
0	1
0	1
0	1
0	1
0	0.0240964
0	1
0	1
0	1
0	1
0	1
0	0.0240964
0	1
0	1
0	1
0	1
0	0.0240964
0	1
0	1
0	1
0	0.0240964
0	1
0	1
0	0.0240964
0	1
0	1
0	0.0240964
0	1
0	1
0	1
0	0.0240964
0	0.0240964
0	1
0	1
0	1
0	1
0	1
0	1
0	1
0	1
0	1


