# Persistence diagram <GML/1835.gml>
#
# Dimension   : 0
# Entries     : 211
# Betti number: 7
0	inf
0	1
0	0.179775
0	1
0	1
0	1
0	1
0	0.235955
0	0.179775
0	1
0	1
0	1
0	1
0	0.179775
0	0.0561798
0	1
0	1
0	0.123596
0	0.235955
0	0.179775
0	1
0	1
0	1
0	0.101124
0	1
0	0.235955
0	0.0561798
0	1
0	1
0	1
0	1
0	0.123596
0	1
0	0.179775
0	0.179775
0	1
0	0.179775
0	0.0561798
0	0.235955
0	0.0449438
0	0.235955
0	1
0	0.235955
0	0.101124
0	1
0	0.0561798
0	inf
0	1
0	0.235955
0	0.235955
0	0.0337079
0	1
0	0.0449438
0	0.0674157
0	0.0337079
0	0.123596
0	1
0	0.101124
0	inf
0	1
0	1
0	0.0561798
0	0.0337079
0	0.123596
0	0.235955
0	0.0561798
0	1
0	0.0449438
0	0.123596
0	1
0	0.0337079
0	1
0	0.0337079
0	0.0449438
0	0.0449438
0	0.0449438
0	1
0	inf
0	0.0224719
0	0.235955
0	1
0	0.0449438
0	0.179775
0	0.101124
0	inf
0	0.0674157
0	1
0	0.0449438
0	1
0	0.0224719
0	0.0449438
0	0.0337079
0	0.0337079
0	0.0224719
0	1
0	inf
0	0.011236
0	0.0337079
0	0.0337079
0	1
0	1
0	0.0449438
0	1
0	1
0	0.0449438
0	1
0	0.235955
0	0.235955
0	0.0674157
0	0.0449438
0	0.0337079
0	1
0	1
0	0.235955
0	1
0	1
0	1
0	0.0337079
0	1
0	0.101124
0	0.0224719
0	0.0449438
0	0.235955
0	1
0	0.179775
0	1
0	0.101124
0	0.0561798
0	0.0449438
0	0.0337079
0	0.0337079
0	1
0	0.0449438
0	0.0337079
0	0.123596
0	1
0	0.0561798
0	0.0449438
0	0.0337079
0	1
0	1
0	0.0561798
0	1
0	1
0	0.123596
0	1
0	1
0	0.0224719
0	0.123596
0	1
0	0.123596
0	inf
0	1
0	0.0337079
0	0.0561798
0	1
0	1
0	1
0	0.123596
0	0.179775
0	0.0449438
0	0.011236
0	0.0337079
0	1
0	0.0224719
0	0.0561798
0	1
0	0.179775
0	0.235955
0	0.0449438
0	0.0224719
0	0.0561798
0	0.235955
0	0.101124
0	0.0224719
0	0.0337079
0	0.179775
0	1
0	0.0224719
0	1
0	0.0561798
0	0.011236
0	0.0224719
0	1
0	0.0224719
0	0.011236
0	0.235955
0	0.179775
0	0.0449438
0	1
0	1
0	0.0224719
0	1
0	0.0561798
0	0.0224719
0	1
0	0.0224719
0	1
0	0.0449438
0	1
0	0.0224719
0	0.0224719
0	1
0	0.179775
0	1
0	0.0224719
0	0.0337079
0	0.0561798
0	0.0224719
0	0.179775
0	0.0449438


