# Persistence diagram <GML/1837.gml>
#
# Dimension   : 0
# Entries     : 50
# Betti number: 2
0	inf
0	1
0	1
0	0.307692
0	1
0	0.307692
0	1
0	1
0	1
0	1
0	1
0	0.153846
0	1
0	1
0	0.307692
0	0.115385
0	0.307692
0	1
0	0.0769231
0	0.115385
0	1
0	1
0	0.153846
0	0.115385
0	0.0769231
0	0.0769231
0	0.115385
0	0.307692
0	0.115385
0	1
0	inf
0	0.115385
0	1
0	0.0384615
0	0.153846
0	0.153846
0	1
0	0.192308
0	1
0	1
0	0.0769231
0	0.0769231
0	1
0	0.192308
0	0.153846
0	0.0769231
0	0.307692
0	0.192308
0	0.115385
0	0.153846


