# Persistence diagram <GML/1853.gml>
#
# Dimension   : 0
# Entries     : 138
# Betti number: 2
0	inf
0	0.120482
0	0.120482
0	1
0	1
0	1
0	1
0	0.108434
0	0.108434
0	1
0	1
0	1
0	1
0	1
0	1
0	0.120482
0	1
0	0.108434
0	0.108434
0	1
0	1
0	0.0361446
0	1
0	1
0	1
0	1
0	1
0	1
0	0.060241
0	1
0	1
0	0.108434
0	0.108434
0	1
0	1
0	1
0	1
0	0.0361446
0	1
0	1
0	1
0	0.108434
0	1
0	0.108434
0	inf
0	0.0481928
0	0.0240964
0	1
0	1
0	1
0	0.0361446
0	0.0361446
0	0.108434
0	0.0240964
0	0.0240964
0	1
0	0.108434
0	1
0	1
0	0.0361446
0	0.060241
0	1
0	0.120482
0	1
0	0.0481928
0	0.120482
0	0.060241
0	0.0240964
0	0.060241
0	1
0	0.0361446
0	0.0361446
0	0.0361446
0	0.060241
0	1
0	0.060241
0	1
0	1
0	0.0361446
0	1
0	0.0361446
0	1
0	1
0	0.0481928
0	0.108434
0	0.0361446
0	0.120482
0	0.0361446
0	1
0	0.0240964
0	1
0	1
0	0.0240964
0	1
0	0.0361446
0	1
0	1
0	1
0	0.0361446
0	0.0361446
0	1
0	0.0481928
0	0.0361446
0	1
0	1
0	0.120482
0	1
0	1
0	1
0	1
0	1
0	0.108434
0	1
0	0.0240964
0	1
0	1
0	0.108434
0	0.0240964
0	0.0240964
0	0.0240964
0	0.0361446
0	1
0	1
0	0.120482
0	0.060241
0	0.0361446
0	1
0	0.108434
0	1
0	1
0	1
0	0.060241
0	0.0481928
0	0.0361446
0	0.0481928
0	1
0	1
0	1


