# Persistence diagram <GML/1858.gml>
#
# Dimension   : 0
# Entries     : 72
# Betti number: 3
0	inf
0	0.26087
0	0.26087
0	inf
0	1
0	0.26087
0	1
0	0.130435
0	1
0	1
0	0.130435
0	0.217391
0	0.217391
0	0.130435
0	0.347826
0	0.0869565
0	0.217391
0	0.217391
0	0.347826
0	1
0	0.130435
0	0.217391
0	1
0	0.217391
0	1
0	inf
0	1
0	0.173913
0	0.130435
0	0.130435
0	0.217391
0	0.173913
0	0.347826
0	0.173913
0	0.26087
0	0.130435
0	0.130435
0	0.130435
0	0.347826
0	0.217391
0	0.130435
0	1
0	0.0434783
0	0.173913
0	1
0	0.130435
0	0.0869565
0	0.217391
0	1
0	0.217391
0	0.347826
0	0.173913
0	0.0434783
0	0.347826
0	0.0869565
0	1
0	0.173913
0	0.217391
0	0.130435
0	0.0869565
0	0.173913
0	0.173913
0	0.0869565
0	0.130435
0	1
0	0.130435
0	0.173913
0	0.26087
0	0.347826
0	0.173913
0	0.173913
0	0.217391


