# Persistence diagram <GML/1863.gml>
#
# Dimension   : 0
# Entries     : 85
# Betti number: 1
0	inf
0	0.709677
0	1
0	0.709677
0	0.225806
0	0.225806
0	0.225806
0	0.225806
0	0.193548
0	1
0	0.258065
0	0.0645161
0	0.193548
0	0.129032
0	0.0967742
0	1
0	0.129032
0	0.129032
0	0.709677
0	0.709677
0	0.129032
0	0.0967742
0	0.193548
0	0.193548
0	0.709677
0	0.709677
0	1
0	0.129032
0	1
0	0.225806
0	0.709677
0	1
0	0.193548
0	0.0645161
0	0.225806
0	0.16129
0	0.193548
0	0.709677
0	0.709677
0	0.16129
0	0.0645161
0	0.0967742
0	1
0	0.193548
0	0.0645161
0	0.225806
0	0.0645161
0	0.16129
0	0.0967742
0	0.258065
0	0.193548
0	0.0645161
0	0.193548
0	1
0	1
0	0.129032
0	0.0967742
0	1
0	0.0967742
0	1
0	0.709677
0	0.193548
0	0.0645161
0	0.709677
0	0.0967742
0	0.129032
0	0.0967742
0	1
0	0.0967742
0	0.193548
0	0.0645161
0	0.193548
0	0.258065
0	0.225806
0	0.193548
0	0.129032
0	0.0645161
0	0.709677
0	0.0645161
0	0.225806
0	0.129032
0	1
0	0.129032
0	0.0967742
0	0.709677


