# Persistence diagram <GML/1871.gml>
#
# Dimension   : 0
# Entries     : 85
# Betti number: 2
0	inf
0	1
0	1
0	1
0	1
0	0.170732
0	1
0	1
0	0.121951
0	1
0	1
0	1
0	inf
0	0.0731707
0	0.146341
0	0.146341
0	0.0731707
0	0.0487805
0	0.0731707
0	0.0731707
0	0.121951
0	1
0	1
0	0.0731707
0	0.170732
0	0.0731707
0	1
0	1
0	0.146341
0	1
0	0.097561
0	0.170732
0	0.170732
0	1
0	0.0731707
0	1
0	0.121951
0	0.146341
0	1
0	0.121951
0	0.146341
0	1
0	1
0	0.0487805
0	1
0	0.0731707
0	1
0	1
0	1
0	1
0	0.097561
0	1
0	0.0731707
0	0.0731707
0	1
0	0.0487805
0	0.0731707
0	1
0	1
0	0.0731707
0	0.170732
0	0.097561
0	0.0731707
0	0.0731707
0	0.0731707
0	0.0731707
0	0.0487805
0	1
0	0.0487805
0	0.0487805
0	1
0	1
0	0.170732
0	0.0731707
0	0.0487805
0	0.0243902
0	0.0731707
0	0.121951
0	1
0	1
0	0.0487805
0	1
0	0.0487805
0	0.0731707
0	1


