# Persistence diagram <GML/1875.gml>
#
# Dimension   : 0
# Entries     : 137
# Betti number: 1
0	inf
0	1
0	1
0	0.0759494
0	1
0	1
0	1
0	0.0886076
0	1
0	0.139241
0	1
0	1
0	1
0	0.0759494
0	0.0886076
0	1
0	1
0	0.0253165
0	0.139241
0	1
0	0.0759494
0	0.0253165
0	0.139241
0	0.0886076
0	0.0886076
0	1
0	1
0	1
0	1
0	1
0	0.0253165
0	1
0	1
0	0.0253165
0	1
0	1
0	0.0886076
0	0.0632911
0	1
0	0.0759494
0	0.0379747
0	0.0759494
0	1
0	0.139241
0	1
0	1
0	1
0	0.0379747
0	1
0	0.0632911
0	0.0886076
0	0.139241
0	1
0	0.0379747
0	0.139241
0	0.0379747
0	1
0	0.0886076
0	1
0	0.0379747
0	1
0	0.0379747
0	1
0	1
0	1
0	0.0886076
0	0.0886076
0	0.0506329
0	1
0	0.139241
0	0.0506329
0	1
0	1
0	0.0379747
0	1
0	0.0379747
0	1
0	1
0	1
0	1
0	1
0	0.0759494
0	1
0	1
0	0.0253165
0	0.0506329
0	1
0	1
0	0.0253165
0	1
0	1
0	1
0	1
0	1
0	1
0	1
0	0.0759494
0	1
0	0.0253165
0	0.0632911
0	1
0	0.0253165
0	1
0	0.0253165
0	0.139241
0	0.0253165
0	0.0886076
0	1
0	0.0886076
0	1
0	1
0	1
0	1
0	1
0	0.0759494
0	1
0	0.0506329
0	0.0379747
0	0.0253165
0	0.0379747
0	0.0506329
0	0.0379747
0	1
0	1
0	0.0759494
0	1
0	1
0	1
0	1
0	0.0379747
0	0.0379747
0	1
0	0.0886076
0	0.0759494
0	1
0	0.139241
0	1


