# Persistence diagram <GML/1887.gml>
#
# Dimension   : 0
# Entries     : 70
# Betti number: 2
0	inf
0	1
0	1
0	0.139535
0	1
0	0.139535
0	0.139535
0	0.0930233
0	1
0	0.116279
0	0.116279
0	1
0	1
0	1
0	0.0697674
0	1
0	1
0	1
0	1
0	0.0465116
0	0.139535
0	0.116279
0	1
0	1
0	1
0	0.139535
0	1
0	0.0930233
0	0.0930233
0	0.0465116
0	1
0	0.0465116
0	1
0	1
0	0.0697674
0	1
0	inf
0	0.0930233
0	1
0	0.0465116
0	0.0930233
0	1
0	0.0232558
0	0.116279
0	1
0	1
0	0.139535
0	0.0465116
0	1
0	1
0	1
0	0.0697674
0	0.0930233
0	1
0	1
0	0.0465116
0	0.139535
0	0.139535
0	0.0697674
0	0.139535
0	0.0465116
0	0.0930233
0	0.0697674
0	1
0	1
0	0.0697674
0	0.139535
0	0.0930233
0	1
0	0.0697674


