# Persistence diagram <GML/1890.gml>
#
# Dimension   : 0
# Entries     : 136
# Betti number: 1
0	inf
0	0.0485437
0	1
0	1
0	1
0	1
0	1
0	0.0194175
0	1
0	1
0	0.038835
0	1
0	1
0	1
0	1
0	0.038835
0	1
0	1
0	1
0	0.0582524
0	1
0	1
0	1
0	1
0	1
0	0.038835
0	1
0	1
0	1
0	1
0	1
0	0.0194175
0	0.0194175
0	1
0	0.0582524
0	1
0	1
0	1
0	1
0	1
0	0.0485437
0	1
0	0.038835
0	1
0	0.0582524
0	1
0	0.0582524
0	1
0	1
0	1
0	1
0	1
0	0.0291262
0	1
0	1
0	1
0	1
0	1
0	1
0	1
0	1
0	1
0	0.0485437
0	1
0	1
0	0.0485437
0	1
0	1
0	1
0	1
0	1
0	0.038835
0	0.0485437
0	0.0194175
0	1
0	0.038835
0	0.0485437
0	1
0	1
0	1
0	1
0	0.038835
0	1
0	0.0485437
0	1
0	1
0	1
0	1
0	0.0194175
0	1
0	1
0	1
0	0.0291262
0	1
0	1
0	0.0194175
0	0.0485437
0	1
0	1
0	0.0291262
0	0.0194175
0	1
0	1
0	1
0	1
0	1
0	1
0	1
0	1
0	0.0582524
0	1
0	0.0485437
0	1
0	1
0	1
0	0.038835
0	1
0	0.0194175
0	0.0194175
0	1
0	0.0485437
0	1
0	1
0	1
0	1
0	0.0485437
0	1
0	0.0194175
0	1
0	1
0	0.038835
0	1
0	1
0	1
0	0.0485437
0	1


