# Persistence diagram <GML/1899.gml>
#
# Dimension   : 0
# Entries     : 78
# Betti number: 3
0	inf
0	1
0	1
0	1
0	1
0	1
0	0.102564
0	0.102564
0	1
0	1
0	0.128205
0	1
0	0.0769231
0	0.102564
0	1
0	1
0	1
0	0.102564
0	0.0769231
0	0.102564
0	0.102564
0	1
0	inf
0	0.128205
0	0.102564
0	1
0	0.0769231
0	0.102564
0	0.0769231
0	1
0	1
0	1
0	1
0	0.0769231
0	inf
0	0.0769231
0	0.0769231
0	0.0512821
0	0.0769231
0	1
0	0.102564
0	0.0769231
0	0.102564
0	0.102564
0	0.0512821
0	1
0	1
0	0.102564
0	0.128205
0	0.0512821
0	0.102564
0	0.0769231
0	0.0769231
0	1
0	0.102564
0	0.0512821
0	1
0	1
0	0.102564
0	1
0	0.102564
0	1
0	0.102564
0	0.102564
0	0.0512821
0	1
0	1
0	0.0769231
0	0.0512821
0	1
0	1
0	1
0	0.128205
0	0.0512821
0	1
0	0.0512821
0	1
0	1


