# Persistence diagram <GML/1904.gml>
#
# Dimension   : 0
# Entries     : 63
# Betti number: 1
0	inf
0	1
0	1
0	1
0	1
0	1
0	0.125
0	0.125
0	0.125
0	0.125
0	1
0	0.125
0	1
0	1
0	1
0	0.15625
0	1
0	1
0	0.125
0	0.15625
0	0.125
0	0.125
0	0.15625
0	1
0	0.125
0	1
0	0.09375
0	0.125
0	0.125
0	0.09375
0	1
0	0.125
0	0.0625
0	0.09375
0	0.09375
0	0.0625
0	0.125
0	0.0625
0	0.09375
0	0.09375
0	0.09375
0	0.125
0	0.15625
0	1
0	0.125
0	0.0625
0	0.09375
0	1
0	0.125
0	0.125
0	0.15625
0	1
0	0.0625
0	0.0625
0	0.0625
0	0.0625
0	0.0625
0	0.0625
0	0.0625
0	1
0	0.125
0	0.09375
0	1


