# Persistence diagram <GML/1905.gml>
#
# Dimension   : 0
# Entries     : 90
# Betti number: 1
0	inf
0	0.5
0	1
0	1
0	0.777778
0	0.277778
0	0.277778
0	0.277778
0	0.5
0	1
0	0.222222
0	0.277778
0	0.5
0	0.777778
0	0.277778
0	0.777778
0	0.777778
0	0.333333
0	0.111111
0	0.5
0	1
0	0.277778
0	0.166667
0	0.277778
0	0.333333
0	0.166667
0	0.277778
0	0.5
0	0.5
0	1
0	0.166667
0	0.222222
0	0.222222
0	0.222222
0	0.166667
0	0.5
0	0.777778
0	0.111111
0	0.5
0	0.777778
0	1
0	0.166667
0	0.5
0	1
0	0.277778
0	0.5
0	0.166667
0	0.222222
0	0.166667
0	0.166667
0	0.277778
0	0.166667
0	0.277778
0	0.166667
0	0.222222
0	0.5
0	0.111111
0	0.222222
0	0.222222
0	0.222222
0	0.333333
0	1
0	0.222222
0	0.111111
0	0.111111
0	0.222222
0	0.222222
0	0.222222
0	0.166667
0	0.166667
0	1
0	0.333333
0	0.166667
0	0.222222
0	0.222222
0	0.166667
0	1
0	1
0	0.166667
0	0.166667
0	0.166667
0	0.111111
0	0.5
0	0.111111
0	0.166667
0	1
0	0.111111
0	1
0	0.277778
0	0.111111


