# Persistence diagram <GML/1912.gml>
#
# Dimension   : 0
# Entries     : 62
# Betti number: 1
0	inf
0	1
0	1
0	1
0	1
0	1
0	1
0	0.230769
0	1
0	1
0	1
0	1
0	0.153846
0	1
0	0.192308
0	0.0769231
0	0.153846
0	0.115385
0	0.384615
0	0.230769
0	0.192308
0	0.384615
0	0.115385
0	1
0	0.230769
0	0.384615
0	1
0	1
0	0.0769231
0	0.384615
0	0.384615
0	1
0	0.0769231
0	0.153846
0	0.384615
0	0.192308
0	0.115385
0	0.384615
0	0.192308
0	1
0	0.192308
0	1
0	0.0769231
0	0.192308
0	1
0	0.230769
0	0.0769231
0	1
0	0.115385
0	0.192308
0	1
0	0.192308
0	0.384615
0	0.384615
0	1
0	0.115385
0	0.115385
0	1
0	1
0	1
0	1
0	0.230769


