# Persistence diagram <GML/1914.gml>
#
# Dimension   : 0
# Entries     : 114
# Betti number: 4
0	inf
0	1
0	1
0	0.228571
0	1
0	0.2
0	1
0	1
0	1
0	0.285714
0	inf
0	0.0571429
0	1
0	0.0571429
0	0.114286
0	0.114286
0	inf
0	1
0	0.285714
0	1
0	0.0857143
0	1
0	0.0857143
0	0.171429
0	0.114286
0	0.228571
0	0.228571
0	0.285714
0	0.114286
0	0.0857143
0	0.228571
0	0.0857143
0	0.285714
0	0.171429
0	0.228571
0	0.114286
0	0.0857143
0	inf
0	1
0	1
0	0.0571429
0	0.285714
0	0.0857143
0	0.171429
0	0.171429
0	0.228571
0	0.0571429
0	0.114286
0	1
0	0.114286
0	0.0857143
0	0.2
0	0.114286
0	0.228571
0	0.114286
0	0.171429
0	0.0857143
0	0.0857143
0	0.285714
0	1
0	0.0857143
0	1
0	0.0857143
0	0.114286
0	0.171429
0	0.0571429
0	0.114286
0	0.0571429
0	1
0	1
0	1
0	0.2
0	0.0857143
0	0.171429
0	0.2
0	0.114286
0	0.114286
0	0.114286
0	1
0	0.0857143
0	0.0857143
0	0.0571429
0	0.114286
0	0.114286
0	0.0285714
0	0.285714
0	0.0571429
0	0.0857143
0	0.114286
0	0.114286
0	0.114286
0	0.0571429
0	0.0571429
0	0.0571429
0	1
0	1
0	0.114286
0	1
0	0.0571429
0	0.0571429
0	1
0	1
0	0.0571429
0	0.114286
0	0.114286
0	0.171429
0	1
0	0.0571429
0	0.114286
0	0.0857143
0	0.0857143
0	0.228571
0	0.0571429
0	0.0857143


