# Persistence diagram <GML/1922.gml>
#
# Dimension   : 0
# Entries     : 94
# Betti number: 4
0	inf
0	0.14
0	1
0	1
0	1
0	0.14
0	0.14
0	1
0	1
0	1
0	inf
0	1
0	1
0	0.06
0	0.08
0	1
0	1
0	1
0	0.14
0	1
0	0.1
0	1
0	0.04
0	0.1
0	0.14
0	1
0	1
0	0.1
0	1
0	0.06
0	0.04
0	0.02
0	1
0	1
0	1
0	0.1
0	1
0	0.1
0	0.1
0	1
0	0.08
0	0.1
0	1
0	0.04
0	inf
0	1
0	1
0	0.06
0	1
0	1
0	inf
0	0.14
0	1
0	1
0	0.06
0	1
0	0.06
0	0.14
0	1
0	0.04
0	1
0	1
0	0.14
0	0.08
0	0.08
0	0.04
0	1
0	1
0	0.14
0	0.1
0	0.14
0	1
0	0.1
0	1
0	1
0	0.08
0	1
0	0.14
0	0.14
0	0.1
0	0.04
0	0.1
0	0.06
0	1
0	1
0	0.04
0	1
0	1
0	0.06
0	0.02
0	0.04
0	0.08
0	0.08
0	0.1


