# Persistence diagram <GML/1939.gml>
#
# Dimension   : 0
# Entries     : 74
# Betti number: 2
0	inf
0	0.09375
0	1
0	0.09375
0	0.125
0	1
0	0.09375
0	1
0	inf
0	0.125
0	1
0	0.1875
0	0.15625
0	0.1875
0	0.125
0	1
0	1
0	0.15625
0	0.0625
0	0.15625
0	0.09375
0	0.09375
0	0.125
0	1
0	0.125
0	0.21875
0	1
0	1
0	0.125
0	1
0	0.0625
0	0.15625
0	0.0625
0	1
0	0.09375
0	0.21875
0	1
0	1
0	0.09375
0	0.0625
0	1
0	0.21875
0	0.0625
0	0.1875
0	1
0	0.125
0	0.0625
0	0.0625
0	0.21875
0	1
0	0.0625
0	0.09375
0	0.09375
0	0.0625
0	1
0	0.125
0	0.0625
0	0.09375
0	0.125
0	0.0625
0	0.15625
0	0.0625
0	1
0	0.09375
0	0.15625
0	0.15625
0	1
0	0.0625
0	0.09375
0	1
0	1
0	0.21875
0	0.15625
0	0.1875


