# Persistence diagram <GML/1942.gml>
#
# Dimension   : 0
# Entries     : 54
# Betti number: 2
0	inf
0	1
0	0.217391
0	0.434783
0	1
0	0.26087
0	1
0	0.434783
0	0.173913
0	1
0	0.0869565
0	0.130435
0	0.26087
0	1
0	0.434783
0	0.434783
0	1
0	0.173913
0	1
0	0.217391
0	0.217391
0	0.217391
0	1
0	0.26087
0	0.434783
0	0.434783
0	1
0	1
0	0.173913
0	1
0	inf
0	0.0869565
0	0.26087
0	0.26087
0	0.0869565
0	0.0869565
0	1
0	0.0869565
0	1
0	0.0869565
0	1
0	0.0869565
0	0.0869565
0	0.434783
0	0.130435
0	0.130435
0	1
0	1
0	0.434783
0	1
0	0.0869565
0	1
0	0.434783
0	1
