# Persistence diagram <GML/1961.gml>
#
# Dimension   : 0
# Entries     : 90
# Betti number: 1
0	inf
0	0.140351
0	1
0	1
0	0.105263
0	1
0	1
0	1
0	0.140351
0	1
0	1
0	1
0	1
0	1
0	1
0	0.140351
0	1
0	0.140351
0	0.0701754
0	1
0	0.0350877
0	1
0	0.0350877
0	1
0	1
0	1
0	1
0	1
0	1
0	1
0	0.140351
0	0.0701754
0	1
0	1
0	0.140351
0	0.0526316
0	0.0877193
0	1
0	0.105263
0	0.0350877
0	1
0	0.0701754
0	0.105263
0	0.0526316
0	1
0	1
0	0.0701754
0	0.0701754
0	0.140351
0	0.0701754
0	1
0	0.0877193
0	1
0	0.0350877
0	0.0701754
0	1
0	1
0	0.0701754
0	0.0350877
0	1
0	0.0877193
0	1
0	1
0	0.140351
0	0.140351
0	0.0701754
0	0.0877193
0	1
0	0.140351
0	1
0	0.0701754
0	1
0	0.0701754
0	1
0	1
0	0.0350877
0	0.0526316
0	0.0701754
0	0.0701754
0	0.0350877
0	0.0526316
0	0.0701754
0	1
0	0.105263
0	0.0526316
0	0.0350877
0	0.0350877
0	0.140351
0	0.105263
0	0.140351


