# Persistence diagram <GML/1978.gml>
#
# Dimension   : 0
# Entries     : 191
# Betti number: 3
0	inf
0	0.425
0	1
0	1
0	0.425
0	0.3
0	0.225
0	1
0	0.425
0	0.125
0	inf
0	0.425
0	0.125
0	0.125
0	0.425
0	0.15
0	0.125
0	0.375
0	0.125
0	0.575
0	0.575
0	1
0	0.375
0	0.05
0	0.15
0	0.425
0	0.075
0	0.075
0	0.125
0	0.075
0	0.3
0	0.125
0	1
0	0.15
0	0.125
0	0.375
0	0.1
0	1
0	1
0	0.575
0	0.1
0	0.1
0	0.175
0	0.05
0	0.425
0	0.225
0	0.075
0	1
0	0.375
0	0.125
0	1
0	0.175
0	0.3
0	0.125
0	0.575
0	0.1
0	0.1
0	0.575
0	0.575
0	1
0	0.175
0	0.125
0	0.15
0	1
0	1
0	0.125
0	0.1
0	0.375
0	0.075
0	0.05
0	0.225
0	0.575
0	0.425
0	1
0	0.1
0	0.1
0	0.125
0	0.05
0	0.05
0	0.225
0	0.1
0	0.375
0	inf
0	0.575
0	0.175
0	0.15
0	0.075
0	1
0	0.05
0	0.1
0	0.05
0	1
0	0.225
0	0.075
0	0.3
0	0.125
0	0.225
0	0.025
0	0.125
0	0.05
0	0.425
0	0.3
0	0.3
0	0.225
0	0.05
0	0.15
0	0.1
0	0.05
0	0.575
0	0.1
0	1
0	0.1
0	0.425
0	1
0	0.1
0	0.1
0	1
0	0.075
0	0.375
0	0.075
0	0.075
0	0.125
0	0.1
0	0.075
0	0.1
0	0.575
0	0.425
0	0.1
0	0.15
0	0.3
0	0.1
0	0.575
0	0.225
0	0.1
0	0.3
0	0.075
0	0.075
0	0.1
0	0.05
0	0.05
0	0.05
0	0.1
0	0.05
0	0.575
0	0.125
0	1
0	0.05
0	0.075
0	0.175
0	0.075
0	0.05
0	0.1
0	1
0	0.125
0	0.075
0	1
0	1
0	0.1
0	0.575
0	0.1
0	0.1
0	0.1
0	1
0	0.15
0	0.15
0	0.575
0	0.05
0	0.05
0	0.375
0	0.375
0	0.425
0	0.075
0	0.05
0	0.15
0	0.1
0	0.125
0	1
0	0.1
0	0.075
0	0.075
0	1
0	0.075
0	0.425
0	0.075
0	0.075
0	0.05
0	0.575
0	1
0	0.1
0	0.375
0	0.05


