# Persistence diagram <GML/1979.gml>
#
# Dimension   : 0
# Entries     : 151
# Betti number: 1
0	inf
0	1
0	1
0	1
0	1
0	1
0	1
0	1
0	1
0	0.114943
0	1
0	1
0	0.126437
0	0.0689655
0	1
0	0.0689655
0	0.045977
0	1
0	0.0574713
0	1
0	1
0	0.045977
0	0.045977
0	0.0689655
0	0.0574713
0	1
0	0.114943
0	1
0	0.126437
0	0.0689655
0	1
0	1
0	1
0	0.126437
0	0.0689655
0	1
0	0.045977
0	1
0	1
0	1
0	0.126437
0	0.0344828
0	0.0344828
0	0.126437
0	0.0344828
0	1
0	1
0	1
0	0.045977
0	0.126437
0	0.045977
0	0.0574713
0	0.045977
0	0.114943
0	0.0574713
0	0.0574713
0	1
0	0.0344828
0	1
0	1
0	0.114943
0	0.045977
0	1
0	0.0229885
0	0.045977
0	1
0	0.0344828
0	0.045977
0	1
0	0.114943
0	1
0	1
0	0.045977
0	1
0	0.045977
0	1
0	0.126437
0	1
0	1
0	0.114943
0	0.045977
0	0.0229885
0	0.045977
0	1
0	1
0	0.045977
0	1
0	0.0229885
0	0.0344828
0	1
0	0.0344828
0	0.0689655
0	1
0	0.0574713
0	0.045977
0	1
0	0.045977
0	0.0344828
0	0.0574713
0	0.0229885
0	0.126437
0	1
0	0.045977
0	0.0344828
0	1
0	0.0229885
0	1
0	0.0344828
0	0.0344828
0	1
0	0.0344828
0	0.045977
0	1
0	0.0344828
0	1
0	1
0	1
0	1
0	1
0	1
0	0.0344828
0	1
0	0.114943
0	0.0344828
0	1
0	1
0	1
0	0.0344828
0	0.114943
0	1
0	0.045977
0	0.0229885
0	1
0	1
0	0.0229885
0	1
0	0.045977
0	1
0	0.0344828
0	0.0229885
0	1
0	0.045977
0	0.0344828
0	1
0	1
0	0.0344828
0	0.0344828
0	0.045977
0	0.0229885
0	0.0344828
0	0.0344828


