# Persistence diagram <GML/1984.gml>
#
# Dimension   : 0
# Entries     : 83
# Betti number: 1
0	inf
0	1
0	0.132075
0	0.188679
0	0.132075
0	1
0	0.132075
0	1
0	1
0	0.0566038
0	1
0	0.132075
0	1
0	0.132075
0	0.132075
0	0.132075
0	1
0	0.188679
0	1
0	0.188679
0	0.132075
0	0.132075
0	1
0	1
0	1
0	0.132075
0	1
0	1
0	1
0	0.0566038
0	0.132075
0	1
0	1
0	0.188679
0	1
0	1
0	0.0566038
0	1
0	0.0566038
0	1
0	0.0566038
0	0.0566038
0	0.132075
0	0.0566038
0	0.0377358
0	1
0	1
0	0.0566038
0	0.132075
0	1
0	0.0377358
0	0.0566038
0	1
0	1
0	1
0	0.0377358
0	0.188679
0	1
0	1
0	0.132075
0	1
0	0.132075
0	0.0566038
0	0.188679
0	0.132075
0	1
0	1
0	1
0	1
0	1
0	1
0	1
0	0.132075
0	1
0	1
0	0.0566038
0	0.0566038
0	1
0	0.188679
0	0.188679
0	1
0	0.0566038
0	1


